-2.9296281 -1.8458973
-0.79057837 -2.3467724
-2.2876816 -1.3046503
-1.5253253 -1.4194711
-1.4015471 -1.6557516
-2.11777 -1.6092532
-2.0491333 -2.504937
-1.2486231 -1.9723868
-2.2291398 -2.0466332
-1.3402678 -2.9026077
-0.34475935 -1.77199
-2.663889 -1.7747931
-1.6844902 -2.6743393
-1.719379 -2.3161683
-3.2565954 -2.1164362
-3.0869448 -1.873596
-2.2066445 -1.5654911
-0.76361656 -3.561839
-2.6516452 -1.896252
-1.0788732 -1.922268
-1.642144 -2.8625224
-2.7013323 -2.3625433
-1.2794931 -2.5711052
-1.1237227 -3.418319
-3.408422 -2.609485
-1.928065 -1.9870249
-3.1214108 -1.7687142
-1.4776931 -1.465787
-3.0633018 -1.6902841
-3.2624116 -2.5545666
-3.6748471 -2.1288106
-1.5670291 -1.9136347
-0.72729117 -3.7334592
-2.6708806 -1.365845
-1.7369319 -1.3539325
-1.3101419 -1.2399687
-2.2182996 -4.1094837
-3.904407 -2.5327046
-3.172556 -2.8710291
-3.6914089 -2.3667257
-2.6864192 -1.3663101
-0.95046854 -1.7974864
-1.9313302 -1.2007852
-3.6848073 -3.0476131
-2.7797465 -1.3274475
-3.1541638 -2.152956
-3.1639245 -1.7281599
-2.6883764 -2.8465278
-3.342547 -1.6786745
-2.2954597 -2.041734
-2.330781 -2.2478335
-2.5086818 -2.8920279
-1.2165457 -2.854364
-1.1170837 -2.3483262
-2.1441796 -1.6915714
-1.7027665 -3.9397013
-0.46739054 -2.18517
-3.0237322 -2.3988745
-3.1147563 -1.7055802
-2.4190557 -1.7269464
-3.6938703 -1.9480702
-3.4606192 -2.1947422
-2.4343665 -2.273245
-4.115343 -2.4834352
-1.450958 -1.9149823
-1.8030537 -1.7716173
-1.6675102 -2.8199031
-2.7071648 -2.0590696
-1.3748341 -1.0748147
-0.35049787 -4.2724614
-2.4710672 -1.8654664
-2.2663832 -3.9148526
-1.8161241 -2.9544835
-3.485464 -2.3499105
-2.751706 -2.3760798
-2.4337788 -1.8550633
-1.4516609 -1.463492
-2.8559444 -3.776142
-1.596974 -1.7282146
-2.1908033 -1.7267729
-1.194635 -1.5080636
-3.0823715 -1.8401201
-0.3734693 -2.7687404
-2.8225062 -2.5116587
-2.1823192 -1.8836285
-1.9987415 -1.8351216
-2.006137 -1.7571661
-3.1216574 -1.1174031
-3.8289986 -2.7451694
-1.4337188 -2.623549
-1.7872771 -2.3663945
-1.0174754 -1.9683684
-1.7756896 -2.226367
-1.3286706 -2.2177007
-2.5209582 -2.8960252
-3.7341905 -3.4110398
-1.8416172 -3.0891545
-3.8545759 -2.6650088
-0.96910006 -1.6062713
-2.8435779 -1.5342393
-2.0362508 -2.5353322
-2.9407544 -1.6082706
-3.2848737 -1.1401546
-2.0397015 -1.9394811
-3.2911744 -1.5573114
-4.1146474 -4.190347
-2.8760016 -1.5785036
-1.002383 -2.4340842
-0.5078678 -1.6697954
-1.9114513 -0.8956815
-3.3333528 -2.8014262
-1.7903117 -2.5282633
-1.6162895 -1.8890953
-3.659068 -2.0167131
-3.461461 -2.1674092
-1.8765148 -2.1728148
-2.7871046 -2.631838
-3.0324712 -2.4396753
-1.6917741 -2.3126733
-2.7388306 -3.0949352
-2.4398549 -1.9803956
-0.48061055 -2.4093683
-3.2143755 -2.027214
-1.5518157 -1.9018128
0.058096424 -2.0013304
-1.7892085 -1.5408618
0.24715148 -1.0185297
-3.7564368 -2.785758
-1.393139 -2.4162235
-1.4037802 -1.8198398
-1.425208 -1.2071553
-1.4641032 -2.9041438
-2.9467392 -1.302891
-1.8553162 -2.4582188
-2.330585 -1.8426929
-1.479416 -1.9804782
-2.4643269 -3.2623081
-3.7886205 -2.7876832
-2.3859975 -2.0417478
-1.1011015 -2.0918477
-0.63083595 -1.4825753
-2.533311 -2.184605
-2.651175 -2.1678028
-1.9623927 -0.91891503
-0.6671888 -1.0802139
-1.0762922 -3.0151167
-3.7872453 -4.138603
-1.6455196 -2.637896
-1.9124901 -2.658574
-1.7855731 -2.1354954
-2.2591662 -1.4936877
-0.5024475 -1.6360078
-2.9468334 -1.8157415
-1.2950135 -1.1633742
-1.3119591 -2.2294683
-1.6029752 -2.3170373
-0.91469944 -1.4466677
-3.1964555 -1.1586547
-3.578223 -1.2873838
-2.3960373 -1.1464999
-0.92659366 -3.8136744
-3.565967 -1.9204566
-1.3408359 -2.447264
-2.9873297 -3.2172906
-3.3000047 -2.5094736
-0.5999852 -2.4301016
-3.2150955 -1.9321661
-4.0727444 -2.2709508
-0.07706307 -0.9997134
0.32914853 -2.6951277
-2.5970879 -1.5870446
-2.1150122 -2.5581384
-0.9154835 -1.2311946
-2.123995 -2.4708018
-2.7624333 -1.5126739
-3.6458936 -2.0914986
-1.2555935 -2.3036375
-3.086775 -1.4807822
-2.7202008 -2.0501626
-2.3830814 -1.5640471
-2.2234144 -1.7863107
-2.454999 -1.9150536
-3.216924 -2.9029605
-0.4024539 -1.5970986
-1.0417055 -2.3017027
-4.191955 -2.0276725
-1.8227613 -1.3206633
-3.716712 -3.0679507
-2.7416277 -2.615416
-1.2689412 -2.0032604
-2.5840442 -3.157343
-2.801437 -2.7758775
-3.4963892 -2.976878
-2.6941013 -2.078652
-2.4034383 -2.1240416
-2.7741356 -1.8248603
-4.579871 -2.3850393
-3.320739 -1.9343116
-1.0274454 -2.6676724
-3.4624276 -1.8824596
-1.9444245 -1.4586309
-0.8823994 -1.3705657
-1.7281303 -1.5550007
-2.395182 -3.070814
-1.9110286 -2.5926616
-0.56381816 -3.0540605
-2.7532713 -1.3777525
-1.2757238 -2.4582937
-2.4330556 -3.5961766
-0.09656413 -2.320336
-1.9141387 -2.3263745
-2.7749822 -2.6733513
-1.5109564 -3.5257967
-2.3266377 -3.913701
-2.785886 -3.4216998
-3.9040375 -2.6187887
-0.32616 -1.6324774
-3.846351 -1.9463031
-2.1004386 -2.939938
-2.6213617 -2.2695234
-3.7358212 -1.8154051
-1.337245 -4.0271716
-1.2135112 -2.442538
-1.5748101 -2.5893545
-2.2664573 -1.981958
-0.32664263 -1.6329758
-4.0825224 -1.8664165
-0.7979005 -2.2518866
-0.594086 -2.6627297
-2.009241 -1.5369364
-2.2947607 -0.92656064
-2.8290124 -2.387796
-1.906626 -1.3571191
-3.1082861 -1.5974724
-1.9408135 -2.840257
-0.74901044 -2.3129673
-2.3274376 -2.3817205
-1.6332499 -1.4729182
-1.5407571 -2.628231
-2.841011 -0.80034125
-3.8216722 -2.1965487
-3.9614148 -3.70344
-2.9944031 -2.930394
-2.05015 -2.6401215
-1.8310987 -3.8036532
-3.487147 -2.381827
-2.6472292 -3.3797219
-1.4400659 -1.941978
-1.1122023 -1.8472563
-3.5579515 -2.8870375
-3.4724572 -2.7838726
-4.0058985 -1.4380333
-3.1937184 -1.8559237
-3.2602396 -2.5394847
-2.5075152 -2.440521
-2.7333775 -2.420618
-3.2619743 -1.8378817
-1.6071186 -1.6686952
-3.8843338 -2.4191513
-1.4369754 -4.443501
-3.1046238 -1.9229153
-2.2739131 -2.2577488
-1.4511635 -1.0698965
-1.9209559 -1.8982589
-2.460053 -1.9684982
-3.581945 -2.1641254
-2.1119676 -2.8157997
-1.2143494 -1.8400561
-0.97223586 -3.5224025
-3.4330509 -2.814227
-2.8149467 -1.5360241
-2.253892 -2.7366188
-1.7449166 -1.228578
-2.511505 -3.3884995
-3.0782368 -3.3449147
-3.092479 -2.4472039
-1.7275525 -2.2502735
-0.7983476 -1.4619093
-4.04777 -2.618519
-2.4745984 -2.947757
-2.17207 -2.2646677
-1.3734399 -1.4129735
-2.1968215 -0.62053317
-1.0292399 -3.2974792
-0.66468066 0.312237
-2.0396817 -2.8597836
-3.294504 -2.2000113
-2.8975675 -3.4867423
-3.4230068 -0.98866844
-1.5166525 -1.1413872
-2.3377445 -2.2184362
-2.5397809 -1.3531381
-2.6912978 -1.7509536
-3.250123 -2.8859344
-3.0223236 -1.6806501
-3.2891803 -1.8029344
-2.4308608 -1.9430933
-1.8764317 -4.170298
-1.4296222 -2.5388637
-1.4748175 -1.6510564
-2.9467943 -3.283733
-1.2105538 -0.87084174
-1.8609313 -3.740411
-2.0240202 -2.8717027
-2.6022809 -2.1229713
-0.84474605 -1.1899023
-2.3581908 -2.584916
-0.6766962 -2.817342
-1.8966252 -3.3308215
-2.6687756 -0.9341512
-2.179352 -2.233705
-1.2408371 -2.3888218
-1.4964272 -1.9000884
-1.2896218 -2.6163783
-3.798699 -2.7763112
-1.4373231 -1.6727226
-2.2546287 -1.6435695
-3.1882472 -2.0320363
-1.5845382 -1.397559
-3.0921657 -3.3336031
-2.3415499 -1.873056
-0.6025593 -2.8420892
-1.0266454 -1.8979429
-2.0549943 -2.0695157
-1.8749033 -2.1518762
-1.0319635 -3.9858801
-1.8101939 -0.94029343
-2.035557 -2.1524746
-3.6930125 -2.739566
-2.6077821 -1.7825614
-2.1875353 -2.3143866
-1.9412209 -3.1778133
-2.9471765 -1.808164
-1.0465279 -3.8198032
-3.151409 -2.075953
-2.3108335 -1.33819
-2.4909437 -1.016281
-3.3099527 -2.5964315
-3.322453 -3.0461018
-3.2835474 -2.314126
-1.4302603 -2.3912878
-2.3023064 -2.186744
-2.4337494 -1.6807896
-3.7721891 -2.3696208
-0.8965532 -1.5859667
0.11291407 -2.1771486
-2.1699483 -2.3424354
-3.6265686 -2.766708
-2.799276 -1.860163
-2.0552616 -2.970554
-2.2837725 -3.6341078
-0.9226623 -3.8366115
-1.9740697 -1.3168352
-3.6396046 -2.8307102
-0.3925569 -2.5939713
-2.8472078 -2.2692668
-1.8255881 -2.140492
-1.1299493 -1.7191602
-2.6672595 -2.5697124
0.22533606 -3.3284676
-1.8559347 -2.4266274
-2.210998 -1.8582163
-1.9566706 -1.9255369
-0.45504826 -2.849298
-2.424603 -2.2431736
-3.1139898 -2.279169
-1.9482043 -2.1886425
-2.2352982 -2.671088
-1.599263 -1.9600329
-3.1219506 -2.2995582
-1.9182307 -1.846875
-1.6987826 -1.0466174
-2.6656759 -2.9384313
-2.530088 -2.620968
-3.9439926 -2.3909523
-2.6420045 -1.5479654
-2.6223722 -2.2299678
-2.359228 -2.2605867
0.012944505 -2.4586995
-2.6730726 -3.1220062
-0.61064506 -3.777211
-1.5125225 -4.4675293
-0.9502904 -2.5570495
-1.8902574 -1.4105945
-3.0443168 -2.8471005
-3.9325445 -3.5913646
-1.5114832 -2.0578442
-1.5675128 -4.6911273
-1.6654563 -2.0288327
-1.47041 -2.0625598
-1.5065566 -2.2105377
-1.9328693 -1.3816832
-1.6721375 -1.7935163
-4.2028565 -3.1543796
-1.81331 -2.2051282
-3.783614 -2.2800393
-0.7559285 -2.336562
-1.0944457 -2.0660672
-3.6767845 -2.6776767
-4.294692 -2.6891472
-2.0074427 -1.3428739
-3.6717117 -2.5618339
-3.732147 -2.917761
-2.0609446 -2.4229882
-3.508142 -3.5776122
-1.1031609 -1.0982994
-3.056727 -2.5565526
-4.18314 -2.933705
-1.3260566 -3.571952
-2.7646596 -1.4968946
-2.240425 -1.4978855
-2.175965 -2.6225426
-2.0348818 -2.368296
-2.8806226 -1.9417952
-3.2568288 -2.645751
-3.4805045 -3.2490582
-2.9321163 -2.0978045
-4.3023047 -3.5720055
-2.170897 -1.9040093
-3.743142 -1.8203127
-0.85679746 -3.7089005
-3.061409 -2.5691125
-1.7176318 -2.177487
-1.5110487 -3.234794
-1.1107779 -0.7181581
-1.8617105 -2.8528087
-0.92889017 -1.561867
0.09605871 -0.6605793
-0.9553796 -1.9826897
-1.1340008 -4.1517277
-2.68516 -3.7126644
-3.5196285 -2.7406952
-2.201683 -2.0417006
-3.1724508 -2.7116208
0.3850059 -3.4003196
-1.4959062 -1.9711934
-1.1628077 -2.118794
-0.31092405 -2.9034297
-2.8233762 -1.8670027
-1.6698349 -2.0275214
-1.9684436 -3.0779936
-2.34843 -2.0554326
-1.6279464 -1.0094093
-2.232109 -2.7914815
-1.0570786 -3.228853
-2.7235377 -1.7655979
-2.8521748 -2.0081308
-0.9116355 -1.6586764
-2.4045968 -1.2755009
-3.075172 -1.7726358
-3.4491103 -2.7686136
-1.7184407 -1.6723455
-2.5996675 -1.3238251
-2.3282266 -1.937521
-3.0246737 -2.4538894
-3.7845824 -2.9737117
-3.179295 -2.1335282
-3.1927583 -3.4336138
-3.4643998 -2.6928763
-1.7958769 -3.180134
-2.0322387 -1.7119304
-3.8687856 -1.3023286
-3.895634 -2.324711
-3.6010263 -3.0216308
-3.0516748 -2.02613
-4.163941 -3.4366598
-2.048425 -3.0524263
-1.541465 -2.486503
-1.5043759 -2.4602928
-0.8301386 -3.1424353
-3.1891382 -2.5611742
-1.9443547 -2.0488348
-4.08717 -2.6736357
-1.6371052 -1.5655947
-0.9831701 -3.4547188
-3.329726 -2.2955878
-0.5172007 -4.116576
-1.0376924 -3.3212569
-3.0918472 -2.1771643
-1.0867333 -2.6748025
-2.5883143 -2.9903703
-2.1430254 -1.2357107
-1.3163064 -0.76112103
-1.0870799 -3.9477715
-2.617307 -2.2371404
-1.5250782 -1.8206224
-0.94357556 -2.925521
-2.898477 -1.4901233
-3.2236562 -1.9654633
-1.1877202 -2.869448
-2.0687304 -3.422286
-2.583818 -1.6264685
-4.126922 -2.5997086
-2.4668102 -1.657638
-1.0654564 -1.3186586
-2.0190423 -1.5208755
-3.2420952 -2.8323452
-3.6563876 -1.3640945
-2.6074183 -1.3484563
-1.7712778 -3.3461432
-0.8462668 -2.4756124
-3.1976025 -4.008989
-2.318689 -1.9251624
-2.2101886 -1.307111
-0.5073949 -3.0209472
-1.0991416 -2.7883675
-1.1361139 -2.4264174
-1.5085638 -2.142621
-1.5644958 -3.5574203
-1.1958134 -0.8414464
-2.3794785 -1.0513484
-1.4800463 -1.9111159
-3.0705433 -2.0306633
-2.92876 -2.3050122
-2.0686882 -2.0000196
-1.6177777 -2.478193
-1.3596735 -2.7228677
-3.8432906 -4.3793073
-2.9889238 -2.1634583
-2.0184834 -1.1189957
-2.3305333 -1.4239476
-3.2984724 -3.9245613
-2.738415 -3.659197
-1.7395967 -1.5106299
-1.611615 -3.9109774
-2.1528306 -1.193364
-3.2921362 -2.2756279
-1.342638 -1.6585388
-1.8021318 -3.354298
-1.804788 -1.7910931
-1.0772551 -3.9789002
-2.2548084 -2.8990312
-3.864998 -2.3402195
-3.2379274 -2.4362974
-1.6169012 -1.2191684
-2.1518116 -2.097714
-2.9664001 -1.6762449
-1.5525984 -2.2450092
-1.9977671 -2.3434265
-1.582733 -0.83877623
-2.5960503 -1.6523552
-0.6015617 -2.1332395
-1.903744 -2.857996
-3.2619286 -2.1878812
-2.2189322 -1.5793328
-0.45138198 -1.3395303
-3.439587 -2.4531364
-2.448256 -1.30405
-2.344015 -1.7630382
-0.94492304 -1.85889
-2.0911088 -2.6987221
-2.877602 -2.2772057
-0.31197187 -2.8974025
-2.1024504 -1.6281484
-1.7949965 -1.089983
-1.9181576 -2.502049
-0.75530845 -2.726749
-2.3026257 -1.0792578
-2.3209114 -1.8078501
-1.162757 -2.1360936
-1.3558023 -1.0596744
-2.3576272 -1.8983428
-1.9305438 -1.3802236
-2.8499017 -2.8671522
-2.6368868 -2.5696032
-1.605115 -2.6314394
-2.3925526 -2.6099901
-2.9758515 -1.2435817
-1.1161566 -2.3848987
-2.1765246 -2.673532
-2.170091 -2.1370904
-1.3283473 -1.2354654
-2.820394 -1.9555308
-1.0584594 -2.11765
-2.7447975 -2.0366986
-2.6527302 -2.2033265
-1.228185 -1.5236597
-2.0235643 -2.386342
-2.603088 -2.4063742
-2.4105737 -2.8126955
-2.4683056 -2.1865826
-1.4170057 -1.9117739
-3.6585672 -2.1337664
-3.8334026 -3.313639
-2.245284 -2.4152653
-3.046897 -2.262971
-1.9123487 -2.3866742
-1.0096284 -0.631956
-2.0562437 -4.6313915
-2.84543 -1.7873527
-2.8958874 -1.8886899
-0.8899064 -2.0011096
-2.5530899 -3.8373854
-2.237945 -1.5348734
-1.7076308 -1.5393573
-2.3348243 -1.6967247
-0.69914055 -2.5829015
-1.4323841 -2.0171635
-2.9849956 -3.0342824
-2.15843 -1.8368729
-1.1452243 -1.5285119
-1.483923 -2.1921878
-2.880486 -2.5631554
0.19151486 -1.5018964
-0.059032336 -1.5468549
-3.0741396 -2.5879009
-4.0596743 -3.7700665
-0.72805125 -2.8965814
-2.35723 -1.2770165
-2.5902917 -3.040756
-2.3790808 -1.7618109
-3.3059535 -2.3639383
-2.0652196 -3.3673038
-2.1852384 -2.7269804
-3.815004 -2.8217509
-1.93584 -2.763013
-2.713925 -1.8722675
-0.13050535 -2.6828873
-1.7749516 -2.721511
-2.0845377 -2.2355113
-1.6699679 -2.0835633
-1.5755026 -2.2313402
-2.537021 -1.1496624
-1.9964726 -2.7338932
-1.0276902 -1.7883132
-2.5088723 -2.4745426
-3.1806805 -1.9322263
-2.8706505 -1.121456
-2.907678 -1.6437166
-1.239529 -3.0141535
-1.1226275 -2.9949343
-1.6510433 -1.7420895
-1.8850237 -1.2949708
-1.452974 -2.2033846
-1.8924253 -2.3323922
-0.79168075 -2.0538867
-2.750383 -1.4552836
-2.8406568 -2.1995559
-1.8817352 -1.8826436
-2.7473044 -2.4243436
-3.1180112 -2.1630626
-3.0161903 -2.230954
-2.9703412 -1.5787369
-3.9042814 -2.6946552
-3.3696134 -2.53989
-3.7973022 -3.13869
-0.10286856 -3.3559322
-2.5954592 -1.6864699
-1.3443632 -2.7237513
-3.9555647 -2.215849
-1.8900182 -1.1165444
-3.2354028 -2.9953427
-2.3993664 -2.246522
-1.3669087 -2.846149
-2.1143448 -1.9715989
-2.81678 -3.19217
-2.6160424 -2.118017
-2.3662918 -2.3036518
-2.4421246 -2.3937976
-0.8444208 -3.6342406
-1.9658554 -1.8522768
-1.9385756 -1.3677331
-0.64255464 -3.1568174
-2.240523 -0.94792104
-3.1525276 -2.8285868
-2.562828 -3.2914085
-3.4961753 -2.6803908
-1.8187618 -1.9602747
-1.5541127 -1.9389738
-3.6144974 -2.7227404
-2.7541754 -2.806423
-3.7421978 -3.178827
-1.2385318 -1.806443
-2.882796 -2.124973
-1.8283111 -1.9050785
-1.5728838 -1.791814
-3.2680917 -2.1508732
-1.6400234 -2.6634748
-0.91180354 -1.695079
-0.2140191 -1.2111536
-0.867475 -3.0332527
-2.2461796 -1.635839
-2.2787862 -2.0200427
-3.0370886 -2.2325199
-0.6683798 -1.8454084
-2.2346535 -2.0775137
-1.9164971 -2.0656056
-0.2419689 -1.1986212
-1.9811834 -2.031612
-1.2005959 -0.87160444
-1.1062427 -2.3942773
-2.0375738 -1.6468091
-3.0376258 -1.8541324
-3.5823014 -3.5159972
-3.7645948 -2.52665
-3.5715842 -2.6701703
-3.6955125 -3.0054984
-3.8292565 -2.249051
-2.087848 -1.98913
-0.736974 -3.12518
-1.5499839 -1.9949353
-2.6241407 -2.4322834
-4.4650483 -2.791542
-3.0175297 -1.0490422
-1.9449612 -2.1234686
-1.8165711 -2.4226222
-0.8119553 -2.8160665
-1.541041 -2.8453326
-2.7420318 -1.793804
-0.8149504 -0.56621635
-2.318753 -2.2211373
-3.510791 -2.8620167
-2.3131998 -3.309885
-3.3249748 -2.909966
-2.5709903 -2.7221968
-3.0319178 -2.219048
-2.791965 -1.7794957
-1.7106508 -1.2462299
-2.8480108 -2.434704
-1.1047534 -0.6488755
-1.818762 -3.7239149
-1.7078274 -3.0791986
-2.5900052 -1.6315495
-0.8871852 -2.345366
-1.6327983 -1.6991885
-2.6147351 -1.3175046
-3.020867 -1.7791944
-1.1411926 -2.2675567
-1.7512834 -2.546462
-3.8893328 -2.4957716
-1.84429 -2.2401435
-2.866439 -3.9601138
-0.9685526 -2.907257
-3.1899674 -1.6417964
-0.5712979 -2.221563
-1.6575086 -2.4240587
-1.0277321 -2.7559075
-1.9038962 -1.6564296
-3.6286426 -3.6027622
-1.3830359 -3.1884608
-2.9055693 -1.9852682
-2.4800088 -1.5651647
-3.5072403 -1.6442711
-0.75124675 -4.6927195
-3.0039036 -2.4944777
-3.3423853 -2.119745
-2.9564333 -2.0076504
-4.1385164 -2.4967992
-1.1128032 -1.9713633
-1.480762 -2.2684689
-2.111009 -1.6231717
-0.8412647 -1.6423852
-1.8474746 -1.1406516
-3.0484395 -2.058811
-2.956746 -2.7855456
-2.1862903 -1.5740591
-1.3473438 -1.0086329
-3.0705974 -3.2095432
-3.7341034 -1.8938905
-3.4232485 -1.3853647
-2.3433251 -2.2484918
-1.7552502 -4.2657
-3.2314508 -2.1228752
-2.6544178 -1.7807934
-0.97306263 -2.5257995
-1.2791141 -2.1441553
-2.338002 -2.8099706
-2.4037683 -1.5248473
-3.494724 -2.134569
-2.9928415 -1.0702564
-1.9506212 -1.8469775
-3.046632 -1.2088453
-1.7920022 -1.7377508
-1.6827077 -1.6114477
-1.2201722 -3.1864388
-1.7096378 -3.3313584
-2.8942485 -3.6010377
-3.5013888 -3.3858774
-2.5055392 -2.7619164
-2.969934 -1.9344584
-2.7902799 -1.6232939
-3.4019046 -1.8769497
-1.1698287 -2.3286858
-2.6679845 -1.9798129
-0.6113607 -1.6467518
-0.6937139 -2.830714
-0.932006 -2.8855705
-1.2498348 -2.772036
-3.5478764 -2.4071891
-3.354599 -1.7466047
-1.4545236 -1.7753611
-2.34007 -2.486928
-3.4769065 -3.247453
-3.9183438 -2.0828943
-3.3245873 -2.5533695
-2.0381114 -1.5982059
-3.6312377 -2.515925
-1.3673584 -2.0670414
-3.0002809 -2.7676904
-1.9919202 -3.7690918
-2.6480935 -1.7420081
-3.8568237 -1.7070522
-2.669176 -3.337864
-2.1449509 -1.8019965
-0.60302323 -3.0218813
-2.590377 -2.2899396
-4.1544013 -2.3010361
-3.9923983 -2.7005806
-2.7831407 -0.69418633
-2.7607553 -1.7419817
-3.8514497 -2.867315
-2.367142 -1.9463015
-2.2635567 -1.1729436
-2.1375954 -1.0850261
-3.8873415 -2.869206
-1.7513782 -3.4121022
-2.1329477 -0.98751354
-3.7096772 -1.6211352
-1.0171189 -0.79966605
-3.1406512 -2.013029
-3.5639496 -2.8407962
-1.9595234 -1.6885418
-2.3682745 -1.7499003
-1.329764 -2.3081625
-1.4843867 -3.0574517
-1.3947276 -3.0207102
-1.5460896 -3.1590674
-1.3479915 -1.8386254
-1.4224565 -3.9528375
-3.2238698 -2.7368762
-2.156033 -2.3149812
-3.15108 -1.2511253
-3.2056644 -2.6661646
-3.5126128 -2.3108864
-0.9355543 -2.8596535
-1.9157236 -1.2561431
-2.882718 -1.5000626
-1.3707552 -2.5540068
-0.89671904 -1.3525438
-3.850707 -2.5288668
-1.1888312 -3.9869103
-1.1433059 -1.738611
-1.0289861 -1.1587867
-0.5274074 -3.1712918
-2.395993 -3.3446653
-3.9536576 -2.487707
-3.5325267 -2.1898277
-2.8932064 -2.5288994
-1.7782485 -3.260006
-2.8075576 -2.6993442
-3.526952 -3.1102943
-0.99409145 -1.9005146
-0.559627 -2.7067466
-1.3027902 -2.2382972
-2.3498409 -3.1162944
-2.3642118 -2.8014462
-3.7413094 -2.781219
-1.929577 -2.215651
-1.3963671 -2.4299946
-2.7421966 -3.7218275
-3.519995 -1.9550369
-3.2449737 -2.0990567
-3.4553099 -2.9385881
-2.338429 -2.5896878
-2.1859574 -3.9131284
-2.3693144 -3.5927105
-2.9606664 -1.4776111
-2.9821575 -2.7906947
-1.0892287 -2.2481866
-2.1742194 -2.4736917
-2.4641347 -2.0515513
-1.4089246 -2.36884
-1.9653755 -2.1555722
-1.764151 -1.2831427
-3.4266393 -1.7055185
-2.479632 -1.3777841
-2.7600756 -2.0848842
-1.8565165 -1.1094635
-0.44505548 -3.541085
-1.9559582 -1.649084
-1.5773927 -1.9671049
-2.9557483 -2.1712697
-3.244974 -2.5434482
-2.6788735 -1.6938269
-3.12256 -1.8915232
-1.6984892 -1.9680396
-4.524339 -3.332235
-3.6883602 -2.1438425
-1.0538956 -2.8453124
-1.7621715 -3.5255547
-0.61463237 -4.912066
-1.6254417 -2.934858
-1.9753078 -4.2804527
-1.113392 -2.8434796
0.42332095 -3.5791166
-2.437774 -2.3451114
-2.4489765 -1.3599468
-1.073294 -2.1980138
-1.9721094 -1.414492
-2.8211281 -1.4969608
-3.6152222 -1.6363841
-2.2580762 -1.5878011
-0.9251883 -1.3429561
-0.44303125 -1.9358302
-3.8089182 -2.7540767
-2.6445186 -2.068816
-1.8777238 -2.297805
-3.0618658 -2.2299325
-1.87155 -3.1087227
-2.2375221 -2.3424706
-2.33588 -2.5074804
-4.163963 -3.1113784
-1.6340907 -2.7030592
-3.1880624 -2.783559
-2.7092433 -3.1853526
-3.52824 -1.7924112
-2.1541228 -1.0186523
-1.1177744 -0.7759615
-2.8034434 -3.558418
-2.9972866 -1.0961453
-1.4097773 -1.4803876
-2.4790564 -1.7103465
-2.0836582 -2.614911
-3.8855808 -2.0773044
-2.0067878 -2.3702917
-2.4923787 -1.6812328
-3.7393405 -2.4817452
-3.7535825 -2.475675
-2.405065 -2.0180938
-1.0441496 -2.9323244
-3.1997538 -2.1356707
-3.2378657 -3.362823
-2.6100085 -3.5262337
-3.5189683 -2.359776
-2.7424629 -2.3350546
-2.995667 -1.33249
-0.53371227 -1.8969365
-2.5461109 -1.4702736
0.022733852 -1.2389784
-3.02152 -2.252961
-2.4486048 -2.4345336
-3.0440743 -1.9933354
-2.6909604 -3.2580013
-3.047331 -1.6884189
-3.1555996 -3.3189666
-3.1938252 -1.0328786
-1.9090413 -3.4808981
-1.5796646 -1.8736205
-1.9070387 -3.0345812
-2.500876 -1.5795608
-3.979352 -4.234022
-0.8696414 -2.517104
-0.404705 -3.894617
-2.6937058 -2.0619864
-2.092669 -1.087502
-3.5950706 -2.3414297
-3.3545427 -3.1912143
-1.9552418 -2.6063235
-1.7242498 -3.3068025
-1.6346459 -1.7769066
-0.6606519 -3.395944
-2.815807 -2.8265302
-2.730516 -2.1478298
-2.8614182 -0.9602976
-0.45653272 -2.1041675
-3.0224319 -2.1448264
-1.37052 -1.7666868
-3.331406 -2.8021848
-3.1446748 -1.3902644
-2.147 -2.148145
-2.690157 -1.7049899
-0.47514075 -4.5119643
-0.7154283 -3.0902166
-2.8383524 -2.1982768
-1.347419 -1.9880055
-2.219639 -2.1758761
-0.22997588 -3.100252
-3.8145702 -2.7846022
-2.1459968 -1.5336435
-2.8294551 -1.9335452
-2.276817 -1.5222032
-1.0586008 -3.0690851
-4.037067 -2.5329757
-1.5351601 -1.9660116
-3.39382 -4.009302
-2.631227 -2.8375082
-1.9486774 -2.3985739
-2.6390715 -1.4736586
-3.7284026 -2.6539805
-2.69492 -0.94957185
-0.67394227 -1.4402356
-2.2109137 -1.6446095
-2.5749881 -1.4275146
-2.2335105 -2.1034172
-1.8538606 -1.4406742
-2.4864552 -3.120464
-2.2594461 -2.9307737
-2.1632078 -1.2847873
-0.5845486 -4.2141643
-0.02623649 -3.8687177
-1.7265358 -1.4513788
0.3018577 -1.8435467
-2.8105776 -2.174422
-1.7449791 -2.9952567
-1.8797402 -3.5829115
-2.2291927 -2.7763176
-1.5417101 -2.6477861
-2.7658849 -1.9317565
-1.7470409 -2.1477091
-0.8992183 -2.337651
-0.15783444 -1.8682575
-1.5584315 -1.4757918
-1.0609092 -1.5615784
-0.3395409 -3.122527
-2.2685413 -3.7274313
-0.5576803 -3.373078
-2.1511207 -1.9867277
-3.2651045 -3.533343
-0.9822233 -2.9000394
-0.60878795 -2.3586333
-2.3699334 -2.3818195
-2.9359105 -1.8432095
-1.7846909 -3.6705034
-1.1214119 -1.8787639
-1.5251178 -2.9337966
-3.7072468 -2.4891768
-1.14279 -2.3573043
-3.8866818 -2.5877028
-1.9848232 -1.659671
-1.0123279 -2.611679
-0.59007317 -2.9668305
-2.800832 -3.3163135
0.365735 -1.0474494
-4.1185584 -2.5447555
-3.3285577 -1.8216753
-3.0151825 -2.610561
-2.3945749 -3.5549212
-2.5067182 -1.4417424
-1.1300052 -3.5292711
-1.7787833 -2.5681915
-3.3055675 -2.6281738
-2.191393 -2.5095115
-2.0941215 -3.764753
-1.8660837 -1.8115606
-1.358049 -2.6967783
-2.9670155 -2.3411698
-1.8876847 -3.0582116
-2.371247 -1.9228783
-1.267696 -1.8489262
-1.4424372 -3.611309
-2.316826 -0.96881425
-1.9348816 -0.6057464
-0.7316966 -1.7142303
-1.9828112 -2.984524
-0.58744913 -2.9614592
-2.530752 -1.9245199
-2.8737442 -2.128639
-1.8678609 -3.193042
-2.6265905 -2.79218
-4.2031617 -2.7500968
0.16423516 -3.4287148
-2.407148 -3.1731093
-0.2769995 -2.6139088
-1.543956 -2.555323
-2.3952048 -1.4447312
-0.6718674 -3.2968063
-0.17282537 -2.6144636
-1.240584 -2.1134574
-1.5181394 -3.8876464
-2.4165933 -3.139914
-1.7170361 -3.1265018
-0.6873109 -2.3415291
-1.7612295 -2.6892607
-2.7098458 -1.3741101
-3.2182755 -2.600768
-1.9044313 -2.7490172
-2.6196313 -4.158071
-1.8393775 -2.2310107
-2.5123918 -2.2963104
-2.3873665 -1.2309453
-1.6274629 -2.0864832
-2.6304235 -1.929384
-1.7842549 -2.6713498
-2.6874895 -1.5679935
-2.1532905 -1.8991354
-1.2615886 -1.6673357
-3.852543 -2.6021733
-1.6703684 -2.0625875
-3.616127 -2.988376
-2.8270707 -1.6750963
-1.7965451 -1.688867
-4.351629 -1.9502856
-1.8153484 -3.5042708
-1.1278391 -2.8760653
-2.739466 -1.3828776
-4.1502237 -3.2085974
-1.312658 -2.4498816
-0.53302115 -1.5454032
-2.3036406 -2.190043
-3.4840708 -1.9591637
-1.8789424 -2.2514637
-2.7148328 -1.7058377
-0.9627915 -2.9666796
-1.5616496 -3.096663
-1.8446453 -3.2916224
-0.73614466 -1.0323483
-2.1857023 -1.5348873
-3.7837512 -2.235376
-1.9142776 -2.3701437
-1.0248368 -3.6437206
-0.8563678 -0.4655673
-1.1043237 -3.8244324
-3.705563 -3.4571261
-3.618225 -2.7768033
-2.2935913 -1.2387664
-1.5481796 -1.2485337
-2.314584 -2.758395
-1.9399654 -1.7915648
-1.7789371 -1.8277035
-2.4355004 -2.6756892
-2.296326 -1.752612
-2.193043 -1.6985786
-2.7830408 -2.185131
-2.7347686 -1.8200161
-2.728127 -1.342309
0.23172717 -3.0789638
-1.1599456 -3.3476315
-1.123161 -3.080967
-2.8322916 -1.6366265
-0.18943287 -2.6312425
-1.9884849 -2.115709
-3.5285776 -1.3793327
-2.3374507 -2.3122754
-1.1521546 -2.7751923
-1.8588275 -2.0160809
-1.2230805 -2.9137082
-3.0134993 -2.0583887
-2.5471323 -1.2572665
-3.285185 -1.5322872
-2.1604636 -2.7646544
-2.684491 -2.0142748
-2.738811 -3.1013935
-2.9532804 -3.0947301
-2.1841714 -1.979753
-1.7992237 -1.2112981
-0.6405065 -2.2558122
-2.8679206 -3.4105651
-2.067619 -2.2463574
-0.08137539 -1.2956923
-2.7015996 -2.3703177
-1.9500839 -2.6422105
-2.797256 -2.4126265
-2.0486302 -3.7227814
-1.0728859 -2.701116
-1.2171481 -1.6421167
-1.7290349 -2.4011629
-1.8033429 -1.0673224
-4.552316 -1.8629322
-1.6808499 -2.3645158
-1.6995903 -1.9719579
-2.4253645 -4.605874
-2.2628908 -3.683289
-1.1015292 -1.9017166
-0.7286146 -2.8257873
-2.4842217 -1.696864
-2.0133 -3.8321137
-3.4156642 -2.4787972
-0.7032613 -4.124289
-2.3003852 -1.9744776
-3.3298213 -1.9868718
-1.6232595 -3.571187
-2.249487 -1.2195787
-3.2673867 -1.7704268
-3.2707121 -1.8242847
-1.8363945 -0.55819464
-2.8053699 -3.4738111
-2.9362917 -1.4164337
-3.7547674 -3.3437207
-2.4072502 -1.8342655
-1.9999001 -1.4921237
-1.322571 -1.1979952
-1.0666034 -2.1505163
-3.5362697 -2.8291185
-2.3338459 -1.4659606
-1.4224224 -4.242738
-3.9196522 -2.6836283
-0.7405395 -3.6615338
-1.3739927 -2.2952409
-3.8059556 -1.20639
-3.009596 -1.9638282
-2.0451913 -2.1547036
-2.8921776 -2.3823125
-1.7264416 -2.260483
-2.4805305 -2.6471741
-1.7285066 -1.9395694
-1.4177617 -1.8676437
-1.96044 -2.2489505
-1.0363531 -3.8822603
-2.5507956 -1.9256284
-2.2604206 -2.4266093
-1.7583518 -3.1412683
-2.9307377 -2.2294953
-0.59347034 -0.8347
-3.0681422 -3.5396006
-2.8060293 -1.6160101
-3.2943757 -2.2458837
-3.8413262 -1.9921488
-1.5777928 -2.1121025
-3.144207 -1.872161
-3.3328767 -2.1776128
-0.99642414 -2.1103795
-3.5058312 -3.5767066
-2.6211076 -1.2257553
-2.9941514 -2.313733
-1.6330425 -1.2975756
-1.137658 -3.7812982
-1.231235 -0.42955807
-3.479722 -2.2086442
-1.3016233 -1.9326155
-1.1293088 -1.947179
-0.4388721 -0.30346432
-1.3702133 -2.1660416
-2.0338807 -2.4274232
-1.9095789 -2.2025447
-2.8214896 -1.9607134
-2.117371 -3.63288
-2.662688 -1.8696474
-3.843843 -3.0064225
-2.8410325 -1.6993814
-1.3478225 -2.6297526
-3.3731894 -1.387508
-0.781067 -1.4679824
-1.2346455 -3.3580103
-2.0882535 -2.6174705
0.6057869 -2.0287402
-1.0130866 -2.0558538
-3.3555593 -2.629639
-2.3484204 -2.5723155
-2.0872233 -2.2012274
-2.475408 -0.63674355
-2.5288289 -2.0122793
-1.6130253 -2.6286914
-0.3112353 -2.654797
-2.355312 -3.868637
-3.4419 -2.8518367
-4.0689754 -2.3543758
-1.9076152 -2.643975
-2.1699746 -1.9614817
-0.8619162 -2.2662716
-1.9463625 -2.1216762
-3.6729012 -2.310264
-1.0293007 -2.1538289
-2.6696565 -2.6358433
-2.2364461 -1.6045467
-2.361221 -3.3655708
-1.4001119 -1.6214831
-3.2486343 -3.518137
-1.5824652 -1.4842867
-1.7312081 -2.1392937
-0.54589146 -3.1038148
-1.792581 -2.4898815
-2.6644676 -1.2643421
-2.672772 -2.0168517
-2.2753797 -2.105706
-2.5553765 -0.98657835
-2.9904974 -1.2484063
-2.4574938 -1.4145094
-2.148926 -2.243019
-1.2795262 -1.8338832
-2.6851397 -2.8188334
-3.3839262 -2.250795
-3.0319293 -3.6287355
-3.0660512 -2.165742
-2.8657649 -2.0022936
-1.6089458 -2.8281176
-1.2746416 -2.522299
-1.4385535 -2.1161325
-2.1218429 -2.9773138
-1.966174 -3.9074087
-2.0802922 -1.6392487
-1.8287213 -4.128321
-2.8622797 -3.4139152
-2.458221 -1.821453
-2.2594433 -3.808298
-2.1821017 -2.7086735
-1.497143 -2.386158
-1.7340224 -2.796778
-0.99117506 -0.7512461
-2.168791 -2.2675073
-0.9924332 -3.2164314
-0.9887313 -2.2372487
-0.84991515 -2.362397
-1.0352632 -1.4388092
-2.2252219 -1.5842246
-2.5818713 -2.9266112
-1.0038649 -2.0315511
-1.1738548 -3.087
-1.9257112 -1.2547599
-3.2152877 -2.417646
-2.4059894 -2.3831275
-3.75639 -2.471388
-2.5091944 -2.4383485
-2.1419833 -2.0549634
-3.7652848 -1.8340522
-2.05753 -1.7193114
-3.1053295 -1.9607785
-2.0161486 -1.9507412
-3.8373995 -1.320089
-2.710778 -1.5889786
-1.7183937 -2.9212759
-1.3868735 -1.3345604
-2.405835 -1.7987131
-2.346916 -1.275132
-1.2206124 -2.4067533
-1.240485 -1.2792819
-1.1720259 -3.6116915
-1.9719146 -1.5078104
-1.9236952 -2.8507545
-1.4260771 -1.7283682
-2.2013865 -1.5539459
-1.3321722 -2.6249394
-3.1888607 -1.5816041
-2.3277943 -3.0238774
-3.898315 -2.7313445
-0.67789394 -2.765084
-2.5390937 -2.2963407
-1.9886019 -2.5504687
-1.5543263 -3.9791324
-2.5226707 -2.7236068
-3.0297692 -1.9564322
-2.6611083 -1.510428
-0.6827017 -1.6869553
-2.5925958 -1.2249072
-1.9198023 -1.6677089
-2.4690924 -2.5652463
-2.3606665 -1.4866465
-0.7326716 -3.7965732
-1.3727922 -2.6867273
-1.5045551 -2.6685863
-2.755008 -2.0091255
-1.5782076 -2.814602
-3.7479205 -3.2117655
-2.0079088 -2.4781396
-2.502181 -1.6307265
-3.7736995 -2.9217088
-1.2477996 -3.7247713
-1.0170053 -1.2248467
-2.994352 -2.2111056
-1.125166 -2.2728114
-3.0806687 -2.2313337
-2.7571218 -2.89735
-3.345843 -2.3711839
-1.8427591 -1.5090792
-2.248313 -1.102863
-2.5595973 -2.9999847
-1.7858945 -2.7189934
-2.3451536 -1.9263079
-1.8718857 -2.8661423
-2.202653 -3.5559318
-1.5954906 -3.564388
-1.0394843 -3.0433984
-1.4196731 -2.6324904
-2.9137027 -2.948416
-3.063127 -3.014691
-1.3841375 -3.571254
-3.1496544 -2.0751965
-2.2642581 -1.5119735
-1.2942283 -3.2637494
-3.2121074 -3.3649504
-2.084832 -1.9193847
-1.1802485 -2.8541148
-3.1667135 -1.793176
-1.38233 -2.6532516
-1.7054169 -1.5765848
-1.3018229 -1.7665743
-3.1178594 -0.6485815
-2.3684056 -2.366444
-0.9707485 -3.0272295
-2.6535282 -1.7262522
-1.9238342 -2.465282
-1.8751965 -1.773226
-1.0519185 -2.0277224
-2.4964442 -3.159211
-2.3986964 -3.0787199
-2.326896 -3.229473
-2.6521542 -1.4437349
-1.8144366 -0.87382436
-3.3677714 -3.451458
-2.1412804 -2.878385
-1.2973062 -1.4782805
-1.4309202 -2.4755251
-2.0243666 -1.7797878
-0.8666396 -2.5273452
-0.8516597 -1.3487216
-2.2302248 -1.2173631
-2.319813 -1.5046947
-0.85954976 -2.779013
-3.7712126 -2.1750808
-1.5677067 -4.2034464
-2.0192473 -1.8655571
-3.0833042 -2.6986387
-1.975856 -1.7573364
-2.161579 -2.1411552
-3.0181088 -1.8580046
-1.1860569 -2.3728316
-2.2379954 -2.7266767
-3.0888171 -3.321432
-0.32200783 -2.5747254
-1.9013164 -1.9044228
-2.6062925 -1.6123606
-3.0210676 -1.9500574
-4.5591116 -2.4646616
-1.407729 -3.6556945
-3.7729685 -2.5858192
-2.7165751 -2.3268096
-2.3881013 -1.6304961
-3.2623076 -1.1440512
-0.22074015 -0.93678224
-1.4992653 -0.98236334
-3.7731597 -3.0163214
-1.1905892 -1.4406251
-2.3809206 -1.571201
-1.672966 -1.0863537
-0.54021347 -3.8379862
-2.296289 -2.9951189
-2.0009074 -2.3291833
-1.7383138 -0.6361815
-1.515297 -3.5542154
-2.9907713 -2.3155918
-1.8388071 -4.3091207
-3.0063465 -1.476624
-1.812147 -2.1758268
-3.2988312 -2.0226269
-3.9003522 -1.8099576
-1.5500096 -2.5037227
-3.1199744 -2.1564753
-2.805613 -2.913205
-1.9452934 -1.6421658
-1.0901521 -2.6384866
-1.7545143 -1.5215344
-3.637416 -1.9435798
-0.9332684 -2.873025
-1.474508 -2.5100665
0.1900249 -0.49192804
-0.7060666 -1.2498419
-1.5559853 -3.1163375
0.35173774 -3.11329
-1.9345703 -2.3095608
-0.92170936 -1.1329257
-3.5271657 -3.3342247
-0.93908143 -3.7724695
-1.725002 -2.9040358
-3.4893377 -2.7970994
-0.11732994 -2.7652986
-3.1900265 -2.501724
-1.7531972 -1.2002794
-1.4249926 -1.8482736
-2.9986584 -2.3451686
-1.7062819 -1.6834337
-2.3338444 -1.3225294
-1.0646689 -4.2054787
-3.0809276 -2.32367
-3.242075 -2.8467329
-1.237957 -2.5606444
-1.8806005 -1.6270479
-3.6308215 -2.653465
-1.3235188 -2.3686056
-2.6575844 -1.0416056
-1.5868196 -2.063451
-0.7711043 -2.6490068
-2.1546907 -2.237122
-4.207015 -2.7727277
-1.0054382 -1.909094
-0.21999516 -3.157964
-2.7265089 -1.4774822
-4.041032 -2.3588648
-3.7771368 -2.8563251
-1.354004 -3.0996516
-1.9304079 -3.1413832
-2.993514 -1.6905212
-0.09190941 -3.8072186
-3.43492 -2.1318204
-2.6601791 -2.3291225
-2.9902775 -1.5685155
-2.8102841 -1.3733408
-1.5554909 -1.3212353
-3.7361784 -1.0124582
-2.7954788 -2.6156821
-2.0003686 -1.1958
-3.4133096 -2.456068
-1.3310895 -3.478504
-0.6930283 -2.028138
-2.410182 -3.2219896
-1.5754908 -1.6877944
-1.5003743 -1.9363945
-1.4300437 -3.1250088
-2.981182 -2.3274195
-3.4497232 -2.88764
-1.750898 -2.012877
-2.5207431 -1.7677026
-1.9410968 -1.3815063
-2.475625 -2.2587574
-0.89250356 -1.2291223
-0.30151793 -1.6425973
-2.8627942 -2.5079193
-1.8611379 -1.3983917
-2.0284567 -1.7438759
-2.4907875 -1.7705864
-3.137526 -2.169577
-2.147188 -1.7998079
-2.922652 -2.1401699
-3.089814 -1.4829041
-3.8414052 -3.712152
-2.4303353 -3.800353
-1.8205011 -1.52878
-0.97062594 -3.1251554
-1.5065591 -2.490779
-3.752467 -1.3799373
-3.3920734 -1.9973824
-3.01963 -2.7604303
-0.9967199 -3.9307969
-0.3270353 -0.98887455
-1.235982 -3.7322297
-2.8554256 -1.5982476
-2.4252856 -2.265739
-2.2453408 -2.3696141
-3.516617 -2.8892612
-2.762527 -2.3823688
-1.3944738 -1.1138979
-3.830001 -2.1661007
-1.8384387 -2.0786426
0.11783679 -0.8308966
-3.678872 -1.7706409
-0.79763377 -3.6599588
-3.9731774 -2.3082743
-3.691277 -1.4876196
-0.58180606 -1.5427722
-1.4503801 -2.1836023
-0.8132097 -4.0431757
-1.1340433 -1.7230818
-3.338436 -2.9161427
-1.4032124 -0.84220743
-1.9783767 -1.9538475
-0.6300922 -1.9216949
-1.1249481 -1.8344222
-2.5766675 -1.984908
-1.8271701 -2.4738271
-0.75744015 -2.8660536
-1.3509275 -2.870488
-4.1088243 -1.6374866
-3.455028 -1.5374398
-2.357364 -1.8779337
-3.0662148 -1.9256929
-2.5787153 -1.6458399
-2.7958324 -1.7430385
-1.5514054 -1.5796483
-1.8735819 -3.3250542
-1.9292963 -1.6648477
-3.2184796 -1.6690772
-2.8048944 -1.0185089
-1.0107584 -2.5295742
-4.2180486 -3.25882
-1.5294293 -1.586563
-1.8698466 -2.7815137
-1.3660055 -3.145485
-2.5064926 -1.7717044
-3.0449164 -1.4474866
-3.4733133 -1.8401668
-4.124797 -3.1437302
-1.4165399 -1.458101
-3.0667102 -1.37542
-2.6973171 -1.4224378
-2.706606 -1.1009353
-1.6901778 -3.220959
-1.91225 -1.8895937
-1.2984263 -2.6426613
-2.0896313 -1.6436923
-3.855288 -3.7047753
-1.7993045 -1.0747755
-2.539793 -1.9434702
-2.0619318 -2.0101132
-1.3847077 -3.054887
-2.5017374 -3.053715
-3.5807457 -2.3849323
-2.8986835 -2.1122546
-2.5652466 -0.6607647
-3.397373 -3.2275503
-0.74808365 -2.0051844
-2.522626 -2.8923225
-2.8379462 -1.6711252
-1.4332082 -2.1306014
-3.0337722 -1.9631176
-2.6539505 -1.6652006
-1.8377073 -2.007951
-2.150091 -2.9858894
0.6139737 -2.864359
-1.1610107 -3.3039522
-2.9541569 -2.3049173
-3.0712223 -1.4284811
-1.5274327 -2.015641
-0.64972913 -2.5673597
-1.8127289 -2.5550313
-3.1110458 -2.714985
-0.37430587 -0.6595589
-4.3428063 -2.1580522
-2.4644747 -3.3859568
-2.2725906 -2.5632064
-1.4410655 -2.3008249
-1.5934055 -1.5702052
-2.9475293 -3.8172388
-1.4205445 -2.8426404
-4.543496 -3.4711282
-2.96988 -0.973019
-2.8374915 -1.2735131
-1.3363137 -2.6849542
-2.6231656 -2.4709694
-2.2894704 -2.519702
-2.3656108 -2.9981184
-0.8436614 -2.2368977
-1.3311073 -0.79297936
-3.0321589 -2.4590075
-1.7504152 -1.7514867
-3.0884712 -2.1164937
-1.2344676 -2.4072793
-3.0137234 -2.9074888
-2.578002 -2.7910047
-3.628958 -3.404857
-3.0493176 -2.4587493
-1.1251508 -2.2652533
-0.92762 -3.0949378
-0.16537379 -3.9782312
-1.5008967 -1.9479845
-4.2597003 -3.3099635
-0.6960174 -3.1825435
-2.4787762 -3.31409
-2.359428 -1.9596955
-3.7507792 -2.810684
-1.8106096 -0.5927342
-3.4671192 -3.0808592
-1.4246053 -3.3565981
-3.215744 -1.846418
-1.179983 -3.2672641
-3.5418146 -1.7224331
-3.4239764 -2.2053397
-3.0252733 -2.2590733
-4.126222 -1.505406
-0.6902426 -1.3447895
-1.841658 -2.8191326
-2.0720558 -1.8992178
-2.0346544 -3.1255567
-1.5577705 -3.108409
-3.7824605 -3.1353629
-0.5906342 -2.0258338
-2.2956061 -2.754334
-1.0081762 -1.1174885
-3.0394406 -2.2511258
-0.25711325 -1.8906851
-0.7776661 -2.116076
-1.9397633 -2.212391
-1.6473037 -1.5206531
-1.4475954 -1.9522614
-3.9144928 -2.2420619
-2.541423 -2.960683
-1.220977 -3.451626
-2.0689025 -1.714357
-2.275674 -1.8115605
-3.493483 -1.9192797
-2.7461252 -0.9727626
-3.3383076 -1.4493165
-1.995491 -1.6772672
-1.736553 -2.1965048
-2.189978 -1.9170321
-2.373659 -3.9335763
-1.4522878 -2.024322
-1.6769514 -2.751569
0.06362145 -2.830206
-2.689643 -2.085457
-2.4830294 -2.0950706
-1.7787015 -1.3251156
-1.345471 -2.225133
-1.5432196 -2.1634302
-2.6566586 -1.4105886
-1.8678719 -2.4863102
-2.3323326 -1.5198951
-2.0635295 -1.8128738
-2.8708231 -2.2641096
-2.8311028 -2.7335224
-0.3700915 -3.9910638
-2.5873647 -2.7203994
-2.4347355 -3.1427295
-2.6441503 -2.1629713
-1.9257634 -2.024676
-1.6017056 -2.0879617
-1.7791592 -3.1528976
-2.45089 -2.0476563
-3.455676 -2.4103682
-0.32730198 -1.8467181
-2.0122523 -3.054751
-3.6806388 -1.8639333
-2.568474 -2.0866628
-1.8756825 -2.6605349
-2.0448956 -2.0508068
-2.914477 -2.916724
-0.9636421 -3.150757
-2.555105 -1.2743028
-3.283397 -2.598117
-1.3254815 -1.3881438
-1.7998013 -2.8467298
-1.4025226 -2.6504982
-3.075132 -2.0995197
-1.2396034 -2.31762
-2.364741 -1.5582905
-1.6536796 -1.6840838
-3.199166 -2.4429493
-1.1104577 -4.5499144
-3.1164865 -1.6850997
-2.4108179 -2.4573162
-2.4014199 -3.3021684
-2.6410937 -1.7957373
-1.4105428 -3.2326174
-2.6425605 -1.5796484
-1.1143951 -4.001992
-0.18147385 -2.326516
-2.0640893 -1.4472185
-3.1714835 -1.7561009
-1.753884 -1.181167
-2.018421 -1.2031108
-4.2513356 -2.7873182
-2.6742523 -2.1918705
-1.9321018 -2.785379
-1.7216581 -2.8116665
-1.2633016 -1.2980711
-2.2599823 -0.6272639
-3.5577464 -1.9344103
-2.4046068 -2.4700823
-3.0002172 -2.7311642
-1.5014434 -1.7108014
-2.9436502 -1.7659549
-3.626066 -1.8797463
-2.694893 -1.997577
-3.409007 -2.4304574
-2.3508286 -1.6973209
-1.2746578 -2.1348398
-1.08963 -2.340265
-1.2587034 -2.810627
-1.1922697 -2.099818
-1.558118 -2.86038
-2.126756 -2.36285
-1.4289305 -2.0868905
-2.247931 -3.5141156
-0.96993417 -1.2525626
-1.4291112 -1.8472524
-1.8343449 -2.31819
-3.1272821 -2.0362718
-0.9556101 -1.8115265
-1.0534797 -3.466128
-3.229441 -1.9810351
-0.80283344 -3.2054334
-0.9156993 -0.8989166
-3.4255142 -1.940782
-0.3584786 -2.0376227
-2.8848495 -1.9702959
-1.6501493 -2.0514486
-2.6562908 -3.135001
-2.6778584 -2.821141
-2.642246 -2.127445
-2.1873899 -2.1499023
-2.438698 -1.8646402
-1.4070406 -2.5203059
-1.1910077 -3.1229317
-3.8469865 -2.766873
-3.0623665 -3.314978
-3.1991818 -2.8443444
-1.1123708 -1.5905188
-3.1957855 -2.851315
-1.3892 -1.9700093
-3.5371993 -2.15652
-2.3918467 -2.6485538
-0.98887306 -1.7383996
-1.8492522 -2.930611
-1.7286586 -1.5611895
-1.7140588 -1.9695985
-2.5400157 -1.7688816
-1.2209994 -2.357828
-2.3891883 -1.9815813
-3.6416478 -2.4738925
-2.432337 -3.8917658
-1.3620458 -2.0680542
-3.3233087 -1.6433733
-0.99506265 -1.7954409
-0.8637993 -1.6623905
-1.3455566 -1.0363489
-2.0410206 -1.232129
-1.9858272 -0.8528265
0.016712382 -2.195047
-2.5207255 -1.2929049
-1.0899005 -1.9308041
-0.8465048 -2.8397646
-2.7747357 -2.4747407
-2.2699747 -4.6067953
-2.4376307 -1.4705466
-2.980909 -2.2254732
-3.074713 -2.4184089
-3.1314304 -3.8803654
0.17765673 -0.94153357
-2.8153396 -3.132333
-2.0328612 -2.0727313
-2.5640757 -1.7439674
-2.2480445 -4.1536584
-1.56913 -3.4805589
-1.3599561 -2.7600706
-2.3089166 -3.6891298
-2.3599555 -2.0893404
-3.1359358 -2.129886
-1.9376534 -1.2980156
-2.5846305 -1.180129
-2.5423427 -2.0331047
-2.50122 -1.7502474
-1.2028983 -3.679868
-2.445538 -1.2346488
-1.9623858 -2.5603755
-2.152086 -3.3826923
-2.5900993 -1.7759583
-1.5746027 -1.9905754
-0.948736 -2.2656133
-0.00694488 -2.3754418
-0.85742116 -2.3633018
-2.9688594 -1.812104
-2.2155564 -2.4959927
-2.8003075 -3.3719234
-1.9431323 -2.5862646
0.0618618 -2.847353
-1.3385566 -1.5275589
-1.0602461 -2.3503773
-1.1145777 -3.2760274
-0.019052953 -2.5597014
-1.7512089 -2.198806
-1.738906 -4.6159053
-0.70880276 -3.0612419
-2.243642 -1.8001236
-2.6756282 -2.2954845
-3.072999 -2.3734365
-2.0967853 -3.2489228
-2.0024989 -1.3489391
-3.0796804 -2.7501554
-2.0373878 -2.2474108
-1.453971 -1.9961687
-3.3930967 -2.3351974
-2.6405275 -1.8327975
-3.726918 -1.9734336
-0.039984986 -1.4293888
-1.5380795 -1.260523
-1.5660212 -2.4185672
-3.5954843 -1.8525933
-1.5428773 -2.0695899
-3.540817 -2.3287253
-1.1091532 -3.1928596
-2.7821035 -2.298801
-1.5193323 -2.9308147
-1.2966733 -1.6732272
-1.3027004 -1.7578822
-3.5795376 -2.601264
-2.8490748 -1.3618566
-1.3144536 -3.429697
-2.654267 -2.3215232
-1.7203615 -0.14977966
-1.2094754 -2.5074844
-1.9591165 -2.325306
-1.2353919 -3.2425
-2.178413 -1.8145237
-3.0399466 -2.1870403
-2.6822894 -0.8444693
-1.9312962 -2.0270326
-3.0819325 -2.0020244
-3.159461 -2.600951
-1.8183715 -2.0818663
-1.4689139 -2.5749729
-2.354147 -2.9233592
-5.1500225 -2.8732555
-0.41879177 -1.5729243
-2.9511385 -1.3080746
-3.1082377 -1.6002923
-2.8830516 -2.559372
-2.7984726 -1.6277506
-2.8953042 -3.0359309
-2.0971665 -1.8422772
-1.5366623 -2.2335446
-2.1982336 -1.8085259
-2.729932 -1.7143738
-1.7994748 -1.5047241
-2.7987866 -2.2235403
-2.1911373 -1.5048681
-3.147708 -1.5769322
-1.4900472 -2.259964
-2.1330674 -1.1758037
-3.6303453 -2.6999185
-3.6461372 -2.6126273
-1.032847 -0.64876264
-3.2126749 -2.5891795
-3.257475 -2.0000122
-3.186982 -3.1299007
-1.5072658 -0.59559965
-3.1986911 -2.386854
0.050426945 -2.3450453
-2.5625513 -2.2356937
-1.8373126 -2.5833175
-2.71068 -2.641165
-1.4166421 -3.411802
-2.5249424 -4.1580997
-2.8322744 -1.7586842
-2.2973993 -1.2801664
-3.1296265 -0.9815252
-1.8704536 -3.3392026
-1.4993918 -1.0167856
-3.0367734 -1.8095807
-1.6468937 -2.8598185
-1.4516983 -2.1366904
-1.3004087 -2.597115
-1.8041887 -1.7104216
1.0398438 -2.7814827
-2.2453504 -2.7337775
-3.7682385 -2.1772318
-2.5302448 -2.2635126
-2.4441257 -2.5391357
-3.2049248 -2.261647
-2.0719285 -2.390903
-1.7732104 -3.0731301
-1.7597005 -4.1310663
-2.5365205 -0.7917154
-2.9497824 -2.869471
0.26206315 -1.1601362
-1.186982 -1.3416313
-4.1078653 -3.5334337
-1.6802871 -2.7493734
-0.17713156 -3.146747
-1.5512465 -3.578273
-1.333069 -1.442362
-1.3828598 -1.9979162
-0.9505683 -1.3213043
-2.6599438 -2.1524477
-1.4310731 -3.3322642
-3.3745074 -2.2190068
-2.5944545 -2.878453
-1.98961 -1.866413
-1.084622 -4.0706053
-2.6226485 -2.7673247
-1.8753868 -1.2244313
-2.795993 -1.6194272
-3.14118 -2.8775728
-2.9954958 -2.379905
-3.5630836 -2.7248542
0.24325447 -2.7337298
-1.3284395 -1.6339321
-3.134697 -0.9280015
-2.02683 -1.982987
-1.9847852 -0.73381245
-2.349989 -1.7246565
-0.68262553 -2.7247112
-0.921753 -0.8713088
-0.034071147 -2.8720293
-1.1946907 -3.13751
-3.642046 -1.9875127
-2.3022914 -1.260916
-2.3953958 -1.7109334
-2.0278451 -2.970213
-2.150142 -0.5028602
-2.770801 -2.1624832
-4.1833363 -2.254969
0.4031632 -2.0467675
-1.4157716 -1.5074296
-3.4354813 -2.8828592
-2.5014238 -3.541505
-3.8858075 -3.1038437
-0.7830223 -3.798155
-1.9241817 -3.6727436
-2.7834227 -2.0642176
-3.2235737 -2.1658049
-2.6045158 -2.1498032
-0.4698418 -1.4280237
-3.2517877 -3.5998867
-1.7054365 -3.5519783
-1.3464922 -2.0711932
-2.0896487 -1.8248788
-2.951472 -2.2394543
-1.6317632 -2.0437815
-0.14449134 -2.6574283
-3.9354205 -2.8600137
-1.435743 -1.3904573
-1.9300832 -1.8398894
-2.3271677 -1.6834911
-1.9837743 -2.5003428
-1.8803586 -1.643215
-3.5197804 -1.9167143
-1.5141305 -3.208943
-1.5391544 -1.9259545
-2.501772 -2.604996
-1.9801877 -3.4044788
-1.975697 -2.2455697
-0.17323694 -1.5286461
-2.4893005 -2.359042
-2.198045 -1.7150583
-2.693495 -1.9967228
-2.665702 -2.0496056
-1.0273677 -2.1834712
-0.8530217 -1.5928726
-3.7982023 -2.283304
-2.6179695 -2.5276544
-2.2823005 -1.7063041
-2.9877641 -1.9211822
-1.000408 -3.3108273
-3.009209 -0.89264
-1.2313148 -4.570861
-2.554086 -1.5292617
-2.0838158 -3.875281
-2.5439472 -2.9918275
-0.4521302 -3.7446702
-2.8380208 -1.9314026
-1.5742537 -2.1657128
-1.9839319 -2.102151
-2.0939636 -0.9356793
-2.715421 -2.604652
-2.3925967 -2.9649704
-4.2273793 -2.5572133
-2.422539 -0.8822917
-4.3010764 -2.5971584
-1.3031063 -3.2384439
0.7232671 -1.7146746
-0.76612705 -1.1367847
-2.8979867 -2.4522614
-1.1081647 -3.4834144
-1.1853331 -2.8015563
-2.6439428 -1.4162036
-1.6819632 -2.2040648
-2.7505245 -2.8602803
-1.6005396 -2.168331
-1.9043999 -1.1973405
-3.406686 -2.3686323
-3.3597317 -1.5832599
-2.6593926 -2.247643
-0.6856624 -2.5779428
-1.9285856 -1.185767
-3.0541055 -2.2144337
-3.7924192 -2.7142622
-1.9597207 -2.8408158
-1.876062 -1.7942065
-3.3075967 -3.4751444
-4.040982 -2.4944732
-1.9719051 -2.4224944
-2.9496956 -2.4705224
-3.2787745 -2.5072544
-2.016394 -1.6122992
-1.0242594 -1.5309665
-2.078155 -3.084228
-3.3487787 -2.0662386
-3.177737 -1.2737297
-2.9439566 -1.6391735
-0.87697756 -1.9182355
-1.6651188 -2.5521362
-3.188381 -2.6373212
-0.55450237 -2.6952012
-1.803971 -2.4432154
-2.3214924 -2.7601712
-3.0351627 -2.3278384
-3.080586 -2.9440897
-1.7817987 -1.7005833
-2.92556 -1.0829695
-0.23920496 -1.2455127
-3.0413601 -2.0274146
-1.6563596 -2.8486385
-1.6511543 -2.136119
-1.3928021 -2.9713044
-2.8548412 -3.159171
-1.113194 -3.62697
-2.9383967 -1.915369
-3.3584843 -2.7842455
-1.3270053 -0.8063909
-2.947993 -2.3717823
-2.660037 -2.1685612
-2.9445658 -2.360298
-1.521839 -2.189968
-2.6210203 -2.308959
-1.6425606 -1.4951886
-1.6107962 -2.2686627
-3.174538 -2.3295884
-2.1434872 -1.2185493
-1.6442629 -2.6151106
-4.2604656 -2.3500903
-2.755528 -1.5351893
-0.82050115 -2.250738
-3.2918983 -2.890194
-2.838996 -2.0674345
-3.5354247 -1.873626
-1.0364586 -2.5865402
-1.8133689 -4.062084
-2.1234062 -1.6703671
-3.6141508 -2.508849
-3.3567636 -1.2591223
-3.1209636 -2.0775118
-1.1501471 -2.9217083
-2.2323852 -1.7130523
-2.8841274 -3.2561047
-2.466255 -2.4829054
-3.0273898 -2.2105215
-0.87761265 -0.19650331
-1.0915166 -1.1761688
-2.903302 -2.7010393
-1.9025215 -3.6244016
-1.7031263 -2.659992
-3.3295069 -2.5761158
-4.352475 -2.7153602
-1.8081973 -2.459854
-1.9919559 -1.9943327
-2.701651 -2.3113508
-2.7331562 -2.6485503
-3.088552 -1.8054771
-1.4248059 -1.3185731
-1.5815161 -2.1714094
-4.3042073 -1.625711
-0.646641 -0.8155863
-2.3014662 -2.047392
-0.41967273 -3.0306838
-0.8246001 -1.7402968
-1.2868551 -1.5343636
-1.5704314 -2.0899673
-1.6842895 -1.0864042
-2.1320214 -2.047171
-2.5889657 -1.3757721
-3.9150789 -2.2610216
-2.3471813 -2.1894681
-2.0897803 -1.8431014
-3.5355146 -1.2093682
-1.4294233 -3.2962372
-3.2664945 -2.2809973
-1.8019342 -2.896196
-2.2666755 -2.2846484
-3.3805811 -1.5043997
-3.1224177 -1.8765153
-2.160629 -1.7633064
-2.1238875 -2.2917933
-4.181185 -3.2982728
-3.414074 -1.5940262
-2.9556372 -3.043675
-1.3529385 -2.469632
-0.74292403 -1.0309395
-0.79297364 -1.7491364
-1.7309735 -1.8849703
-2.6545966 -2.542412
-1.8333874 -2.0337439
-2.0059168 -3.3200264
-0.8984802 -3.269592
-1.0730641 -1.0938406
-0.6195504 -1.6140554
-2.7805474 -2.9579852
-2.6890795 -2.1914198
-1.110482 -3.4246423
-3.102757 -2.810291
-1.6177984 -1.6387411
-2.3449411 -3.2152753
-1.8235942 -0.82181704
-3.148925 -2.028004
-1.801699 -3.374386
-2.2221484 -2.389996
-3.0928545 -3.0063856
-4.1298304 -1.9910187
-2.2722552 -1.3291525
-1.7625713 -1.5029266
-2.599176 -1.658636
-3.1575015 -1.4309013
-3.2693498 -3.6474648
-1.6568849 -1.7469203
-2.5367374 -1.8772923
-2.0022955 -2.5056481
-2.8274188 -0.93199646
-3.0106356 -0.8796228
-2.070053 -2.656349
-3.2732189 -2.0754645
-1.9490509 -3.994667
-1.7152954 -3.3601668
-2.5864017 -2.618093
-1.5171088 -2.055678
-0.932811 -3.0397599
-3.0644274 -1.5605588
-1.124125 -2.3581645
-3.5897815 -2.804267
-1.8197539 -2.191748
-0.6234088 -1.4725832
-2.118843 -1.3092998
-0.9601239 -1.5855328
-0.9818147 -2.975368
-1.0092268 -1.5450535
-3.1046853 -1.548644
-1.0996616 -2.2620168
-2.3221085 -5.050337
-2.9759037 -1.8713987
-3.2495897 -3.1743653
-1.8163581 -2.6029184
-1.905591 -2.8304007
-3.520041 -4.527611
-1.6899663 -2.4041638
-0.26055294 -1.3689411
-4.108141 -2.6719947
-3.8212504 -3.0670276
-0.58644515 -1.258344
-2.3769689 -1.5438931
-2.8243656 -2.9396815
-2.9710712 -2.6110287
-2.0579002 -2.8399801
-1.2743688 -1.9244964
-3.035207 -2.2358322
-1.8632592 -1.7482855
-2.022652 -3.265264
-3.8309226 -1.237169
-1.931608 -2.9095562
-2.6546059 -1.5862578
-1.7420257 -2.0947387
-3.0899177 -1.5879639
-2.0456426 -2.9196286
-0.10470487 -2.307169
-1.5243746 -2.3771126
-1.3194607 -2.8097048
-0.85417706 -1.9463009
-1.0526845 -3.2327363
-2.2799163 -1.6940631
-0.9338662 -2.663236
-0.26510388 -2.6044161
-2.267124 -2.2383811
-2.606751 -2.0187328
-2.8034472 -1.4777753
-2.234399 -2.2180586
-1.3394918 -1.9493659
-0.93229616 -3.019632
-1.7307274 -2.2119205
-1.4791199 -1.4076979
-3.5792844 -2.097615
-2.211776 -1.357729
-2.3807735 -1.295028
-2.4595296 -1.7203408
-2.1359074 -1.5985482
-2.4085343 -2.4601061
-2.6524076 -3.2947142
-2.8363488 -1.5186068
-1.7235513 -0.98997784
-2.6394613 -2.2140853
0.35702872 -1.7363466
-1.2207305 -2.4937804
-3.0669377 -0.8059535
-3.5109773 -2.4944532
-0.71761805 -3.8953388
-2.02074 -2.4286153
-1.4025806 -1.2325258
-3.1678905 -1.9022356
-2.0811896 -2.6004684
-3.2295592 -2.4229603
-2.6540484 -2.6191862
-3.6228752 -1.5535532
-1.866461 -3.2089038
-2.4092104 -2.4565299
-1.3101311 -1.7617406
-2.4099898 -3.0266745
-3.205118 -1.8061615
-3.1100507 -2.2266634
-2.089939 -3.2747884
-2.2045243 -1.4069446
-3.0532036 -2.9192138
-3.4950194 -1.9579595
-3.2062435 -2.1668875
-1.7622936 -2.0232415
-0.30589777 -0.88547194
-1.3404406 -1.9868284
-2.8245485 -3.535683
-3.8571718 -2.5640347
-1.400637 -2.3527296
-3.0573006 -1.7344877
-1.2008154 -3.9294229
-3.2115357 -1.1379073
-2.4656038 -2.2566476
-1.3413092 -1.8752966
-3.0174584 -2.021286
-1.6950468 -2.7186606
-2.953546 -2.5632963
-0.5787195 -1.6210037
-2.1134963 -2.2324965
-3.1261752 -2.4487436
-3.8262963 -1.4977385
-2.2419953 -1.4628553
-1.4407212 -1.4747741
-2.284636 -1.9531599
-2.5430586 -1.129758
-3.4776928 -2.1595109
-3.7493186 -2.5337732
-1.6096774 -3.228034
-3.8747482 -3.8941658
-3.7561743 -3.3487194
-2.5920336 -1.5924555
-2.5215712 -2.8226163
-3.3257158 -0.91884637
-0.23881792 -2.55937
-1.3216437 -3.2177596
-2.1737173 -1.6734061
-2.5827608 -1.8106484
-0.13597965 -2.5960066
-1.0372449 -1.0782
-3.4029193 -2.0928059
-2.8287497 -1.7064152
-3.9241865 -1.8304948
-1.4614282 -1.5748758
-2.126329 -2.4669263
-4.130609 -2.340063
0.44399875 -2.96246
-4.149595 -2.7343273
-0.8288234 -2.8586667
-0.68731326 -2.2155986
-1.9333149 -1.4397962
-0.86592555 -1.7628481
-3.5795171 -1.6284125
-2.2045388 -1.5824385
-1.6580842 -2.214802
-2.4685912 -2.0911899
-3.1823845 -3.254412
-2.794662 -2.487504
-2.4896207 -2.4434168
-1.1573671 -3.1743746
-1.957156 -3.115234
-3.1693375 -2.598446
-0.9313614 -2.2619245
-2.0420156 -2.6222968
-3.17326 -2.9073865
-2.0597584 -3.5783434
0.19878842 -1.7754039
-1.1176795 -1.596953
-2.3224623 -1.0665537
-2.569913 -1.9525037
-2.3127968 -2.0094783
-2.3681078 -1.4166338
-3.3129072 -1.257404
-2.8443189 -1.8207868
-1.8263084 -1.4520608
-1.2164851 -1.7639849
-2.8970802 -1.8965735
-3.0451875 -2.317565
-2.2875347 -1.3638904
-2.8729804 -1.830222
-1.1388528 -1.7895094
-1.865994 -3.1598504
-0.5648457 -3.2995818
-2.743908 -2.3368566
-0.9483813 -2.3897943
-2.1889908 -2.4232233
-1.9398066 -2.1655123
-1.7472373 -2.0100265
-1.7891879 -0.87660134
-3.1755905 -2.0260563
-2.1299324 -2.1933036
-2.9477203 -2.1424494
-2.0906181 -2.3949025
-2.5850422 -2.2968335
-3.1641657 -3.783854
-2.448854 -2.7595894
-1.46135 -2.791102
-1.4805462 -2.700663
-3.5016212 -2.2722049
-2.2155745 -1.451643
-1.1045173 -1.992512
-1.70317 -1.555094
-1.957115 -2.2124348
-3.1212013 -3.0379217
-2.381629 -2.5613132
-1.405621 -2.6103475
-1.2847321 -2.5247014
-2.1504273 -3.516315
-1.2572719 -2.8045568
-2.94622 -2.7986333
-1.6529887 -2.7648144
-4.0584855 -2.6749027
-1.2437444 -2.5510254
-2.2210546 -1.25705
-1.1339144 -4.68432
-1.8130349 -0.92788243
-0.24527687 -4.301606
-3.703216 -2.5815344
-1.9771793 -2.9080057
-3.3096156 -2.2711682
-2.5504663 -1.8774912
-2.0230803 -1.7753739
-3.0610027 -2.0333712
-1.831896 -3.347179
-1.9015174 -3.264606
-2.1489236 -1.8214269
-3.4226806 -1.651721
-2.085472 -2.821875
-2.7687 -2.0459085
-1.6044937 -1.6214026
-2.8102982 -1.5845615
-3.2047796 -2.3865511
-1.7495229 -1.5217824
-1.2224116 -3.687761
-1.6794288 -3.4971728
-3.302254 -4.01104
-3.6258428 -3.4375956
-3.0051012 -1.5260249
-1.4685013 -2.7552378
-3.0916803 -3.0310118
-1.5139748 -2.2768304
-1.9047544 -2.4238572
-3.0271297 -3.3252194
-1.8025099 -1.5988263
-1.9055647 -2.2093475
-3.1930096 -2.302765
-1.4571041 -1.3283653
-2.7344303 -2.8816912
-2.7958522 -2.008509
-1.7346063 -1.9288286
-2.466391 -2.491853
-0.5032205 -2.8747153
0.23655964 -3.7475066
-3.1827638 -3.016992
-2.6994162 -1.9831742
-1.1059009 -1.9755384
-3.5499253 -2.387192
-0.9038074 -1.9285992
-1.6676884 -1.2056692
-3.900431 -1.9481379
-1.7257066 -2.271357
-3.0559235 -1.8895075
-1.3465047 -3.0242243
-2.5001962 -3.3455756
-1.5278628 -3.4529843
-1.4715264 -2.2354388
-2.693288 -2.5547304
-1.005357 -1.3862423
-2.5680606 -2.1056285
-3.078998 -2.1061978
-2.0021408 -1.7042077
-2.4622636 -2.3684728
-0.08016805 -2.7688768
-1.525529 -1.0359527
-1.8249456 -2.751846
-2.3745334 -2.6329648
-0.67970407 -2.212308
-1.0952727 -3.0273142
-2.4895067 -1.8877479
-2.455711 -2.327297
-2.978786 -1.8796574
-2.6682951 -1.6033915
-3.02002 -3.4670684
-0.6955078 -3.9199505
-2.1870723 -2.0109224
-1.3311913 -1.75685
-2.2739608 -1.8437923
-1.6119875 -0.9658996
-2.8375642 -1.9202952
-1.3230379 -1.7445227
-1.9947017 -3.2109573
-1.4304491 -2.058333
-0.9469619 -1.7549124
-1.7534988 -1.409124
-1.8702574 -2.2013404
-2.319526 -2.4428113
-1.0340446 -2.9800045
-1.9491456 -1.7156283
-1.373465 -3.8263204
-1.5639836 -2.3392463
-2.948289 -1.9988675
-1.1528918 -1.5793077
-1.0108479 -2.222525
-0.16303387 -1.7022905
-1.030909 -1.1538582
-1.8568842 -2.8546274
-3.5952637 -1.0958595
-1.288877 -1.8251861
-0.83263814 -1.9372553
-2.8825524 -2.1406167
-2.216398 -1.0682237
-4.399546 -3.221097
-2.59713 -2.5861793
-1.894403 -4.0449214
-0.83107436 -3.1366627
-1.2704905 -3.0465405
-1.8730421 -2.3200436
-2.186086 -2.0058596
-1.4375113 -2.8622918
-1.1385928 -2.7749257
-2.5519261 -1.7725421
-1.1575708 -3.330414
-4.1280756 -2.8002753
-2.3682861 -3.3800175
-0.8287513 -2.2422378
-3.5972865 -2.1381202
-2.8292212 -1.5096344
-0.22463909 -3.2354913
-3.5398636 -2.0221908
-2.5644908 -2.309026
-1.8504465 -1.6427412
-2.8513756 -2.8318045
-2.3287418 -1.7160552
-2.9431162 -1.9994601
-2.6616933 -1.4284589
-3.6331933 -1.8728476
-1.9828011 -1.6180309
-3.5872684 -3.2226756
-2.5271058 -2.1012235
-1.9467409 -3.0333483
-3.3960192 -2.3468158
-1.6455078 -1.4105935
-2.3852985 -2.2740223
-1.5903418 -2.9462674
-1.7674974 -2.637914
-1.0596253 -4.0543914
-1.8020905 -2.808345
-1.5431081 -2.3863218
0.116949454 -2.4803324
-3.0339172 -1.6393051
-2.2896717 -2.3782196
-1.588931 -2.118751
-2.3302555 -2.2169354
-0.41069752 -1.8346897
-3.2527344 -2.441103
-2.6458151 -2.8841279
-0.7725518 -3.6774147
-1.9863553 -1.445055
-2.602324 -1.4850596
-4.173062 -3.1105173
-1.4707515 -2.999195
-2.5156481 -2.976473
-3.093306 -1.5914962
-1.9008689 -1.6940584
-0.825167 -2.8814998
-1.6028324 -3.6538677
-2.3146474 -1.964188
-1.8558934 -1.9308628
-1.4883682 -2.891906
-1.34698 -3.819364
-4.1470356 -2.1615467
-1.5365678 -2.6910229
-0.6293891 -1.8363907
-2.5420349 -3.714878
-1.0466324 -2.131427
-1.2027446 -1.1884835
-1.4306635 -2.504747
-2.9851596 -1.1868083
-1.7145525 -1.5300368
-2.544428 -1.6835272
-3.5719004 -4.2796607
-0.69180834 -2.0173278
-2.668642 -2.7652268
-2.1343417 -3.681489
-3.2829309 -2.9038284
-1.356228 -3.1369708
-1.6342175 -1.3474072
-3.026331 -0.8990748
-3.4037921 -2.0608418
-2.1121173 -2.551002
-3.2533684 -2.7722538
-3.8443136 -2.8124845
-1.9889333 -2.7299922
-1.8510721 -1.100462
-4.111951 -3.0494869
-1.7484405 -1.6276302
0.28994185 -2.5631022
-3.2628934 -2.36221
-2.7912078 -1.8285296
-1.4775206 -3.0132174
-3.50938 -2.6989117
-2.8178048 -2.5725772
-3.5832846 -1.9109795
-3.6825306 -1.662359
-1.1823896 -2.2315896
-2.492151 -3.0848174
-2.815522 -2.7887936
-2.8628178 -3.2689834
-2.4086874 -1.6474028
-3.167775 -1.3299763
-1.4392334 -1.7409813
-2.3588836 -2.7349403
-1.4629127 -1.5624112
-1.4146895 -2.3183503
-1.5916212 -1.8848779
-0.8449957 -2.2368429
-3.3097024 -3.1618576
-1.8154974 -2.66358
-2.8320754 -2.2334983
-4.0805273 -2.6002
-3.9445088 -2.5409153
-1.8526596 -0.7303981
-2.1804433 -3.2398348
-2.7266989 -1.9614403
-3.2910576 -2.4449894
-0.3813832 -3.2045462
-2.5792902 -1.8650522
-1.4876202 -2.0989125
-3.0710764 -1.9169506
-1.779756 -1.3883692
-1.0992546 -1.229621
-1.6341944 -2.8553512
-1.0664301 -2.3816817
-2.5966249 -1.137334
-2.8838558 -2.374168
-4.044243 -2.3938673
-1.9059765 -2.7873616
-3.2896993 -1.800177
-1.9729686 -2.225725
-3.1652744 -2.2703578
-1.1528834 -1.6068171
-2.7993994 -1.8729986
-2.7820182 -1.8094534
-2.4095197 -3.8136837
-4.157852 -3.3642387
-1.1831714 -2.3702931
-2.5569608 -2.0207515
-1.7425834 -1.7132452
-1.9816366 -1.8440187
-2.978124 -1.2523909
-3.42931 -2.7649953
-1.3303391 -3.3257802
-3.1545024 -2.5008173
-4.2781754 -3.9842958
-3.6108577 -2.6091743
-1.8984348 -1.5575192
-3.0919387 -1.7465987
-2.2867422 -1.4579095
-0.87786865 -2.918289
-2.1168053 -3.7221494
-2.3734791 -3.4248135
-1.1377704 -1.24058
-1.344887 -1.237182
-0.38327494 -3.0037332
-1.3023548 -1.8984958
-2.1611788 -1.1940458
-2.9480865 -2.4287045
-2.0491762 -1.3780516
-0.005454898 -1.9497205
-2.001095 -0.9762893
-1.5134957 -2.2639241
-0.04355237 -1.3917898
-4.113229 -3.1905868
-1.7557279 -1.1148642
-1.5102516 -2.0641053
-1.5485779 -1.1830366
-0.4830349 -1.9957974
-3.138008 -2.0291827
-3.7219753 -2.566731
-0.9826154 -2.2218697
-1.444034 -1.9410822
-0.9071886 -1.6142977
-1.2976803 -1.1894454
-2.6721992 -2.0733285
-1.4681994 -1.8044318
-3.3603919 -2.8852046
-3.417989 -1.6390417
-1.56262 -2.4532487
-1.8388132 -1.8878211
-2.8416564 -2.3427434
1.1472791 -1.8390615
-1.0791471 -3.4649677
-2.6347811 -2.8585
-2.1920738 -3.143393
-3.145168 -3.2680125
-1.260548 -2.9258258
-1.0744644 -3.2267907
-3.538 -2.1893246
-2.912102 -1.4499428
-2.068305 -2.0693972
-1.9595394 -1.9280367
-1.0266727 -1.0406954
-0.8157848 -3.799687
0.46269435 -1.9219893
-2.0838163 -2.2981176
-2.9443192 -1.1219567
-2.320345 -1.6952372
-1.1063749 -2.7233276
-2.0965164 -1.6192728
-1.8380653 -1.5666709
-0.5329082 -1.6639323
-1.8795508 -3.0807405
-1.8958045 -2.259652
-1.9475825 -1.1740417
-2.2066765 -3.203756
-3.5448506 -2.2514946
-3.0309775 -2.4747224
-3.268575 -1.8274493
-2.2113588 -3.3350601
-3.8107731 -3.2362142
-3.3327498 -1.8285575
-3.315028 -1.181789
-2.575246 -1.9939562
-3.2746162 -2.6099224
-1.1462625 -2.6141908
-2.3568213 -2.626402
-2.7327385 -2.4669883
-1.1657686 -3.6766627
-2.7303052 -1.3042659
-2.8521752 -2.1893554
-1.8859097 -1.9997667
-3.7801406 -2.1465251
-2.5178506 -1.8871034
-2.575557 -1.8404144
-3.8562644 -2.2285511
-1.8966987 -2.1740413
-3.234188 -2.0378187
-1.6235029 -2.4522276
-1.4440548 -2.6408567
-2.5692961 -1.924388
-2.2349043 -1.7357146
-2.570036 -1.1614662
-3.1540923 -2.7317338
-0.5445816 -2.638668
-2.626939 -1.3731985
-3.415227 -3.0501506
-1.5218798 -3.7712312
-3.12902 -2.4429884
-1.94239 -1.818046
-1.3299875 -2.1849513
-2.2522707 -2.050097
-3.3799636 -2.6764126
-2.1203659 -2.0075006
-2.1158772 -3.6155856
-2.2788672 -2.760904
-3.7918303 -2.6815567
-1.0445484 -2.434086
-3.6984637 -2.178851
-4.4380946 -2.6739817
-4.0890336 -2.7285323
-2.565402 -1.0918078
-2.2172902 -1.9750028
-0.99798024 -3.1694334
-3.8025758 -2.4061527
-2.0279734 -3.8545656
-1.3755327 -1.5488745
-4.4248843 -2.3144758
0.42141348 -2.0235085
-2.649621 -3.442284
-2.465107 -2.5277972
-2.7526495 -1.0891731
-0.7281737 -3.219077
-3.1806092 -1.8451577
-3.8908284 -3.4605567
-2.1695583 -1.1859062
-1.3640027 -1.5609357
-3.1586146 -1.9963866
-2.2668371 -2.2940693
-0.07181214 -3.279494
-0.63574874 -1.6776164
-1.7735302 -1.257852
-2.181847 -2.6647449
-2.5133984 -2.9939713
-3.0670047 -3.0845006
-3.4927769 -4.1870456
-2.2982156 -1.6121445
-2.559272 -1.9934072
-2.304745 -1.7723193
-2.414835 -3.2998252
-2.7790382 -2.2647471
-2.24935 -1.5644271
-3.4122186 -2.1242537
-0.5877809 -2.6957223
-0.69267374 -3.5452244
-1.1537398 -0.9941493
-3.6596384 -1.5494581
-1.8214569 -2.6197379
-0.56574714 -2.673375
-1.7502466 -1.1329715
-1.1621093 -1.8848355
-1.5069069 -2.9182363
-2.4304268 -1.641358
-2.635645 -2.044064
-0.5090869 -1.9282188
-3.7966115 -3.1513798
-3.0700877 -3.6856024
-0.9450255 -2.9785469
0.37904686 -2.6597118
-0.31653824 -3.5573273
-1.6986126 -1.7517625
-2.0901022 -1.9651
-1.72078 -3.158289
-0.9880572 -1.3327608
-2.6651614 -2.3421705
-0.75625795 -1.5935283
-3.6294541 -2.0429633
-2.0162823 -2.1946864
-1.9180323 -2.1607552
-1.576188 -1.1284313
-2.6286979 -2.1776264
-1.5840014 -2.2337513
-2.0426345 -2.10821
-2.5894647 -0.8228526
-1.3406184 -1.9769657
-1.4157903 -1.7775707
-1.1575917 -1.429517
-0.6844228 -2.7899213
-1.7423108 -3.2738566
-1.2568326 -2.85319
-3.0839071 -2.0921667
-1.1941408 -2.0019226
-2.8532357 -2.775463
-1.5815102 -2.1570365
-4.041004 -4.0547853
-4.621287 -2.91763
-1.3591732 -1.1938034
-2.2571084 -2.3555903
-0.12679821 -1.7903588
-1.7683377 -2.3103456
-3.0680456 -4.1230297
-1.7513514 -2.5204518
-1.1259826 -1.6411426
-1.5184134 -1.476536
-3.504485 -1.9052856
-4.1839423 -3.1072311
-1.0869558 -2.652009
0.10079636 -2.9026113
-2.0460758 -2.6683512
-2.7803276 -1.555545
-2.6549532 -0.8039211
-1.7052726 -2.447481
-1.3720785 -1.1237513
-2.960753 -0.8836396
-2.8236115 -3.836491
-3.3500051 -2.0215724
-2.0004146 -2.0550573
-1.4138454 -0.8768506
-2.5964632 -2.048675
-1.7908254 -2.6827614
-1.6818268 -3.4031577
-0.33079883 -3.2220101
-0.075074494 -3.069316
-3.1043525 -2.0491006
-3.4728162 -1.6878262
-2.0185442 -2.7480068
-1.4048731 -2.3129792
-3.1726646 -2.0953193
-0.77299434 -1.6965675
-1.549704 -1.8045869
-1.2892947 -1.9225187
-3.2933762 -2.3665044
-2.5498643 -1.0369998
-2.215706 -1.8198493
-2.6950245 -1.7034152
-1.3536745 -3.1922872
-0.50451 -1.6720778
-3.1846666 -1.670312
-2.9261749 -3.6296024
-2.0436482 -0.98430216
-1.5689697 -4.228317
-1.4891342 -1.3966268
-0.70343673 -5.5144315
-1.1217507 -3.968799
-3.367644 -2.7042367
-2.6910071 -2.7193186
-2.377859 -2.8812068
-1.5344156 -2.330295
-3.2863774 -1.8886478
-3.5748925 -2.2690947
-3.0252838 -2.3793492
-3.4128327 -2.718651
-1.6093144 -1.383635
-2.9904609 -2.3314035
-1.15734 -3.416778
-1.0838304 -0.5669424
-3.9431493 -2.5875134
-0.63545257 -1.2736375
-2.6539173 -1.4030861
-2.1686697 -1.0864569
0.9482803 0.31126133
-2.672441 -1.1889503
-1.7157562 -1.0052828
-2.338636 -1.6231271
-1.7220453 -1.8690934
-3.046864 -1.3885756
-0.32417604 -3.4364657
-3.011627 -2.7149296
-2.7908607 -3.1153615
-2.831962 -2.294376
-0.83292323 -2.796044
-3.312605 -1.6663778
-2.0519161 -1.5159175
-3.5270648 -2.3857384
-1.5746447 -2.7341032
-2.6060526 -1.4768753
-2.2540023 -4.2098904
-0.710055 -1.0785683
-3.1612625 -1.6727359
-3.0945792 -3.1024492
-2.3103075 -1.9222044
-2.0037835 -2.065739
-0.38784933 -1.6089013
-1.8106228 -3.3166041
-1.1164916 -0.5471801
-1.6469336 -2.5846972
-3.178311 -3.3498929
-2.9603906 -2.3057632
-1.9315482 -1.3533797
-1.509966 -1.2929229
-2.203901 -1.083073
-0.7729884 -3.2074544
-0.9119618 -2.5142982
-2.6172657 -2.017242
-0.9967415 -2.8794956
-1.4751662 -1.7401383
-2.1698787 -3.1521394
-1.4035676 -1.6950746
-3.1020553 -3.466968
-4.426396 -2.491578
-2.235059 -1.6658607
-2.469786 -3.2641137
-1.5919948 -2.5542383
-1.9817387 -1.6300799
-2.2623236 -1.7738326
-2.7307258 -2.4016936
-2.6013007 -1.5773263
-3.8328688 -2.4209833
-2.679745 -3.88717
-1.2899827 -3.4511836
-1.0227667 -2.4052114
-3.5828307 -2.3141866
-2.6913884 -2.9089577
-1.8072182 -1.4955013
-1.8828837 -2.271614
-2.0574834 -1.4288168
-2.1468391 -2.5771973
-1.8807701 -2.5267298
-0.22821619 -3.061313
-2.8406718 -2.810055
-1.7802907 -1.8119713
-0.72699994 -1.8743228
-3.057646 -2.2838888
-1.4195906 -2.7377026
-2.5805984 -0.9973707
-0.5704968 -2.0180943
-1.798605 -2.8022053
-1.4807892 -2.612969
-2.0872426 -1.7773191
-2.1562254 -2.965886
-3.0051079 -2.7088563
-2.819779 -3.5039644
-1.5217254 -2.877174
-1.7907876 -2.536494
-0.8750877 -2.1217024
-1.5647646 -4.2475696
-1.0769683 -1.8000526
-2.41827 -1.5541104
-3.7063715 -3.1708746
-1.591734 -1.6203555
-3.1426492 -2.4174528
-2.390427 -1.9303427
-2.8752756 -2.855073
-2.853397 -2.8406448
-1.2032504 -1.5275966
-3.9080381 -2.8304033
-1.169788 -3.327813
-2.6876237 -1.7071724
-0.0775501 -2.0644476
-2.497873 -1.3849685
-2.518287 -1.3673809
-2.94454 -1.7000479
-2.8185353 -2.0979648
-2.0477161 -1.0952977
-2.3576815 -1.6310269
-2.4412544 -0.97773194
-2.2073088 -0.2674106
-3.4425466 -1.6293186
-2.998046 -1.159363
-0.02305998 -0.32332918
-3.3432782 -3.3851426
-1.4388505 -1.9548516
-2.0333037 -1.4663199
-1.0494435 -2.525045
-1.6398697 -1.817474
-2.5742853 -3.0251293
-3.7525866 -2.235612
-2.5507 -1.5517944
-2.93948 -2.5864615
-3.1475215 -1.5523416
-2.033115 -1.6475505
-1.7344328 -1.0880295
-1.7434527 -2.3855658
-3.5925548 -1.3440279
-3.1285708 -2.2444372
-0.7221656 -1.7455353
-3.616007 -1.7656741
-3.5318794 -2.560475
-1.08155 -1.4690123
-1.9204198 -1.4612846
-2.5268276 -1.915726
-2.413616 -1.137066
-2.1894479 -1.5736324
-2.5091505 -2.44635
-3.7973247 -1.6464783
-2.9606264 -1.6585891
-2.2035923 -1.7169861
-1.5304464 -2.202747
-3.1605282 -2.3111334
-0.5260849 -1.1940722
-0.6439997 -1.3587788
-3.0635006 -2.8775887
-1.8159888 -2.5251267
-1.2560887 -2.2589078
-2.9552894 -1.7785698
-1.1211418 -2.6293771
-2.3147159 -1.2611418
-1.4719385 -1.5370356
-2.3284342 -2.5553052
-0.039203286 -2.738528
-2.4035926 -3.4328732
-1.5460699 -1.819738
-0.76513267 -3.1878502
-1.246636 -2.4723911
-1.1389512 -2.2206326
-2.939006 -2.2109275
-1.9004755 -2.229783
-2.4029179 -2.8145819
-0.74195075 -3.3367746
-3.6158464 -1.881856
-3.403781 -2.540191
-1.3370283 -2.9974732
-1.3718256 -1.091678
-3.6231608 -1.9109399
-2.4930866 -1.3129208
-1.6306956 -2.7186468
-3.1439602 -1.8561841
-4.0341005 -1.8801677
-1.8016052 -2.006676
-2.425274 -2.5177336
-1.3867283 -3.170776
-2.5695953 -1.8964236
-3.4448335 -3.1548448
-1.628606 -2.246434
-1.2925785 -1.7442482
-2.22997 -1.2138091
-4.068822 -2.9358234
-1.1904616 -3.0122647
-1.1744915 -1.2343122
-0.75873715 -1.4352382
-1.1090169 -4.9715915
-2.7145195 -3.108437
-4.1195383 -2.7406044
-0.5561614 -1.7847049
-1.2572619 -2.0317106
-2.7803926 -2.094649
-0.8249567 -4.117056
-0.4861049 -2.7691543
-2.4110553 -2.5726724
-1.9131918 -1.192773
-0.22433332 -0.97168684
-1.9006786 -2.5750945
-0.74216264 -2.64797
-2.4013736 -1.8256538
-2.4642496 -3.1707952
-2.4104595 -3.5205107
-1.4024127 -3.204703
-2.3573344 -3.3584206
-1.99446 -1.8926941
-0.034596756 -0.47338018
-2.8097494 -2.1297216
-2.004944 -2.1126745
-2.4935596 -2.1926792
-2.5006921 -2.4701543
-1.8698671 -1.4563051
-3.471945 -2.0856614
-3.8584838 -2.1549456
-2.6983554 -2.3991015
-1.896646 -1.3926821
-1.142223 -3.8000498
-0.898743 -2.9175966
-2.5846949 -2.3574815
-0.9851424 -3.3086326
-2.4841359 -2.8221836
-2.0729673 -3.4397566
-1.3535874 -1.527516
-2.4725013 -1.8957164
-2.512934 -2.6265695
-2.1490586 -1.7294477
-2.443498 -3.5584455
-1.3922509 -0.93697965
-3.1136632 -2.2607424
-1.4781758 -2.2675369
-1.4662887 -2.8919537
-2.128996 -2.5039082
-3.5191996 -2.689318
-0.6871913 -2.4617295
-2.604043 -1.8714488
-2.39586 -1.5718327
-1.344464 -2.7283764
-2.9034214 -1.7278883
-2.3002384 -2.1377175
-3.1627517 -1.9700695
-3.5990667 -2.1780584
-1.5736828 -2.4931214
-0.5610619 -1.1509672
-1.7900056 -2.0639844
-3.9252923 -1.8870661
-1.8518537 -2.303114
-2.332975 -1.7230788
-1.7396911 -0.8932532
-0.7536387 -4.2382464
-1.749038 -1.6245732
-2.6445773 -2.397473
-2.6787865 -2.1612742
-0.9056804 -0.73720896
-3.645449 -1.6054033
-2.3558495 -2.307734
-1.5595517 -1.8172207
-1.6259968 -2.993175
-3.2903404 -1.5964304
-0.98506504 -3.554372
-1.0681148 -2.3196704
-2.867715 -2.8626692
-1.3828388 -1.3254551
-2.3314457 -2.36687
-0.45467353 -2.398516
-3.803526 -2.0540268
-2.949396 -1.6527752
-2.8027406 -3.4690063
-1.1618384 -1.7772068
-3.0541782 -3.1025524
-1.6631434 -2.7745805
-2.4737484 -1.459878
-2.6826859 -2.7026274
-1.9683661 -3.0903203
-2.3926127 -2.321935
-3.71614 -3.4941382
-2.0822856 -2.8597784
-0.6107717 -3.3143358
0.11790387 -3.4510636
-2.3062367 -0.92767775
-2.891777 -1.3782529
-3.5719223 -2.9465308
-2.8053565 -2.8779716
-3.4235086 -1.8572114
-2.6730013 -1.8141316
-3.845239 -3.3514132
-2.0706902 -2.421331
-1.8535928 -1.7422701
-3.268846 -3.215686
-1.0629983 -3.8778732
-2.3591454 -1.5056413
-1.6861496 -2.2887204
-2.7657578 -1.4049538
-4.0146575 -2.6738572
-0.97136945 -1.6179069
-2.4541092 -1.940295
-3.279903 -2.2067778
-2.5785353 -2.659164
-2.5158648 -1.8251702
-2.221065 -1.7907087
-1.0423269 -2.5118287
-3.0574472 -1.5654378
-0.16537379 -3.9782312
-0.8614088 -2.166559
-2.8713524 -2.4423385
-1.087957 -3.7950737
-2.9323206 -1.4714369
-1.1171567 -4.2081084
-3.3963194 -4.140058
-0.564144 -4.7815094
-1.6012374 -2.2418342
-1.9849052 -1.4234066
-2.500425 -3.313394
-2.5264862 -3.1120608
-3.550025 -1.2585083
-3.4133823 -1.9711705
-2.8137681 -2.726008
-2.0218258 -1.5833223
-0.5812184 -1.1356364
-2.5721123 -2.2589667
-2.4795694 -2.5688927
-1.0330659 -3.922624
-1.3046706 -3.5468173
-3.1232486 -3.246175
-1.871877 -1.5934548
-1.9522082 -1.5139694
-2.6038523 -1.90057
-2.2023485 -1.7642703
-3.0801268 -2.809993
-1.0821975 -2.5450397
-3.8094063 -2.3227673
-0.9523214 -3.155799
-3.3557148 -2.2349763
-0.80973375 -2.7270176
-3.5874608 -2.6587384
-0.6851371 -2.3536055
-3.5795715 -2.1241543
-2.3316262 -1.3619206
-2.1816664 -1.656697
-1.1442796 -3.2932649
-1.5831466 -3.4419668
-3.448738 -2.7890902
-2.536236 -2.95728
-3.3086321 -1.4425305
-2.8005621 -1.6140823
-3.089207 -2.8009543
-1.2383525 -3.2745924
-1.5687374 -1.2784507
-2.4782755 -3.2586591
-2.8380208 -1.9314026
-0.5709439 -1.5581106
-1.0256747 -2.5704975
-2.3219578 -1.5536994
-2.0907598 -1.7612407
-2.1374195 -2.5037289
-0.17820588 -1.6812102
-2.8048222 -2.096463
-2.8385272 -1.5545462
-2.114131 -2.759412
-2.5713937 -2.789805
-3.4388523 -3.0064833
-3.9682083 -1.4472752
-0.12213303 -1.0774065
-2.3104982 -2.4548633
-0.67416525 -2.6369166
-1.0840293 -1.5830022
-2.3188212 -1.6179812
-0.18719637 -0.71300364
-3.1443098 -3.4346566
-2.9917884 -2.5744631
-1.7470083 -2.488867
-2.4786556 -1.2757505
-2.843785 -2.0444887
-3.1561258 -2.9590924
-1.1774817 -2.2363234
-1.0187955 -1.9152805
-3.1820946 -2.549839
-1.6058846 -1.113428
-1.4331782 -3.7669115
-1.5894158 -1.6498014
-3.1324074 -1.987695
-1.6813321 -2.332913
-1.9465609 -1.6760114
-1.7604816 -3.2658174
-2.7471056 -1.7731556
-3.1442676 -3.8444815
-1.884936 -2.8426688
-2.8862286 -1.8756208
-1.1926782 -2.9525142
-2.082539 -2.23034
-2.4164429 -2.6453826
-2.2565217 -3.0546196
-2.3365471 -1.5501466
-1.4542831 -1.6648378
-1.5879049 -1.9114255
-2.4906678 -0.8773445
-4.3418765 -2.7546751
-2.1362598 -3.028993
-2.6008918 -1.7963505
-1.8309398 -2.0509288
-1.8570431 -2.8659158
-1.6447643 -1.6668024
-2.5550325 -1.0242975
-1.8890448 -3.4722776
-1.8462201 -1.7888464
-2.1002672 -3.7271385
-4.087318 -3.1888194
-1.4303685 -3.19946
-1.1614859 -4.563058
-2.0114334 -2.4872139
-1.5442379 -1.4922289
-1.5849692 -3.6280975
-3.8571756 -2.8795958
-3.7670364 -2.1603403
-1.4049152 -1.3015918
-3.304263 -2.5023453
-1.910947 -3.4867253
-3.4363768 -3.0954325
-3.7460642 -3.2375677
-3.2239206 -2.4100358
-1.8392428 -3.7020504
-0.8532942 -3.2004077
-2.67386 -1.7341095
-3.5736244 -1.9179536
-1.9444187 -1.9302536
-2.6559663 -1.6623254
-3.069804 -2.4896128
-1.074163 -1.7743084
-1.5862684 -0.7571335
-1.8484899 -2.1504154
-2.161523 -1.8719512
-2.616285 -2.33681
-0.96316904 -1.4810134
-3.8459344 -2.9066846
-1.6254531 -2.6169894
-2.9166431 -2.7787294
-0.7550436 -1.7115555
-0.33754456 -2.4772658
-3.3823323 -2.5199785
-0.55802214 -1.586765
-1.550314 -2.5743525
-3.1444771 -3.3264506
-2.5040588 -2.945495
-3.8777225 -2.319307
-2.0675914 -2.6885843
-0.39097917 -2.5450475
-1.2895967 -1.4889892
-2.2150457 -1.7595172
-1.9517779 -1.3456106
-2.9674761 -1.1431755
-2.0046957 -1.9157091
-3.1828656 -1.6521147
-3.7632716 -1.9329425
-2.9862309 -1.7830992
-3.4320664 -1.2385252
-0.99129313 -1.8154727
-2.9637482 -2.6764548
-0.87369144 -2.15539
-2.7911248 -1.7789241
-1.2326964 -1.1118755
-3.1106925 -1.5745676
-1.6298068 -2.2784743
-3.2943401 -2.205478
-3.0204458 -1.5841305
-2.1134999 -1.8753656
-3.2657297 -1.9702708
-2.6382246 -3.6357496
-4.032808 -2.5390756
-2.968507 -1.6738514
-0.8952168 -3.724198
-3.329743 -2.5579147
-2.106845 -1.6765989
-2.3061268 -2.066567
-1.7610165 -1.5657518
-2.4556313 -2.2408943
-1.6036694 -2.7399702
-1.8066598 -1.3640544
-2.5231519 -2.3456118
-1.7896477 -1.8260138
-1.9571676 -1.6608694
-2.114109 -1.446007
-1.7370774 -3.0689058
-2.781691 -1.5630643
-2.286968 -2.7602715
-2.8360338 -1.9338394
-0.76464236 -0.564427
-4.1461062 -2.3372774
-0.98215044 -1.8470848
-0.99988323 -3.2010224
-0.9889853 -2.1382031
-2.3905203 -2.908349
-2.93788 -2.2095246
-0.22422832 -1.9962059
-2.9747517 -2.7889967
-2.0245962 -1.0865562
-3.0269516 -2.2479732
-1.9426454 -1.7028816
-2.22738 -3.0274677
-2.0140607 -1.5056583
-2.8188143 -2.8900018
-3.1993132 -1.4432691
-1.6384314 -1.1708039
-3.613646 -2.6433024
-2.8245158 -2.2586062
-2.0901318 -1.5825399
-2.0263693 -2.2209074
-2.5613923 -3.089375
-3.2296739 -2.7546132
-1.0209131 -1.4381154
-2.9033518 -1.1596851
-3.108382 -2.826843
-4.457693 -3.17868
-1.9731532 -1.9317276
-2.409838 -2.4582705
-1.320421 -1.5484495
-2.856962 -1.3752853
-2.1411777 -2.4871128
-3.3146427 -1.9261796
-2.3382404 -3.008555
-3.216899 -2.4611573
-1.3901445 -3.3961167
-3.1903117 -2.3064227
-1.749831 -3.8755178
-3.5177798 -1.0159243
-3.0032818 -1.858215
-3.381953 -1.8740836
-2.016474 -1.5894529
-2.7964318 -2.2409444
-2.4283473 -2.9873757
-2.2146146 -2.947771
-3.354948 -3.507569
-1.6703284 -2.3969007
-0.8206693 -2.5308316
-1.2623461 -1.8453845
-3.2518787 -2.316018
-1.7588522 -2.3943071
-3.033935 -1.3662676
-0.9471326 -2.6916041
-2.1783988 -1.5987408
-2.297278 -3.1913917
-0.7442379 -3.0918067
-1.3593097 -1.8631833
-2.6696954 -2.9952846
-2.5408225 -2.6434777
-0.85013455 -2.089014
-1.4181823 -1.1258653
-1.0503911 -3.9834745
-2.4181073 -2.7720737
-3.7243493 -2.468973
-1.4223106 -0.64377487
-1.8944829 -1.900001
-2.408578 -2.942301
-1.012121 -1.8003427
-3.0878134 -2.656597
-2.0835598 -3.3180964
-3.764069 -2.730255
-1.8458583 -2.52945
-3.1988108 -2.2524428
-3.2865496 -2.6435976
-1.4678146 -1.9553798
-2.1562963 -1.769196
-2.4290466 -2.5091224
-3.189663 -1.7534341
-1.9403827 -2.9433284
-2.120322 -1.6696104
-2.919021 -2.0324507
-3.3723395 -1.6865182
-2.3489075 -3.3925428
-2.4227467 -1.6749055
-1.3704325 -3.6148007
-1.8554963 -2.1402164
-2.8232274 -1.464453
-3.3289452 -1.7828902
-4.032099 -2.2684855
-2.549781 -2.4882922
-2.3551612 -2.3656704
-1.6261065 -2.7395275
-2.9738665 -1.240543
-1.4871528 -3.051536
-2.1076705 -2.060575
-2.224251 -0.7962985
-1.5986823 -1.1625171
-2.3658793 -0.98623955
-2.478794 -2.0298712
-2.5301182 -1.3970611
-1.2170506 -3.558439
-2.3441887 -2.5796552
-2.1924262 -1.6572673
-3.6216056 -2.2088227
-1.5102133 -1.4386258
-1.2945791 -3.4066548
-2.304746 -2.6704767
-2.9614308 -1.9925928
-2.5695493 -3.2359498
-2.558059 -2.5904768
-2.8666527 -1.9970379
-1.6483681 -1.3126577
-2.7428226 -2.1212494
-2.8709242 -1.3816197
-1.021205 -3.3803601
-2.4612074 -0.67311406
0.28745693 -1.5051024
-3.6984868 -2.6978254
-2.4361274 -1.4935094
-2.583723 -2.2437174
-1.5477909 -2.6905646
-2.7334573 -2.519977
-2.4234939 -2.3803248
-1.9800965 -2.5749426
-3.3363373 -2.4685533
-1.6093848 -1.6663821
-2.3437514 -1.9541025
-2.4645379 -2.0499341
-1.672593 -2.2367737
-2.8363397 -2.964397
-0.6844125 -0.8960831
-1.8007694 -0.78989625
-2.6262262 -1.8061708
-1.6790316 -2.922186
-0.98023415 -2.5049932
-4.102724 -3.007281
-2.9333441 -1.8352388
-2.5723312 -1.8981674
-3.3453867 -2.630347
-0.8096453 -2.8486955
-2.4323828 -1.520212
-2.0829427 -1.8468138
-2.1995394 -3.2123168
-1.3282073 -2.7806244
-1.4494255 -3.3499966
-3.690613 -2.0179152
-0.81347746 -1.3501577
-2.8403926 -1.63477
-1.5525804 -2.5868013
-1.9325008 -2.1478436
-0.73504937 -2.768062
-0.40516597 -1.2629488
-3.0848987 -1.8094224
-3.0087707 -2.3555331
-4.194625 -2.0926378
-3.2548876 -2.122403
-2.4571419 -0.9739195
-1.5427309 -4.201479
-1.9002858 -2.7276614
-1.7057191 -1.8387557
-1.6627005 -0.5744768
-1.8186241 -1.9258103
-2.7711482 -2.035613
-2.2835267 -1.8472106
-3.2109797 -1.453618
-2.87324 -1.8339835
-1.6776919 -1.8332627
-2.7854788 -2.851295
-1.7434963 -1.3755972
-3.5058463 -1.7854351
-2.0568733 -2.6072578
-3.0599363 -3.2323294
-2.0620153 -1.3875047
-1.3960887 -2.071819
-1.5463573 -1.932105
-2.2452378 -2.3975272
-1.0789974 -1.6725262
-3.67899 -3.2589858
-2.2863934 -0.5874132
-2.3051622 -3.2410874
-3.2241368 -1.6750435
-3.5019836 -2.0106323
-2.9070222 -2.3249972
-0.9793166 -2.5820296
-4.0912333 -2.7934172
-3.231853 -1.8537799
-0.83152735 -2.671826
-3.0171204 -2.0987806
-4.1892414 -2.5188007
-3.1414747 -1.8484541
-0.4136843 -1.4573212
-3.3607638 -3.3752477
-1.6835742 -2.7153723
-1.6344327 -2.097718
-2.9898136 -1.5389862
-3.0475163 -1.6482669
-1.50709 -3.6570618
-3.3249803 -2.1985343
-3.071135 -2.698311
-0.73704493 -2.8113992
-3.0238702 -2.4971776
-2.1358774 -1.5310694
-2.4071677 -2.4677932
-0.8975003 -1.3572509
-1.5779432 -2.208364
-4.195688 -2.4837568
-2.5667498 -2.4062185
-2.0336187 -2.0753481
-2.6857789 -2.1078749
-1.8414875 -1.894233
-2.1756418 -1.9242393
-2.283952 -2.1049669
-2.2598832 -3.0224848
-0.33183122 -1.9025465
-3.0066442 -1.1842508
-2.4716918 -1.3973794
-3.4295254 -2.6930542
-1.3539293 -1.4644946
-0.3451141 -2.5463834
-0.14041156 -1.7040259
-3.3736866 -2.356201
-2.501009 -1.4362005
-1.0955855 -1.0204434
-2.1818209 -2.6770914
-0.90812236 -2.4124086
-1.6818533 -1.8290888
-3.5372508 -2.0397358
-4.129049 -2.6210597
-1.093983 -3.417428
-1.7139845 -2.0690868
-3.5532525 -2.1748607
-2.3013282 -1.2913435
-2.6190007 -1.9095734
-1.716923 -2.387299
-2.3087428 -1.2421442
-1.6707546 -1.5462395
-2.149318 -2.327219
-2.0695848 -1.6995838
-0.31332678 -2.2516794
-3.2109127 -3.468768
-1.6843555 -1.702518
-1.0982808 -1.7883908
-2.53694 -1.3150991
-3.1390054 -2.57343
-0.2746919 -2.4883206
-1.6388794 -3.166974
-3.5416365 -2.8953996
-1.2622855 -4.3813467
-0.77812016 -2.817018
-2.7751918 -2.6471574
-3.0975807 -1.353145
-2.1710694 -1.4580986
-3.719475 -2.5643663
-3.8119686 -2.788251
-1.8665578 -2.372275
-3.8121135 -2.8468149
-1.5643185 -1.650229
-3.0879292 -2.321178
-3.0256286 -2.1508813
-1.3054265 -3.0735173
-2.958846 -3.3854046
-2.3991237 -2.751731
-2.0782115 -1.3625761
-1.9751282 -2.2152772
-1.707262 -0.6096029
-2.0218103 -1.2017109
-3.0378575 -2.757574
-2.322232 -2.2653537
-1.3183013 -0.96991265
-0.93667865 -2.5536187
-0.9566146 -2.9757535
-2.0872953 -1.6273605
-3.502104 -2.179494
-2.5529554 -1.2559937
-0.6505133 -0.7763829
-1.2500647 -2.7749553
-2.5551767 -2.2049623
-1.980574 -2.587447
-0.17455122 -3.0540578
-0.2163378 -2.7766623
-1.9513558 -1.2914726
-2.945737 -2.329879
-3.5124369 -2.7564626
-2.6670663 -2.45868
-3.7921395 -2.7182078
-1.8325468 -1.8892301
-1.5532743 -1.8624452
-0.5993699 -1.3334408
-1.9913921 -1.5501205
-2.9159446 -2.7160032
-2.64803 -1.8379484
-0.9864713 -4.1596932
-2.477209 -2.0772674
-2.0563555 -1.8350128
-0.45949158 -2.3429413
-0.6519494 -2.1909618
-2.1048722 -2.8163526
-3.2074866 -2.4096534
-2.4241111 -2.129174
-0.82883227 -3.4508123
-2.5569603 -3.320029
-1.161965 -1.9586209
-0.7848528 -2.8436131
-2.5791419 -3.1666124
-3.1614926 -2.0510898
-2.4248056 -2.00838
-2.1004841 -2.9452012
-3.1310208 -1.8427397
-3.149655 -1.8864157
0.29541975 -2.8340175
-3.947197 -2.255968
-3.2543254 -3.392542
-2.450451 -3.0807498
-2.0961761 -2.3904598
-1.8256615 -1.6732503
-1.7162254 -1.1747929
-1.5672357 -1.5551077
-3.665353 -2.960061
-2.168329 -3.357969
-2.6885102 -2.080442
-1.8374351 -3.1295404
-2.8202643 -2.0482137
-3.1424432 -2.0469465
-3.654092 -2.2638438
-1.1838703 -2.863128
-1.7096943 -1.8706825
-2.3637264 -3.0698237
-2.4805136 -2.202902
-3.3951292 -1.2689735
-3.5641403 -3.2115486
-3.4957047 -2.0161588
-3.137605 -1.9527713
-0.5242658 -3.7114215
-1.680874 -2.641317
-0.33188418 -2.5924628
-2.0331163 -3.374059
-0.8476083 -2.3114808
-2.2370307 -1.7103397
-0.13800186 -0.9849293
-3.1253643 -2.496034
-2.402719 -2.1385512
-0.29599202 -2.989753
-3.2235773 -2.9014385
-2.8108168 -5.4644446
-2.04149 -1.9295846
-0.5686055 -3.0563595
-2.1601639 -1.7728187
-0.9442373 -0.8754586
-1.2418962 -2.6447039
-1.666329 -3.5289187
-1.7619367 -1.6151011
-2.9892035 -2.5193295
-1.2881879 -3.0321493
-2.9137828 -1.7094393
-1.020294 -1.8077501
-1.2271332 -2.2698038
-2.4469137 -0.9620315
-3.4732947 -1.9169548
-1.9208493 -3.435086
-2.4665549 -3.1299756
-3.4901414 -4.283288
-1.791539 -3.2321742
-1.7607305 -3.4674032
-2.5966694 -2.285519
-2.3340836 -1.6010901
-3.5070517 -2.1791577
-0.5675034 -2.8194778
-3.1655867 -0.9636346
-3.3974528 -1.884563
-3.1725664 -2.145125
-3.124902 -2.4209723
-3.3341646 -2.2215922
-3.7695496 -1.8162266
-1.0362769 -3.1004925
-0.71370214 -2.8514884
-3.5526793 -1.6422448
-1.0860257 -1.73565
-3.9673355 -2.9030228
-2.1152768 -2.1486392
-3.2669039 -2.5811682
0.2667616 -2.3817165
-0.6594122 -1.023128
-2.755045 -2.841015
-2.7018437 -1.8805696
-1.1232327 -2.15439
-2.962051 -1.6017971
-1.9373394 -2.5357635
-2.7121398 -1.9098498
-1.9288697 -2.6335888
-2.3023274 -3.7256498
-3.3467135 -1.4091303
-1.6550372 -1.5351528
-2.606773 -3.0513868
-1.4127537 -1.586229
-1.5454491 -1.8348982
-1.8615519 -2.4350445
-2.1941166 -0.3603357
-1.1430541 -2.2802057
-3.6624177 -3.1639915
-2.1652422 -1.2595446
-1.6107135 -2.2402928
-1.7110761 -1.9939044
-2.9071913 -1.2385749
-1.8718354 -3.7790773
-2.0022435 -1.8830912
-4.158244 -2.2020872
-0.24541286 -2.3259144
-3.5124044 -1.7501338
-2.3320498 -1.7998931
-1.274853 -1.8780324
-0.3691175 -3.6876519
-2.9719307 -1.8406321
-0.5347675 -1.4800941
-1.0528113 -1.986801
-2.852966 -1.5115452
-2.0493197 -2.40288
-2.3032575 -1.9402689
-0.60944986 -2.5555825
-0.33215988 -1.4653958
-2.247211 -1.9445821
-0.6559388 -2.059691
-1.0544026 -2.168058
-2.536176 -1.8532295
-1.2770716 -1.7539369
-2.0882442 -3.29562
-2.1043386 -2.5904644
-0.9713289 -2.5614488
-1.9191269 -1.9326017
-4.204243 -1.9914837
-3.4688451 -2.178716
-4.0820146 -2.7761838
-0.66291463 -3.458669
-1.3426756 -2.6038065
-3.4568896 -2.5921135
-0.6756636 -1.8684008
-2.1605928 -2.7851593
-2.9150946 -1.8181878
-1.5291747 -2.3249767
-1.1375214 -3.4891603
-2.1235042 -2.394702
-1.5871317 -2.8546438
-2.092215 -1.3199675
-2.7238145 -1.5021495
-2.1114354 -0.954504
0.62526757 -2.345445
-1.3722943 -2.6715424
-2.116045 -1.7575737
-2.6542988 -1.8120567
-2.8506668 -1.4250958
-0.079561725 -1.7136232
-0.7254582 -1.7989686
-0.6476972 -1.0063189
-2.0529394 -2.629561
-0.76108325 -2.6386867
-1.1477286 -1.6995242
-2.2247064 -3.5955966
-4.0470824 -1.7964435
0.32552993 -2.2171602
-3.1809068 -2.3074744
-2.207716 -1.1911056
-2.6237323 -1.7602128
-0.99474 -2.5334625
-2.5608869 -3.2465396
-0.6762835 -3.493355
-2.1732204 -1.1580471
-2.6520486 -1.6038394
-4.2818737 -3.0429676
-4.410235 -2.4872649
-2.9730844 -2.5053353
-1.6559181 -2.134755
-2.487606 -2.1613345
-1.3782347 -1.9416909
-2.221807 -3.4079895
-2.4121976 -3.4101622
-1.3454771 -2.6135852
-1.0746089 -3.5474243
-1.9338571 -1.7185065
-0.9615819 -3.2304523
-2.3377504 -2.1525743
-1.3714368 -2.145075
-1.7648479 -1.1933134
-1.8821956 -2.6897042
-3.111937 -1.9408753
-2.8011549 -1.5274247
-2.479967 -2.159452
-2.689471 -3.2500703
-1.8615936 -2.05244
-3.8680978 -1.4753306
-3.943032 -3.3151357
-2.152074 -2.208832
-1.7807424 -2.8871393
-2.8816206 -1.8189532
-2.0951087 -1.2174336
-0.44047296 -1.4691
-1.9866507 -2.4400089
-1.8655816 -4.1382275
-1.4175234 -2.1184905
-2.4346607 -1.7225387
0.25314867 -2.0024526
-1.5796593 -2.6687608
-1.2570354 -2.8717504
-1.3828335 -3.149919
-3.7135847 -2.6514814
-2.3057191 -2.6509297
-2.242198 -2.2812164
-2.2074633 -2.697857
-1.8081089 -2.106618
-3.6940134 -2.545623
-0.6039779 -2.487023
-1.5541323 -2.668973
-1.4833052 -2.5790172
-1.7367231 -0.7574127
-3.223638 -2.0173006
-3.305777 -2.2362964
-2.3264902 -2.793826
-1.3345381 -1.5849935
-2.0889196 -2.699325
-1.2067345 -1.724736
-1.9969327 -1.3913043
-2.4721134 -1.7925193
-1.6748898 -2.6159434
-1.5158509 -3.2333028
-3.8689222 -2.0196295
-1.8240445 -1.1617873
-1.2621053 -2.5352902
-1.7232126 -1.6750946
-2.7864752 -2.6159654
-1.0504124 -0.8288765
