-3.2952507 -1.8822994
-0.9332019 -3.1401744
-3.32862 -3.5077546
-3.3233807 -3.0206378
-3.0699222 -4.06481
-3.2869806 -3.3831904
-3.3775518 -3.9630678
-2.3571572 -2.9442701
-2.9948666 -3.2316856
-3.232497 -3.9738698
-2.2624645 -3.8170788
-2.937059 -2.4320185
-3.1497016 -4.191142
-2.3055387 -3.9301426
-2.723372 -1.6489863
-3.890458 -2.0659075
-3.4566734 -2.9366627
-1.7645634 -4.0001497
-2.9023008 -2.4292932
-1.7151792 -2.8950105
-3.0273354 -4.0633473
-2.642442 -2.5618308
-2.6374266 -3.9090524
-1.1938647 -3.8259556
-3.9554014 -2.5989914
-2.671033 -3.3643856
-4.5129075 -3.7045882
-3.675226 -3.5837097
-3.049129 -2.5415156
-2.1204972 -1.5328238
-3.8140333 -3.53739
-2.5691643 -2.493687
-2.2529209 -5.0154324
-3.4426005 -2.537971
-4.0113025 -2.846795
-3.3045394 -3.4664097
-2.345682 -2.2836597
-3.803872 -1.9234886
-4.0018735 -3.807325
-2.841638 -3.2811117
-2.9535804 -1.8354392
-2.513896 -3.1820471
-1.9251124 -1.8087292
-2.5702395 -2.1145844
-3.0081074 -2.1687584
-3.9194527 -3.23122
-2.9051309 -1.1590173
-2.8929439 -3.0713618
-3.6279612 -1.7852583
-4.258033 -3.4976332
-3.068696 -3.3477995
-2.3519533 -3.275036
-2.0408227 -4.349306
-3.0496163 -3.2697017
-2.2117922 -2.8768547
-1.8232651 -3.816185
-2.141431 -2.9140556
-3.1587315 -2.6478226
-4.044313 -3.1414297
-2.627539 -2.6603208
-3.8595092 -2.8437507
-3.39462 -2.1571202
-2.260164 -2.354164
-4.1934958 -2.6270523
-3.6253922 -3.9192011
-2.2087603 -2.9931514
-2.0813856 -4.191815
-2.435501 -2.0688002
-2.0649014 -1.8178828
-0.14609405 -4.1929975
-3.4797206 -3.3645427
-1.410469 -4.093662
-3.6045177 -4.0234766
-4.7853127 -3.8540885
-2.5115616 -2.8970299
-2.6466649 -2.6479602
-1.9544772 -2.9511287
-2.4792385 -3.394688
-2.2062662 -2.2732506
-3.2631316 -2.7202234
-3.296487 -3.4131567
-3.4474003 -2.187352
-1.1201743 -3.9095342
-2.8086545 -2.6755142
-3.1202493 -3.4889681
-2.807288 -3.3274264
-2.9919238 -3.4891863
-3.9645514 -1.6923771
-2.9297185 -2.9666815
-2.1228173 -3.596881
-2.789861 -2.610517
-2.1174133 -3.5830998
-2.4991224 -4.3656173
-2.9293282 -4.168778
-3.7051194 -3.1792166
-3.0471401 -2.5761871
-2.7900834 -4.5563135
-4.0143213 -2.5060985
-2.215993 -2.6988888
-3.6204524 -1.4460478
-3.8294754 -4.33934
-4.126763 -3.1526692
-4.337775 -2.2456288
-2.8426638 -1.9068048
-3.253979 -2.0165067
-3.0534809 -3.5791113
-3.3993332 -2.5315828
-2.842852 -3.4275432
-2.571423 -3.1765757
-3.0839672 -2.7443674
-3.0978372 -2.6252701
-3.1395752 -2.8152997
-2.5340643 -3.963467
-2.9001737 -1.8892789
-4.106484 -2.9188359
-3.0593321 -3.4065106
-3.4371808 -3.1425529
-2.7466078 -3.168538
-1.7286328 -3.714591
-1.7881036 -3.41284
-2.9669192 -2.453003
-1.6754798 -3.7114296
-5.1317735 -3.6185718
-2.2470157 -2.9381273
-1.9046843 -3.0196645
-3.0823908 -2.7506974
-1.1289799 -2.0903518
-2.5440361 -2.282993
-2.1147778 -3.2734647
-3.0758667 -3.262291
-2.6196473 -2.6514947
-2.2547462 -4.1505623
-2.9930232 -1.9892206
-3.4470725 -4.062251
-3.4264934 -3.2586389
-3.3528636 -4.2454977
-4.1989393 -4.568634
-2.8366823 -2.448253
-3.396888 -3.5080895
-3.9357042 -4.0008473
-1.615729 -2.222513
-1.9423269 -2.2075307
-3.4385226 -3.0424507
-2.904157 -1.8034248
-2.2833593 -3.1024017
-1.8717527 -3.752275
-4.176072 -4.3461328
-2.8648598 -3.909557
-3.3358748 -4.648935
-3.020104 -3.426694
-2.96574 -1.6799443
-2.4827754 -3.5823617
-2.4452941 -2.3360958
-2.9650536 -2.7608306
-2.2734456 -3.1973188
-1.9192206 -2.8195014
-2.39883 -3.1879656
-3.1460807 -2.1377718
-3.4922593 -2.352462
-3.6917956 -3.3983161
-1.8415136 -5.09048
-4.000116 -2.9071167
-3.4077787 -4.1564317
-2.1006014 -3.2644646
-4.0807323 -3.4978032
-1.8164849 -3.84498
-3.836577 -3.2920516
-3.9163992 -2.4422314
-2.2572157 -2.780896
-1.3506045 -4.868926
-2.4337938 -2.380764
-3.392605 -3.4517448
-2.2790763 -2.6288283
-2.110238 -3.382121
-3.3265042 -2.405547
-3.9063425 -2.1158822
-2.6450086 -3.980585
-3.026538 -1.734781
-2.967919 -4.0753384
-3.7550893 -2.788237
-2.8062747 -2.9043512
-3.2632813 -2.8507106
-3.0119 -2.8576972
-2.0691226 -3.504247
-2.511495 -4.0508885
-3.5253053 -1.903547
-2.7754679 -2.1428864
-3.2686315 -3.4891484
-5.481667 -5.1367383
-3.4354057 -4.4124904
-2.0130641 -3.6977687
-2.0443666 -2.7109995
-3.2984312 -2.8988924
-2.5755787 -2.1655743
-1.960237 -2.1092422
-2.8446414 -1.8934963
-3.739252 -2.3385222
-3.4906437 -2.3493013
-2.3548648 -4.2719536
-4.3446746 -1.4106376
-2.997871 -3.101419
-2.3681157 -3.365117
-2.5780187 -2.7033958
-1.7478789 -1.8297927
-3.3082995 -4.226069
-2.5909534 -4.2138047
-2.3361235 -1.3907821
-2.4412098 -3.9527016
-2.0533826 -3.4577131
-1.2198077 -2.6842287
-1.325198 -2.74842
-2.3171728 -2.605784
-1.4605498 -3.8275719
-1.9700829 -2.2949436
-2.795991 -4.3999925
-3.834346 -2.7722359
-2.655291 -3.8637753
-3.4912274 -2.6442099
-3.4955854 -4.439067
-2.4627602 -2.5681665
-4.240246 -2.2435057
-2.4036298 -4.4886765
-2.040688 -3.285676
-2.0425243 -3.4292243
-2.6092687 -1.8651552
-1.8805381 -3.2116382
-3.8470426 -2.2481186
-3.205579 -3.941444
-2.3007739 -4.0294714
-3.3209925 -3.3080215
-3.7057385 -2.298184
-2.9762895 -2.6260946
-3.241394 -2.677208
-3.1520286 -1.7399418
-3.3101423 -4.6754184
-2.9021437 -4.450472
-2.8403735 -3.5991864
-4.027334 -4.386696
-1.8064215 -3.3225234
-3.3744607 -1.2536135
-3.2633593 -1.9125352
-3.5729434 -4.180625
-3.937574 -3.180914
-2.5937626 -2.8412604
-2.3076997 -5.172868
-3.5271485 -2.631702
-2.7998438 -3.9771962
-3.299532 -4.0823836
-2.657719 -3.5175402
-3.955841 -3.89706
-2.1623168 -2.3841362
-3.7634118 -1.2776628
-3.6774209 -2.028431
-2.8939557 -2.9883792
-3.1768384 -2.4320703
-2.7018223 -3.6352205
-3.3077931 -1.9287438
-2.9551196 -2.1100476
-3.0353436 -2.4377904
-1.1228371 -4.3146687
-3.6766758 -2.163359
-3.966296 -3.8422503
-2.7598627 -2.7644715
-3.309785 -2.8305683
-3.4802742 -3.6856267
-4.0952826 -3.6102438
-2.8263786 -4.1085
-2.234463 -2.1954958
-1.2743875 -3.7079895
-3.2841806 -2.6258128
-4.2285295 -2.863708
-1.9435705 -3.9464247
-3.1732147 -2.9412212
-1.734081 -3.1343153
-2.9116912 -3.4084067
-2.2458544 -2.7462578
-2.4164062 -2.4432774
-3.0478363 -3.478021
-3.6057367 -3.4812171
-1.5296645 -2.2167604
-3.8361726 -4.5747952
-2.3052232 -2.829778
-3.3201652 -2.1243587
-1.7934407 -4.4776006
-2.2788382 -1.3304625
-3.1674583 -4.306589
-3.3128836 -3.174348
-1.6622218 -2.9539533
-5.8243446 -4.1854057
-2.7937083 -2.555127
-3.3710842 -2.914524
-3.519859 -3.1579251
-3.5004683 -3.1773207
-4.2640204 -4.317835
-2.886111 -1.8718901
-3.703715 -2.3915243
-3.6359444 -3.5083442
-2.2492516 -4.9961905
-2.3679533 -3.4714425
-3.5677528 -3.0649672
-3.3929234 -4.755528
-2.73432 -2.5670085
-1.4590867 -4.325904
-1.385971 -3.549892
-3.2811728 -3.4442792
-1.9150586 -1.5560989
-2.881299 -2.3184097
-2.714555 -4.287797
-1.5089175 -2.6736794
-3.95312 -2.4584925
-2.5378366 -3.070934
-1.5496527 -3.2754803
-3.376916 -4.0645127
-2.5543633 -4.3455276
-3.1552975 -3.6739542
-2.6156447 -3.1956892
-3.1590934 -2.7317045
-4.6163692 -3.1645236
-3.3673794 -3.0302436
-2.3645883 -3.1222334
-3.5853345 -3.020414
-2.1891727 -4.644044
-1.3885913 -2.7093444
-2.6047394 -2.7808042
-2.426647 -3.0443852
-1.4235288 -4.601598
-2.0201933 -1.383569
-2.6917315 -3.068038
-4.019011 -2.9681485
-2.0871289 -1.948381
-3.3779156 -3.9296148
-2.2263055 -3.659334
-4.060144 -3.1347666
-2.4985678 -5.2232065
-4.0156007 -3.3067074
-3.3739889 -2.0145931
-4.163276 -3.609924
-3.313517 -2.1839895
-4.0548806 -3.368792
-1.3183898 -1.3456457
-2.6900797 -4.335726
-3.4822133 -3.9089065
-3.4370492 -3.3026357
-3.1714606 -2.4216125
-2.6362503 -3.7872343
-2.098055 -4.095839
-2.934301 -3.9615333
-2.864162 -2.7813199
-3.2582507 -2.2039413
-2.9076507 -4.3750777
-2.627955 -4.2698364
-1.950143 -3.8060215
-3.7371738 -3.6140997
-2.7375731 -2.4450269
-2.2975438 -5.1554766
-3.2209847 -3.0737314
-1.3556657 -1.9220829
-1.9204553 -2.6971574
-2.5544918 -3.3551936
-0.17076904 -3.2892
-3.0448306 -3.700197
-3.14436 -1.9163034
-1.5269879 -1.3999865
-0.5355934 -2.8476388
-3.818571 -3.258786
-3.1448512 -2.564831
-3.4336526 -4.0487704
-2.8640606 -3.8755682
-2.2426486 -3.8022366
-3.5283167 -2.748075
-2.3048124 -3.036315
-3.0812135 -1.4914594
-3.0103586 -2.9238782
-2.199888 -3.3007097
-3.6807685 -2.6337118
-3.5671482 -3.187901
-3.5057778 -3.2552586
-2.6361282 -2.2331185
-1.9575843 -4.228763
-2.6732802 -3.3144188
-1.070706 -4.527718
-1.0193225 -3.8046486
-1.0179127 -3.1097953
-2.9694173 -1.4733851
-3.1849072 -2.8868682
-2.0716224 -2.708236
-3.1036813 -3.373216
-2.0025113 -5.589449
-3.2138417 -3.407898
-3.0953722 -3.868264
-4.4498715 -4.741908
-3.4634461 -2.7947202
-3.8773499 -3.7638142
-4.3773594 -3.4828658
-2.1153924 -3.662434
-3.3246336 -2.9327734
-2.820739 -4.4090376
-2.1546857 -3.399156
-3.5639305 -2.4025984
-3.5444322 -2.457609
-3.1761625 -3.057514
-2.8072212 -2.4093456
-3.14527 -2.8250916
-2.4002461 -3.8880734
-2.7624183 -3.5667717
-3.151293 -3.0593061
-3.9216373 -3.3072186
-3.8828416 -3.0741858
-1.7986739 -4.692522
-3.3204274 -2.0839703
-3.0040336 -2.3147998
-3.8609178 -2.623317
-2.3799639 -2.5321817
-3.1549363 -2.3666384
-2.6895947 -2.4491727
-2.4843805 -2.5048378
-3.2316968 -1.6402154
-3.8966997 -3.4305928
-3.0047677 -2.849371
-3.6862605 -2.5500054
-1.1728349 -4.237579
-3.2269554 -2.3198779
-2.439211 -3.570262
-2.9935331 -4.432221
-1.6849171 -2.376714
-2.872991 -3.1255078
-2.0482657 -2.6072044
-1.0140129 -1.3876815
-3.293266 -4.555618
-2.2057939 -4.015486
-0.73732394 -3.0419548
-2.8421676 -2.429151
-3.1657143 -3.2795603
-2.6620378 -2.928531
-1.1420302 -4.8588514
-3.1720417 -3.4039438
-2.2307367 -3.6516213
-1.7532225 -4.5925374
-3.0783575 -2.4420187
-2.9806702 -3.3147752
-2.9544578 -4.2864776
-2.7259169 -3.3282304
-2.947942 -2.8125663
-2.9437175 -3.8679585
-2.352578 -4.069868
-2.8160758 -2.7567818
-4.4636374 -3.6834872
-1.3407688 -2.895723
-2.7019207 -2.200605
-4.2909627 -2.8062809
-3.970053 -3.6562335
-3.7057848 -3.4509275
-3.5644631 -2.8482606
-3.1360135 -3.0134976
-3.5395818 -3.5327556
-3.9502416 -3.0031946
-3.2974842 -2.4492664
-3.4025047 -3.2369761
-4.210341 -3.2332358
-2.6709127 -4.587944
-2.611051 -2.3879533
-2.581418 -1.5310442
-4.1730056 -3.0185292
-2.2753508 -2.9544535
-3.5609682 -2.591091
-1.7598481 -2.5595267
-1.5268457 -2.539875
-2.5218985 -3.0603814
-0.9767133 -2.642618
-1.33877 -4.3875546
-2.8480294 -2.6058176
-3.3679316 -3.5645008
-3.702057 -2.8806632
-3.948727 -2.5800834
-0.8441845 -3.1313467
-3.83137 -2.5219188
-0.08008994 -3.988887
-0.2686069 -3.1517181
-3.4266322 -2.5974255
-2.124633 -3.8490384
-3.611511 -4.1795297
-1.7666817 -1.6404595
-2.87056 -2.0524192
-1.3389059 -4.020825
-2.122909 -2.1536005
-1.3217629 -3.0497599
-4.2440133 -5.689432
-2.870452 -1.7311926
-3.8613958 -2.4738674
-2.0292149 -2.960575
-3.136262 -4.953526
-4.1558504 -3.077605
-2.79436 -2.1370106
-2.4710267 -1.9069676
-4.096679 -3.59148
-3.7391088 -3.7763884
-4.0729675 -2.9294024
-3.584964 -2.207535
-3.3413424 -1.7227752
-3.6328902 -5.2454696
-2.0553968 -4.236926
-2.2238064 -3.3373008
-2.6566534 -3.0067186
-4.232506 -2.9312336
-2.205431 -4.393307
-1.3988601 -4.4029546
-1.3625293 -2.528563
-2.1918812 -3.7377627
-1.3838979 -3.5072246
-3.0866392 -1.5460081
-4.13631 -2.7888224
-2.2828596 -2.7316685
-3.401808 -1.8864
-3.3490229 -2.8950782
-3.4777303 -3.65708
-2.488942 -3.4805293
-2.2792997 -3.45293
-2.2154443 -3.6078866
-2.9575908 -2.0663657
-3.0715878 -2.0006115
-3.35618 -2.9700913
-1.8872774 -3.1459923
-2.8173988 -3.082677
-2.8514218 -2.5401368
-1.5659552 -4.20716
-3.8269653 -2.9648447
-3.4046092 -3.1212265
-1.652713 -2.3449495
-1.9588242 -3.2635195
-2.6175244 -2.5207818
-2.0845687 -4.474905
-2.129149 -3.260826
-3.8054392 -2.3044107
-3.7470624 -1.8961899
-3.2229574 -2.643877
-2.5350854 -2.4824665
-3.3720968 -2.2272234
-1.83876 -2.8512135
-3.0332818 -4.1999106
-4.100212 -3.157064
-3.6028686 -3.0643225
-1.696252 -3.3466475
-2.767814 -3.092507
-2.7531264 -2.2259939
-3.1296554 -2.3058736
-2.3881934 -3.6836917
-3.2103655 -2.5354042
-3.2451017 -2.4388354
-3.6811767 -2.9415488
-1.6619443 -3.9154546
-2.7641902 -2.694288
-2.7426288 -2.3927708
-1.2021915 -3.9839454
-2.898129 -2.4531946
-3.3283136 -2.9877293
-1.9281377 -3.660718
-1.9765985 -4.272755
-3.0116103 -3.0785215
-3.3926299 -2.539947
-2.9361272 -3.9204593
-3.0532513 -2.9685483
-2.1850896 -2.3080292
-2.7483096 -2.599492
-2.7751253 -3.1918728
-2.883489 -3.157729
-3.1152005 -4.133101
-3.2947772 -3.8968592
-3.6690495 -2.304112
-2.1982238 -4.4884787
-2.9230824 -3.683186
-2.5418966 -2.8340695
-2.9508967 -2.9551766
-2.8942192 -1.9693973
-3.3038306 -4.1049237
-3.1602333 -2.917057
-3.4201117 -2.946998
-2.0545533 -2.7279966
-3.354567 -3.3062778
-3.5412574 -3.242256
-3.056808 -4.4672413
-3.8098896 -2.850399
-2.1813655 -3.0075057
-3.4573247 -2.7907553
-2.9880438 -2.2881722
-2.6897564 -3.7057018
-3.0796502 -2.7442248
-2.2674084 -2.9446273
-2.8540714 -2.738924
-0.99001783 -4.4098563
-2.2869403 -1.4510722
-2.6025631 -2.5238068
-2.3343966 -3.7652318
-2.5410254 -4.001681
-3.453782 -2.5279868
-2.38888 -1.9393821
-3.285587 -2.2388847
-2.2950394 -4.1680603
-3.383004 -3.6949146
-2.5680783 -2.5966513
-3.4490542 -3.29365
-3.5061767 -3.798515
-1.2114912 -3.0151954
-1.797741 -2.3290658
-2.0871983 -3.537728
-2.4375813 -3.5879092
-3.5796459 -3.7220135
-3.3927143 -2.7336366
-1.1795813 -3.7116163
-3.4777973 -1.2743068
-2.7874503 -3.8301737
-2.0222254 -1.6213148
-2.765297 -2.3822403
-3.4910748 -4.6157956
-3.3631637 -4.783156
-3.7832224 -3.287709
-2.6315975 -3.8930495
-2.2285163 -1.6370983
-2.7754662 -4.235696
-2.1568186 -3.6578925
-3.112392 -3.2746413
-2.9392107 -3.7449856
-1.8742388 -2.7418137
-3.3614075 -2.3351655
-2.5389826 -3.7680175
-1.6051962 -2.6625154
-2.5914829 -2.5700603
-3.6729906 -2.051908
-4.503625 -3.1252816
-3.056727 -2.4757626
-2.528903 -5.024069
-2.1542296 -4.818144
-2.861091 -2.9121275
-2.2763932 -1.4793563
-3.235187 -3.7684271
-2.3915026 -2.5864143
-0.8102591 -3.5608647
-2.4072576 -1.5532656
-2.9036863 -1.9057565
-2.768414 -3.079372
-3.3718555 -2.8880026
-4.0431676 -3.5972872
-2.5253634 -2.9280982
-4.238758 -3.6877975
-2.95415 -2.7513204
-2.2959814 -2.2002215
-3.0240223 -2.5021212
-1.1273714 -4.436363
-4.121485 -3.7245288
-2.0874805 -4.3374944
-3.3186836 -2.3656235
-2.8666236 -2.3978903
-3.1948242 -3.1679265
-2.423343 -2.5731115
-3.143926 -4.5216713
-3.019049 -3.1986802
-2.2145414 -2.639498
-2.935295 -2.5477126
-3.173508 -3.2787826
-3.5913053 -4.133205
-2.323704 -3.379683
-2.400975 -2.4791584
-2.7909267 -3.0775235
-0.78275836 -3.5956154
-2.8016627 -2.013464
-2.0394104 -2.553552
-3.5571487 -4.357962
-2.2518184 -1.803534
-1.6628083 -1.7648919
-2.8625855 -3.3419795
-3.1152818 -3.0839581
-3.032864 -3.0229025
-2.5998094 -2.90153
-2.410987 -3.40479
-3.3564396 -1.7751567
-3.2019315 -1.9678357
-2.9609616 -3.3882878
-2.9118774 -2.462487
-4.6324363 -5.7888403
-2.2186663 -3.199813
-1.4750715 -2.156704
-2.31644 -5.616944
-2.4889424 -2.3812673
-4.1293 -3.5895638
-3.6316266 -2.9606643
-1.5613217 -2.647675
-2.8287652 -3.344641
-2.569698 -3.1543796
-1.9394287 -3.7407184
-1.9827943 -1.9182515
-2.9815185 -2.7499623
-1.4968133 -3.742415
-2.4518678 -1.4462655
-3.0974233 -2.2706902
-3.4285853 -3.3183181
-3.9300444 -2.8598485
-4.3171263 -3.183389
-3.3780067 -3.524052
-3.8389618 -2.341326
-1.3611776 -1.6800857
-1.5516092 -3.5372665
-2.9428806 -3.7474773
-2.9643686 -3.1701589
-3.8237982 -2.445651
-3.4406576 -2.4437337
-2.3350315 -2.8658996
-3.5169816 -3.492283
-1.112158 -3.2534146
-2.3212225 -3.5474286
-3.6823788 -3.2863276
-2.0638704 -1.7372699
-2.6669378 -2.895869
-3.7673564 -2.4396415
-2.1675599 -2.757095
-2.8954215 -3.4406154
-3.4098527 -3.7726233
-3.0995314 -2.144788
-3.340835 -2.7429123
-2.6065574 -2.198772
-3.4048297 -3.1533477
-3.0812523 -2.2074435
-2.3896894 -4.1379557
-1.8025259 -3.888829
-3.3562121 -2.739221
-0.89368445 -2.9441996
-3.0047085 -3.3223488
-2.8801844 -2.1723208
-3.741272 -2.9637215
-2.2241426 -3.9030862
-2.5317163 -3.7934692
-3.694733 -2.33076
-3.1722052 -3.957535
-2.6040826 -3.3959084
-1.330748 -3.7373166
-3.6699245 -2.8028402
-0.8302905 -2.7806058
-3.2594082 -3.3541796
-1.8419999 -3.1999502
-3.3619637 -3.0668879
-4.0220075 -3.3419592
-2.2452047 -4.1763434
-3.2309358 -2.5197988
-3.5615618 -2.8337538
-4.5505567 -3.0653615
-0.8112133 -4.6427135
-2.398734 -1.5432978
-3.6211307 -2.869616
-3.6358585 -2.6193652
-3.5863996 -2.1280372
-2.9957182 -3.6112425
-2.7600644 -3.7799606
-2.7617593 -2.5938878
-2.9718668 -3.5663466
-2.8428512 -2.5524123
-4.2274146 -2.7353826
-2.6439872 -2.4345515
-3.1202314 -2.921328
-2.6968987 -2.4358459
-2.3637943 -3.2102263
-3.9968069 -2.416605
-3.8129592 -2.062056
-3.6535645 -3.425692
-2.6058989 -5.2327275
-2.6028214 -2.241009
-3.113719 -1.9598403
-2.7283158 -4.2969117
-1.9233779 -3.0701237
-2.2393658 -2.5609636
-3.1460307 -2.346946
-3.1043773 -2.2090733
-4.1622405 -1.4873617
-3.4745562 -2.6151798
-3.381499 -2.06135
-2.6412723 -3.2147107
-2.8993979 -3.1025631
-2.8669658 -4.825325
-1.7265462 -3.5518408
-2.6323893 -3.7084706
-3.0888846 -2.9521132
-2.085129 -2.2785192
-3.2090209 -2.175014
-3.673686 -3.2302024
-4.1134586 -3.459151
-1.739169 -2.6635845
-4.784932 -3.8174124
-2.8247976 -3.7618427
-1.5205059 -3.9937134
-1.8400419 -4.1376963
-3.001704 -4.658659
-3.5446799 -2.5902047
-3.221983 -2.5009372
-2.817696 -3.695785
-3.0176725 -3.6847827
-2.2886498 -3.037445
-3.685581 -3.3503478
-2.4552596 -2.69425
-3.6558497 -2.677346
-3.9827666 -2.9454334
-2.0855699 -2.3988733
-2.3990595 -2.813759
-3.0308883 -4.6667094
-3.2675314 -3.7419093
-4.537713 -2.0618374
-3.302013 -3.4928098
-3.398858 -3.0966942
-0.5607279 -3.4878163
-3.314178 -2.839949
-4.2000713 -2.785375
-3.6372504 -2.7003272
-3.8770123 -2.3443813
-3.660819 -2.0746353
-3.6951752 -3.372374
-2.6122627 -2.5951896
-3.2238853 -2.8412576
-3.5273578 -2.529528
-3.4547386 -2.2061958
-2.169066 -4.1575904
-3.061636 -2.7353535
-3.749296 -2.2745519
-2.785225 -2.1821723
-3.5432997 -2.133927
-3.657162 -3.1954033
-3.0124068 -2.4668684
-4.14532 -3.07746
-2.3535128 -4.0589633
-3.1242328 -4.3565583
-1.268312 -3.1063132
-2.6164792 -4.524428
-2.0079825 -3.3690484
-1.2915734 -5.055201
-2.6413894 -2.6321251
-3.3646774 -4.036854
-3.9163864 -2.758375
-3.0479934 -2.2325983
-3.7110698 -2.6196907
-2.7924101 -4.3206296
-3.2874403 -2.811178
-4.357241 -2.1764138
-1.4251105 -2.513059
-2.40316 -4.5173597
-3.4131227 -2.7005131
-1.6912407 -4.870091
-2.6830988 -3.3055875
-2.0647957 -2.506964
-0.35330608 -3.372189
-2.4644861 -3.0658066
-3.720879 -2.2882445
-4.799478 -3.2196052
-2.8987477 -2.6832986
-1.8756099 -4.239459
-3.3361657 -3.2920306
-2.8349981 -3.0594072
-2.4919622 -3.4091754
-0.602604 -2.8977137
-3.08053 -3.4866877
-3.2511344 -3.9003541
-3.1683826 -3.516218
-3.4670508 -3.1958947
-3.524219 -3.0756433
-1.9703 -2.3288877
-3.1295424 -3.6299572
-4.432702 -2.4430861
-3.601168 -2.9553332
-2.875779 -3.280963
-2.5603557 -3.0470927
-2.5068085 -4.3987565
-3.1305249 -4.5431147
-4.4520664 -3.3121774
-2.868925 -2.831309
-1.1839452 -3.0226982
-3.342169 -4.0134783
-3.3561642 -4.0937967
-2.693028 -3.9141457
-2.1667972 -2.6938503
-3.3221831 -3.2337427
-3.5004518 -1.9925408
-3.2890356 -2.2325325
-3.456898 -2.6158326
-1.5765616 -1.268424
-0.4732726 -3.9091344
-3.1034684 -2.3513775
-3.351964 -4.0355268
-3.5422633 -2.7554824
-2.2028203 -2.5801933
-4.097461 -3.1871395
-2.9063487 -2.3176894
-2.7016535 -3.3802392
-3.470061 -2.9671004
-3.7612271 -2.6649458
-1.9211397 -3.5579967
-1.5370424 -3.4003923
-1.0638679 -5.3654256
-1.1374091 -3.219852
-1.8247073 -3.7841115
-0.96493274 -2.996806
-0.18308225 -3.6474059
-1.4639534 -2.1669676
-2.9144971 -1.6742272
-2.9744332 -3.930297
-3.2978578 -3.2128978
-3.844466 -3.0276217
-3.3062856 -1.833883
-2.848703 -2.7145288
-3.0061772 -3.0157106
-2.9184124 -3.5374627
-3.080602 -2.881782
-3.117113 -3.45581
-1.6288104 -2.581821
-4.227273 -4.034981
-1.9273403 -2.733912
-2.6206343 -3.0678487
-2.954595 -3.4687214
-3.4236858 -2.7744548
-1.7022903 -3.465217
-2.9373186 -3.3495376
-2.735428 -3.9404304
-4.491534 -3.044215
-2.969621 -2.5598936
-2.662899 -2.3601594
-2.7883945 -3.4788985
-3.224449 -2.308712
-3.277931 -3.5067263
-3.1980639 -3.608785
-3.0951793 -2.403944
-3.5861464 -2.5107584
-3.041169 -2.6591249
-3.4847946 -3.400097
-3.53267 -2.7685428
-5.167113 -3.5569997
-3.8172219 -3.622879
-1.4174585 -3.1246393
-3.7668226 -3.2067094
-0.21953037 -2.643355
-2.9197254 -4.517365
-3.4165668 -2.902067
-3.5214643 -2.7515984
-3.7830546 -3.1104884
-1.4790189 -3.1267602
-3.168002 -1.915648
-1.5026007 -3.531218
-3.1376808 -2.5733335
-2.8797896 -4.182376
-4.3207 -3.3430278
-2.361344 -2.9990075
-4.5167484 -2.98672
-4.4183493 -4.2792125
-4.1211824 -2.9183414
-1.3953345 -3.2798145
-2.6956244 -3.771374
-2.235149 -3.6576853
-3.026171 -1.8669713
-3.1316438 -3.9286792
-2.0921803 -3.9927092
-1.2222273 -4.8929777
-2.9821198 -2.6750486
-3.1200101 -2.7796907
-3.608671 -2.6676545
-2.8206637 -3.1026437
-2.7222424 -3.403856
-2.2429187 -3.4392045
-1.8218632 -1.4958427
-1.9204803 -5.7352405
-2.6022806 -3.0789137
-3.5977025 -3.547648
-3.3504968 -1.5648451
-1.966902 -4.238779
-3.2449305 -3.06788
-1.6570256 -2.4633834
-1.333337 -2.309088
-4.2516737 -2.959008
-2.2581139 -2.3930502
-3.433274 -2.68798
-1.7147206 -5.821114
-1.009656 -3.673636
-2.9905505 -3.2927082
-4.003469 -4.330572
-3.5893648 -3.153996
-2.3828971 -4.7742853
-4.3840694 -3.6674643
-2.85634 -1.7779427
-3.5085976 -3.074935
-3.2736058 -2.4963963
-0.5218121 -3.7461224
-3.5114312 -2.247764
-2.7609842 -2.9506917
-1.7757279 -3.5262477
-2.5242436 -2.7825503
-0.9935489 -2.605168
-3.5159066 -3.0133026
-2.4743567 -2.2091806
-3.7354293 -1.6800516
-2.1421714 -3.251065
-4.1486006 -3.5703797
-3.8857114 -3.32896
-3.2675114 -2.8728733
-2.2224784 -1.543266
-2.6471217 -3.5221531
-3.6232567 -4.6334405
-2.3451416 -1.5013976
0.004101023 -4.4448586
-0.82807124 -3.9151862
-2.7622066 -2.9667056
-0.20480788 -3.2640076
-4.0218825 -3.6770053
-2.4892788 -3.9831042
-1.99016 -3.5496886
-2.3324246 -3.5047557
-2.5891988 -4.620815
-3.2853317 -3.029133
-2.5958755 -3.9828334
-2.506443 -4.134889
-2.4866 -5.0222063
-2.798423 -2.888998
-2.38112 -3.9805803
-1.3060635 -4.100976
-2.8436244 -3.6003141
-1.7035037 -4.452426
-3.4986215 -3.3873944
-1.162484 -3.3815167
-1.7799827 -4.2138
-1.8488661 -4.0616446
-3.7160099 -3.9147534
-2.8446443 -1.993901
-2.3586774 -4.4518385
-1.7917066 -2.7850688
-1.6775926 -3.3575172
-2.5657136 -2.4643726
-3.78953 -4.176066
-3.6014433 -2.9537842
-2.3705041 -2.7217138
-0.967507 -3.050414
-1.467875 -4.336354
-2.3396509 -3.1660144
-1.862173 -4.014312
-3.1572587 -2.4997203
-2.8268685 -2.193607
-2.5406828 -2.8185897
-1.1036333 -2.6411695
-2.726499 -2.1566575
-1.9051628 -3.1801481
-2.2481902 -3.0318573
-2.7122676 -2.7495804
-1.8199196 -2.4756866
-1.572231 -3.9001358
-4.0139575 -3.39509
-1.4551232 -3.3811896
-2.521044 -2.556415
-2.2198055 -3.0385096
-3.0190883 -3.223789
-2.3598907 -2.5684457
-3.1009495 -5.7897606
-3.2095077 -2.110901
-2.997588 -3.351566
-1.2986912 -3.4583657
-2.6102133 -3.5769513
-0.24801207 -2.9449618
-3.6412807 -2.705357
-2.7956383 -2.1537492
-1.5401701 -3.5667703
-3.6169136 -4.2129703
-3.80408 -2.2248604
-0.035307497 -3.3422973
-3.401097 -5.044724
-2.2286987 -4.1925764
-2.1063855 -3.4101007
-3.746697 -2.9475708
-1.7354205 -4.886721
-0.563554 -2.8977847
-1.67013 -3.534532
-3.0704677 -5.389573
-3.5194788 -4.6272025
-2.6386673 -5.165167
-1.6951683 -3.4198763
-3.4261727 -4.700915
-3.8659873 -2.4301925
-3.0849802 -3.3297524
-2.26595 -3.4291708
-3.1006427 -5.0159836
-1.9934471 -2.5588052
-3.0676112 -3.8385465
-2.8741517 -2.9238913
-2.4030824 -3.4742455
-2.229796 -2.182721
-2.1053782 -3.2626457
-3.9298644 -3.5030522
-4.2941856 -3.4051373
-3.3935575 -3.5318
-3.800939 -2.4219294
-2.5128527 -3.4029968
-3.938143 -3.6941507
-2.970008 -2.260967
-2.3502789 -3.1741102
-3.7800076 -2.1959426
-1.0647491 -3.2508059
-1.3133184 -3.4692547
-4.2892094 -3.2577262
-3.7950876 -2.765324
-2.3885484 -3.6613019
-1.1035128 -2.6811419
-2.1213624 -2.7287111
-3.5214877 -2.8800497
-3.474967 -3.4003417
-3.5365772 -3.2486064
-1.3925654 -3.7172163
-1.1814023 -3.4967093
-2.209316 -4.2992063
-1.3400439 -2.4020865
-3.0000958 -2.856409
-3.3200324 -2.044424
-2.692218 -3.5590532
-2.9733481 -5.4351783
-2.7552524 -2.7010894
-1.5704088 -4.0939946
-3.1327477 -2.4533598
-3.5159214 -2.3717012
-3.4182112 -2.816037
-2.5611355 -2.0149314
-2.5505238 -3.8783216
-2.8145475 -3.1420038
-2.6276658 -3.541656
-2.4515512 -4.332213
-3.646936 -3.2214487
-2.9479694 -2.2025993
-3.529304 -2.5060523
-3.833095 -2.9956288
-3.1074896 -3.050461
-1.1219411 -4.055775
-2.4947844 -5.0903378
-1.4425175 -3.8783116
-2.9775522 -1.947551
-1.5483015 -3.674645
-3.734181 -3.501283
-4.0457525 -2.7196112
-2.9285076 -2.1572208
-1.7006961 -3.2052355
-3.2788115 -3.3728719
-1.5459265 -4.776687
-3.0374472 -2.0447633
-3.1606104 -1.6425705
-3.6104455 -2.843921
-3.3405511 -3.96653
-2.2396362 -1.9088731
-2.4238462 -3.2753963
-3.286574 -3.590208
-2.179743 -2.2451055
-3.0894387 -2.7126336
-2.7890842 -4.8357744
-2.751675 -3.2984607
-3.1501844 -4.726276
-2.677216 -4.039216
-3.680062 -3.916232
-3.4437509 -4.0882225
-3.5371442 -3.751811
-2.0026557 -4.2238793
-2.5183992 -3.0238535
-2.569472 -2.9872866
-2.4806345 -4.1321707
-2.9415126 -2.0593913
-4.1221647 -1.884191
-2.9748766 -3.7780526
-2.6520088 -2.6242669
-1.8731675 -3.3675983
-1.8797668 -3.9713757
-2.8894763 -4.3770113
-0.66244566 -3.571049
-2.724549 -1.9262164
-2.1057792 -4.8847427
-3.7340193 -2.162208
-0.3158946 -2.994865
-2.9688456 -3.473352
-3.083926 -1.8765392
0.18508695 -3.8318868
-2.5346859 -2.0049684
-3.9067767 -2.3183944
-5.345191 -2.9891684
-3.1491477 -1.5395808
-1.6434106 -3.081902
-3.6683333 -2.268871
-3.27021 -2.513968
-2.1587045 -2.820965
-3.2011163 -3.177072
-3.6689394 -3.7567496
-2.322763 -4.413945
-2.375208 -2.7039928
-3.5222259 -2.6690285
-2.0775113 -5.1717052
-3.9769285 -3.6719837
-2.3186011 -4.514179
-1.4811083 -2.8454762
-4.0617704 -2.3299263
-2.7838573 -1.7348497
-2.7214656 -2.683428
-2.642977 -2.4247417
-3.235944 -4.3319983
-2.8466113 -3.351237
-2.7239134 -3.0025406
-2.0510392 -2.508161
-2.5725002 -2.740927
-1.923272 -5.9737062
-2.8009171 -3.52873
-3.7944965 -3.98048
-2.5929317 -4.7697897
-3.9234707 -3.012729
-2.2617452 -2.1239455
-2.7083302 -3.6169875
-3.836271 -2.5697565
-3.607404 -2.7303596
-3.7363064 -2.964891
-2.9720535 -4.100515
-2.9963524 -2.6908667
-4.870156 -3.1180046
-1.8036848 -3.0051877
-3.3914735 -3.4174602
-3.8039873 -2.6314194
-4.938913 -3.7566135
-3.2742283 -3.6902242
-3.1747818 -5.301691
-3.5298266 -3.2081053
-2.525518 -2.1713274
-2.0053682 -3.3047585
-2.5486903 -3.2908838
-2.2079835 -1.5490634
-2.848276 -3.6397989
-2.865738 -3.7753248
-3.24602 -3.811379
-4.284566 -3.1023078
-2.9582355 -4.784453
-4.1417665 -3.2395718
-3.596237 -2.8610935
-2.016413 -2.5531187
-2.0408676 -4.069739
-4.452831 -2.3390062
-1.7088957 -2.0531094
-0.74620074 -3.530299
-2.3920984 -3.1242168
-1.1195555 -4.072344
-2.9853675 -4.426552
-2.574401 -2.5357187
-3.624857 -4.355945
-2.9285731 -3.6449537
-4.0767474 -2.3016138
-3.4899027 -2.0929108
-2.0680122 -3.4895995
-2.480393 -4.252914
-2.618565 -4.611326
-2.7507768 -2.9078681
-3.560094 -2.2789829
-1.4819149 -3.5514183
-3.3220007 -3.449334
-1.5615236 -2.647801
-3.07355 -3.3233397
-2.772236 -2.436627
-2.75644 -3.5895977
-2.6740985 -3.1894262
-3.1779265 -2.6895103
-3.6384468 -4.2679157
-2.13004 -2.5813673
-2.3282518 -3.5469112
-3.3976736 -2.8271394
-2.373601 -3.9259434
-1.675804 -4.0670953
-3.4464128 -2.3760393
-3.5337322 -2.7339268
-2.5630202 -1.6814525
-2.8417234 -2.5758808
-2.3277712 -1.8258736
-3.4668438 -2.4630358
-3.404398 -2.8632636
-2.5850558 -3.1457052
-2.393481 -3.046636
-4.0394673 -3.8036726
-4.030694 -2.8728359
-2.9597561 -4.102755
-3.3663127 -2.297038
-3.6068633 -1.8909633
-2.9667356 -4.1106544
-0.7576349 -2.4582665
-3.5386493 -4.0522704
-2.1047447 -2.9215698
-2.4304807 -4.802093
-3.5058908 -3.1297016
-2.8386352 -4.9047594
-2.5080261 -2.8470497
-3.2133234 -2.5397651
-1.9925926 -3.775898
-2.5366817 -3.248462
-2.1874175 -4.3797135
-2.4961915 -3.8369122
-2.721883 -2.8848653
-3.0737953 -3.6558604
-1.4903625 -4.927148
-1.2032342 -3.3989146
-1.4306864 -2.736801
-2.7403016 -4.0441837
-3.2642245 -1.7181792
-3.8090434 -4.039774
-3.0220838 -4.1929936
-1.5486733 -3.3930829
-3.4063857 -2.3360152
-4.099737 -3.1033719
-3.1578224 -3.4009697
-2.9592142 -2.4648051
-3.4306006 -3.5435202
-3.1193502 -3.3352165
-4.687891 -2.6199663
-2.2576427 -1.8077359
-2.6838264 -1.1296725
-2.9575858 -3.4559472
-3.980612 -1.9761217
-4.05144 -3.523049
-2.9239233 -3.3346677
-2.8082905 -3.3234844
-3.215257 -3.8866818
-2.9476988 -2.2808657
-1.7245983 -4.00872
-2.0549264 -2.1281877
-1.7658808 -4.484168
-3.2257867 -2.3872032
-2.4776316 -4.6408663
-2.154301 -2.8285065
-2.734689 -2.0435073
-2.4411778 -4.445276
-3.670665 -2.6846895
-3.36209 -4.0291367
-3.1823227 -2.5543315
-1.1140139 -3.4246829
-2.896564 -2.7380285
-1.1526458 -2.2015789
-2.2766347 -4.412622
-2.897038 -3.6537411
-2.981059 -1.77106
-3.8142073 -2.4102383
-1.5406048 -2.4999268
-2.771745 -2.0675776
-3.2928748 -3.3469956
-2.3269377 -3.0093093
-2.9599597 -2.4642751
-0.52000177 -3.760681
-1.9228544 -3.1890347
-2.147158 -4.8558736
-2.9112358 -3.026458
-1.1196122 -3.0639758
-2.587163 -2.6573644
-2.9004428 -3.1446471
-2.18151 -1.9521203
-3.591686 -2.880772
-1.6941785 -4.088742
-2.6488328 -2.5294962
-3.3957949 -2.7444193
-1.9068774 -3.382646
-2.8738372 -2.7445939
-2.6063566 -3.9668179
-3.5945818 -2.3767042
-2.1003442 -2.0472295
-2.1858456 -1.9552331
-4.1272745 -4.2134457
-3.0579226 -3.596794
-2.6263945 -2.5066473
-2.5518038 -3.947536
-3.206923 -3.840028
-1.1188636 -3.4986224
-1.6693872 -3.57365
-2.543798 -4.072175
-3.0307117 -2.8618333
-1.7861756 -1.6715081
-1.1543351 -3.4100184
-2.5704288 -2.500434
-2.1924608 -1.6418159
-2.7156281 -4.3166533
-2.3529468 -2.4814773
-2.5209243 -1.4861166
-2.214243 -2.5085225
-4.0378094 -2.4219027
-2.2734742 -3.4698231
-3.2200236 -3.1572194
-2.4026732 -3.2865965
-4.0512714 -1.3151696
-2.2910717 -2.7841654
-2.056017 -3.449074
-2.7089777 -1.6034153
-3.579096 -3.7895656
-2.0964198 -2.0093737
-2.420091 -3.4338455
-3.7281559 -4.7497506
-3.366105 -3.5896003
-2.6821725 -3.7012186
-4.27809 -2.866429
-3.2227871 -2.6021755
-3.5407267 -3.3672662
-3.2411273 -4.151357
-0.98470753 -1.7864091
-1.5880185 -2.779464
-3.2177365 -3.2377687
-2.1212819 -4.390074
-1.6482108 -2.049494
-2.7572107 -2.2570214
-2.4114826 -2.7776666
-1.3834605 -3.9958916
-3.4568913 -2.698065
-2.8890195 -5.317197
-3.1615942 -3.4511104
-3.5682538 -2.9380631
-2.5571373 -3.5299501
-3.3577907 -4.604368
-4.5777783 -3.0713296
-1.3745711 -3.3061612
-2.8678339 -3.6946423
-2.643501 -3.263235
-0.13630447 -3.9477644
-2.7453918 -3.6167002
-3.5223055 -2.6438968
-4.437651 -3.1219995
-4.1401353 -2.50436
-2.5147655 -4.979894
-3.3960507 -2.6188276
-3.0055146 -3.2082536
-2.3074899 -1.4906635
-4.4351296 -3.0410054
-2.33658 -2.564529
-3.4555225 -2.862189
-3.8699377 -2.8575947
-3.036772 -3.4005418
-2.723986 -2.1922836
-3.6429868 -3.6561453
-0.9998518 -4.4668493
-2.3207657 -4.560795
-2.2011166 -2.86709
-2.5149736 -2.1975143
-1.9984285 -4.660368
-3.589513 -3.725391
-2.771752 -5.510402
-3.9700325 -3.1154766
-3.431151 -3.7637744
-2.9933264 -1.7915092
-4.1083 -1.9488218
-2.7025611 -3.8603852
-2.674976 -2.8037806
-3.504488 -3.6264937
-1.1895609 -2.1138265
-1.6058877 -3.586866
-3.364845 -4.3323283
-3.3681848 -1.9491787
-1.2426109 -4.12081
-2.5396042 -3.4800508
-1.8239129 -1.7066376
-2.1518779 -2.596294
-1.9950321 -3.4781673
-1.467599 -4.948985
-3.3760805 -3.1273246
-1.8128313 -2.8282878
-3.2485707 -3.1900585
-1.7545619 -4.6767106
-2.3019202 -4.000385
-3.8494015 -2.564873
-1.1618086 -4.0100427
-2.6883953 -2.4787436
-3.0335457 -2.2415123
-3.4996939 -4.7893987
-2.0094814 -1.0553284
-2.7668278 -2.5709755
-3.821385 -2.389
-2.2659225 -5.0620217
-3.0555494 -2.5620928
-2.8831706 -2.1347919
-2.6565933 -4.6065993
-2.386364 -2.40312
-3.2793972 -2.4683902
-0.49832946 -3.3174007
-3.6744998 -3.3204255
-2.7044466 -4.0039253
-0.79523784 -3.2293167
-3.9235282 -4.200052
-3.5451021 -2.5965118
-2.8387632 -3.5775332
-0.15164584 -3.8948457
-4.0171394 -2.580613
-4.7858114 -2.5588949
-3.2339776 -2.2286413
-2.3871994 -4.9786067
-2.8260276 -3.4988365
-3.5475724 -2.0384567
-2.05102 -5.4317174
-3.2146888 -1.6466463
-3.8748615 -3.6787326
-3.622539 -2.1726456
-3.297922 -2.701164
-2.5031524 -2.15155
-4.44717 -3.0745397
-2.8935504 -3.387756
-2.3315175 -1.6866562
-3.2913024 -2.8041906
-0.20362599 -3.5945935
-2.5484943 -4.0701146
-3.6899076 -3.9026992
-3.3843598 -3.551487
-3.006985 -4.4556394
-2.3621016 -3.8909452
-2.9741743 -2.4330487
-2.4984136 -3.0551512
-2.2272751 -2.7470179
-3.022258 -1.7949786
-2.9632235 -1.7591169
-2.793664 -3.0063195
-2.7575996 -3.3182664
-0.5554304 -3.4603992
-2.8175032 -3.089742
-3.782976 -3.6845276
-2.694283 -2.017918
-2.8543963 -1.945014
-2.8808024 -2.3362734
-3.6735086 -4.0632877
-2.3979878 -2.6264853
-2.6182234 -1.665034
-2.356425 -1.8988719
-3.3370101 -4.715655
-2.689711 -2.6869707
-3.3058493 -5.050142
-0.73360115 -2.3879454
-4.260937 -2.1018956
-3.5730407 -2.3625557
-3.3434112 -3.5495842
-1.7267653 -4.615331
-2.2944381 -3.9314995
-2.1211212 -4.7839727
-4.7020283 -3.3821497
-3.2566657 -3.5808275
-2.7038586 -1.8650141
-3.8248358 -2.739066
-3.0869539 -3.123373
-2.4641154 -1.9084342
-4.0339284 -2.3438263
-2.7232258 -2.396133
-2.341618 -3.1918626
-4.74361 -2.8973722
-2.2406166 -5.118653
-3.5881479 -2.4937265
-3.8436396 -2.436407
-2.451984 -3.4087179
-1.4263877 -2.8113298
-1.1813155 -4.223336
-1.9407109 -2.231773
-2.854538 -2.6823435
-1.742524 -1.4735696
-3.3746185 -2.9340131
-2.8604262 -4.099293
-1.9733075 -2.712233
-3.6933851 -3.3431978
-2.8233757 -3.366795
-2.2028286 -3.6947348
-2.175283 -3.3017151
-4.2623944 -2.064342
-3.2459958 -1.4651425
-3.1939697 -3.20095
-3.3586414 -3.132159
-2.6821492 -2.4772968
-4.2543144 -3.6895688
-3.0403895 -3.783244
-1.9104953 -3.9523268
-2.1895928 -1.8294971
-3.7589116 -1.8989334
-5.2305584 -2.6482306
-1.6156216 -3.7506614
-4.4257817 -2.8703914
-2.555722 -2.64515
-2.4566061 -3.630029
-2.2009385 -4.3028255
-3.9039052 -3.2443094
-3.0511894 -1.7015285
-3.873827 -1.6985898
-3.7255247 -2.7694328
-2.98485 -2.7893248
-3.2263927 -1.942136
-2.7489989 -2.1758907
-3.6989763 -2.3350134
-2.4039638 -3.8588068
-2.7241106 -2.7946815
-2.3337834 -3.646347
-3.8613539 -3.284181
-2.8304203 -3.1564307
-3.7745461 -2.4971437
-3.4315238 -3.150324
-2.7618136 -3.0411036
-1.8807114 -3.9958334
-3.2971368 -3.8728907
-4.4039063 -3.0400438
-3.5950534 -2.5251868
-3.085309 -2.2559142
-3.7412577 -3.9898846
-2.9570107 -4.189076
-3.5336685 -4.034924
-2.7825346 -1.4182999
-1.676873 -2.5887966
-3.3841949 -2.27449
-3.816398 -3.1968858
-3.1382363 -2.6524296
-1.728065 -3.1325397
-1.6228002 -4.6352577
-0.6170368 -3.6739542
-3.8761935 -3.5634992
-3.5571883 -2.0519207
-3.9298677 -3.1148674
-2.35768 -3.9788675
-2.466328 -3.3425481
-3.6284637 -3.284035
-2.401302 -2.8892531
-4.311026 -2.2991118
-3.1642406 -3.695493
-3.431363 -4.174682
-3.4444335 -4.3504105
-1.9715513 -1.464232
-2.9304152 -4.007998
-1.3597026 -3.096539
-3.444418 -3.1479542
-3.2189536 -3.359558
-3.6608572 -3.5182834
-1.6802706 -3.5139217
-2.698928 -2.2014303
-1.4238648 -2.2950313
-2.74075 -4.0707436
-0.9331669 -2.556782
-2.851869 -1.8704679
-4.363318 -3.8733087
-3.1248202 -2.8778434
-3.2768373 -2.179554
-2.6078408 -4.5469303
-2.653409 -3.2328663
-4.9565177 -4.9762897
-1.9152211 -2.941807
-3.3784218 -2.5874064
-2.3676503 -3.8809335
-2.3097546 -5.2336497
-1.0496968 -4.096955
-3.0618272 -4.1198897
-3.5797682 -3.0449474
-1.5603656 -4.6197333
-3.7644017 -3.7868533
-1.9437156 -1.7440906
-2.9534342 -2.6677816
-4.0863137 -2.5056725
-2.515143 -2.7788885
-2.1326616 -5.6892004
-4.158435 -2.7272122
-1.9895555 -5.063054
-3.4444022 -2.9262018
-3.4163454 -2.392537
-2.822646 -3.0199447
-4.88243 -2.6830013
-1.8827375 -2.7171175
-2.991895 -3.1828647
-3.7384143 -3.7581563
-1.7542636 -3.343065
-2.6122525 -4.386667
-4.1497426 -4.048525
-2.6896114 -3.589056
-1.9874293 -3.261182
-1.6269207 -2.100301
-3.8649914 -3.6608057
-1.2595949 -3.1800513
-1.7215253 -3.1381838
-2.7961144 -3.4839256
-2.0722272 -2.2291996
-3.208325 -4.0128574
-3.2863238 -2.5597436
-3.6126966 -4.1763573
-0.941291 -4.5044794
-3.3157294 -3.3867018
-3.3131337 -3.1775095
-3.1955254 -1.8111961
-3.256198 -1.7882049
-3.1600008 -1.4898827
-3.007931 -3.3524957
-2.4717188 -3.038528
-1.7971673 -1.9318247
-1.7566696 -3.4371393
-2.3703463 -3.4043326
-2.0538867 -3.5365126
-2.4489086 -4.3185406
-3.1667523 -2.5493283
-3.0993853 -2.1975408
-3.572426 -2.819805
-3.2993348 -3.9700909
-2.9948528 -4.3595552
-2.9482708 -2.7913938
-3.6784284 -3.858376
-2.876737 -1.4697585
-2.4274225 -3.2183154
-3.3070767 -2.8683414
-2.3927543 -2.7797554
-0.9812083 -4.7964597
-3.0458663 -3.713064
-2.3694406 -3.5297232
-2.3379757 -3.5839095
-3.0493817 -3.8025289
-1.9989728 -2.1895816
-2.4756608 -4.1220474
-2.69242 -3.0272672
-2.6018922 -1.1887143
-2.3782384 -4.1187315
-2.6210358 -4.0045824
-3.603135 -2.4886758
-2.8832297 -2.6687722
-3.9106119 -4.1590595
-1.9601879 -2.2135675
-2.983758 -3.0468512
-0.9519238 -3.4601364
-3.304917 -1.8501735
-2.782058 -2.5047023
-2.5808492 -3.1180665
-2.3234074 -5.0326457
-3.110279 -4.176082
-2.9405906 -2.3036942
-2.5799205 -3.5168953
-2.8223605 -3.1997633
-2.8508859 -2.9646082
-3.361802 -2.8342063
-0.8295841 -4.633702
-3.9673626 -2.6615772
-3.3017502 -3.135747
-2.6612585 -3.8350384
-3.643692 -3.3316875
-3.0667894 -5.058635
-4.404904 -3.6598597
-1.9034787 -4.797445
-2.6041934 -3.7571914
-3.295466 -3.1758947
-3.3062837 -2.2945282
-3.131345 -3.3617947
-3.1698112 -2.3856673
-3.9473102 -3.3656693
-2.9264567 -2.8446655
-2.6587794 -3.4566338
-2.6235743 -4.027966
-3.1022613 -2.894094
-1.9813 -1.9148927
-4.6409683 -2.8637671
-3.550457 -4.2958355
-4.2481513 -4.081223
-2.955039 -2.8309188
-2.39167 -1.959173
-3.2873838 -2.2063081
-3.4024491 -2.4853532
-4.9601684 -3.3159738
-2.8124745 -2.3027759
-2.382338 -3.9656048
-2.4851143 -2.7504876
-2.3335483 -3.5799193
-2.8654366 -4.3965445
-2.115804 -3.903461
-1.8850002 -2.921485
-2.9148984 -3.6123765
-2.1028578 -4.836406
-2.2132094 -2.8925605
-3.2109597 -3.579831
-2.8651755 -3.9902458
-2.5380647 -1.9942777
-2.781865 -3.7489638
-1.9827491 -4.023485
-4.3598213 -3.027621
-1.4805508 -3.6633139
-2.3933566 -1.9780025
-3.5740628 -2.4746423
-2.4460046 -3.7075999
-3.4918566 -3.2711189
-1.9456223 -2.4341364
-1.6485611 -2.5464447
-2.052709 -2.458946
-3.9283462 -3.2359705
-3.0157008 -2.83092
-3.9888737 -2.9565744
-2.5176513 -3.5831046
-2.0358331 -4.122341
-3.0353534 -2.278874
-3.0470185 -3.6182342
-2.6499798 -3.1471505
-2.8704014 -3.180844
-3.25211 -3.2533405
-2.3130443 -2.306982
-3.4929092 -2.3543122
-1.3278637 -2.2683582
-3.634097 -3.6947591
-2.5635927 -3.7797499
-1.0179429 -2.105668
-2.9533913 -2.5598996
-3.6384616 -2.599231
-1.8462639 -3.3608487
-3.0956619 -2.5543354
-3.5561326 -2.743658
-2.9588714 -3.1529448
-2.1329746 -3.4161618
-3.7485158 -2.6259077
-3.3545213 -4.181305
-2.3859537 -3.041011
-3.4490483 -3.1558743
-3.296564 -2.3443875
-3.0657763 -3.037323
-1.9173982 -4.8576026
-3.7900448 -2.005919
-2.5248854 -3.8788877
-2.3391411 -4.6864843
-2.3177695 -2.5038903
-2.388626 -4.841998
-2.4184017 -2.097463
-2.541871 -1.7001228
-3.5200262 -2.3913789
-3.4153967 -3.260092
-1.9140193 -3.2340293
-2.4538314 -2.6091838
-3.4061255 -3.517847
-2.7816014 -2.008547
-1.7497859 -4.2450647
-2.0071151 -4.699047
-1.4081124 -3.0492537
-3.3483307 -5.0781407
-2.6845393 -3.0908413
-2.4972956 -2.1175926
-3.370613 -2.9479089
-3.318088 -2.5330894
-1.9138949 -2.018349
-3.610243 -3.2300463
-1.5716996 -3.7158337
-1.9602015 -1.504513
-3.2780304 -5.033004
-2.1521876 -3.4750285
-3.275725 -1.6547034
-2.1798136 -2.9955366
-3.0355213 -4.7628446
-1.6711558 -4.708646
-2.8326275 -4.837277
-4.3346686 -3.250054
-2.3602126 -2.273914
-3.4770138 -4.337236
-3.2945185 -3.4878757
-2.1517627 -4.4494214
-1.6733148 -2.9249673
-2.0955443 -3.3197215
-3.2337687 -5.078723
-0.40187633 -2.4436033
-2.7929223 -3.3212006
-1.8324007 -4.719143
-2.0418315 -4.469426
-4.038419 -3.695634
-3.2556674 -3.0742917
-4.320219 -3.6842587
-2.5577126 -4.116223
-2.650331 -2.5724354
-3.0563579 -2.6962078
-3.5213642 -3.9006155
-2.975015 -3.5764976
-3.3562152 -3.1517293
-2.416432 -2.188644
-4.443424 -1.240771
-1.0848993 -3.3939278
-1.2739314 -2.0107684
-3.5650015 -4.7247624
-2.7696834 -1.6680303
-2.003507 -2.6511033
-3.232095 -2.4195123
-2.2099214 -4.569344
-2.8444455 -0.78218055
-2.4608035 -3.9717045
-0.49300417 -1.0835953
-1.8559936 -3.9717143
-3.999806 -3.0684402
-3.7585049 -2.2188983
-1.3898365 -3.940143
-2.6763835 -2.6339676
-2.8648615 -1.5615637
-2.8937814 -4.2656755
-2.1858633 -2.4723675
-2.6849728 -5.0264997
-3.0006573 -3.2358375
-3.3259284 -2.2446709
-3.4654613 -2.4133408
-2.912042 -3.1035197
-3.4917161 -3.0120652
-3.6367362 -2.772908
-3.0628011 -2.757123
-2.4891536 -3.9398217
-3.1158776 -3.5312154
-5.088773 -2.7251005
-1.5758677 -3.498754
-3.2000408 -2.1229627
-3.9504745 -2.3249307
-3.3742654 -3.297336
-3.3814583 -2.1795597
-2.7015564 -2.6629076
-2.3336868 -1.7979729
-2.2364287 -2.588287
-2.7282028 -3.334435
-2.4433973 -1.4345372
-2.4632747 -2.6372344
-2.7301178 -2.2183387
-2.0848718 -1.6082644
-3.7992818 -2.8213265
-1.8519034 -2.3569162
-3.300715 -2.947833
-2.8948863 -2.880837
-4.0894 -2.970881
-1.8773719 -1.5720007
-3.1277711 -2.7874253
-3.9545317 -2.6762228
-3.9834213 -3.7334397
-3.1517947 -1.684958
-2.7447789 -2.1749964
-1.5018647 -3.8926756
-3.7983632 -3.5887153
-2.7878284 -3.5208926
-3.238542 -3.7174978
-2.18354 -4.796636
-2.286025 -4.099494
-3.3030708 -2.6138186
-3.522204 -2.6949298
-4.46935 -2.6693943
-2.5291548 -4.5689325
-2.820015 -1.2137436
-3.0363379 -1.9651124
-2.635044 -4.220579
-1.8927295 -3.1856585
-1.9072973 -3.0965605
-3.3953943 -3.312507
-0.5567758 -2.8536832
-2.8402789 -3.6183505
-3.9078505 -1.7912054
-3.5569205 -3.2165647
-4.3951154 -3.8131354
-3.0868945 -2.5117846
-3.4410279 -3.546315
-1.2801927 -3.1321986
-1.2500261 -4.045581
