-0.4528306 1.4035686
2.6049879 0.33082765
-0.29985267 -0.46238327
-0.59432757 -0.35229754
0.34377483 -0.39518476
-0.59481466 -0.084608674
-0.028943092 -0.44764864
1.5412242 0.47986007
-0.9374584 -0.55332726
-0.32260948 -0.8532244
0.68901837 -0.5995028
0.11129153 1.1157498
0.46267548 -0.40633088
0.25170812 -0.906527
-0.5663046 0.91919446
-0.70977294 0.19284554
0.08663905 0.11050959
2.0895696 0.031398878
-0.3547599 0.35089958
0.7347244 0.23803873
0.06911236 -0.903631
0.49458453 0.69102824
0.28249446 -0.34833518
2.3865316 0.18769725
-1.2881109 -0.7132311
0.13880596 -0.036014557
-1.1533078 1.0583981
-1.9482418 -1.9669706
-1.3400064 0.4601794
-0.2692109 -0.49434215
-0.8769444 -0.17846933
0.41077992 -0.3303901
0.7607142 -2.3576784
-0.5191188 0.09561263
-1.0683713 -0.35576865
0.6266235 0.19247873
0.2507436 0.45411485
-0.5431955 0.84790313
-0.29891646 0.39716542
-0.60848635 -0.0818408
-0.8697424 1.2641172
0.77273715 -0.018544957
2.074232 1.9313377
-0.46565628 0.928928
-0.40142417 1.2370197
-0.54604554 -0.81657946
0.3210319 1.2965178
0.23536927 0.2529983
-0.7843139 1.2104756
-1.1441548 -0.34219503
-0.6455499 0.092929944
0.36808553 0.038444057
0.5934752 -1.2574854
0.9786886 -0.21292259
-0.07203527 0.87131
1.5272045 0.31285876
0.24663177 -0.4486757
-1.0781837 0.37715936
-1.4991117 -0.041436
-0.021510035 0.8168011
-1.6884204 -0.7735911
-0.8155074 0.9092432
0.2398889 0.26540732
-1.7090268 0.09191777
0.3051279 -0.34395656
0.22271582 0.3907683
0.3827416 -1.0018332
0.57159007 1.517856
0.34176502 1.3090394
2.5525968 -0.23012984
-0.0038871467 0.13533168
2.7731345 -0.9945001
-0.52663565 -1.3545297
-0.4773331 0.15683694
-0.26162407 0.6779174
-0.06337498 1.0515538
-0.073179334 -0.43457866
0.23655081 -0.74372154
1.0376529 0.1971236
-0.67077684 -0.45712072
-0.41775554 -0.09157635
0.18571046 1.6665418
1.67829 -0.9743324
-0.10932566 0.3863771
-0.16903675 -0.50361586
-0.5180987 -0.9821231
-0.03681074 -0.09646964
-0.6760577 1.7699565
-0.47254676 0.5970053
0.9203036 -0.041392148
0.59345686 0.85914505
0.5192771 -0.41463035
1.1560392 -0.739752
0.54194236 -0.7287288
-1.1026441 -0.06919746
-0.48625022 1.4799036
0.52847004 -0.7874
-1.1968803 0.09962563
0.92611957 0.17359005
-0.44900665 1.2683718
-0.26234502 -0.7542005
-1.4559072 -0.11356293
-1.0637589 0.30235088
0.12552255 1.6432414
-0.8733314 1.1177673
-0.24551375 -0.76958764
-1.0252079 0.75933194
0.6649703 0.18629895
0.30484226 -0.5594582
-0.43475938 0.9391403
-0.6490778 0.058501884
0.30957696 -0.3263111
0.18016738 -0.87796146
-0.66489494 0.29712003
-1.6061853 -1.1367085
-0.29356036 -0.48980087
-0.029924273 -0.08105266
0.08218682 0.39449608
0.09264526 -1.1343391
1.3623788 -0.18161598
-0.036205843 1.298977
1.147737 0.061394826
-1.1990172 -0.09572829
0.39081177 0.47966212
1.4768649 0.04329656
-0.66275424 0.45264614
2.5850782 0.35567492
-0.1258931 -0.87929547
0.6401309 0.21507736
-0.76486397 -0.7822547
0.9430325 0.7563267
0.41097948 -1.0468496
-1.194345 1.0962968
-0.24740577 -0.6436121
0.6029937 0.60532117
0.54928637 -0.6554005
-0.40075296 -1.4382275
-0.5846816 0.6879192
0.1964297 0.13157453
-0.18529634 -1.0721654
0.49898586 1.003712
1.5194502 1.5245547
-0.7956408 -0.28654563
0.7277334 1.6608288
0.64224756 0.1077265
1.0804498 -0.63248134
0.057679266 -0.45584452
0.094950706 0.37466913
-0.5202443 -1.4276696
-0.052057907 -0.25294298
0.38378546 1.4719092
0.97431016 0.22930606
0.042096406 1.8828577
1.1512333 0.40003914
-0.23741357 -0.39816797
0.38053653 0.0452141
0.70240974 0.9339428
-0.92156553 0.88646424
-0.42004776 0.59526426
-0.77486956 -1.3285618
1.5612607 -1.1514392
-1.5504329 -0.36457533
-0.20214045 -0.72286266
0.22914705 -0.10340373
-0.49419755 0.6987923
1.154725 -0.44235677
-1.1372225 0.040600374
-1.3070177 0.5943785
-0.45916516 0.08008121
1.9255471 -1.2804574
-0.61731845 0.26895505
-0.12102543 -0.29942638
1.093947 0.693231
0.22008377 0.29988676
0.2497263 0.7150343
-1.3815144 0.7171176
0.388383 -0.6867762
0.0045305192 1.5462105
0.6731081 -0.6650178
-0.5071 -0.23557287
0.022028774 -0.18512002
-0.73689175 0.5436061
-0.635437 0.021036044
0.7294953 -0.76796955
0.82496595 -0.17969383
-0.96454906 0.85826015
0.56825686 1.4190577
-0.32191435 -0.46184415
-0.0529681 -0.11954462
0.5129291 -0.66832685
0.54621875 0.005429849
0.9209583 0.41911465
-0.31866768 -0.2914276
-0.50330836 0.18633665
0.44767538 0.9430883
-1.1063831 0.11348753
-1.6201253 0.54957104
-0.75951743 1.1692965
0.9913106 -1.8309971
-0.0037487298 1.1057016
-0.051264256 0.44295645
0.836259 0.15927623
0.7902788 0.6296886
-0.2106833 0.004332006
0.03163293 -0.661784
0.8257966 -0.68336296
0.083999306 1.654766
0.11023909 -0.84188265
1.7104167 0.0018119216
2.472121 0.4876638
1.6305748 0.73287034
0.06109038 0.3801033
1.5277455 -0.6608482
1.1270872 -0.10491772
0.035916775 -0.9938688
-1.0023702 0.06677596
0.9317832 -0.4689165
-0.037882924 0.6495287
-0.27137494 -0.58590853
0.21043488 1.0999411
-0.7510494 1.51199
1.6483191 -0.4496265
1.6053624 0.38586354
0.6781899 0.22002102
-0.52343714 0.507009
1.527989 0.4744118
-0.8371738 1.0699047
-0.11840528 -0.4818346
0.97789025 -0.50721604
-0.0031352937 -0.048252836
-0.31287992 0.73462147
-1.4484909 -0.6405954
0.8916712 0.8671794
-0.98969436 0.975865
0.3694829 -0.90004367
0.60391414 -0.7531784
-0.15580873 -0.51083547
-1.3061547 -0.98453677
0.53952 -0.9246588
0.24126789 1.6049039
-0.52687275 0.8588784
0.91614497 -0.47188354
-0.47115475 -0.12189457
0.96332645 0.5461028
0.48611894 -1.7108804
-0.27996135 0.013849422
-1.1451497 -0.81450933
-0.084213 -0.994868
0.14982158 -0.21029417
-1.0165932 -0.8482659
0.025197059 0.91906357
-1.7485617 0.036417678
-0.09724662 1.2538269
0.13427988 0.36973912
-1.1342582 0.295287
-0.92854714 -0.5115672
-0.01308243 1.3416308
-0.2312916 0.18829016
-1.1013387 0.8654337
1.4182043 -1.071357
-1.868444 0.38289118
-0.8013897 -0.7116317
0.2727897 0.8022758
0.07168892 -0.010086283
-1.7756301 -0.49304503
-1.1876706 -0.33326185
0.585958 -0.7759673
1.5591487 1.4661286
1.8848548 0.05605693
-0.34322968 0.21029569
-0.7317797 0.29960042
0.31267264 -0.5401677
-0.26607504 0.3859831
0.080175966 0.26202393
-0.48333728 -0.13928717
0.2913178 0.62411666
0.29740396 0.9736897
0.12454498 -0.5071342
-1.4563668 -0.64334667
1.9526017 0.67506284
0.3332201 -1.0044835
0.5023911 0.24166988
0.28011927 1.1608672
0.95311725 -1.0872315
0.58640087 1.7815577
-0.3293296 -1.06148
-0.98694634 0.6709297
1.7507236 0.016485766
-0.43299255 0.95278883
0.66407263 0.010509402
-0.83568454 0.11337383
-0.49587667 0.2556727
-1.2491 -0.40914804
-1.0074495 -0.4273274
-0.6642667 0.75703603
-1.39465 0.34391624
-0.17515811 -0.07147704
1.129057 -1.42931
2.2811644 -0.37105566
0.32555124 0.6106109
-0.8151115 -1.5594925
0.22771344 0.58043647
1.7818165 -0.7921845
1.2270817 -0.3976938
-0.12231825 -0.47791207
0.9446647 1.2950492
-0.6269489 -0.21102497
0.3055167 -1.5120907
1.4680387 0.32153428
-0.89495337 1.1983415
0.5330063 0.7697784
0.6553687 -0.3704192
-0.025601074 -1.2218717
0.5362605 -1.1875827
-1.8160411 -0.4633144
-0.06703158 -0.16069604
-0.833604 -0.38657796
-1.2349759 -0.425114
0.1355924 0.13484977
-0.45373625 -0.43490672
-1.1060162 -0.10285239
1.2629256 -1.3517746
1.1836841 0.17434926
0.09900275 -0.15498123
-0.4957558 -0.44641823
1.9409063 -1.3745832
1.617989 1.7954544
0.38723472 0.28714478
-1.5386425 0.29329205
0.97402704 1.7202017
-0.101821736 -0.7903647
1.2257254 -0.21337068
-0.9587561 0.34813774
0.6416744 -2.0298173
-0.29251006 0.5332533
0.02949816 1.5526772
-0.96009827 -0.7551667
-0.9351971 0.66722816
-1.0628724 -0.44309956
0.2647688 0.5812352
-0.097793266 -1.0125982
-0.7706003 -0.70220137
0.15564859 0.39786607
-0.6602015 1.1444684
1.0171999 -0.16422805
0.5647639 -1.5534115
0.45029792 -0.5572893
-1.1750424 0.6220316
-0.6153687 0.36687702
-0.62325263 -1.3854976
-0.29622743 -1.6049067
1.3314815 -0.36545274
-0.64898074 -0.6925747
-0.61776733 0.7555356
1.5033854 -0.8801871
-1.001392 -0.71039325
2.1476405 0.65512013
1.1316576 0.91607726
-0.30739963 -0.50881773
3.3540215 -0.035040185
0.0072903335 -0.46793562
-0.86716056 0.09525068
1.7900927 1.0049553
1.5802274 -0.35272425
-0.70003235 -0.18336628
-1.0381614 -0.14516771
-0.19899535 -0.78301734
-0.57028836 -1.0449846
0.28028998 -0.69810987
-0.12239134 0.3896187
0.79645157 0.52932125
-0.09269981 0.06599586
0.0008932352 -1.0428597
0.8173348 0.15518783
-0.7429813 1.0649129
-0.15951666 -0.0059309006
-0.28289315 0.26005673
-0.40531716 0.30733687
1.4023138 -0.74312896
-0.04623112 -0.42680523
1.7779827 -1.4552168
1.714091 -0.93993974
1.4579968 -0.04979603
1.7242765 2.7600174
-0.60500085 -0.026182666
0.94072425 -0.054224864
0.2078661 -0.1798931
1.0157993 -2.3693304
-0.061265916 -0.36027732
0.14432502 -0.8517077
-0.23559526 -0.79303676
-1.1218665 -0.010473311
-0.42762887 -0.8161794
-1.4821563 -0.32559013
-0.008215547 -0.29152408
-0.48642835 -0.09154104
0.9330747 -0.12854406
0.252727 -0.3211908
-0.49278185 1.1895828
-2.0227768 0.0732847
0.38206932 0.43322927
-0.08412893 0.94722867
-0.09060228 0.22717781
0.4657226 -0.68762255
0.03315288 -0.8492382
0.27075985 0.3391329
-0.95556414 -0.7730235
-1.1606097 0.34516746
0.47029135 -1.5831118
-0.7236054 0.80599487
0.07824972 0.8580955
-0.23286353 -0.39092344
-0.084107146 0.73321027
-0.24129093 0.6927316
0.1208725 0.8133099
0.5014106 0.25286758
-0.83939075 1.0251242
-0.17129722 -0.22548006
-0.01586479 0.5615487
-1.1114798 0.443852
2.165629 -0.12344792
-0.09454349 0.8466717
0.6236032 0.108911976
-0.02698645 -1.9134657
1.0816171 1.3544272
0.77994 0.2779147
0.9077742 0.89941084
0.20871195 0.7276403
0.2784421 -1.7005154
0.5949944 -1.0035546
3.0721982 1.0034454
-0.30527118 0.8224107
0.1314936 0.28554422
-0.33781016 0.49097604
2.7011366 -1.0007908
-0.04611151 -0.12537703
-0.13359061 -1.158753
1.2821298 -1.0308487
-0.4486786 0.5589025
0.34390965 -0.5879709
0.22751379 -0.65408117
-0.20380816 -0.20362817
0.2779341 0.18267123
-0.041908085 -0.61349773
0.67565536 -1.2952591
0.06607038 -0.036858574
-0.94787264 -0.60462254
1.6800702 0.6219674
-0.14517766 0.8026974
-1.1919241 0.0364659
-1.0131742 -0.7499226
0.1023289 -0.07533796
-0.4735461 0.0017585009
-0.5105963 0.21118505
-0.80552864 -0.5134459
-0.32219276 -0.76647544
-1.3015522 0.8083061
-1.0948732 0.37140858
-1.2253795 0.14431013
-0.19657627 -1.5196038
0.81773245 1.0129472
-0.90687597 1.2965511
-0.8684648 0.2947303
-0.5988596 -0.0050642043
-1.2215708 0.2122548
1.3802011 -0.10515629
0.95984674 0.6359578
0.68120766 0.06882481
1.4006497 0.44758087
1.4062777 -1.2508241
-0.29921106 0.5693645
-0.5166008 -0.9064115
-0.58351994 -0.23357189
-0.14816663 0.10580553
1.9334407 -0.36607957
-0.10940656 0.3942377
2.6151576 -0.9252669
3.407219 0.49453086
-1.1096815 0.40139312
0.76324105 -0.542749
0.4427161 -1.0931629
1.2018932 1.0204266
0.3445625 1.4345685
1.7053959 -0.65135443
0.36897072 0.93867767
2.4548357 0.5307122
1.1633996 -1.3224509
-0.47328097 1.6658491
-0.49934846 0.9675572
1.3703716 -0.18403523
0.49862465 -1.8052781
-1.3035979 0.49942875
-0.13362703 0.39669496
0.38688657 0.73344874
0.16035631 1.1128986
-0.38703144 -0.5872135
-0.5699171 -0.04909672
-0.86818945 0.8737216
0.61932087 1.6582583
0.290791 -1.4509509
1.316723 -0.31607658
0.6335138 -0.58780456
0.12942079 0.343468
-1.031329 -0.58668643
0.5231277 -0.7619389
1.1576339 -1.0832636
0.7502233 0.20533477
0.4546241 -0.60458076
1.5296758 -0.6696099
0.40523574 2.7811308
-0.21624228 0.8106291
0.994735 0.5685546
-0.22760452 0.51464814
-0.6060959 0.7897159
0.2107495 -0.6342666
-0.728212 -0.6016013
1.6074747 0.46283662
0.9650365 0.06963362
-0.4947973 0.8712902
-0.15726413 1.1039989
-0.07353006 0.6330701
0.74068284 -0.41910642
-0.08860251 -0.11768169
0.19518456 0.10857327
1.7684312 -0.15261036
-0.4478764 0.16174488
-0.8109751 -0.43446344
0.8566474 0.6639829
1.1070759 0.69025826
0.28819713 0.10948081
0.9147035 -0.595589
0.1090346 -0.35826126
-0.81677973 0.4920172
-0.036648214 1.5315157
0.19527864 0.023972228
0.21495599 0.76080954
-0.6027155 1.0512955
0.9906696 0.4538753
0.34843352 -0.5748793
1.1297537 0.96559894
-0.76487136 -0.6206566
0.9779993 -0.12780857
1.3244504 -0.510208
0.086916 0.68264383
0.8885981 1.7008218
0.59973407 -0.46242273
-0.16337973 0.20522927
-1.265029 0.4835376
-0.4497727 0.40699983
0.6636623 -0.74515045
0.48809436 0.8336595
0.1363199 0.33209395
1.5764068 -0.6774058
-0.5193569 0.73643625
-0.09478338 0.5570491
0.9418131 -0.11224291
0.43665442 -1.1764777
-0.2804764 0.78607905
-0.90727234 -0.05943282
0.37129435 -0.8614485
-0.02574721 0.11518498
-0.4916122 -0.0073459893
-0.22549015 0.98419917
-0.17627233 0.22952853
-0.66470736 -0.30508673
-0.5806253 -0.9336288
-0.36839887 0.10498147
-0.39957568 1.2585093
0.6491034 -0.68170244
0.17952812 -0.12058251
-0.1640467 -0.5785968
-0.073992714 0.30462182
-0.79854155 0.63346624
0.3182427 -0.29559514
-0.20251328 0.33801556
-0.41345248 0.5900058
0.8149339 0.2532916
0.36391982 -0.038981527
-0.40943784 0.3626712
-0.10535848 -1.2886131
-0.019132257 0.5916205
0.7964474 -0.09359667
-0.98417485 0.5919744
-0.22128256 0.88979423
0.043795377 -0.37234133
-0.85482574 0.37624913
0.89591885 0.05730407
0.2324565 -0.044960573
2.3310523 -1.0600842
0.7531456 1.5641961
-0.28491813 0.93086696
1.1207185 -0.070219696
0.16869557 -1.135928
-0.27347255 0.36518413
1.0643069 1.3326292
0.3193018 0.45593852
1.8387623 -0.29319182
-0.019524038 -0.2606241
0.36619934 0.7647774
-0.21473369 -0.44775358
0.3205506 -0.41626984
1.747867 0.46542722
0.29492697 0.89213073
0.77442265 -0.47531027
0.17308906 -0.9176778
-0.6785158 -0.6696567
-0.04013306 -0.2652228
2.06321 0.019776866
0.53685117 1.5228246
0.39844623 -0.24336056
0.53786623 1.2272972
-0.14545842 0.7002735
0.05156848 -1.0222378
-0.3052572 -0.81717384
-0.8598778 -0.111965254
0.2323088 -0.51907635
1.2103534 1.5318488
0.77010095 -0.6744532
0.7757417 -0.9985148
1.0705464 1.305774
0.6925708 -0.648595
1.0842347 0.32852483
-0.18823192 1.3513943
0.9494753 -0.18670574
-0.16098025 0.077718034
-0.31632957 0.6922574
-0.7218634 1.5961316
-0.85038674 0.59545803
-0.26686814 0.47736043
0.70179284 -0.73135644
0.8894007 -1.2182622
-0.11927828 0.075706646
0.7883053 1.659334
-0.1885817 -1.110804
0.49243614 1.0641303
3.319809 0.4784429
1.2321715 2.055901
-0.5033059 0.9665446
0.78554416 0.44745094
-0.4029093 0.33747196
-0.95976245 -0.32784986
-0.26295426 1.3342211
-0.55237234 0.060312226
-0.30794132 0.163819
0.007265866 1.1428676
-1.1563159 -0.32605383
1.7373685 -0.8884476
-0.4123391 -0.23962261
1.1372285 -0.65372556
-1.6283841 0.5498562
0.4863043 1.6966032
0.07378647 0.34120107
-0.17084675 0.8451481
0.46972004 -0.953577
-0.83239496 -0.042330846
1.0142174 0.2416145
0.10844284 1.048899
-0.55343676 -0.43315658
-0.16449597 -0.7478825
0.43179068 -0.6314335
1.2891798 0.6591199
-0.09722744 0.5268096
2.274401 -0.78929037
-0.05721216 1.2356868
1.2811433 0.68469787
-0.33286238 -0.7613838
0.37129387 1.403197
0.67506814 0.80759287
-0.30273956 -0.6738789
-1.2086713 -0.00965099
-0.31406847 0.122646436
0.5208243 0.26105654
0.85729253 0.110041425
-0.39716908 1.3126186
0.2670146 0.9882122
0.09897828 -0.7204462
-0.3703473 0.97740746
1.2598292 -0.46654418
0.070696115 -0.87861425
2.366514 0.89900374
1.9787779 -1.5578723
0.33154163 1.4539397
-0.87827253 -0.93682015
-0.7377579 -0.23321125
1.538795 0.63417315
0.86370873 -0.12277374
-0.2407809 -0.017851874
1.0344105 -0.090293944
1.4444534 1.1258794
-0.0950094 0.67791957
0.7356616 -0.6611758
-0.25897145 1.0565761
-0.28529683 1.0305078
-1.3642313 -0.6725068
-0.74421614 0.10779403
-0.10020876 0.18035243
-0.37026593 -0.06644122
-0.59115684 -0.11079225
0.85621595 0.42829585
1.4883671 0.080366746
0.20621514 -0.21649903
0.034756154 0.18465327
-1.1771837 0.8512075
-0.25756285 0.5937633
0.23762417 0.45081556
-0.3428927 -0.658773
1.5522859 0.056780502
0.12781048 -0.44241333
-1.2194331 -0.92055774
0.1550231 1.176643
-0.25263038 0.24265106
-1.6121528 -0.5926584
0.7664548 -0.8982795
0.3966696 -0.74511343
-1.37969 -1.1704366
-0.28583887 1.6946785
-0.13380492 0.7974334
0.2773818 1.0252588
-0.73419726 0.2518311
0.20218518 -0.076693
-0.0229602 -1.479515
2.251917 0.21585466
-0.8567103 -0.43223917
2.3875241 0.9100034
-0.5663629 -0.6076037
-1.4617658 0.04802017
-0.8217068 0.2698697
0.4357452 -0.98911226
0.44147488 0.08331849
-0.8087425 0.9045818
0.2758883 -0.7435962
-0.31633964 -0.2916255
1.2938583 -0.48939025
-1.5092204 0.45567393
2.7306154 1.0603387
0.13519448 -0.1613434
0.65905535 -0.5615287
-0.27543986 -0.62677383
-0.09817159 -0.09678306
0.25775477 -0.8809846
-0.69760346 0.4118145
-0.92726743 -0.19518192
-0.94510424 0.09604572
3.217509 -0.99575007
1.827915 0.35655713
-1.056013 -0.020395026
-0.35813195 1.0045729
-1.5851741 0.408548
0.8299521 -0.64344674
-0.4201582 -0.6094182
-0.2576856 -0.20195061
-0.24482007 -0.21948346
0.9768747 1.9687439
-0.92911303 0.43796784
0.12680358 -0.11597131
-0.7772485 0.3558933
0.42893276 0.8655578
0.5618547 -0.64650893
-1.6791525 0.3950159
-1.1621318 0.67740655
-1.1491467 -0.42553294
0.88978636 -0.87673664
0.18625051 1.4753013
-0.31340873 1.3423243
0.17666584 -1.3230816
-0.2973893 0.44537568
0.2838402 0.20848598
-0.41513425 0.05985166
-1.1236724 0.02344425
-1.389146 1.4421598
-0.12467615 0.41351706
-0.8492563 0.11881597
-0.76755786 -1.2850589
0.09275013 -0.2763989
0.16812867 -1.7527184
1.2197912 -0.5191047
0.07209495 -0.27824378
-0.84024715 -0.13180953
-0.081031725 1.0936486
-0.44395697 1.0949682
-0.6067265 0.44098598
-1.1166611 0.33705896
1.9942529 0.5616242
-1.7278748 -0.7628306
-0.16005485 -0.95934814
1.7414787 -0.7139099
1.7562435 -0.6168994
-0.042758644 -1.5629712
-0.19211307 0.11701827
-0.15417531 1.5807151
0.1645818 -0.3551286
-0.3726855 -0.47899473
0.15959463 -0.002141893
-1.1740478 0.23064323
0.017041117 1.0053933
-0.75038517 -0.19060141
-0.87650776 0.17241
0.9821209 0.90564144
0.25977543 -0.2027492
0.31487718 -0.9434607
-0.8871449 -0.43303218
-0.33236536 1.2017593
-0.24212426 0.086432084
-0.8206706 0.47121155
1.8264539 -0.23912013
-1.0063065 -0.5070621
-1.0877964 -0.3463245
-1.4375974 -0.37356243
-0.8024591 0.51442665
-0.21640983 0.79668105
-1.0671105 0.1671743
0.30951795 0.59403986
-0.3715959 0.18864097
-0.32024634 0.80120826
-0.78273404 0.77798474
0.7893239 -0.6055252
0.10017705 0.4524845
-1.1986455 1.0380946
-0.28254724 0.8329457
-0.66737914 0.46946508
-0.33174106 -0.48554012
0.20487392 0.073790565
-0.93934965 -0.29653534
0.815343 -0.9300835
0.10838547 -1.4607269
0.8554802 -0.7560498
0.9755986 -0.8442462
-0.19458404 -0.44700027
2.015287 -0.83733326
0.5047146 1.2096426
0.5624428 -0.7945402
-0.9924699 0.02436252
-0.35876733 1.2258549
-0.737357 1.0336037
0.8398018 -0.770749
-1.2480896 -0.37158987
-1.5572417 -0.7310059
2.0093644 1.0438892
0.63535273 -0.5627481
-0.48339614 0.35523057
1.0994703 -1.2975823
0.6971334 -0.44996983
1.0966388 0.80379224
1.9701355 -0.24381575
0.1730757 -0.13394697
-0.9613509 0.34493065
-1.632349 -0.1723659
-0.84693706 0.58568776
0.93542886 -0.3507986
0.33902767 0.2686227
-0.84127116 -1.0753692
0.5078651 -0.67478263
2.7792375 0.70649135
-0.28894913 -1.0178503
0.12100899 -0.14196768
-0.5355433 -0.35146913
-0.6124923 -0.35687482
-0.1170872 0.20210962
0.66679406 0.91250443
0.29437527 -0.56304085
-0.7030836 0.9264511
-1.0726926 0.44045812
-0.31089264 -0.41568398
1.1488155 0.23846589
-0.09344411 -1.359758
-0.31098187 -1.2033033
-1.9196488 -0.7884627
0.22990245 0.5952144
0.8924091 -0.25362337
-0.2403262 -0.8836282
0.21151689 -0.66669685
0.44541666 -0.62493175
1.1932633 1.0016745
0.020593822 -0.022061467
-1.3101066 0.56105703
-0.3949054 0.92140234
-1.5206535 0.26619613
1.1623832 1.5465935
3.3845227 0.07425876
0.43882784 0.08030291
0.38619038 -0.9332487
-0.18672708 0.27929813
1.0548085 0.98399925
-1.199949 -0.31793892
-0.19594678 1.1813633
-0.16627002 -0.3186827
-1.348426 -0.8553052
-1.4997466 0.2971511
0.86618066 -0.59355533
0.99182963 -0.44805557
2.6707835 -1.3759531
1.6951709 0.17997606
1.0946447 -1.005839
2.3113725 0.28070712
3.9912415 -0.20687091
0.37176093 0.4567234
-0.15346566 1.4422292
-0.21250045 -1.0463995
-0.9550812 -0.5758519
-0.42561102 0.615885
-1.3548962 1.6570033
-0.1565333 0.40702194
-0.07609579 0.6101553
0.64802766 -0.5790603
-0.43553913 0.26972872
-0.38954595 -0.5043333
1.6129652 1.0554683
-0.9400734 -1.1107821
1.5232853 0.34240013
-0.42870256 -0.52087325
0.3971512 -0.11592212
0.0939202 -0.10841243
0.56847775 -0.9364061
-0.48222345 0.009451777
0.22992581 0.042031184
-1.6342199 0.45251125
-0.33498114 0.7036967
0.47101977 0.56923187
0.30516168 -0.34212276
0.08136302 0.70565313
-0.08743739 -0.16631779
-0.04486215 -0.38476413
0.80356693 0.79600215
-0.64476633 0.8764802
-0.32831073 0.74073875
-0.7416943 -0.82066524
-0.9603944 0.23223631
0.041312635 0.8298086
-1.1213481 -0.68788826
1.5256739 -0.34710675
0.07251337 0.5431408
2.1069267 0.8951279
0.26731923 -0.16814876
-0.30348402 0.26692736
-0.14946496 0.31702852
-0.20840885 0.25010747
2.6235986 0.036118135
-0.09605174 0.9041747
1.166293 -0.12894797
-0.64204717 0.40079588
-0.20838593 -1.0923736
-0.81065655 0.03998418
0.6897162 -0.8482415
-1.311761 0.9204174
-0.67471147 -0.8800443
-1.2977566 -0.14164177
1.5175234 -0.09997907
-0.115005285 -0.476924
1.0567995 0.21454091
0.45281717 1.3786281
0.13964906 -0.5999319
-0.03784865 -1.5321715
1.737458 -1.7711289
-0.41305143 0.27821636
-0.18309069 0.37419438
-0.9556781 0.4817953
-0.36243418 -0.21389344
0.7842175 0.3238178
1.1582674 -0.54702866
0.65582275 0.7775594
-1.4321127 -3.2578323
0.29512402 0.067633346
-0.49599436 -0.0757
-0.44634366 1.8131429
0.9280561 -1.1808556
-0.55866086 0.5098997
1.6710318 0.5542889
1.9183934 1.0062506
-0.76169586 0.20561863
0.20869341 0.4941774
-0.024350718 0.825829
3.618336 -0.6092206
2.500066 -0.6455143
-0.37885022 0.19903697
-0.560962 -1.0901262
-0.34042084 0.07833995
0.83241904 -1.532748
0.14882392 0.35896742
0.2754831 1.9525977
-0.2745974 0.6312499
-0.43641385 0.37240732
1.8096185 -0.81041837
-0.39622718 0.5806851
1.0366374 0.18859918
1.2278277 -0.29847902
-0.0615391 0.39130062
1.2459812 0.35108113
-0.76861644 0.26075172
0.8071773 0.9711238
-0.6473293 1.5540631
0.69153285 -0.8699669
-0.72195 -0.6842129
-1.0903279 -0.6622855
0.29717758 -0.13155589
1.5804315 1.6232823
1.6353351 0.31863123
0.5995816 -0.7087929
0.12904105 1.1985787
4.3169827 -0.18968496
2.3763723 -0.7718739
0.588379 0.61517507
2.4866986 0.7847065
-1.3873184 -0.96768594
0.3145717 -0.87256813
1.0296466 -0.5930897
0.028463334 -0.042531714
0.6609901 -1.0088224
-0.9940728 -0.2408458
0.15074277 -0.6597532
0.35934022 -0.13261321
0.73556006 -0.94975334
0.8701433 0.64060557
0.56374466 -0.152138
2.13712 -0.4878344
0.31133208 -0.2185534
1.1001956 -1.212075
0.112142116 0.5577235
1.6161135 0.4118849
1.0734042 -0.7365587
1.0491062 -0.63772273
-0.7770015 -0.44447446
-0.20557131 1.1482925
1.3239994 -1.0260925
1.1763083 -0.081724524
2.6005661 -0.025546178
0.3178412 1.1205828
0.9963596 -0.34731573
0.39348003 1.4657531
0.6387323 0.38305336
2.2695866 0.6340166
1.5257711 -0.55070233
0.6116705 0.36983752
0.9126369 -0.56269205
-0.61212593 0.6663823
0.18212926 1.8523697
-0.7713212 0.06988962
1.4918375 0.3685493
-0.16083774 1.1760335
-0.116843164 -0.7476047
1.1329417 0.095679596
-0.5155967 0.40635353
0.0012721419 -0.34957469
1.4178535 -1.8514395
-0.3883403 -0.5604834
1.3954431 -0.58583033
0.28967753 0.30891764
0.82791126 0.09297474
-0.09173164 -0.7655746
0.793169 0.674322
-0.013368949 -1.906295
-0.5396911 0.4849825
0.25013524 0.31385952
1.7228072 -0.09615475
0.0027620494 -0.44786477
2.9998019 0.36884016
-0.64893377 0.7066591
-0.6233654 0.84665716
1.0090148 0.35112107
-0.9363986 -0.7595187
-1.2404531 0.5853463
3.3691 -0.26110035
-0.685477 -2.0180929
1.0523434 -1.2802731
1.4220197 0.22337203
0.29602006 0.47796518
1.0178597 -1.7197117
2.5002997 -0.18696868
0.80194426 -0.112058595
0.76073456 -1.1505517
-0.25821984 -1.0521101
-0.03645812 -1.6852202
1.281851 0.50659394
-0.45733055 -1.7199982
-0.47550073 0.5067421
-0.3593366 -0.38885123
0.78018653 -0.3326221
0.9876791 -0.964868
1.2481129 0.6869336
0.1335032 0.14579101
-0.7107973 -0.116165936
0.09162164 -0.72772956
0.31230083 1.2911916
0.112944335 -0.32087827
-0.5561142 -0.4828674
-0.17798328 0.5592287
0.3906416 -0.3236488
-1.0164921 0.78058076
0.36121914 0.15618886
-1.5713307 -0.7475495
0.15996903 1.2234482
0.7901658 0.026759818
-1.3720638 1.2054753
1.1336979 0.043078974
1.3889724 -0.32802147
-0.6860645 0.6460683
-1.1975147 0.257424
0.9351164 -0.20122775
1.0803378 -1.1596594
0.74585116 0.56385344
-0.8541534 0.4110809
-0.31029382 -0.06693955
0.050036162 0.74855614
1.2831769 -0.010959566
2.1206727 -0.030093864
0.49858776 -1.40092
0.8941469 0.008711159
-0.0067940205 0.28514808
-1.0668159 1.0110651
0.09002009 -0.30480167
0.8957504 -1.5263695
-0.111945465 0.9781592
2.1212463 -0.56926477
-0.7807026 -0.38596424
-1.4171064 0.31524968
-0.08774303 0.8104913
0.23037231 0.51895684
-0.80229914 -0.89193076
-0.50834984 -0.26470533
0.13423377 -0.119360164
-0.10563086 -1.0003537
-0.25301653 -0.5906991
0.41723213 0.9685899
-0.36130914 0.7550345
-0.38171306 0.25119627
0.16627875 0.4080571
1.920383 -0.8848655
0.1842472 -1.7548562
0.8149475 -0.8053969
-0.10391678 1.1359494
1.4346483 -0.5371868
0.053454757 -0.7177833
-1.8583964 0.074235424
-0.9600433 -0.3558352
1.0202247 0.4543959
-0.957075 -0.84566045
0.82472837 -1.418485
-0.5189935 0.986701
0.049761444 1.8375508
-0.5224043 0.3999251
-1.3217978 -1.5342046
0.6183027 1.8881041
0.01084587 0.3577695
0.3168246 0.22170977
0.2428377 1.0611186
0.11334586 0.7596734
1.1534524 -0.42706707
0.5446557 -0.42854285
-0.1791549 -1.051229
1.2980539 0.692726
-0.94290733 -0.984593
-1.6592708 -1.4062009
-0.958954 -0.7252546
0.8354707 -0.5501784
0.10826513 -0.8378847
0.24118951 0.3530432
0.29413852 -0.7330398
-0.08828977 0.39389122
-0.94160414 0.9100925
0.93321407 -0.93378204
1.176136 0.86965597
2.3015182 0.0022226423
1.5839564 -1.5272983
-0.17714003 -0.8817642
2.166834 -0.021755889
0.46401295 1.514084
1.3044944 -1.2016351
-0.9449214 0.4286719
1.931171 -0.6181833
0.22786173 -0.74905956
-0.8145857 1.0796006
3.8649683 -0.30139577
-0.17668252 0.87839115
-0.7566695 0.87524915
-1.1793991 0.26214045
-0.0698362 1.9143783
1.1879979 -0.42348453
-0.4604685 1.447609
-0.69534993 0.29278433
0.55425465 1.1688093
-0.38520348 -0.38600695
-0.24854672 -0.23570292
0.84626424 -0.8200695
0.71855927 0.7520692
-0.3221033 0.8490102
1.092615 -1.2642817
-0.94155836 -0.13550353
1.0783708 -1.4308296
1.2693985 0.81784
-0.8063191 0.8247453
-0.044755474 0.78621495
-0.10533643 0.3016963
-0.82463586 -0.5349489
-0.38337088 -0.8776338
0.036973953 0.4410724
-0.1171609 -0.5948454
1.2241844 0.19454964
-0.5389149 0.35158682
0.65614355 -2.3089306
-0.086706 -0.21358201
-1.5469629 -1.7948194
-0.21706092 -1.5573045
-1.2982005 0.53040993
0.90134454 1.4198382
-0.41981375 -0.82853436
-0.84725475 0.60739255
-0.84188926 0.791929
-0.7903167 -0.07063648
-0.08396037 -1.454181
-0.9224497 0.15167536
-1.4421103 -0.13302669
1.8998106 -0.2604397
-0.49870718 -0.6821386
-0.6010163 0.92144406
-0.88988245 -0.3686406
-0.5470683 -0.12327822
0.35069385 -1.6046779
-0.18199512 0.045113042
-0.7979318 -0.38799405
0.9348805 0.020377472
-0.03840719 -0.6935199
0.9927592 1.9524897
-0.39213598 -1.0234519
-0.1788454 -0.7139585
0.30107 -0.22652341
-1.1559854 -0.3307445
0.51773286 -1.4692708
-0.10772835 0.08684559
-1.3059704 0.18124942
1.4687817 1.2631701
0.2603744 -0.91847956
-0.7738167 0.3982792
0.9231224 0.9887378
1.4470565 -0.019846424
0.42594996 -0.08333722
2.0540557 -0.7275288
-0.38685504 -1.4681257
0.011547744 0.57793814
0.09628695 -0.22918227
-0.07776527 -0.6240944
-0.23120433 1.1192039
0.15235227 1.181798
-0.29898578 0.1518899
1.2463003 -0.8030884
-0.5482018 -1.6025816
-0.007867187 0.7564059
-0.9567703 0.34084266
0.6734568 -0.60524064
0.10007 -0.006216049
1.2382603 0.30245346
0.44875047 -0.21728729
-1.0463761 0.8282428
0.31708017 0.18394922
-1.0323931 -0.5614603
-0.3405245 0.7035603
0.08934131 -0.8755158
0.114732325 0.45356524
0.009469271 -0.5031978
0.3560849 0.9793943
0.5504197 -0.6714314
1.26602 -0.7826242
-0.507395 0.21526025
-0.64578557 -0.008733153
-0.5666758 0.41807115
-0.4759419 -0.018380389
0.10547131 1.2046413
0.018599123 0.81734
-1.9866585 0.65407777
0.4198495 0.070068404
0.5820757 0.2461332
-0.20943436 -0.94555426
-0.39567387 0.29137313
-0.2345588 -0.95878077
-0.12265794 0.5293346
-0.78321326 1.1866666
-0.5719459 -1.380056
2.0714953 0.24721225
-0.8141391 -1.4530027
1.0185748 0.088762745
0.77456665 -1.6319445
-0.466437 -1.052998
0.30558112 -1.5513992
-0.09201592 -0.0218094
-1.0716319 0.052507
1.5675722 -0.3419093
0.23816606 0.17443644
1.8885787 -1.2966619
0.72871196 -0.9861915
-0.7402147 -0.3362973
0.09982705 0.16515924
1.2950388 -1.4623319
1.2440156 -0.07482092
2.184209 0.18533753
0.34883538 0.0399888
0.12309629 0.51765436
0.0030964613 -0.9449623
-1.3089325 -2.3755128
2.179876 0.10010217
-0.65361345 0.45076126
-1.5392978 -0.072493315
-0.10568689 -0.25867653
0.4386594 1.4960402
-0.49164075 -0.34567586
0.1545339 0.4835636
-1.302705 0.96984243
0.9235718 1.4344049
-0.60539544 1.445822
-0.35492575 -0.36156958
-1.0805254 1.648102
-0.71267414 -0.5901015
0.21427917 -0.4535907
0.12328121 0.79431427
-0.67601025 -0.6379843
0.1583147 0.8016496
-0.7584847 -1.4890232
0.3215877 0.6561051
1.3570478 -1.0372567
0.79884315 -0.52684635
1.1952152 -1.27953
1.458033 0.951725
-0.26078624 0.68134767
1.0189942 -1.372079
-0.8023486 0.48889762
-0.393039 -0.8710716
-1.2003955 0.01706709
1.2774055 -0.54694355
0.63389194 0.08673422
2.3468895 0.88127816
0.72898495 -1.0933385
0.0016579926 -0.121348776
0.4363335 1.7135475
-1.1839575 0.76579726
1.3046445 0.03791149
-0.4454614 0.9776412
0.5290785 0.38578898
-0.28561693 -0.26024887
-0.12733081 0.26600534
2.2145708 -0.3346966
1.1144872 -0.27808857
1.0647873 -1.5495737
0.06994015 0.41990787
0.44411805 0.13202985
-0.3753834 -0.3866417
0.24395469 -0.42593876
0.30718294 1.5636129
-0.8332895 -0.6217851
1.1726108 -0.8069005
0.26203325 0.49425864
-0.78147733 0.013011083
0.58817816 -0.3933373
-0.20954172 0.7199194
1.0013975 -0.23052354
-1.1775041 -0.049972564
0.20902956 0.82249
-0.07397464 0.2758783
-0.22928229 -0.32570764
0.054885447 -1.2379732
-0.05639717 1.001274
0.3268791 -1.335266
-0.2215445 -0.23090015
1.8381102 -0.3352651
1.1787778 -0.29575193
0.87466514 -0.25672004
-0.6449493 -0.37038788
1.6760315 1.0560647
1.776088 0.26547414
0.023055226 1.1264579
-0.08876094 1.7670041
-0.10036419 -1.2900997
-0.08134049 -0.030787334
0.58270526 1.0870818
0.73528814 0.11822085
-0.5478892 1.4426463
-0.1643931 -0.7645699
0.318868 0.11566268
1.1361914 0.18010925
-0.50294715 1.998557
0.0066894293 0.708159
0.65523446 -0.5574374
0.121748686 1.950122
-0.07283017 -0.24240561
1.0899068 1.6812183
0.7962022 -0.43817163
-0.27010772 -1.4497994
-0.51754177 -0.54679
0.48838356 -0.36331373
-0.77365696 0.6502758
0.13394171 0.3745147
0.22353849 0.37668633
-0.33310068 -0.6312263
0.39495847 0.8292173
0.22741178 -0.20115562
-2.2125597 -1.7000332
0.26436308 -1.0711246
2.9269083 1.5612805
-0.14264593 0.6951133
0.17918146 0.6754255
0.9180825 -0.56306905
-0.56832814 0.5283397
0.4560807 -1.7891909
-0.51220894 0.024218634
-0.24224634 -0.5825192
0.89817345 -0.2100878
-0.3222219 -1.6090981
-1.2396307 -0.12280242
0.37415704 -0.26627472
0.1584399 -0.116120026
-0.041745573 -0.23477812
1.5035284 -0.29789168
-0.5042663 -0.6634155
0.035558462 0.9156084
-1.8936676 -0.63249147
-2.416108 0.2692122
-0.08823082 -2.095162
-0.53028464 0.59338385
-0.41813436 -0.36699244
1.2710298 1.1111267
-1.1922057 -1.2289255
2.0472124 0.64926285
-0.27647856 -0.115992315
-1.2876711 -0.04610838
0.17786616 0.029927239
-0.7260121 0.7147857
0.12565106 -0.013862237
2.161315 -1.1045771
0.7526945 -0.76478094
-0.48055553 0.0091763735
-0.3775328 0.44307876
0.7146435 -0.8714887
-0.86704314 -0.6647699
0.81753445 -1.1056634
-1.2698456 0.0873885
0.19930014 -0.32116446
-0.6356869 0.80535865
-0.2577872 0.68967724
-0.4576532 -1.1063515
-0.8235849 0.62196946
-0.0016357452 -0.39040768
2.3737178 1.2096467
1.8178906 -0.12327551
-0.2926081 -1.3250505
-0.7535651 0.90273213
1.2373419 -1.3084756
-0.045681074 -0.009184256
0.8060131 1.4981778
0.5904374 0.8895525
1.4417454 -0.11528386
1.9285088 -1.4386563
-0.34862632 0.65124255
1.139221 0.70576084
-0.093483925 -0.17341007
1.9251587 -0.83811957
1.2852601 -1.2743032
-0.35114396 0.38016862
2.1086688 -1.076789
-0.44699323 0.5540386
0.1001735 0.7062487
0.572109 -1.202826
0.17209196 0.72772443
0.56028354 0.4228865
-0.73615146 0.21048148
2.6856968 -1.4511842
-0.14825591 0.0052684397
-0.3101212 0.44211006
-0.7400085 -2.6397157
-0.19803543 0.23325722
-1.0682241 0.852427
2.0474007 0.31736833
-0.25957295 -0.057348534
0.79054224 -0.5291456
2.5969496 0.1809281
-0.088060826 -0.8197485
-1.2927245 0.12958957
0.4788039 -0.43961048
3.0290112 -0.10506235
-1.0465515 0.08273266
-1.2998185 0.7310451
-1.5935334 -0.052864
0.8607991 -0.91222125
0.9339123 0.062332973
-0.37587038 1.6420445
2.093811 -1.643428
-0.10672358 1.3208054
-0.35647094 -0.8974261
-0.35784236 1.5377114
-0.94149613 0.19618537
0.48101667 0.24854358
0.12582147 0.82628345
-0.2958481 -0.38829976
0.7032714 2.1187754
-0.37891114 0.31141222
2.5541763 -0.083057016
0.7567171 -1.135757
-0.7821187 -1.4839386
-0.58840936 -0.3616014
-0.13464954 -0.93191165
1.4830018 -0.6445194
-0.81912935 0.5330412
-1.6350425 -0.592978
0.17451599 0.5537872
-0.37511075 0.6743017
0.48570243 1.360096
-0.8515469 -0.3148247
-0.31598675 -0.5824477
2.4047928 0.008764431
-0.8035201 -0.36220104
-0.89069426 -0.9592585
0.3256882 1.3005376
0.8526894 0.87041545
0.123292804 0.50207454
-0.05195771 -0.5117646
0.26336756 0.43372297
0.34235474 1.6278468
0.95934856 1.7426416
-0.14135191 -1.6932766
0.5421035 0.006149724
0.5911592 -0.7498955
2.3794403 0.8779613
-1.2985786 1.1457328
-0.9832026 0.60218525
-0.5175135 -0.43188998
1.9299026 -0.7004235
-0.057563037 -1.2130464
0.86929953 -2.054273
-0.0037021488 -0.32147974
0.041658014 0.114267096
-0.70166135 0.7026606
0.13608733 0.32501006
-0.59294605 -0.19701856
0.51604414 0.79911315
-0.96484804 0.66040045
0.33686903 -0.25163385
2.2439666 0.16451843
-0.42965183 0.49903667
0.7973398 -1.4074163
-0.577569 -0.06996496
-0.83203244 0.7290564
0.40051833 -0.3619877
1.1325507 0.7141864
2.233092 -0.77959144
0.511986 -0.08996454
0.3631464 -0.15485615
1.4050955 1.1602931
-0.62228477 -0.29159546
-0.11484487 -1.0596054
0.92554057 0.8457236
-0.4969251 -0.090477884
0.20845354 0.08246593
1.0181053 -0.9213867
1.1658622 0.14330919
-1.4173579 1.5545316
-0.5889018 1.5379852
0.114117086 0.05558385
0.09332454 0.35377097
0.10037768 1.0208899
-0.56959945 0.49964988
0.4162266 -0.44867826
0.95437634 0.4364667
1.1389214 1.892677
-2.0165846 0.2381246
-1.1898843 0.46494693
0.24660513 0.1762308
-0.1453977 0.39297706
-0.205705 0.41756046
0.13526228 -0.2932209
0.6489506 -1.0294496
-0.8295858 -0.101354286
-0.4228539 1.8760504
-0.29953444 1.4970057
-1.1258081 0.7123757
0.21121338 0.50756323
-0.34474578 1.9200102
-0.33840442 -0.013454452
-0.53954774 1.3795131
-0.08200039 -1.2822863
0.15162835 0.63598317
0.21745798 -0.9277293
0.44440868 -0.15668197
-0.6477852 -1.2753193
-0.3486034 0.35101342
-0.32987374 0.24732856
0.25231162 0.3247335
0.77995825 -0.94551075
0.59622216 -0.20887657
-1.2647622 0.34672642
-1.0687513 -0.38698792
0.4250094 1.400973
0.34114334 -0.3838119
0.46495023 -0.6583392
-0.5983792 -1.2529428
-0.050294682 2.23135
0.74504435 0.10177289
-1.2845883 -0.2841841
-0.11407122 0.16250588
-0.10302879 0.40881348
1.3908207 0.52395195
1.5679984 -1.0303564
2.3942707 0.23883076
-1.0269192 -0.57972604
-1.3283329 0.77204823
-0.33419386 0.1868024
0.7351861 -0.7224417
0.73470426 0.5746915
-0.67656446 -0.74203706
0.47645983 0.44547296
-0.8976985 0.60609835
-0.114976555 -0.9616409
-1.0013326 -1.9019988
-0.21978557 -1.0638937
2.0506651 1.417977
-0.6217834 -1.0123577
2.176838 0.37885034
-1.4191358 -0.2509962
-0.3407746 0.30323094
-1.1758715 -0.71995395
0.2654284 -1.6627591
-0.19766895 0.87130046
1.6007422 0.70371515
-0.74814427 -1.2393169
1.037448 -0.107004195
-0.8231213 1.2390333
-1.0665002 -0.5263994
0.19262722 0.08487542
0.20716119 0.27093542
0.061540395 -0.8401089
0.31767115 -0.21594892
0.13870218 -0.7230041
0.8877295 -0.1623131
-0.31249696 0.78662574
0.17702594 -1.172386
0.8128427 -1.389368
2.7288094 -0.41362995
-0.4299816 -1.9195911
-0.55334496 -0.06750953
1.3752222 -1.0807183
-0.062366262 -0.66714764
0.90612733 1.3965299
-0.5811361 0.6726774
-0.28336835 0.96893406
-0.26941606 0.55235326
1.0440193 -1.2953154
-1.5754694 0.8387499
0.9718189 -1.603064
-0.7219945 0.15195598
-0.4267787 1.2579278
0.23876837 -0.19713199
-2.018503 0.33092648
1.047679 0.0074941665
-0.020422623 -0.23508914
-0.5671678 -0.77206445
0.9498683 0.32649624
0.89655304 -0.64248985
-0.65982664 -1.2142047
0.61719906 -0.5793719
0.7294159 -0.16282502
-0.3064595 0.7345723
-1.3599243 -0.30298436
1.6317652 0.7028087
1.1775181 -0.3461079
0.083945006 -0.48805967
0.42605868 1.1766554
-0.008979902 -0.36168006
-0.88073266 0.1553336
-0.25576907 -0.11521524
1.2997768 -1.6745588
-0.31517583 -0.27908552
-0.4910255 -0.18175268
-0.64727753 1.2511553
-1.8480121 1.0823067
-0.49165967 1.3096813
-0.49573612 -0.457433
0.5935776 -0.024183944
0.8873639 1.2582824
0.8220382 -0.48517206
0.47329006 -0.07280649
0.28165218 -0.37272996
1.0011933 -1.1813825
-0.08198322 0.6977836
-0.5341457 0.17132814
-0.28493074 0.0007686615
-1.032491 -1.8637085
-0.15895894 -0.45735812
-0.28728098 0.85950565
-0.89409804 -1.2674289
-0.7827027 0.11323394
-0.039424032 -0.17916286
0.23497951 0.906023
0.8561051 0.39415926
2.5030882 -1.2707739
-0.13588111 -1.1393831
0.11329064 -0.39673153
-0.23961985 -0.10506889
0.7842431 -0.24651909
0.35233584 0.5023495
-0.10330252 -1.0583465
-0.20179634 0.63682395
0.09071371 1.0623052
0.51171684 -0.98223203
-0.06722459 -0.8271332
-1.3010365 0.10625218
-1.0891967 -0.25956872
0.33899137 -0.6273425
0.3081229 0.5811341
0.021836102 0.89445305
2.5536509 -0.14859326
-0.4579578 1.0926176
-0.07518582 0.5357221
-0.32205942 -0.9412911
0.59934163 -1.2979394
0.7793957 -0.44952974
-0.086973935 0.32850558
-1.4567492 -1.8674862
-0.4067948 0.18021585
0.24594516 0.37990552
-1.5942239 -0.48046967
2.8921819 -0.8119888
-1.4489948 0.2061464
-0.07756691 0.00932847
0.7403238 -0.8626565
-0.818025 -0.98017657
0.6425011 -1.3405925
-0.3046398 0.17346413
1.0793623 -1.4531592
-1.3460479 -1.4629681
-0.04915102 -0.3666291
-1.2940269 1.3229713
-0.47944605 -0.06805503
0.16681257 1.4904029
-0.7469889 -0.4414692
-0.44110742 0.1770324
0.77925146 -0.14628297
-0.06656343 -2.0181863
0.16324237 -0.13256794
2.4241414 1.8807498
-1.0659615 0.27109152
-0.3246016 -0.17237943
-0.8409594 -1.3068904
0.6219287 0.78982174
0.89479566 1.2670974
-0.5807117 1.3680184
-0.9329215 0.18826206
-0.90144753 0.7112903
-0.28803462 0.30682325
0.27002874 -0.32945043
-0.4959097 -0.5415355
0.36422554 0.18299882
1.4168965 -1.1357559
0.5911292 -0.3511387
0.43800655 0.26674002
-0.2012243 -0.6647016
0.22522351 -1.7257777
0.4102458 -0.1546966
0.6693082 0.053158984
-0.12818724 -0.67387
-0.17873716 1.2880555
-1.6884427 -2.1766834
0.9077579 -1.0107613
-1.1850644 -0.395209
1.4798894 -0.16096005
1.5350245 1.5385201
-0.9515954 0.5020644
0.47516617 -0.9080738
-0.733654 -1.0699188
0.6863948 0.33674097
0.46029714 0.120799616
0.16210583 0.0119116455
-0.58207583 -0.06437501
0.2567248 0.22279538
0.27712277 0.66048896
1.3472888 0.3455752
0.7502948 -0.83309305
0.57389486 0.43811375
-0.25317603 -0.81586546
-0.14776856 0.5459667
-0.05996114 -0.31889686
-0.10368654 0.25236726
0.41398147 0.85291755
-1.3226013 0.61630243
2.073963 0.41151828
-0.799989 -0.59346205
0.18928567 -0.9129851
2.1544616 1.4204199
1.8564415 1.1509725
-0.41790706 -0.036747232
1.3261976 0.056576267
-0.51324373 0.207601
-0.9084053 0.96772265
0.57080054 -0.65074277
0.32110515 -0.3233917
-1.071518 0.05705245
0.24893266 -0.77818716
0.5891578 0.53141207
0.46071437 0.08176367
0.115192264 0.76000816
-0.44845057 0.37948954
1.5906299 -0.66216123
-0.87852454 0.97607636
1.082868 -0.18591897
0.71363664 -1.0819017
0.55550265 1.1959108
0.64363503 -1.8476865
-0.39458507 0.877216
-0.18528351 1.5073484
-0.39055842 1.0293096
1.0116335 0.9874662
0.7164042 -0.13610172
0.7357899 0.24166478
-0.28917924 -0.68292594
-0.18802945 0.7017351
1.3879746 -0.52134323
1.1291883 -1.1524518
1.065875 -0.34034896
0.35061267 -1.1062757
0.37070242 -0.021717414
0.21198982 1.1552132
0.031681657 0.10197018
-1.2057666 0.61925817
0.26990286 0.6619341
-1.1010462 -0.58053875
2.1547084 -0.39543784
0.35127065 1.4737791
0.16473562 -1.1952219
-0.67357504 -0.6081078
-0.76776695 1.2441148
0.6978873 0.572496
0.324829 -1.0402284
1.5457085 -0.788574
-1.014642 -2.2941375
-1.3929005 -0.0409109
0.5308099 0.25606203
-0.20558769 -1.3765752
0.2652584 0.06439321
1.3091027 -0.90131056
0.8949803 0.5634942
1.3229424 0.6677669
0.4142441 -1.2696553
2.1129017 -0.0014645159
0.44745132 0.05839236
1.1727908 -1.0521337
1.2328643 -0.5018768
-0.5360553 -0.22275028
-0.12212767 0.42752522
-1.0800453 -0.5231408
-0.5380641 -0.9964373
-0.7089323 -0.09389147
0.48396817 1.2057323
-1.2011743 -1.6002187
0.46920738 -0.031629294
-0.40509623 -0.15670061
0.5248809 0.7251076
-1.490903 0.6312933
1.460955 -0.13338467
2.0078647 1.8027822
-0.3728967 -1.373334
0.0050673783 1.7641011
0.88502765 0.50970167
-1.2709289 0.8045337
1.0734717 -1.0583386
-0.71873975 0.2410777
-0.02748546 -1.0427628
1.9880126 0.65967184
1.3118548 0.05987422
-0.48677528 0.21488594
-0.106576055 1.8408943
2.0956762 -0.8219972
0.18185008 0.21219034
0.06955689 0.8481432
0.3376101 -0.82649016
1.539949 0.8849094
0.46859726 -1.9683844
-0.3273413 0.42824858
-0.27237952 0.56235915
-0.64483774 0.22993945
0.39262936 0.03332831
-0.848614 0.3735152
-0.7103054 0.15212391
-0.4114952 0.57092863
0.8339001 -0.3418137
-0.989625 -0.35546604
-2.0951939 0.2771477
0.73057497 -1.0054371
0.07412341 0.65996945
-1.2715323 0.62168014
-0.9210248 -0.3898616
-0.57539296 0.96480715
-0.50731635 -0.37674057
-0.005255416 1.989241
0.57537675 0.38759083
0.17615867 0.28519452
0.43366155 1.3701457
0.6249821 0.55881363
0.84626985 1.1784697
1.3929572 1.5898967
-0.46655455 0.41541302
1.2119685 0.8573369
0.23911044 0.55169433
-1.4212931 -0.9592749
-0.7061883 0.38732892
0.853238 1.8418435
-0.27368715 0.045945153
-1.0063686 0.08427854
-0.3559886 -0.114217386
-0.64362967 0.027083293
0.4757184 0.49382687
1.9622645 -0.07618642
-0.89527595 -0.1785414
0.041027427 -0.27655938
-0.79768395 -0.377284
0.1561305 -1.4650875
0.816761 -0.41788125
-0.9988729 0.09152533
-0.65069985 -0.37647277
-0.76107216 0.3860485
0.68850243 -1.1921399
0.47106144 1.961826
-0.028224275 0.48984474
-0.251094 -1.4021585
0.61191773 -0.3285863
1.3130476 0.13295527
-0.5139174 0.04900299
1.3473301 -0.20699453
-0.6265861 -1.61563
-0.48442274 0.8949021
-0.55930865 -0.34658605
0.5143111 0.39096326
-0.7043965 0.33662552
-0.4299726 -0.4817264
0.087987185 -1.2826931
1.3670741 -0.6322654
