-3.0402377 -1.4994017
-1.2880222 -3.383967
-3.808794 -3.1096919
-3.3913772 -2.8996325
-3.0475042 -3.4380445
-3.5276675 -3.1175852
-2.594514 -3.3518186
-2.2701821 -2.6724048
-3.245921 -3.1745977
-2.7808156 -3.4689255
-1.9576383 -3.3918962
-3.0131953 -2.1811707
-3.3916771 -3.6879442
-2.4784718 -3.2776437
-3.0458305 -1.9647918
-3.6312497 -1.9125957
-3.3890598 -2.752718
-1.6005524 -4.0178895
-2.8112218 -2.661475
-1.9156237 -3.1643589
-3.0976167 -3.8245335
-2.9174979 -2.371846
-2.5598218 -3.931834
-1.3527751 -3.987485
-3.5073743 -2.7330835
-2.3793159 -3.2396498
-4.7246785 -3.631888
-2.8678591 -3.5870419
-3.0124948 -2.7980878
-2.5333335 -1.348783
-4.3280373 -3.0760417
-2.519361 -2.3422847
-1.9023281 -4.8199825
-3.8674533 -2.285493
-3.313024 -2.7957082
-3.3349104 -2.914694
-2.3741183 -2.7647002
-3.5214508 -1.9814625
-3.3918889 -3.2330453
-3.1172264 -2.987929
-2.747501 -1.6120214
-1.9721441 -2.943472
-1.9186898 -1.1649156
-2.8746147 -2.8955436
-3.0420496 -1.7097228
-3.6311417 -2.6660016
-2.3656394 -0.4126497
-2.5816336 -3.080308
-3.425558 -1.6032834
-3.688223 -2.8264303
-2.9921901 -3.3254747
-2.4371934 -3.127877
-1.7015713 -4.280283
-2.6998725 -2.898123
-2.0463402 -2.87599
-1.737094 -3.6357703
-2.3679886 -2.8304596
-2.951521 -2.6395106
-4.1438684 -2.4643726
-2.35589 -2.6467853
-4.0432515 -2.4612648
-3.8582404 -2.2862353
-2.5889163 -2.478932
-3.9769526 -2.358769
-3.3445802 -3.406354
-2.1625593 -3.2101357
-2.141854 -3.538735
-2.630907 -2.1340888
-2.0956223 -1.6926993
-0.5229288 -4.0834274
-2.8892286 -3.1990771
-1.8571426 -4.1208262
-3.0025022 -4.120715
-5.3282714 -3.7449162
-2.631342 -3.2296112
-2.4096386 -2.3485293
-2.2134073 -2.7893667
-2.8796952 -3.3472946
-2.2870224 -2.8070943
-2.7526152 -2.8699195
-2.8299787 -2.988897
-3.051061 -1.8264248
-1.5689592 -3.6747944
-2.7142208 -2.5073962
-3.4505916 -3.0666153
-2.7217038 -3.05663
-2.8003626 -3.3939064
-3.6231349 -1.5787911
-3.5848937 -3.07389
-2.325185 -3.1595035
-2.0369003 -2.6847124
-2.4868467 -3.4742093
-2.5371397 -3.6319807
-2.569567 -3.3644152
-3.6079252 -3.3092067
-3.2381728 -2.197392
-3.0236359 -4.4263806
-3.9630075 -2.7070432
-1.848549 -2.7176962
-3.5447981 -1.4152049
-3.4171236 -3.7466714
-3.90525 -2.623619
-3.8317032 -1.4893246
-2.6341524 -1.8625973
-3.2605453 -1.7284025
-3.3204136 -4.0605755
-3.9825616 -2.1878583
-2.406755 -3.1808348
-2.1982489 -3.2211704
-2.657545 -2.3546383
-3.2534816 -2.9782307
-2.4843998 -2.905313
-2.7002966 -3.444972
-2.7903237 -1.7342538
-4.0014763 -2.4946985
-2.9588757 -3.0783966
-3.5113404 -3.087089
-2.5308325 -3.4589338
-1.8275778 -3.5245972
-1.9411652 -3.3903997
-3.1168518 -2.3228416
-1.1985258 -3.5570302
-4.460537 -3.0020366
-2.3656554 -3.050213
-1.9287183 -2.7750926
-3.014234 -2.3957555
-1.1400323 -2.2498164
-2.6510172 -2.7902217
-2.2493827 -2.9427316
-3.1491027 -3.1251924
-2.5867116 -2.5495439
-2.2308125 -4.2874937
-3.0910723 -1.7722124
-2.4887319 -2.9435942
-2.824987 -2.8146856
-2.676861 -3.4981515
-3.6786072 -4.016376
-3.1570976 -2.8605242
-2.6951067 -3.3562014
-3.4523509 -3.5242062
-1.6576362 -1.9011501
-2.3435137 -2.2854707
-3.216925 -2.5003088
-3.1361263 -1.3032846
-2.1472855 -2.7445908
-1.916787 -3.7430804
-4.426103 -4.3009653
-2.6178272 -3.5270367
-3.3487945 -3.5659957
-2.8473306 -3.1098912
-2.919554 -1.9509352
-2.6312094 -3.4513102
-2.6832302 -2.3473468
-2.2705336 -2.312158
-2.495897 -2.8976946
-1.9180952 -2.5169613
-2.1762013 -2.7744637
-3.143544 -2.006955
-3.172835 -1.9194359
-3.4942257 -2.8616087
-2.2488992 -4.679447
-4.1768284 -2.9072738
-3.0583134 -4.1089816
-2.4631066 -3.4968636
-4.408527 -3.0914347
-1.5781126 -3.7913303
-3.815461 -2.8311594
-4.000142 -2.3254
-2.213989 -2.7262976
-1.123082 -4.3716316
-2.5588973 -2.1118057
-2.9756606 -3.2839477
-2.028649 -2.5869195
-2.0218363 -3.2967865
-3.5081954 -2.1317585
-3.3712142 -1.9436473
-2.5570714 -3.2779975
-3.1817336 -1.8285807
-2.8105085 -3.086782
-3.8769817 -2.373995
-2.6548138 -2.4277408
-3.2278557 -2.1909378
-2.861774 -3.023956
-1.9888774 -3.3773112
-2.3361452 -3.4321802
-3.2881448 -1.837616
-2.9031398 -2.0279486
-3.7073417 -3.3845503
-5.5717783 -4.9863014
-3.3592613 -3.8439372
-2.3613112 -3.1099956
-2.2724133 -2.9602907
-3.799542 -2.6769326
-2.6154437 -1.9386816
-2.0849571 -2.1829348
-3.0685613 -1.9799546
-3.6591837 -2.0981338
-3.622035 -1.8302242
-2.253321 -4.270326
-3.4698417 -1.5524778
-2.8959115 -3.1554842
-2.074529 -2.813083
-2.7910109 -2.6665757
-2.215638 -1.6816769
-2.7218375 -3.3775756
-2.0451405 -4.1938105
-2.3749044 -1.3978679
-2.368354 -4.1342177
-2.0446634 -3.653155
-0.75263107 -2.5784843
-1.7699642 -2.7872717
-2.6741202 -2.4374423
-1.348631 -4.0689726
-2.1415102 -2.4267933
-3.2736473 -4.428602
-3.6570137 -2.543434
-2.305442 -3.7095783
-3.8166306 -2.2753987
-3.2280757 -3.7712734
-2.6702971 -2.2980065
-3.8368483 -1.8252696
-2.1532404 -4.121378
-1.8178248 -2.828135
-1.8667816 -3.7024918
-2.4487677 -2.1466947
-1.690524 -2.9921112
-4.2237034 -1.8891581
-2.604009 -3.5989246
-1.8512995 -3.7618139
-2.8856301 -2.6839607
-3.3828566 -2.4032924
-2.7376316 -2.9961002
-3.1464767 -2.3927588
-3.4378757 -2.2121813
-3.144931 -3.5846722
-2.559888 -3.9737225
-2.9472172 -2.8647597
-3.4448016 -3.5722318
-1.6789792 -3.4091923
-3.229989 -0.59519184
-3.8133848 -2.4247465
-3.7821777 -3.8470116
-3.8532996 -3.1040275
-2.3155658 -2.6586688
-2.0235376 -4.693082
-3.589543 -2.415384
-2.9776738 -3.5137012
-3.0332785 -3.4688706
-2.6447964 -2.8710024
-4.0973535 -3.6882403
-2.5869055 -2.285982
-3.5138338 -1.0932088
-3.3661947 -2.1706374
-3.0774746 -2.99235
-2.9553177 -2.759483
-3.6314988 -3.6216106
-3.2758336 -2.1843336
-2.7282934 -1.9582356
-3.1157029 -2.43439
-1.599442 -4.3034687
-3.464032 -1.9356166
-3.890674 -3.7980382
-2.645865 -2.2860627
-3.009167 -2.2715704
-3.7060845 -4.7219524
-3.854236 -2.9864342
-2.3874395 -3.7650065
-2.285942 -2.3150926
-1.3632888 -3.952741
-2.9542325 -2.5724187
-3.7742484 -2.2826345
-2.286884 -3.6780546
-2.8577197 -2.0402653
-2.086545 -3.3218467
-3.0948715 -3.6978648
-2.8020768 -2.9405928
-2.5852098 -2.729859
-3.4665422 -3.1106822
-3.6271365 -3.27604
-1.9986436 -2.5497987
-3.5531065 -4.603426
-2.1202219 -2.7905383
-3.585565 -2.403195
-1.6893405 -4.522048
-2.657521 -1.0025927
-2.8546302 -3.4308593
-3.1341298 -3.6673758
-2.0639484 -3.4281797
-5.3865914 -3.7835753
-2.8469527 -1.9032391
-3.0890982 -3.0067894
-3.718399 -1.9896394
-3.4728796 -2.5937977
-4.502246 -4.192899
-2.9490752 -2.174303
-3.9447408 -2.1085505
-3.1911488 -2.7522118
-2.2204447 -4.432926
-2.2454488 -3.0061653
-3.1438403 -2.8600707
-3.4847505 -4.053382
-2.184943 -2.3783438
-1.8731724 -4.4870367
-1.9055107 -4.07017
-3.242676 -3.1544492
-1.9421954 -1.6204283
-2.8778243 -2.4248242
-2.0426817 -4.017964
-1.6783013 -3.264748
-4.124531 -2.1442804
-2.705874 -2.5799987
-1.8364292 -3.1794178
-3.15845 -3.5410252
-2.612627 -4.406336
-4.0149426 -3.8033237
-2.7362046 -3.484893
-2.8174949 -2.2385762
-4.160842 -2.630211
-3.5427818 -2.58579
-2.9179885 -3.6005497
-3.6609392 -3.0587912
-1.9152392 -4.0823684
-1.151047 -2.933681
-2.3441978 -3.0579789
-2.2957628 -3.2262995
-1.1517485 -4.4537735
-2.1615388 -1.3600464
-2.7382953 -2.7048726
-3.9950945 -2.891724
-2.5635011 -2.3146753
-3.5265653 -3.8428948
-2.2422059 -4.0267315
-3.7755227 -2.443342
-2.5956237 -5.1215587
-4.6613083 -3.1600716
-3.1665761 -1.9632313
-3.6904635 -2.7086473
-3.5524242 -1.9992292
-3.9267137 -3.4404182
-1.6173544 -1.1600944
-2.557864 -3.5193942
-3.0545373 -3.4556193
-3.2971342 -2.9435003
-3.367491 -2.5187218
-2.5107603 -3.429873
-1.5526171 -4.0290394
-3.4798384 -3.751055
-3.1599457 -2.8882008
-3.427149 -2.2864172
-3.1629956 -3.6932569
-2.6108546 -4.214275
-1.6226234 -3.9568465
-2.9728827 -2.3905952
-2.9106703 -2.7179885
-2.1080046 -4.617343
-3.482761 -2.7255468
-1.8155646 -2.01837
-2.1237934 -2.2613046
-2.7777326 -3.3392775
-0.3916998 -3.612763
-3.072024 -3.3806732
-2.953257 -1.8771776
-2.0026143 -1.4430614
-0.8511623 -3.0647295
-3.1341827 -2.5422578
-3.3762772 -2.4699657
-3.2520428 -3.4928114
-2.8314066 -3.5605743
-2.5625324 -3.394816
-3.536995 -2.822524
-2.9066584 -2.926708
-3.300159 -1.6651748
-2.7279122 -3.2288482
-2.5115998 -3.9666092
-3.6648219 -2.4249434
-3.361581 -2.964652
-3.125369 -3.0263302
-2.5120995 -2.5993032
-1.8898743 -3.4866934
-2.9883 -3.4644809
-0.9435739 -4.143077
-1.5085318 -3.953765
-0.9183525 -2.745057
-2.5187068 -1.33793
-3.3512797 -2.8677077
-2.1292374 -2.8115706
-3.5182195 -3.1761613
-1.9514796 -4.9121485
-3.1498983 -3.3303642
-2.7175171 -3.3350964
-4.7256255 -4.514957
-2.8552012 -2.419002
-3.5049677 -3.154339
-4.357686 -3.5808856
-2.2065477 -3.043119
-3.2993143 -2.3199084
-2.3093762 -3.9478326
-2.0353844 -3.3573313
-3.4723132 -2.4075875
-3.5700788 -2.466659
-2.799473 -2.7179074
-2.9396818 -2.1121151
-3.3613968 -2.6381993
-2.4225857 -3.414936
-3.425435 -3.8332384
-2.6043766 -2.574945
-3.7425513 -3.1653225
-3.6277955 -3.2019196
-2.016612 -4.183289
-2.9485767 -2.0278373
-3.1440678 -2.353002
-3.5212245 -3.1316545
-2.7192338 -2.655427
-2.8726258 -2.044157
-3.011919 -2.7434812
-2.5995636 -2.3694553
-3.1900842 -1.6991533
-4.0002437 -3.4719212
-2.7198424 -2.3505337
-3.7509992 -2.3671815
-0.9610414 -4.066772
-3.1253903 -2.6727452
-2.4330685 -3.3347437
-2.811307 -4.346958
-1.7546159 -1.5658168
-2.3626633 -2.893998
-1.509421 -2.7297735
-0.99723345 -1.3982221
-3.041376 -3.7203202
-2.2234013 -3.728934
-1.1588097 -3.3918674
-3.3179443 -2.7515929
-2.9595096 -2.8692763
-2.6620069 -2.941353
-0.93827707 -4.313167
-2.9721115 -3.0502229
-2.2624712 -3.3168764
-1.5875018 -4.382648
-3.2253125 -2.218746
-2.9255936 -2.889684
-2.8005567 -4.2148986
-2.4856646 -3.1128614
-3.0032911 -2.5271888
-2.9405231 -3.7342162
-2.0923717 -4.3297358
-2.987571 -2.6671124
-4.3158712 -3.3601546
-2.0408087 -2.7591932
-3.1141467 -2.175126
-4.0107656 -2.3075223
-3.9615731 -3.0225081
-3.724493 -2.9617813
-3.4839618 -2.446917
-3.1258721 -2.727216
-3.8580372 -3.486071
-4.2767935 -2.5870497
-3.2263303 -2.5323462
-3.7756765 -3.6649883
-3.9163644 -3.054791
-3.5074127 -4.5084243
-2.784877 -2.219842
-3.3229883 -1.430649
-4.04754 -2.7547255
-3.1585028 -3.7016525
-3.6310546 -2.5962434
-2.2203443 -2.491192
-1.5944971 -2.9699612
-2.6893616 -2.9288743
-1.0741371 -2.3226652
-1.4949396 -3.914581
-3.1000545 -2.6619508
-3.2578645 -3.2291017
-4.113989 -2.8460035
-3.3344793 -2.0148358
-1.0759634 -2.6442485
-3.554843 -2.4780276
-0.7299662 -4.192856
-0.7656372 -3.521257
-3.1946597 -2.5195963
-1.9095513 -3.4998486
-2.9297938 -3.9499552
-1.9717017 -1.7023647
-2.8840134 -1.4378551
-1.1824317 -4.176223
-2.2319555 -2.2275069
-1.773351 -2.8179924
-4.2491117 -5.2154927
-3.0145278 -1.6940911
-3.52842 -2.2514174
-1.9523312 -2.8371363
-3.1684291 -4.471051
-3.638498 -2.2615607
-3.4654293 -2.216066
-2.4472659 -2.2034361
-3.1886945 -2.49604
-3.4596837 -3.1607635
-3.8121974 -3.2930725
-3.7343407 -2.1795862
-2.8873138 -1.4888432
-3.0306318 -4.3059945
-1.4058456 -4.141137
-2.1496215 -3.1466048
-2.5356894 -2.9032393
-3.4398923 -2.7961807
-1.9385856 -3.7125382
-1.668364 -4.0339527
-1.4050142 -2.0414379
-2.0685062 -3.209349
-1.4002227 -3.9326448
-2.5868464 -1.280229
-3.5098593 -1.8663926
-2.3999357 -2.3807087
-3.035188 -1.894373
-3.3169708 -2.422119
-3.8118026 -3.5205493
-2.0228784 -3.6108804
-1.7776749 -3.1543846
-2.6184669 -3.2761369
-3.134881 -1.8499773
-2.9182618 -1.7346327
-3.1851075 -2.566882
-2.2552607 -3.6926808
-3.1138358 -2.8588946
-3.1601293 -2.459773
-1.6885817 -4.079157
-3.0713296 -2.6828592
-3.2951012 -2.7059286
-1.7102057 -2.1704473
-2.7832222 -2.6904364
-2.168987 -2.39861
-1.775436 -3.6737697
-2.480142 -3.4888544
-3.5599809 -2.405149
-4.2318892 -2.1816313
-3.151879 -2.0070167
-2.333832 -2.3386838
-3.2162023 -2.069431
-1.894589 -2.5200903
-2.8466518 -3.4378746
-3.111258 -1.9430373
-3.6402056 -2.5854142
-1.878832 -2.9748566
-2.2614198 -3.3299847
-3.237957 -2.4546034
-2.7945387 -2.0156262
-2.291382 -3.0925472
-3.0046225 -2.446138
-3.2796814 -3.1479824
-3.405033 -2.4577155
-1.3998747 -3.5845947
-2.593244 -3.3529422
-3.1810713 -2.3473582
-0.79515976 -3.5623083
-2.714023 -2.3218122
-2.9758444 -2.4671795
-1.8988309 -3.487963
-1.8224039 -4.509584
-3.5125637 -2.478702
-2.866559 -2.276171
-2.6998684 -3.4815748
-3.1393976 -2.8507524
-2.4003603 -3.1719413
-2.618628 -2.3132935
-3.12481 -3.524637
-2.912894 -2.9044702
-2.8859406 -3.773648
-3.1744971 -3.2824495
-3.9470303 -2.2779028
-2.1248276 -3.9088452
-2.9790227 -3.8621461
-2.3746018 -2.198167
-2.7798796 -2.7337017
-2.8215709 -2.2023852
-2.5758514 -3.526673
-3.295418 -2.6755953
-3.3732555 -2.985194
-2.136138 -2.5619018
-3.5665243 -3.39444
-3.3424587 -2.995145
-2.8117776 -3.8149655
-3.5097558 -2.551924
-2.3125975 -2.7951612
-3.7397172 -2.9581444
-3.141024 -2.7341912
-2.9872048 -3.3802705
-3.125208 -2.484397
-2.4583256 -2.8293395
-2.8530667 -2.1596324
-1.3205487 -4.798526
-2.377841 -1.5000902
-2.87595 -3.2145915
-1.6703871 -4.0778427
-2.827671 -4.0677767
-2.7595186 -2.4478037
-2.2498226 -1.4377655
-2.9690797 -2.2759926
-1.8479203 -4.500459
-2.9923644 -3.19536
-2.3766825 -3.1168165
-3.417134 -3.394131
-2.917662 -3.3936176
-1.0403612 -3.1019983
-2.269997 -2.4953923
-1.74943 -3.40618
-1.9599485 -3.4513404
-3.4272492 -3.1347978
-3.700019 -2.6572633
-1.2228589 -3.5313437
-2.7257004 -1.4218687
-2.7388108 -3.658986
-1.8236182 -1.4455773
-3.1386836 -2.6240854
-3.2836697 -4.1375346
-3.1322641 -4.2491026
-3.6056116 -2.8235984
-2.892184 -3.137181
-2.6564662 -1.7357869
-2.526715 -4.0508475
-2.2504299 -2.9378238
-2.6301599 -3.2977552
-2.4641528 -4.546392
-2.1962478 -2.9402864
-3.272637 -2.04063
-2.4893596 -3.5392756
-1.9226351 -2.8509653
-2.6355045 -2.300967
-3.4311848 -1.7839528
-4.120704 -2.3941214
-3.369348 -2.3230338
-2.4049077 -4.1485143
-2.138128 -4.14548
-2.7123537 -2.7928166
-2.278915 -1.6563989
-2.9028459 -3.6075869
-2.2854404 -2.5323799
-1.4438372 -3.939886
-2.4509087 -1.6636189
-2.8143377 -2.2327728
-2.4597082 -2.9981234
-3.4814143 -2.6836498
-3.4106452 -2.7761822
-3.0551324 -3.1248982
-4.1519923 -3.0517561
-3.2703898 -2.8954115
-2.4919224 -1.998025
-3.3869946 -2.3775918
-1.1763536 -4.049508
-3.3285735 -3.0282085
-2.1237338 -3.8812463
-3.5969036 -2.2440188
-2.8150978 -2.20432
-2.9441602 -3.2409408
-2.337337 -2.7400508
-2.995519 -4.221152
-2.7602377 -2.674842
-2.0107198 -2.3301525
-3.0414965 -2.4762073
-3.243918 -2.6493194
-3.422812 -3.366274
-2.4678075 -3.768251
-2.7436638 -2.4424226
-2.4142458 -3.8635967
-1.2475393 -3.8795154
-2.9944088 -1.5864006
-2.5266087 -2.961467
-3.2677462 -3.7055287
-2.1854537 -1.5894074
-1.9615464 -2.0378797
-2.5621872 -2.6246192
-3.3628778 -3.276445
-2.781355 -2.7343342
-2.8698833 -2.9853106
-2.1860948 -3.4210677
-3.8182452 -1.6792213
-2.6501133 -1.8949424
-2.9508798 -3.3354192
-2.4084249 -2.2247949
-4.7648506 -5.673938
-2.0633605 -2.591328
-1.1900499 -2.2784748
-1.9991812 -4.8899465
-2.8864481 -2.192901
-3.922669 -3.4407732
-3.9367297 -2.429039
-1.2371641 -2.7210305
-3.020654 -3.0200856
-2.8843439 -2.6323774
-1.7688451 -3.0947535
-1.9762945 -2.2752142
-2.4614384 -2.2654085
-1.4687295 -3.5925548
-2.4702344 -1.9291524
-2.6233656 -1.8820857
-3.8122559 -3.9107645
-3.8227024 -2.602998
-4.5652285 -2.6283133
-3.556712 -3.1328378
-4.1108456 -2.3162456
-1.6295437 -1.7589271
-1.4647124 -3.6807656
-2.8382738 -3.3942096
-2.6573107 -3.3857849
-3.7735217 -2.6069703
-3.5512986 -2.4777284
-2.342356 -2.6781638
-3.3849351 -3.5107784
-1.0026795 -3.4547465
-2.1829321 -3.5701559
-3.6164782 -3.0817468
-1.8761042 -1.6301986
-2.7831855 -2.792949
-3.550258 -2.646578
-2.2846324 -3.0419521
-3.6647742 -3.399102
-3.550011 -2.8839517
-3.109014 -2.0435903
-3.658937 -2.6774552
-2.5917287 -2.1635516
-3.401226 -3.1990361
-2.3527815 -1.7364132
-2.1012096 -3.807195
-1.9692807 -4.2087007
-2.94954 -2.5034623
-1.0153531 -2.681455
-3.011407 -4.31407
-3.1548052 -1.9730737
-4.074882 -2.7558486
-2.062056 -2.9831455
-2.8263204 -3.540409
-3.0633264 -2.3505044
-3.009974 -3.6119833
-2.6006958 -3.7478683
-1.4521878 -3.5295246
-3.737079 -2.6642566
-1.0442727 -2.8751628
-2.9286644 -2.9365897
-1.72398 -3.1289122
-3.2436018 -2.7698357
-3.5938246 -2.9471202
-2.3164175 -4.27494
-3.1321938 -2.1021883
-3.2953923 -2.3875916
-4.137863 -2.3600261
-1.0107137 -4.843932
-2.3723638 -1.5195081
-3.128817 -2.610994
-3.4133954 -1.9941537
-3.5521307 -2.2381523
-2.5690913 -3.4868784
-2.701119 -3.674029
-3.004492 -2.424853
-2.3043897 -3.0021765
-3.0877342 -2.3995287
-4.1623483 -2.6513772
-2.398552 -2.1975396
-3.2827044 -2.8039033
-2.5985303 -2.2970986
-3.4667184 -3.0348685
-3.974625 -2.329433
-3.5487895 -1.6376405
-3.636582 -3.12255
-2.6584628 -4.142459
-2.568493 -2.6173446
-2.808062 -1.974855
-2.542938 -3.7892454
-1.8536626 -2.7878063
-2.0292258 -2.7788181
-3.0025077 -2.0395935
-3.0986266 -2.500775
-3.5990107 -1.3462127
-3.4012358 -2.5875092
-3.267009 -1.9648136
-2.4216652 -2.4016209
-2.7381327 -2.6119905
-2.8040218 -3.932033
-2.3807204 -3.8162248
-3.164138 -3.83886
-2.9594781 -3.3478498
-2.610202 -2.708811
-3.1815257 -2.1811905
-3.2261922 -2.1700811
-3.677064 -2.7746825
-1.7188774 -2.8823795
-4.2543726 -3.4768171
-2.655633 -3.570181
-1.3615257 -3.363889
-1.7898943 -3.4982705
-2.710353 -3.8773584
-3.6889524 -2.3038661
-3.307028 -2.054374
-2.496715 -3.4810963
-3.5344777 -3.3669436
-2.6850827 -3.4358482
-3.4147012 -3.396334
-2.8850439 -2.7447948
-3.2638884 -2.0800848
-4.294058 -3.2074707
-1.7714044 -2.3484273
-2.7292626 -3.1952968
-2.8970604 -3.821813
-3.1770318 -2.6482236
-4.537138 -2.0034387
-3.201301 -3.4119995
-3.177875 -2.8658924
-0.95006716 -3.520862
-2.9702077 -2.5955706
-4.5680676 -2.506186
-3.7799401 -2.485358
-3.4937084 -1.7968705
-3.4716258 -1.9799689
-3.7522748 -3.278165
-2.699598 -2.9816287
-3.5990357 -2.1009266
-3.5056891 -2.6838267
-3.556302 -2.5212014
-1.7892016 -3.9498372
-3.4535868 -2.6535468
-3.6642792 -2.2478018
-2.4399335 -1.756214
-3.7329862 -1.862742
-3.6121674 -2.7245133
-2.5598266 -2.1285284
-3.8427773 -3.115118
-2.4961598 -3.6834793
-3.0565677 -3.9576547
-1.3111168 -3.1577594
-2.2244897 -3.889336
-1.8742218 -3.7562032
-1.5830321 -5.21956
-2.9701812 -2.6413748
-3.1050372 -3.2988
-3.6068983 -2.3261359
-2.7569723 -2.469221
-3.8189323 -2.3468935
-2.532921 -3.4631383
-3.222429 -2.4429817
-3.913113 -2.3503084
-1.5447936 -3.1414313
-2.5827932 -3.904219
-3.7242274 -2.2794666
-1.6008146 -4.251817
-1.9247628 -2.8443024
-2.0475488 -2.159301
-0.8477958 -3.4113698
-3.129489 -3.6127822
-3.5752819 -2.124194
-4.153989 -2.5400743
-2.4373856 -2.7560856
-1.9770029 -3.6718361
-3.3906415 -3.0777733
-3.1427617 -3.3784811
-2.2154095 -3.206876
-0.8416215 -2.5579357
-3.1498668 -3.3629565
-2.990695 -3.5557973
-2.8792741 -3.2445476
-3.6732752 -3.5826297
-3.6466372 -2.490357
-1.8874705 -2.7567997
-2.941768 -3.181715
-3.7274504 -2.2612367
-3.851853 -2.7024114
-3.06574 -2.931258
-2.6358805 -3.011226
-2.708976 -4.307627
-3.1668298 -4.1376867
-3.7529404 -2.4232635
-3.1810434 -2.9099398
-1.3945026 -3.0717351
-3.0941615 -3.6383052
-3.5299306 -3.4131436
-2.9341345 -2.676233
-1.969571 -2.7363992
-3.134685 -2.3457987
-3.5135128 -2.0223963
-3.254193 -2.035924
-3.1845567 -3.1187327
-1.8237642 -1.3019187
-0.83714956 -3.9900606
-2.832492 -2.2154562
-3.136873 -3.538845
-3.4618108 -2.9421432
-2.6184814 -2.4095805
-3.4876423 -2.727809
-2.549875 -1.9720819
-2.57579 -3.12668
-3.6934743 -3.2756095
-4.35408 -2.4154534
-2.134536 -3.0413575
-1.54404 -3.1160495
-1.0224394 -5.1163106
-1.2707072 -3.3606203
-2.095819 -3.9820678
-0.97652286 -3.3221426
-0.481137 -4.045557
-1.8114395 -2.300222
-2.8914685 -1.4865862
-2.5635054 -4.1681952
-3.4502203 -2.9719155
-4.179045 -3.2252789
-3.3552828 -1.6540728
-2.9513278 -2.4595988
-2.760132 -2.7455864
-2.8062594 -2.9536996
-3.2064226 -2.6709108
-3.4888062 -2.7343836
-1.6504577 -2.609242
-3.8130748 -3.939498
-1.7645582 -3.0249503
-2.7035859 -2.7303934
-3.32025 -3.130167
-3.5831919 -2.7275999
-1.861906 -3.39
-3.4257412 -3.3263335
-2.9550772 -3.4506326
-4.1707463 -3.0009253
-3.1465585 -2.2048156
-2.3544943 -2.1260865
-3.041623 -3.839688
-3.6553907 -2.3190773
-3.0825422 -3.1506834
-3.345579 -2.9556556
-2.4781082 -2.5817103
-3.558488 -2.2782753
-3.2555604 -2.6739733
-3.577694 -3.0910454
-3.9273643 -2.9819834
-5.4206924 -3.6775079
-3.7089114 -3.2811384
-1.7084627 -3.3660178
-4.0741625 -2.8869727
-1.2265261 -2.192459
-2.5142703 -3.9664598
-3.6018825 -2.6331615
-3.1978292 -2.797126
-3.9080195 -2.7219803
-1.4661535 -3.5471184
-3.116716 -1.8807054
-1.3474708 -2.8238907
-3.1893406 -2.694706
-3.1861415 -3.3614688
-4.2344832 -2.9665349
-2.9171789 -2.8870952
-4.0981994 -2.551348
-4.084964 -4.1735044
-4.2184167 -2.8347769
-1.6151772 -3.3231933
-2.577969 -3.2834904
-2.3430877 -3.7402985
-2.8761473 -1.6308374
-3.5486689 -4.096989
-1.9042808 -4.113256
-1.2469009 -4.6154423
-3.053614 -2.483615
-2.6541007 -2.305057
-3.7580278 -2.5749114
-3.0897732 -3.3969724
-2.5706365 -2.8574374
-1.8406305 -3.955501
-2.0507536 -1.3116539
-2.2178988 -5.0563827
-2.861962 -3.1851587
-2.9889727 -3.4789493
-3.0760767 -1.3351347
-2.041235 -4.7312245
-3.133494 -2.5559518
-1.2345046 -2.384074
-1.6621275 -2.2700963
-4.3746877 -2.8100677
-2.2652063 -2.3138363
-3.7389786 -2.409316
-1.4444582 -5.2639155
-1.1781032 -3.6011474
-2.7685113 -3.4816535
-3.9236536 -4.2936864
-3.386335 -2.9071324
-2.0343478 -4.684855
-3.8935375 -2.734098
-2.9054043 -2.0431302
-3.8173695 -3.1133657
-3.134008 -2.3441622
-0.9601584 -3.7688394
-3.1889431 -2.0642538
-2.1063128 -2.714772
-2.4428487 -3.6287763
-2.3989089 -2.6235723
-1.5620815 -2.8767614
-3.2401545 -2.4404705
-2.3952236 -2.3673048
-3.1888468 -1.3669885
-1.6906948 -2.5169058
-3.638086 -2.9147775
-3.9292202 -2.9702919
-2.6449275 -2.927999
-2.2717988 -1.8058015
-2.864592 -3.7219615
-2.8600526 -3.3409457
-2.4769037 -1.4706628
-0.7936914 -4.5283675
-0.6797483 -3.7556
-2.6874363 -2.627645
-0.66448253 -2.8443873
-3.5646806 -3.361718
-2.6179886 -4.13715
-2.323075 -3.729598
-2.3613162 -3.4402304
-2.7065043 -4.477529
-3.106101 -2.5497885
-2.5502837 -4.0672536
-1.879401 -4.1195445
-2.013016 -4.0104837
-2.5968359 -2.3281376
-2.553601 -3.0987382
-0.8312567 -3.593522
-2.3200905 -3.9782035
-1.5102282 -4.156908
-2.961829 -2.9923475
-1.8928443 -3.6133904
-1.9951725 -3.5352702
-1.9772363 -4.092486
-3.1485603 -3.2827406
-2.8220413 -1.9575831
-2.834352 -4.2324724
-1.9160429 -2.350514
-1.9358486 -3.816878
-2.669857 -2.5503044
-2.6313605 -3.3764973
-3.697535 -2.693455
-2.4238164 -2.5365877
-1.5943992 -3.0476174
-1.2814505 -4.6514554
-2.591429 -3.1811843
-1.9219413 -3.1054003
-3.1841338 -2.6363964
-3.008809 -2.032295
-2.884429 -3.0766342
-1.652981 -2.546618
-2.6916823 -1.9188569
-1.5007477 -3.449218
-2.4661355 -2.803103
-2.8285897 -2.8401597
-1.9716991 -2.7812934
-1.89934 -3.598659
-3.3845482 -2.856116
-1.576217 -3.4887333
-3.0297337 -2.5775251
-2.6006374 -3.1182761
-3.1271477 -3.267327
-2.580559 -2.326651
-2.5753381 -4.7576795
-3.2692776 -1.6987226
-2.8417404 -2.323733
-1.784324 -3.5262482
-2.7893708 -2.7086961
-0.8322458 -3.041506
-3.7211442 -2.4797215
-2.7687192 -2.1626596
-2.0050974 -3.488214
-3.4330597 -3.7469661
-3.5831273 -2.7880387
-0.21066487 -3.3498178
-3.1482308 -4.13608
-2.074113 -4.1725683
-2.273149 -3.2838798
-3.6311464 -2.6994429
-2.0573194 -4.625705
-0.9397488 -3.1748798
-1.589267 -3.2431362
-2.693617 -4.9457
-3.1131172 -4.2942967
-2.5030627 -4.285624
-2.012361 -3.2286375
-2.946317 -4.1553164
-3.5164397 -2.0594745
-2.5849931 -3.0026426
-2.6828566 -3.1779473
-3.2641757 -5.015304
-2.0022879 -2.6861715
-3.4771843 -3.573125
-2.5180888 -3.3136494
-2.8540752 -3.3142076
-2.1438415 -2.5393438
-1.9699109 -3.2453365
-3.9298306 -2.9136703
-3.4933798 -2.9674158
-2.653093 -3.2419522
-3.7045672 -2.781612
-2.2073658 -3.109976
-3.9984257 -3.36396
-3.2100508 -2.1487348
-2.5548594 -2.660214
-3.9482203 -2.5075865
-1.604442 -3.5903916
-1.7109847 -3.2562077
-4.0335383 -2.65794
-3.8214304 -2.9024172
-2.298446 -3.3478994
-0.56329185 -3.1144009
-2.5053446 -2.6337802
-4.0384374 -2.6136181
-3.3264358 -3.4482665
-3.3812547 -2.7762184
-1.2254546 -3.8341765
-1.6486756 -3.6535392
-2.4713633 -4.1872616
-1.2688842 -1.896599
-2.6375158 -2.984707
-3.5375218 -2.3726835
-2.4784591 -3.2094433
-2.8007026 -4.850926
-2.657827 -2.6315265
-1.2981111 -4.382172
-3.208528 -2.7186747
-3.742614 -2.6225238
-3.4139125 -2.4188383
-2.2860262 -2.0010934
-2.7640753 -3.232839
-2.9013605 -3.089104
-2.9579349 -3.0237627
-2.571871 -4.1022315
-3.4559767 -2.6679006
-2.635566 -2.4105234
-3.174913 -2.301019
-3.9224746 -2.7301936
-3.5527165 -2.9862733
-0.79283696 -3.9420924
-2.6421676 -4.7463694
-1.5046889 -4.5526915
-2.830055 -2.0791826
-1.2549703 -3.7000995
-3.2919538 -3.1308126
-3.8774464 -2.3940694
-3.3198023 -1.7024468
-1.7827033 -3.3862853
-3.379573 -3.4986517
-1.6996754 -4.020774
-3.1188512 -2.1541378
-3.052092 -1.818386
-3.80997 -2.321698
-2.8122027 -3.9324207
-2.7389107 -2.2509317
-2.7309046 -3.3494163
-2.9845767 -3.3276894
-2.1656241 -2.3700461
-2.646114 -2.8494778
-2.4012513 -4.041137
-2.9777057 -3.1870723
-3.2887712 -3.9380608
-2.6886487 -3.998246
-3.7264128 -3.454657
-3.9231281 -4.4072165
-3.3972828 -3.2376626
-2.3833573 -4.1410637
-2.3041275 -3.1835146
-2.6171966 -2.624436
-2.880533 -3.6906462
-2.7674577 -1.6624347
-3.7806764 -1.7237602
-3.2477684 -3.5803964
-2.554043 -2.2426138
-1.9243027 -3.8221893
-2.1648798 -4.232432
-2.9187589 -3.4810715
-1.0103252 -3.0716922
-2.2725675 -1.6876994
-2.166732 -4.1789746
-3.867983 -2.617482
-0.89522535 -3.1560323
-2.6050842 -3.0930574
-3.2473888 -1.8408552
-0.24033625 -3.5144389
-2.7608178 -1.726335
-3.5449505 -2.201402
-5.173018 -2.9427702
-2.9909132 -1.1393578
-2.099468 -3.1134272
-3.5528421 -2.2351582
-2.9225094 -2.4872513
-2.75825 -3.0066164
-3.1811943 -3.2260456
-2.7063344 -3.6658354
-2.0386941 -3.7244964
-2.9510953 -2.690382
-3.2185857 -2.3743896
-2.191249 -4.610483
-4.231602 -3.6737285
-1.8163981 -4.111118
-1.7137523 -3.0571282
-3.9912755 -1.6726303
-3.0185633 -1.5243698
-2.6369655 -2.587355
-3.2999506 -2.0980964
-2.5842152 -4.0394993
-2.880852 -3.2098973
-2.1621542 -3.1586845
-1.8272175 -2.635064
-2.7591405 -2.792602
-2.0047963 -5.6826386
-3.1959105 -2.9066641
-3.2706935 -3.4215565
-2.4616482 -3.7176955
-4.0156035 -3.0871425
-2.2191525 -2.0266373
-3.12354 -3.6156173
-3.9465137 -2.4473817
-3.5701447 -2.4751256
-3.6966083 -2.8076303
-2.5368464 -3.6933177
-3.198824 -2.616154
-3.5550964 -2.3417766
-1.5824158 -3.2968502
-3.292392 -3.01147
-3.818924 -2.21243
-3.9471219 -3.1749146
-3.1741633 -2.9583464
-2.627777 -4.4950194
-3.4429016 -2.5402582
-2.9921696 -1.736905
-1.5129046 -2.6450033
-2.4047196 -3.1477373
-2.1808393 -1.5481951
-2.5906224 -4.0286193
-2.8205068 -3.0893445
-2.928419 -3.3735778
-3.5827327 -2.3057854
-2.838983 -4.0338435
-3.6481268 -3.1851745
-3.551508 -2.69709
-2.6955874 -3.160904
-2.2334428 -3.7269995
-4.890219 -2.53873
-1.7917196 -1.7921594
-1.2382611 -3.2599716
-2.288407 -3.4304867
-0.88369733 -3.7992377
-2.6003168 -4.287622
-2.8018131 -2.8432071
-3.4609451 -3.8815293
-2.8594184 -3.2679338
-4.0282955 -2.0261638
-3.370728 -2.3582032
-2.3927135 -3.139829
-1.9906814 -3.679202
-2.583456 -3.9927514
-3.1712453 -2.8252895
-4.1507387 -2.3575265
-1.9070673 -3.4448147
-2.5298228 -3.2389119
-1.8502272 -2.5504084
-2.6204724 -2.585981
-3.1449482 -2.679022
-2.8695815 -3.2339692
-2.7256331 -3.0838132
-2.9995239 -2.2695932
-2.9513724 -4.3989124
-1.8372868 -2.4653597
-3.3776054 -3.5489173
-2.9241302 -2.109295
-2.3652203 -3.3210125
-1.4018487 -4.5438123
-3.2184465 -2.1483188
-3.0166364 -2.5050488
-3.141203 -1.8299028
-3.1177583 -2.9421203
-2.5727024 -1.7832428
-3.883138 -2.3539517
-3.313067 -2.3273718
-3.08362 -3.0875664
-2.3026457 -2.3635638
-3.7209852 -3.3335438
-3.9406793 -2.6838002
-3.2017517 -3.7135189
-3.619061 -2.5219483
-3.5533333 -1.9333851
-2.885989 -4.3758287
-1.1153979 -2.3434346
-2.8941147 -3.576663
-1.8192092 -3.042058
-2.1774418 -4.260172
-2.9906645 -2.7174885
-3.2779105 -4.103087
-2.303887 -2.9647584
-3.1807408 -2.2361016
-2.0485983 -4.091197
-2.9244654 -3.65752
-2.5610578 -4.830607
-2.5309699 -3.7595668
-2.5975406 -2.4018767
-3.1658826 -3.8301134
-1.7018441 -4.55274
-1.4781879 -3.1154003
-1.2492304 -2.5341632
-2.8012385 -3.3105075
-2.7095566 -1.6171833
-2.8891463 -2.7537155
-2.3333986 -3.9163697
-1.9928374 -3.5372996
-2.935345 -2.0816185
-4.110129 -2.880021
-3.220497 -2.7834716
-3.6797805 -2.61473
-3.1462824 -3.3074706
-2.8922012 -2.7904305
-4.1703258 -2.2845538
-2.5016427 -2.3608406
-3.0806203 -1.43939
-2.5491006 -3.2506318
-4.442794 -1.9234717
-3.8904011 -2.8959587
-2.5020108 -3.4868333
-2.532236 -3.9766269
-3.176918 -4.420592
-2.632503 -2.4049718
-2.1641731 -3.8421955
-1.9273828 -2.0160346
-1.3746521 -4.387541
-2.4915044 -2.7547162
-2.3361585 -3.844718
-1.936382 -2.3482695
-2.4608347 -1.8839463
-2.1346219 -3.6442626
-3.717141 -2.320599
-2.9150841 -3.275095
-3.2747865 -2.5590162
-1.5639466 -3.5656562
-2.3613687 -2.9773629
-1.9677359 -2.414996
-2.0015593 -3.9418826
-3.1070778 -3.420258
-3.1476448 -2.026987
-3.7705472 -2.1401782
-1.6991926 -2.0788248
-2.4628842 -2.0876575
-3.6583047 -2.924559
-2.2477558 -2.988913
-2.7657042 -2.148811
-1.1241002 -3.7540371
-2.3455312 -3.0507276
-2.235219 -4.2475634
-2.9957767 -3.1242192
-1.6826043 -2.7088368
-2.7868989 -2.5837467
-2.4652078 -2.5375159
-2.4489448 -2.1232781
-3.7674599 -2.6764786
-1.8186123 -4.3731265
-2.2772293 -1.8893787
-2.8661969 -2.480731
-1.8863981 -2.8603442
-3.1884625 -2.8096848
-2.887268 -3.3944197
-3.6200752 -2.376175
-2.3204205 -2.040612
-1.999927 -1.8240029
-3.0868514 -3.964459
-2.2744632 -3.84845
-2.6371293 -2.4564989
-2.1357906 -3.1857686
-2.7968721 -3.6342647
-1.1992633 -3.5941246
-1.5023078 -3.2445655
-1.9744899 -3.696927
-2.926705 -2.981155
-1.6785852 -1.8277862
-1.3063338 -3.437791
-2.8094435 -2.0927272
-2.2380924 -1.6566396
-2.1409726 -3.4972136
-2.712963 -2.6301188
-2.1697707 -1.5034827
-2.195947 -2.9160085
-3.8211803 -2.2454374
-1.9148363 -3.3198617
-2.4335926 -2.5514514
-2.0482805 -3.4633763
-4.054736 -1.2079686
-2.1743913 -2.6741934
-1.6415997 -2.9592297
-2.8640563 -1.8839372
-3.2534945 -3.6360626
-2.3814926 -2.0437772
-2.232796 -2.9762037
-3.246146 -4.1332674
-2.928181 -3.3542178
-2.733499 -3.6947289
-3.8669791 -2.3853314
-3.0353553 -2.3005538
-3.8303514 -3.489649
-2.9594564 -3.3220458
-1.2381011 -1.7585882
-1.7510697 -3.4230323
-3.3444395 -2.8427265
-1.8756008 -4.3635736
-1.567309 -1.9995267
-2.6231747 -2.2066166
-2.4117763 -3.249728
-1.3945264 -3.7929485
-3.7785358 -2.153489
-2.4589834 -4.60561
-2.9610317 -2.938274
-3.3658054 -2.892924
-2.7676964 -3.0990808
-3.292745 -3.7315476
-4.2515926 -2.8483303
-1.7876126 -2.5911334
-2.5607195 -3.600857
-2.8268406 -2.992977
-1.0332404 -4.031745
-2.6546385 -2.7565975
-3.5395677 -2.5860658
-4.3010435 -2.522387
-4.122326 -2.1908863
-2.1021783 -5.4162316
-3.6757922 -2.6052125
-3.5199683 -2.662414
-2.1767945 -1.944143
-4.57163 -2.6547623
-1.8334082 -2.2483695
-3.691379 -2.7703698
-3.7929065 -3.1654787
-2.837503 -3.0347526
-2.674378 -2.0942836
-3.102685 -2.872642
-1.0841947 -4.251178
-2.7465968 -4.310845
-2.3079867 -2.8117907
-2.6572971 -2.1322117
-2.1683013 -4.3741527
-3.1003187 -2.9126163
-2.6204805 -4.3667245
-3.5610883 -2.4093614
-2.7337165 -3.0086644
-3.0745933 -1.6103607
-4.061341 -1.9027903
-2.6421669 -3.5762339
-2.9734511 -3.2761757
-3.4130895 -3.5917664
-1.8884904 -2.0744002
-1.8794801 -3.6379495
-3.0817375 -3.652082
-3.2399688 -2.0548332
-1.3639629 -3.6056304
-2.17849 -3.3267884
-1.5898281 -1.7975912
-1.896043 -2.4572735
-2.2491305 -3.4542994
-1.0891101 -4.7453074
-2.867956 -2.8135064
-1.8051945 -2.5918784
-3.1461387 -3.582076
-1.3875148 -4.2689486
-2.0785415 -3.8064978
-3.8881946 -2.764156
-1.3468615 -3.7021039
-2.867147 -2.374688
-2.679797 -2.101414
-2.9789028 -4.279618
-2.2948258 -1.1247467
-2.2658887 -2.2434337
-3.1660569 -1.7672215
-2.8001945 -5.7676044
-3.1847203 -2.2662377
-3.0574563 -2.678322
-2.9795535 -3.8868904
-2.3638284 -2.602151
-3.7634223 -2.6150515
-1.0674978 -3.21054
-3.9602966 -2.5830083
-2.5781045 -2.9647913
-1.1602443 -3.7357357
-3.2161465 -3.335469
-3.9861479 -2.8265886
-2.3770542 -3.1189249
-0.7185611 -3.9386861
-3.1965 -1.9560646
-4.7594595 -2.447004
-3.5740693 -2.770624
-1.8620973 -3.401963
-2.7929876 -3.078495
-3.4008157 -1.9263635
-1.5310651 -5.3083906
-3.2346015 -2.3381917
-3.355645 -2.636944
-3.5898304 -2.1802547
-3.437831 -2.3016784
-2.026448 -1.7758785
-3.2626274 -2.149923
-2.9935448 -3.0586581
-2.3405387 -1.2505425
-3.3737848 -2.7766623
-0.9416648 -3.4644394
-2.4656897 -3.8779142
-3.2577884 -3.4568434
-2.877147 -3.215344
-2.946427 -4.290149
-2.018315 -3.6014235
-3.3463888 -2.4260364
-2.5693367 -3.6107194
-1.8303709 -3.2481992
-3.2742357 -2.037909
-2.4885063 -1.9117113
-2.5152068 -2.7797468
-2.4085746 -2.8044925
-1.3924123 -3.5247793
-3.0136404 -3.4332082
-2.9930606 -2.852039
-2.738534 -2.4363976
-2.573111 -2.05032
-3.3304756 -1.6658404
-3.2664526 -3.5649703
-3.1067872 -2.91206
-2.9784992 -1.5271692
-2.3155627 -2.26517
-3.3248732 -3.9565914
-2.21286 -2.227956
-2.927199 -4.8232117
-1.1434052 -2.3516874
-4.037528 -1.7855808
-3.5036829 -2.6718545
-3.0521536 -3.2846425
-1.6879945 -4.1044297
-2.001688 -3.259019
-1.9081742 -4.2776356
-3.8618457 -2.9785156
-2.8089118 -3.2003124
-2.9235725 -2.287977
-4.284438 -2.912995
-2.9047709 -3.444508
-2.0968797 -1.7609148
-3.8664553 -2.1311433
-2.5779893 -2.454117
-2.3303514 -2.7340837
-4.972164 -2.5592673
-2.3819423 -4.5773373
-3.7799995 -2.2714932
-3.8098817 -1.7034883
-2.2605834 -2.8743007
-1.8174115 -2.6480513
-1.1661894 -4.425356
-2.3203 -2.5841532
-2.5149398 -2.9747174
-1.7903925 -1.5520453
-3.498937 -2.6456926
-2.396657 -3.5098772
-1.8600907 -2.529816
-3.5469747 -2.7951725
-2.8696995 -3.1161227
-2.0562701 -3.5261326
-1.443573 -3.6009471
-4.5045495 -1.7604185
-3.2284076 -1.6722412
-2.5196 -2.580041
-3.3790584 -3.295825
-2.5722127 -1.9115036
-3.9850755 -2.9537427
-2.8056502 -3.604935
-2.5971124 -4.0999985
-1.8627421 -1.856716
-3.936846 -2.308505
-4.488069 -2.4062393
-1.623386 -4.016258
-3.9741573 -2.5359356
-2.426972 -2.2855113
-2.260663 -3.4054325
-2.042432 -3.9508185
-3.536083 -2.697921
-3.0753334 -1.774405
-3.541053 -1.3986902
-3.7504618 -3.0531428
-2.836149 -2.7219894
-3.1084228 -1.8853364
-2.7045498 -2.028869
-3.579209 -1.959389
-2.2427263 -3.3270302
-2.431641 -2.8374732
-2.168432 -3.0203044
-3.5800848 -2.7096078
-2.862673 -3.4990432
-3.2582345 -2.114766
-2.9359627 -3.101518
-2.3401945 -2.4476705
-1.8225869 -3.9053943
-3.2234428 -3.5504732
-3.9654121 -2.8590426
-3.5474677 -2.5938532
-3.340262 -2.017846
-3.9071238 -3.8736606
-2.484803 -3.9620905
-3.0676699 -3.1993554
-3.0019302 -1.3809031
-1.81811 -2.9608896
-3.5711718 -2.4911392
-3.466787 -2.9494333
-2.4120767 -2.3026426
-1.6993107 -2.6357944
-1.2015979 -4.177371
-0.7545321 -3.486
-3.667005 -2.8262954
-3.8298492 -1.7380927
-3.526395 -3.0178607
-2.3052568 -3.7485328
-2.315292 -3.2159739
-3.7818024 -3.3624222
-2.4908447 -2.3602848
-4.378366 -2.1296656
-3.2679255 -3.4907753
-2.8860862 -3.3711271
-3.4282453 -4.1388187
-2.2948654 -1.8024825
-2.9753962 -4.1403594
-1.5889485 -3.4176264
-3.6503124 -2.9048586
-3.1072311 -2.483321
-3.4915607 -2.7779489
-1.2124833 -3.4656231
-2.9349775 -2.5359535
-1.784987 -2.6690078
-2.9375358 -3.693141
-1.0614495 -2.3640645
-2.446607 -2.0399234
-3.928691 -3.6566052
-2.8587918 -2.2834399
-3.636062 -2.3956907
-2.288015 -4.0198984
-2.9037895 -3.2122443
-5.202681 -5.3310394
-2.5942478 -3.5630255
-3.1815162 -2.87947
-2.3851683 -4.339163
-1.9250065 -4.477556
-1.1337055 -3.916829
-2.9094217 -3.7596607
-3.225317 -2.6542165
-1.6950649 -4.0734434
-3.570684 -3.9663227
-1.8505181 -1.9334401
-3.1951494 -2.8197942
-3.7971835 -1.9858235
-3.0119452 -2.795417
-2.0720606 -4.4238305
-4.0621996 -2.4253683
-2.0791998 -4.431826
-3.0174372 -3.1092224
-3.3982298 -2.2693112
-3.0130885 -2.5699537
-4.3447824 -2.132755
-1.7474753 -2.5062304
-2.524159 -3.0213401
-3.1885817 -3.1251938
-1.850416 -3.4162922
-2.3840306 -3.2242475
-4.1141243 -3.3463926
-2.040046 -3.5560503
-2.0427887 -3.3014374
-1.4446238 -2.1041288
-3.5005667 -3.2942321
-1.224381 -2.5811386
-1.4887146 -3.0581443
-2.7037733 -3.1347983
-1.9543655 -2.0782084
-2.9476326 -3.77518
-3.892224 -2.5071788
-3.1104593 -3.3838181
-1.052006 -3.974851
-2.6499236 -2.5115633
-3.1221292 -2.6111996
-3.1056583 -1.6421837
-3.0622287 -1.6749233
-3.6430786 -1.5543956
-3.0351167 -3.048032
-2.6915364 -2.728126
-2.0522358 -2.2027366
-1.9498256 -3.306737
-2.5513685 -2.8440256
-2.6560338 -3.3445833
-2.040618 -3.7507417
-2.793016 -2.4477925
-3.4068081 -2.6006196
-3.1782544 -2.7920446
-2.6657052 -4.0514817
-2.899304 -3.5899463
-2.9958758 -2.4675417
-3.2576184 -3.6073043
-3.011988 -1.8300893
-2.623273 -2.7427015
-3.0425034 -2.8082485
-2.2415957 -2.6253078
-0.8753887 -4.3865876
-2.9774895 -3.5548804
-2.2464414 -3.4300785
-2.8257835 -3.20571
-2.721685 -2.906023
-2.2809322 -2.390386
-2.2929802 -4.488442
-2.916233 -3.2174616
-2.7186651 -1.39384
-1.8839025 -4.0925674
-2.5623517 -3.3098736
-3.7029297 -2.3172398
-2.7208183 -2.9280565
-4.114262 -4.065409
-2.2362764 -2.4386704
-3.5235186 -2.9563339
-1.1087403 -4.1103826
-3.1545968 -1.7026293
-2.8568108 -2.756238
-2.818067 -2.6731334
-2.4768648 -4.2350345
-2.9627693 -3.4986951
-3.1664696 -2.017518
-2.7575774 -2.9397871
-2.709903 -3.0760155
-2.8559093 -2.582027
-3.8548143 -2.9467294
-1.1476688 -4.946784
-3.4921632 -1.8635216
-2.8111277 -3.0137632
-2.6799242 -3.684942
-3.776978 -2.9935794
-2.4023001 -4.6813498
-3.8054762 -3.3033493
-1.9339103 -4.476128
-2.0856447 -3.4838557
-3.244943 -2.5164506
-3.2718759 -2.042074
-3.381853 -2.7049594
-3.1945944 -2.192053
-3.854139 -2.8390405
-2.7986124 -2.2034893
-2.7169771 -3.2676795
-2.1967874 -4.477817
-2.8310058 -2.788571
-2.3167527 -1.4073975
-4.3155427 -2.7189188
-3.4875865 -3.8647313
-3.757224 -3.4155135
-2.6389735 -2.3649669
-2.829072 -1.5558841
-4.02183 -2.5744476
-3.3866713 -2.5242975
-4.0272255 -2.7484713
-2.579501 -1.7262601
-1.8448484 -3.4032464
-2.1535413 -2.8598795
-2.488244 -3.3801754
-2.6885943 -3.8928723
-1.989539 -3.344789
-2.3748991 -2.5691984
-2.0406225 -3.3609362
-2.5087204 -4.3740807
-1.8668851 -3.1110492
-3.191861 -3.24849
-2.7947311 -3.5427957
-2.7550929 -2.14153
-2.5317755 -3.868717
-1.8275462 -3.6845574
-3.6603053 -2.669979
-1.7496985 -3.8771183
-1.9081703 -1.6525774
-3.7622192 -2.2269819
-2.0522594 -3.5840235
-3.4785 -3.1229537
-2.8513885 -2.1806457
-1.5652243 -3.101503
-2.209307 -2.404799
-3.4684849 -2.7817612
-3.1053724 -2.7471862
-3.35028 -2.7251966
-2.1348233 -3.4356894
-2.1825175 -3.778009
-3.0650525 -2.17768
-3.3256898 -3.4818327
-3.018667 -3.153068
-2.761407 -2.8469284
-3.6302207 -3.2340412
-1.6743293 -2.2740684
-3.4245462 -2.595718
-1.9667718 -2.6350968
-3.3351033 -3.8072133
-2.6964772 -3.3141496
-1.3442105 -1.839591
-3.0824258 -2.854829
-3.5502765 -2.4629304
-2.1191988 -2.696808
-2.9526353 -2.4860275
-3.6294272 -2.3936024
-2.6896112 -3.2076445
-2.0391407 -3.2511377
-3.46154 -2.2391653
-3.1565073 -3.874152
-1.915799 -2.4360445
-3.0968316 -2.897261
-3.2562823 -2.3026252
-3.100705 -2.5101306
-1.7081162 -4.2580013
-3.9365282 -2.0014782
-2.1323235 -3.3860512
-2.5551426 -4.7006125
-2.64965 -2.6069038
-2.3187518 -4.368194
-2.4969442 -1.8163418
-2.7289717 -1.8308153
-3.4832385 -2.722301
-3.336343 -2.7005105
-1.4673717 -3.0768402
-3.1055088 -2.9813006
-3.5285687 -3.169745
-2.9303787 -2.0109408
-2.2109084 -4.0278525
-2.1547022 -4.2956324
-1.5049968 -3.1375747
-3.2621095 -4.4994073
-2.9985578 -3.5912855
-2.7700753 -2.250387
-3.2079706 -2.891011
-3.401272 -1.9942236
-2.1800601 -2.13661
-3.4906754 -3.0450745
-1.6528753 -3.653806
-2.206146 -1.5458434
-2.791913 -4.021342
-1.6662993 -3.5119727
-3.3814654 -1.8926495
-2.336893 -3.174337
-2.4403152 -4.1379933
-1.3579191 -3.765613
-2.1989684 -4.356925
-3.803001 -3.1808424
-2.1204183 -2.83483
-3.4142804 -3.6516638
-3.1656842 -3.0352564
-1.6122903 -4.2109823
-1.5080856 -2.8886135
-1.9115171 -2.9222877
-2.7104385 -4.9262724
-0.53856856 -2.4988348
-2.2452197 -3.2579086
-1.6288228 -4.520679
-1.5190998 -3.9675832
-3.544655 -3.3380437
-2.841638 -2.8515344
-3.7852502 -3.3244796
-2.5272164 -4.556287
-2.90539 -2.212604
-3.0246787 -2.672444
-3.730015 -3.7165067
-3.1297781 -3.025716
-3.9378653 -2.6690183
-2.5239933 -1.9375528
-4.0671763 -1.7418842
-1.2302668 -2.980643
-1.6837975 -2.1707718
-3.232978 -4.0546484
-2.8053594 -1.4701232
-2.125487 -3.025076
-3.029909 -2.2460675
-1.907075 -3.7447345
-2.4932532 -1.4261366
-2.5423837 -3.3435192
-0.70952964 -0.8403591
-1.8543237 -3.9952946
-3.914737 -3.1398017
-3.7191486 -2.313567
-1.4587905 -3.7330573
-2.5149362 -2.5484133
-2.606585 -1.056367
-2.849674 -3.8155174
-2.5396063 -3.0629327
-2.2282035 -5.2847753
-2.9821305 -2.6999025
-3.3190386 -2.6265829
-3.703896 -2.237699
-2.6623797 -3.1962202
-3.8391485 -2.757569
-3.8349578 -2.6200986
-2.888464 -2.7697392
-2.3693855 -3.899623
-3.1772814 -3.331159
-4.8780293 -2.170118
-1.5148008 -3.0222125
-3.794666 -2.1814454
-3.7414157 -1.9234686
-3.419129 -2.9816964
-3.2207716 -2.3778296
-2.6325529 -2.9262695
-2.2233331 -1.7310532
-2.2124412 -2.9408107
-2.7986996 -2.9334857
-2.9232395 -1.067189
-2.2984202 -2.434497
-2.5786643 -2.288987
-2.0721092 -1.4983666
-3.661592 -2.3993921
-1.7690259 -2.1716132
-2.9413998 -2.633781
-3.3047483 -2.781539
-4.0473995 -2.7515502
-1.8863921 -1.505717
-3.270904 -2.8144562
-3.7436037 -2.6237454
-3.7416797 -3.3956993
-3.00038 -1.4627646
-2.6834464 -1.6539403
-1.0475758 -3.7552593
-3.9692507 -3.5900562
-3.167577 -3.2249026
-3.3206332 -3.179985
-2.3973951 -4.6500635
-2.143534 -4.1365323
-3.010038 -2.6241806
-3.203484 -2.4549627
-3.6567395 -2.3716402
-2.336955 -3.641832
-2.830502 -1.2241553
-2.9557068 -2.5111575
-2.59064 -3.5181847
-1.9215138 -3.4897466
-1.9407508 -3.4071631
-3.0165539 -2.790695
-0.78469515 -3.256317
-3.1286476 -3.5510747
-4.092427 -1.8313273
-3.6633463 -2.6735168
-3.760221 -2.7663753
-2.9014747 -2.2215946
-3.3321693 -3.2241924
-1.7138171 -3.4627874
-1.4979422 -3.9766946
-3.6989377 -2.1659248
-3.012581 -3.3399353
-2.1442063 -3.4087179
-2.7278798 -2.9530544
-3.5853617 -3.764648
-2.3216484 -3.5818188
-1.665922 -5.113928
-1.9376007 -4.407354
-2.5695431 -2.535368
-2.9636648 -3.5535052
-1.7810909 -2.0169277
-2.4130628 -1.9750264
-1.2403462 -3.5904818
-4.107063 -2.859612
-2.6957388 -3.7386663
-2.3074222 -3.097426
-1.4863176 -4.3661585
-3.1147006 -2.849358
-3.1161084 -2.865208
-3.5673137 -2.2685945
-3.0272532 -2.8548543
-3.2802205 -2.721299
-2.1177669 -2.4166403
-0.5215119 -3.8390756
-2.7652826 -2.0003502
-4.6042457 -2.6275306
-3.23479 -2.991326
-2.9467626 -2.3001852
-2.8947024 -2.671788
-1.6848953 -3.4369388
-1.857935 -2.371357
-0.2325524 -3.4734082
-2.5871809 -3.8160422
-3.624725 -2.1938534
-2.6843822 -1.4521066
-2.654015 -2.8129833
-1.7682345 -2.8121104
-2.9333267 -1.7053317
-2.552064 -2.5546274
-3.9189475 -1.949439
-1.6292697 -4.1516337
-3.0673697 -2.8374152
-3.208217 -2.8338704
-3.5605035 -4.026647
-3.0380142 -3.0158467
-1.5174844 -4.5611014
-2.4563262 -4.939229
-3.0057008 -3.3801641
-3.0291946 -2.4185479
-3.9057448 -2.5763214
-1.3172659 -3.0433908
-2.9340663 -2.0228198
-1.8160331 -3.650451
-2.0693324 -2.9280484
-2.630147 -2.5390863
-2.8932476 -2.5258222
-3.0796874 -2.3612676
-1.6781151 -3.7146869
-3.601171 -3.1395662
-1.1676835 -1.4382852
-2.2907865 -2.342793
-3.1711388 -2.5281055
-2.1341221 -3.0515866
-1.4095645 -0.5734614
-3.5552123 -2.2146926
-1.1680827 -3.4175959
-2.9239666 -3.0100741
-2.693305 -2.5873418
-2.214286 -4.1920824
-2.94989 -3.3363051
-2.7768853 -3.349847
-1.9960816 -1.6650691
-3.1311903 -2.5524523
-2.9237204 -2.5007508
-2.9858823 -1.704694
-2.1690977 -3.3683774
-2.1196642 -2.9733882
-3.9477978 -2.6469316
-2.623637 -3.5159106
-2.7921412 -2.5771809
-3.4580448 -2.3652585
-2.114484 -4.416568
-4.197818 -2.0810342
-2.102175 -5.0933843
-3.0049505 -1.9288497
-2.1491394 -3.8312387
-2.4925096 -2.8257427
-1.5340524 -5.099637
-2.929375 -1.776566
-3.0450778 -3.3644621
-1.7920214 -2.0284166
-3.2566192 -2.3705654
-4.0641913 -3.8969069
-2.3154838 -3.412201
-4.262667 -2.7456083
-3.0614116 -1.8131342
-4.866512 -3.2245286
-2.4638264 -4.999067
-1.4182198 -3.455541
-1.7041155 -1.8791068
-2.5211735 -2.872414
-2.333473 -4.6009097
-2.3577616 -3.43075
-2.6924934 -2.439398
-3.015569 -3.2671525
-2.4955318 -2.7091618
-3.0637782 -3.538015
-2.2893124 -1.5106163
-3.588903 -2.1980076
-3.8394568 -2.157462
-2.5700862 -3.089707
-1.6744506 -3.3967137
-2.0874906 -1.5622224
-3.310529 -2.8199701
-3.75057 -2.9772675
-3.4654684 -3.9859073
-2.5841815 -2.5417805
-1.8662709 -2.7226486
-3.1633599 -2.1195302
-3.3223963 -3.042691
-2.6604855 -2.5044265
-2.9901404 -2.7499084
-3.5928614 -3.110302
-3.0246847 -2.892535
-2.587686 -2.6176965
-4.076137 -2.2323415
-3.6805103 -2.6016974
-3.8219302 -3.1075804
-1.9899927 -3.0547054
-2.469391 -2.9416153
-2.8158188 -2.5807736
-0.84989476 -3.5825856
-2.8708494 -3.6932425
-2.4700282 -3.417291
-3.4328296 -2.7371187
-2.7969248 -2.6647737
-2.9855886 -2.6893137
-3.5278087 -1.6259371
0.3266756 -0.18886991
-2.9258063 -2.3823311
-2.45364 -4.0247016
-2.478353 -2.9749289
-2.3300242 -3.5890353
-3.4300408 -3.7217155
-1.843736 -5.1022534
-3.5685382 -2.409043
-3.9279592 -2.4998512
-2.355167 -1.365802
-3.523048 -2.976873
-3.9462638 -3.298174
-3.1423154 -2.771255
-2.0551026 -2.4884052
-2.976012 -2.8886976
-2.2348857 -2.6014764
-2.6533897 -3.5774
-4.0098515 -3.5023787
-3.1183958 -1.9507307
-2.4885416 -3.0812454
-3.8519502 -1.8602203
-3.1589937 -1.8079802
-2.0516698 -2.8439517
-4.6439795 -4.244161
-5.652972 -4.5245705
-3.7365918 -2.1496978
-1.5682817 -4.06195
-1.4730365 -4.160285
-3.7063768 -2.5433567
-3.089609 -2.0996144
-3.0358186 -1.8222731
-3.4230063 -4.3649106
-1.9999655 -2.9113503
-3.290066 -2.4508407
-3.2096066 -2.843257
-3.1263895 -3.1130724
-2.6033628 -2.0447328
-2.3194134 -1.3625631
-1.9232501 -1.717975
-2.537592 -2.8337288
-1.1119908 -3.6806896
-1.9916292 -3.9453073
-3.3026195 -2.82549
-4.2652297 -2.9042966
-2.591271 -2.7295156
-1.5273745 -2.2707949
-3.2048323 -3.3303926
-2.5916348 -2.9405563
-3.287793 -2.0760128
-2.6879637 -2.658989
-2.8928695 -3.5291054
-4.3411117 -1.8839298
-2.5194817 -2.7258346
-3.2661235 -2.6238549
-0.76821846 -3.8439357
-1.8832155 -3.1022985
-1.6112471 -1.8860052
-1.7831694 -2.929025
-3.016573 -1.8462391
-3.0989134 -4.361545
-3.5995553 -2.7539082
-4.136591 -2.7482586
-2.6592376 -2.584605
-3.2298033 -2.8965845
-3.4693773 -2.082963
-0.94967365 -3.4498453
-3.6057403 -2.6508534
-1.979439 -2.80621
-2.756322 -2.987664
-3.1632888 -1.8451933
-2.6268768 -2.062759
-3.7982686 -3.3358834
-2.918818 -3.0573936
-3.7812462 -2.5374734
-2.6414378 -1.3356527
-2.6365957 -3.443471
-2.3341694 -3.2260036
-1.5316521 -1.7991213
-1.5062191 -2.6908152
-2.929666 -3.1990314
-3.4340446 -3.189015
-2.4539912 -2.7824574
-2.5797172 -4.726498
-2.0809388 -3.529884
-2.4272757 -2.4525414
-2.0112138 -2.9995165
-3.1141062 -3.017254
-2.5547047 -2.1300673
-1.7760645 -3.7588155
-4.110442 -2.8577116
-2.3443608 -1.9545037
-2.350073 -4.1329923
-2.4022894 -2.2722626
-4.1206317 -1.9431036
-1.392195 -3.5258758
-2.5809896 -2.2363033
-2.5802898 -2.8504813
-3.648506 -2.1885693
-2.98148 -1.9107013
-2.7602925 -2.5277448
-3.5876193 -2.9612367
-3.9867284 -2.552492
-2.2892632 -3.8490288
-3.2250655 -3.5763628
-2.9739873 -2.921187
-2.3343885 -3.4901447
-3.969224 -2.488588
-3.389538 -1.1175891
-3.2558737 -3.4753888
-4.07725 -2.5812142
-2.5916533 -4.3314967
-2.5436318 -4.4059625
-3.1137311 -2.1735377
-2.238668 -2.0542848
-2.0280223 -4.514797
-3.07789 -1.5524336
-2.4152877 -3.3456647
-3.6802025 -2.8909085
-2.7992268 -2.6585567
-2.405596 -3.2867393
-3.0125144 -2.6662176
-2.1734254 -3.1515138
-2.4105337 -5.563723
-3.3998024 -3.2887812
-3.056659 -1.9257674
-2.887976 -4.231156
-2.3513684 -4.7030935
-3.3109672 -2.176635
-3.1828866 -3.880101
-2.6441858 -3.1476445
-2.4735043 -3.3385248
-4.369385 -4.525763
-3.1611679 -3.2676923
-0.9067102 -2.333911
-3.7115266 -2.3858273
-2.8615944 -2.7525907
-1.5828818 -3.1726685
-3.0453207 -2.0649784
-1.6573173 -3.0087543
-3.5924673 -3.2286518
-2.9454741 -3.6005003
-2.0676053 -2.5652626
-2.7652526 -2.7783544
-2.5542397 -2.65083
-2.0856225 -3.0984633
-4.3782153 -1.6096451
-2.2703807 -3.5345955
-3.1397402 -2.2805047
-2.1001492 -3.0911288
-3.6388485 -1.9995778
-3.4457285 -4.120619
-0.60666287 -4.0704575
-3.0569756 -3.6182225
-1.3620194 -3.0010502
-1.7787399 -3.6289387
-1.937832 -4.652735
-2.2445655 -1.660895
-1.6414292 -4.774249
-1.4969987 -3.7466264
-3.0829082 -3.2763312
-3.4382062 -2.623016
-3.3187175 -2.2673044
-3.1663408 -2.8082986
-2.6903288 -3.0065217
-2.1207287 -4.2122374
-3.2301173 -3.213241
-2.4697547 -2.433404
-3.6836488 -1.3484213
-2.350687 -1.7668555
-3.6511307 -2.253503
-3.3206596 -2.3347545
-2.856111 -2.3545086
-3.1461554 -4.0336776
-2.640381 -2.8731422
-3.6268382 -2.1205385
-2.2349048 -2.019726
-2.3914297 -2.3393936
-2.470094 -4.0129066
-2.4412775 -2.7495804
-3.1701539 -2.537022
-3.8889 -3.2763507
-1.5907714 -4.0868316
-2.36214 -2.7800856
-2.5306664 -2.34411
-2.9052882 -2.3123913
-2.6330228 -2.9209142
-3.476106 -2.5658708
-2.4494662 -3.0457542
-3.4505343 -1.5698115
-2.7876613 -3.732093
-3.686337 -3.968006
-3.0283313 -2.96708
-3.020676 -3.5469813
-3.1555345 -2.0489707
-3.0742738 -2.2366533
-2.6564462 -3.519533
-2.9377244 -2.4324787
-4.285067 -2.9758508
-3.8387728 -2.271181
-3.6859326 -2.463893
-2.6531737 -4.217788
-2.5684257 -3.614537
-2.3272731 -2.9071422
-2.8221576 -3.655254
-4.1406994 -2.7561946
-1.1431686 -3.5584197
-3.6126215 -2.7855477
-1.9726119 -4.8182263
-4.3233194 -2.4308186
-3.1639028 -2.4513524
-2.1945567 -2.8094997
-3.1385765 -2.6805294
-2.0710266 -3.0349793
-3.1704853 -2.7435393
-2.146001 -2.72906
-3.0137436 -2.8388355
-2.7465174 -2.8088703
-3.8427773 -1.8214271
-3.3585954 -2.6584625
-2.6467397 -3.0343611
-3.2156563 -2.9994829
-2.7532055 -1.8388805
-2.7165883 -2.2056766
-3.664979 -2.6778033
-2.3422093 -3.771725
-3.4345036 -3.1263535
-4.0120387 -3.7164514
-2.8190007 -1.9326739
-3.2112825 -3.1768045
-3.9218683 -1.4258
-1.982886 -3.813695
-1.2293824 -3.2458246
-3.729323 -3.509525
-2.9355881 -2.437273
-1.895971 -3.858952
-1.7613244 -3.5161433
-3.5224304 -2.064063
-3.791225 -2.426169
-2.7641318 -2.1057377
-3.1359844 -3.3587444
-1.922371 -2.6783888
-3.9829068 -2.5927005
-1.0035324 -3.2622917
-4.5635734 -2.6138542
-1.2624402 -3.4884288
-2.004519 -2.5833225
-2.5784838 -1.1529151
-2.4648526 -3.5887666
-3.9478755 -1.5338649
-2.6543949 -2.3817856
-2.551564 -3.1173563
-2.5971274 -2.4933186
-2.8752072 -2.841725
-2.7318294 -2.5690749
-2.6167908 -2.9125543
-1.3447199 -3.5555835
-2.2950728 -3.6587276
-3.0303214 -3.4457586
-2.1640844 -3.1036747
-2.073348 -3.1975245
-2.674468 -1.8503546
-2.9850693 -4.3806944
-2.2207556 -4.0574946
-2.404596 -2.4768364
-3.48267 -1.8600541
-3.380731 -3.0206156
-3.3258853 -3.1195543
-2.558443 -3.0593183
-3.498342 -2.083337
-3.4829595 -1.5462205
-2.1013303 -2.2760782
-1.4764162 -3.2722564
-2.9840956 -2.2317638
-3.5257485 -2.9242458
-3.0406392 -2.3508494
-3.4848104 -2.1281238
-1.3381488 -1.9502991
-1.7538742 -3.4733355
-1.8577878 -4.7568703
-2.839998 -2.6549602
-2.1678643 -3.648249
-2.746424 -3.0222201
-2.8644166 -2.6363926
-2.1603036 -2.5177357
-3.283254 -2.2902803
-3.2736104 -2.0796993
-2.3728218 -2.73633
-2.9883132 -2.2867148
-2.9200573 -2.742991
-3.4915636 -3.1334229
-2.470363 -2.3706608
-3.143103 -3.260273
-2.5301983 -4.3222704
-1.8471104 -3.3388371
-3.1223938 -2.5868795
-2.6385105 -2.144765
-1.0616161 -2.1607108
-2.9063861 -2.1825671
-2.9702365 -3.5257397
-2.5739708 -3.1892853
-3.004342 -3.7315104
-2.4980917 -4.2137766
-2.0541694 -3.3501503
-2.9946733 -3.3198302
-1.6083803 -3.5306256
-3.4647214 -3.8316352
-3.4277163 -3.7524276
-3.542299 -2.3954968
-2.2139595 -3.3040357
-3.1561768 -2.45112
-1.2504375 -4.916292
-2.4414728 -1.2557166
-1.1466279 -4.581455
-3.3986814 -2.5132518
-2.3667355 -4.226769
-2.8763504 -3.0119145
-2.3373578 -1.6769283
-2.667601 -3.2649264
-3.6679277 -3.028756
-2.332918 -4.5017147
-2.1611457 -3.5522928
-2.4196033 -2.0900269
-4.386292 -2.4934886
-2.1301134 -3.320993
-3.5850127 -2.668558
-1.6144812 -2.2701197
-2.6641364 -2.021284
-2.3571393 -2.086405
-2.1511729 -2.352135
-2.3630047 -4.9793673
-1.9173036 -3.8160636
-2.7621343 -3.5739157
-4.091348 -3.5673742
-3.8400443 -3.0112422
-2.2041245 -3.4685724
-3.297024 -3.1463726
-2.5103555 -3.1515977
-3.311787 -3.5435796
-3.1646166 -3.5590749
-2.628504 -3.3163657
-1.3667097 -2.2985537
-3.4880643 -2.891411
-2.4732668 -1.5308921
-1.8738673 -3.2614102
-2.2930048 -1.9379163
-2.8202534 -3.3287349
-2.6625202 -3.3881924
-1.5920846 -4.7435694
-1.0115871 -3.6497452
-3.3852422 -2.9862506
-4.243609 -3.5777144
-2.0662808 -2.1991603
-3.379841 -2.3588712
-1.760682 -3.0743191
-3.2657874 -2.2987106
-4.148344 -2.8706594
-2.5266147 -3.6772363
-3.7672155 -3.0725176
-2.2694118 -3.0742338
-2.7375033 -3.7271183
-1.2053381 -3.036429
-2.5406444 -3.3555431
-3.1451042 -3.0900497
-2.3967366 -2.6621075
-3.585163 -2.8843403
-3.703023 -2.8117669
-2.0936964 -2.2103775
-3.0237436 -2.839907
-0.58010453 -3.997917
-2.6357546 -2.274217
-2.4066536 -2.3315015
-2.6619785 -3.231552
-1.3519136 -3.556295
-1.01239 -3.502737
-2.9129984 -2.8368173
-2.8383088 -2.7966003
-3.2328663 -2.6230967
-3.0217807 -2.4973376
-2.8142896 -3.155393
-1.2768551 -4.8478484
-2.4748118 -2.4301813
-2.6962912 -3.321949
-3.1200213 -2.9686594
-1.6820067 -1.6541951
-4.173345 -3.009662
-1.8436147 -3.7151582
-2.2672486 -3.2790658
-1.3212332 -2.3911226
-1.7149457 -2.5979393
-3.0241752 -2.5495431
-2.6012762 -2.944798
-3.0687902 -2.6707475
-1.3789454 -3.6298733
-2.9804022 -2.9540284
-0.84788924 -2.8566403
-1.6899623 -2.5887356
-3.6929922 -2.8093324
-2.2331154 -2.3698306
-1.9712118 -3.836301
-2.0721855 -3.8489945
-2.7106156 -2.7541447
-2.5440474 -3.2335014
-3.9034173 -1.672592
-2.3321245 -3.0500531
-2.5007758 -3.0991166
-3.1133175 -3.5606248
-3.1094866 -1.909852
-4.324856 -2.7866912
-2.441327 -2.7909656
-2.037841 -4.264735
-1.7614651 -3.552685
-2.5817773 -3.5406547
-2.5990276 -2.8408206
-2.8276827 -2.3594844
-1.641093 -4.0414405
-1.5757077 -3.586977
-5.1742973 -3.4826126
-1.523826 -4.51873
-4.6871524 -3.147677
-2.530192 -3.4486113
-2.0902112 -3.9264696
-4.161024 -1.4380943
-2.780845 -2.0013082
-0.48445857 -3.9217544
-3.226311 -1.8300998
-2.375922 -3.1701076
-3.0433075 -2.6612098
-2.656092 -2.968958
-3.3761694 -3.4696858
-2.4146779 -2.0363042
-3.0749173 -1.8642182
-3.8295288 -1.6872727
-2.240017 -1.6831297
-3.4447658 -2.984937
-3.5033238 -2.8881707
-2.5059574 -3.528701
-2.9419346 -3.241645
-2.381269 -2.1781425
-2.1958654 -2.2587705
0.082812384 -1.9275616
-2.6497357 -3.448442
-3.0877037 -5.5231123
-2.2092505 -3.6413836
-2.9553704 -3.3687882
-1.8506116 -3.2138062
-3.5321872 -1.8630917
-3.5455294 -3.2143393
-2.5631654 -2.4080791
-3.102718 -2.9261568
-1.4556718 -3.5553372
-3.330609 -2.782844
-2.1550388 -3.0252643
-1.5882502 -4.2885923
-2.622138 -2.2754757
-2.4177275 -1.996764
-3.721307 -2.533601
-2.9080486 -3.6956031
-3.0801332 -3.212122
-3.26583 -1.8198863
-2.6962698 -3.100707
-2.275763 -4.2399654
-2.5078423 -4.085934
-3.2204108 -3.232169
-1.5700566 -2.3820367
-2.6086352 -4.163984
-1.9507577 -4.348576
-4.0820923 -2.2053883
-2.251045 -4.0880876
-1.3320844 -3.4909546
-3.3910525 -3.967544
-2.1389146 -2.9401724
-2.5315232 -2.4514058
-2.4017613 -3.391051
-3.7348979 -2.362204
-2.1789932 -3.5287871
-3.2458 -2.0963743
-3.5908625 -3.9752753
-2.0859835 -3.475825
-3.144785 -2.400452
-1.6994641 -4.157839
-4.0913224 -2.4922872
-2.160194 -2.8737538
-2.2778268 -2.5370595
-2.8692815 -1.2355424
-4.141309 -2.6198597
-2.8915324 -2.5682151
-2.796134 -2.4697
-3.1139429 -2.3844788
-1.7132113 -3.6395032
-2.91902 -2.5740304
-3.2467866 -2.4446847
-2.0116782 -2.205424
-0.19003037 -2.923846
-3.21952 -2.341241
-2.9031153 -2.0514514
-2.1067758 -3.2586932
-3.296012 -3.1800165
-2.6496322 -2.622718
-3.2849703 -2.1267703
-3.5244598 -2.0325851
-2.760124 -3.248832
-2.464039 -3.5761058
-2.8118997 -3.3855271
-2.7616093 -2.8295906
-2.634283 -2.6744862
-3.7931042 -2.0346017
-2.5481231 -3.1599617
-3.142482 -3.3962831
-2.5223281 -3.050218
-2.466088 -3.1111543
-2.6013553 -2.5273592
-1.4010302 -3.275923
-3.6599393 -3.3322659
-2.1948988 -2.793345
-3.6471567 -3.4271271
-3.5889328 -2.5124319
-3.6549044 -2.3095083
-3.0064719 -2.031124
-2.925053 -3.7760606
-3.6356587 -2.080694
-3.7515686 -3.2352602
-1.8095776 -3.7150226
-3.9513621 -2.951762
-2.7848864 -3.7046607
-3.481548 -2.1075692
-2.9419782 -1.6025568
-2.502752 -3.0250041
-2.18573 -3.210228
-1.0950928 -2.820865
-3.3984835 -2.2499812
-2.5110831 -2.2589443
-3.9317315 -2.5197558
-2.4307117 -3.4114327
-3.7720487 -2.1837509
-2.2909088 -2.8916652
-3.9272568 -3.0056438
-2.3116374 -2.3225906
-3.3800955 -2.6652107
-3.4397142 -2.3756173
-2.2871053 -3.6184156
-4.0118384 -3.0370588
-2.125643 -3.044228
-3.2734811 -2.2879908
-2.6636446 -2.9876075
-2.1451006 -2.8878458
-3.0105143 -1.8849677
-2.4962852 -1.9783249
-1.5599661 -4.492298
-3.8398752 -3.0300748
-4.193417 -3.528196
-3.4177535 -2.5235758
-3.7009025 -3.0600257
-3.57094 -1.9850315
-2.424676 -2.5015814
-1.5425696 -3.2957246
-1.7949263 -3.0105805
-2.1900854 -3.5830274
-3.1548216 -2.4480522
-2.533464 -2.3200524
-1.0822934 -3.8885386
-1.5258139 -2.039747
-3.7064714 -2.1688077
-3.0329952 -2.348287
-2.0619938 -2.4005911
-1.4668331 -3.0464072
-3.2655869 -1.9427106
-2.360491 -3.2095704
-1.8939891 -3.3885307
-3.7080567 -2.8533115
-3.2074285 -2.9315138
-1.9430178 -3.612188
-2.1900053 -1.8874205
-2.0538583 -3.624207
-3.79847 -2.4963572
-3.5864704 -2.7939112
-1.834152 -3.6249585
-1.8763463 -2.614918
-2.7738476 -3.8879242
-2.4326458 -2.5824258
-1.6528763 -1.4957534
-2.568234 -2.9410548
-3.2838283 -3.1690176
-4.6440816 -3.2205102
-3.3371563 -3.3595068
-2.150587 -2.9156673
-2.6143506 -2.072913
-0.9005123 -4.4384847
-1.0068113 -3.1946158
-2.9353747 -4.058969
-2.5218344 -3.1448505
-3.2730532 -3.0850558
-1.4057335 -3.1826386
-1.9497257 -4.3368945
-3.86945 -3.0634139
-4.3645115 -2.4947445
-2.30581 -3.6190312
-2.8295422 -2.6898892
-2.574844 -2.866656
-1.9734437 -4.134193
-1.5447813 -3.9835916
-3.0357466 -2.8001883
-3.2899942 -1.8056056
-4.9173083 -3.410749
-2.8046696 -3.8248155
-3.2939482 -2.765118
-2.715763 -1.9604918
-1.2178199 -2.4680257
-2.8614302 -2.9931483
-2.6292841 -2.17466
-3.2127473 -2.6567636
-2.9419978 -3.9228058
-4.3304505 -2.3225808
-3.3191864 -3.0132074
-5.8986635 -3.9958036
-2.9554942 -3.9453185
-3.0211077 -3.0301127
-4.043586 -2.262197
-3.4889429 -1.3741544
-3.1786895 -2.1403866
-3.918768 -2.884844
-1.819007 -3.6149025
-3.030079 -3.086743
-3.7310412 -2.9281268
-1.4191849 -4.220593
-2.422968 -1.9777603
-2.8627288 -3.2511053
-3.1036482 -2.1858528
-3.1413212 -1.7308335
-2.5732307 -1.8575981
-3.1608155 -2.7456572
-3.9506736 -1.9114692
-2.1395895 -3.1924167
-3.411105 -2.5663702
-2.613379 -3.2309911
-2.0314484 -4.1118727
-3.5429823 -2.7736416
-2.966324 -2.4039445
-3.8380992 -2.708294
-3.440757 -3.0365837
-2.3403797 -4.0310807
-2.8673706 -2.2608614
-3.170986 -2.5687454
-1.7621181 -4.242687
-3.2653506 -2.837133
-3.237823 -2.7472076
-1.536912 -2.0342858
-2.2136583 -3.0268538
-3.4465702 -2.686256
-2.3701432 -3.860909
-2.872432 -3.9052904
-3.2916212 -2.8786862
-4.1777816 -2.7462118
-1.9885966 -4.2099266
-3.9678023 -2.7667067
-3.5713582 -2.1028044
-4.428887 -2.7945077
-3.6215153 -2.2466817
-3.1361191 -2.9527242
-1.8468409 -4.102349
-3.9174361 -2.4906342
-2.5092974 -3.8819158
-1.9643213 -2.6545339
-4.155316 -2.1897159
-1.9445775 -3.662333
-3.1874428 -4.014878
-3.0863936 -3.521717
-3.997346 -2.7429585
-0.9765665 -3.7652383
-3.7380388 -2.5719948
-3.8632677 -3.6438394
-2.9660194 -2.3409486
-2.0952134 -2.2525892
-4.054122 -2.9339912
-3.4474769 -2.9749494
-1.6497308 -4.399517
-2.935971 -3.8173938
-2.525551 -1.7581291
-1.82824 -2.5940797
-3.6558754 -4.105996
-2.6027224 -2.5686784
-4.1501703 -4.2159286
-2.5293024 -2.2475414
-2.8817225 -2.2412567
-2.116828 -2.215926
-2.6174524 -3.5652435
-2.6799712 -2.2927732
-2.3432374 -2.1887922
-3.7438118 -2.5178442
-1.4755776 -5.597782
-1.6742735 -3.1282415
-2.5732281 -1.8637978
-3.5695004 -1.7433838
-2.3086429 -2.7078798
-1.2887449 -3.432949
-3.5444024 -2.394553
-2.0647295 -3.1402776
-2.8218672 -3.607077
-4.5464196 -3.6471572
-3.9271812 -3.0584452
-1.3907348 -3.233445
-2.376245 -3.2495303
-3.6270287 -3.9682732
-1.8078505 -4.246521
-1.3798519 -4.43595
-1.3712246 -4.6760373
-2.982075 -3.0648882
-2.7999923 -3.2163877
-2.6862135 -4.0719185
-2.6931334 -2.9103875
-3.5023954 -2.5191844
-1.4533598 -3.201698
-2.7131777 -2.183004
-3.5539699 -3.3512769
-1.6711524 -2.7900398
-2.8678508 -1.4701581
-3.3340676 -2.85198
-2.4230232 -2.7958753
-3.1750984 -2.5760481
-3.347899 -2.1619217
-2.6051848 -2.6445131
-2.3909082 -3.230379
-2.2022543 -2.7859073
-1.0804353 -3.5789611
-1.652789 -3.1811454
-2.0876987 -4.2481365
-3.6189682 -3.457829
-1.9082531 -2.7504988
-2.5893884 -2.6576471
-3.2193882 -3.5407896
-2.9813569 -3.0886412
-3.929779 -2.7147763
-1.9255091 -1.8307146
-1.474953 -2.717521
-2.2357483 -2.9636605
-2.770678 -4.000584
-2.3449934 -3.9538717
-2.7209895 -2.768634
-2.8837633 -3.3744104
-2.0085604 -1.8928621
-3.7517638 -2.1516314
-3.3666234 -2.782619
-1.4571824 -2.4474823
-1.0467618 -3.7975097
-3.396674 -4.0265937
-3.6445014 -3.0496716
-3.0742643 -1.7550924
-2.0388603 -3.0890856
-2.2488623 -1.482518
-3.5602307 -1.9007953
-3.5631373 -4.13448
-3.2125537 -2.4154108
-2.4593236 -2.7736628
-3.7288663 -2.481523
-4.7356677 -3.4978182
-2.0133955 -3.3049266
-2.35963 -4.5096836
-1.1784596 -4.1518073
-1.444074 -3.7344756
-3.643614 -2.406731
-4.2140417 -2.0123703
-1.75719 -3.1745174
-2.4995904 -3.640476
-3.924144 -2.9813917
-1.2915848 -2.7695308
-2.4183896 -2.8899038
-2.8863673 -3.4360487
-3.2197666 -2.2321496
-3.393614 -1.7697793
-3.8789554 -2.75575
-3.9073818 -2.5115995
-1.9662986 -3.336885
-2.2568989 -3.2927473
-2.1026928 -1.4647593
-2.7336304 -3.073096
-3.5644233 -2.6016316
-2.4413974 -4.039891
-2.4882653 -3.0262551
-1.1406235 -5.202109
-2.0908105 -5.1327343
-3.1535177 -2.66931
-3.032175 -3.1621482
-2.1370883 -2.2965028
-2.9480944 -3.6772408
-3.7061913 -2.3252943
-3.9613562 -2.9007432
-3.0339193 -2.3459053
-3.6617746 -2.6642826
-2.9326496 -2.6957946
-3.6580338 -2.900717
-1.487715 -4.446371
-3.081141 -2.8615253
-2.7913992 -2.597177
-2.084174 -2.9936233
-3.321934 -1.8937098
-2.6109228 -1.5762063
-0.85643715 -0.8612498
-2.460491 -1.5174519
-2.6566055 -2.191045
-2.3214505 -1.9476056
-3.2540326 -3.1101177
-3.6468658 -2.1441493
-1.1263639 -4.3888736
-3.1467276 -3.012467
-2.8350267 -3.4181015
-3.2060304 -1.8197236
-0.82385224 -3.308046
-3.618423 -2.0994222
-3.322892 -3.0750759
-3.2748632 -2.4213
-2.6715698 -3.5449839
-3.085291 -1.933028
-2.404714 -3.8665805
-1.9049945 -2.2828171
-3.220691 -2.001178
-2.6137192 -2.6976635
-3.127582 -2.540768
-2.541728 -2.563058
-2.344797 -3.4084089
-2.5442336 -3.6067927
-2.6726143 -2.8207545
-2.704499 -3.9718382
-2.3601246 -3.4234788
-3.5663316 -2.4111915
-3.2368171 -2.4427426
-2.9581652 -2.9523563
-2.5652833 -1.5666254
-1.3620397 -3.8600502
-1.593555 -4.321667
-2.9624884 -2.3114042
-0.6044518 -3.4622164
-2.834811 -2.5313048
-2.768611 -3.6405733
-2.7371464 -3.3766
-3.2525837 -3.6047668
-5.5506926 -3.021278
-3.077429 -3.0515726
-2.5633714 -3.3732965
-2.5727847 -3.8655212
-3.199768 -3.0515819
-2.835829 -2.2009385
-3.0619195 -2.6505601
-2.4729583 -1.7963448
-3.4609036 -2.491855
-2.6028745 -3.3768017
-1.8903679 -3.4260566
-1.8107177 -3.5944374
-3.7466753 -2.0319414
-2.9808438 -3.1849816
-2.7328851 -2.3004014
-1.5143619 -2.502881
-1.893954 -1.7998443
-2.9952507 -4.669161
-2.6611447 -3.2304854
-0.98575175 -3.6880927
-2.852883 -3.3449342
-1.6321441 -1.4542964
-2.5336952 -2.4051654
-3.5710409 -2.389715
-2.3659778 -3.5495713
-2.9092674 -2.1357725
-0.61924374 -2.0534666
-2.0008898 -3.1969666
-2.6707735 -3.470013
-2.5501182 -2.5781872
-2.5717237 -3.7159061
-4.1603975 -2.8839166
-2.4927323 -4.036396
-1.6664066 -3.7498238
-2.4837098 -3.2499032
-2.3566976 -3.1741827
-1.6811681 -4.246981
-2.0408494 -3.3203557
-3.1967146 -2.3016975
-3.4097447 -3.2819169
-2.5100622 -1.5918744
-2.6383984 -2.5616143
-4.575103 -3.940224
-3.1766875 -3.4124343
-2.673169 -3.024411
-2.373684 -2.7288234
-4.1593013 -2.9225876
-1.8560765 -4.0266595
-3.627519 -1.9572206
-1.0519074 -2.9312935
-4.181096 -2.5986037
-3.80946 -2.5644522
-2.995197 -1.74927
-3.7271037 -2.6456974
-2.5372274 -1.8361402
-3.6440587 -2.989944
-2.6197305 -1.1338851
-3.305339 -1.5415766
-3.6845696 -2.247778
-2.504667 -2.3418543
-1.3423288 -1.2607714
-3.0732112 -3.0953612
-2.6567323 -3.4330997
-2.8955832 -3.3423324
-2.2703326 -3.5585017
-2.710644 -3.5119438
-2.1719542 -2.8291078
-2.7565742 -3.152988
-3.4813123 -2.2723277
-3.8687897 -3.216521
-3.4682848 -2.1237822
-2.9922197 -2.104331
-3.0827813 -2.1894042
-2.2796054 -2.8368824
-3.5819252 -1.5087583
-2.5294325 -2.4333158
-2.144461 -2.2664573
-4.4239526 -2.163862
-2.388708 -2.7795837
-2.5934222 -2.8441756
-2.533375 -2.3744793
-3.6105304 -3.2016215
-4.0858097 -2.230991
-3.6994994 -2.0327308
-3.1664762 -3.1946018
-3.72559 -1.6725054
-3.8134594 -2.678624
-3.313404 -2.8276594
-3.2871878 -3.3796165
-2.6630864 -1.9432094
-2.1569874 -2.7893016
-1.9664251 -2.9645576
-3.17287 -2.9906282
-2.1001036 -2.7087867
-2.4383082 -4.1281323
-3.68872 -2.3304284
-1.9694957 -3.362478
-3.0933642 -2.487084
-2.400342 -2.6763072
-2.4938297 -3.054654
0.13596655 -3.542139
-3.1347678 -3.4596229
-2.7406998 -2.899664
-0.33338287 -3.919131
-1.7920073 -3.0579362
-1.9893361 -2.462463
-2.5735705 -2.78334
-2.9178839 -2.6205635
-3.5859451 -4.045536
-2.1374972 -4.3258038
-3.5741184 -1.9521073
-3.3153667 -2.453349
-1.9777582 -3.219078
-2.7638876 -2.760092
-3.4328876 -2.1415558
-3.2816188 -2.0024738
-3.1499383 -4.2615514
-3.483802 -1.9390017
-3.9438157 -1.8309209
-2.288403 -3.58088
-3.0248923 -2.815562
-2.1587746 -3.7561522
-2.7305853 -2.2557833
-3.66224 -3.833633
-2.124272 -2.9578834
-1.9257835 -2.8309987
-3.4768438 -2.2029676
-3.5974612 -2.403581
-2.1927001 -4.0683737
-3.2327082 -2.762621
-1.7851706 -2.7397606
-1.2328277 -4.8267536
-3.754408 -4.1438165
-3.6802328 -2.5405343
-2.721683 -3.639467
-1.9190317 -3.274994
-2.729028 -1.5289878
-0.83644384 -4.2095156
-0.9984136 -4.4019356
-2.858429 -2.8097498
-2.6564898 -2.5169773
-1.5904952 -1.5129348
-2.7370734 -3.4740744
-1.8944937 -3.0102637
-3.6673298 -3.0133543
-2.423193 -3.1361651
-2.9469948 -3.6994605
-2.2976365 -3.9038572
-2.3017108 -3.9885337
-2.8213573 -2.4218636
-1.8015386 -2.9092412
-2.7516296 -2.360807
-2.6342154 -3.0637717
-3.354117 -3.088055
-2.7064588 -3.7499027
-3.26977 -2.9948232
-3.9284742 -2.05978
-3.5754714 -1.7374245
-2.43411 -2.9134886
-2.3136904 -2.6333027
-1.7987316 -4.2075605
-2.6156259 -4.317658
-3.4368384 -3.635252
-0.6566138 -3.1888485
-3.6077645 -3.7144005
-2.088934 -3.72124
-2.7877002 -3.1867347
-4.022408 -2.425576
-3.1189544 -2.5243623
-2.3434658 -2.3184242
-3.9098837 -4.091057
-1.598835 -1.1877556
-3.1512213 -2.4654205
-1.9436182 -3.552786
-2.3370717 -3.9833927
-3.736645 -3.1387622
-3.6034875 -2.598283
-2.6428993 -4.150863
-3.4998639 -2.6486957
-3.6063147 -2.6483643
-2.2244394 -3.3818595
-3.4513912 -3.119359
-2.9230704 -3.437961
-2.9134617 -1.9837613
-3.6321325 -2.1972578
-2.6123636 -3.2361887
-2.1332343 -2.973288
-2.9500144 -2.7138808
-3.7422962 -1.624066
-3.2713096 -4.217465
-2.163658 -2.1468258
-3.3390036 -2.9586604
-0.9655972 -5.0393677
-3.1972811 -2.9834416
-2.9044316 -2.8509028
-3.625289 -2.5341833
-2.0853727 -2.0813336
-4.64147 -2.4247367
-2.866093 -3.1599112
-2.7549477 -3.350073
-2.471585 -3.902354
-3.3590543 -1.7803454
-2.3960364 -4.9770246
-2.7617319 -3.7127557
-2.784197 -2.8665252
-2.5445206 -3.1146057
-2.7056487 -2.9095078
-2.4853165 -4.0442233
-3.8248081 -2.29948
-3.5484557 -3.165655
-2.9856768 -2.8710132
-2.7644022 -4.1345615
-2.866086 -3.9090717
-2.2115388 -3.1109922
-3.3332355 -2.393814
-3.4245574 -3.8459089
-2.5378084 -3.6083963
-3.175406 -2.9557512
-3.4073405 -3.5622466
-2.3272595 -3.6574535
-1.7929283 -4.236363
-1.2371053 -4.8426075
-3.5411248 -1.3426999
-3.7457206 -2.515661
-3.0075047 -2.569274
-2.7441351 -3.658992
-3.6789958 -2.6236749
-3.017693 -2.0426526
-4.4692917 -3.0196538
-2.9839885 -3.3611932
-1.7747759 -1.6664041
-2.6597743 -2.9766922
-1.8023194 -4.0721393
-3.3306706 -2.3705065
-3.3042939 -3.499981
-2.7497053 -1.8182186
-4.2353272 -2.84102
-2.4743514 -3.1619017
-2.9160023 -2.7956464
-3.7648072 -3.6193063
-3.6969538 -3.3452494
-2.8921115 -3.0524838
-3.2860782 -2.2788436
-2.2271397 -3.00462
-3.7689497 -2.2354767
-1.1337055 -3.916829
-2.5625262 -3.6873438
-3.0229115 -2.3540003
-2.0506434 -4.6998773
-4.340297 -2.888137
-1.7506137 -4.2010264
-2.937285 -4.0137467
-1.2730306 -5.735418
-2.8881366 -4.2365713
-2.49596 -1.5274514
-2.8776367 -3.7122378
-3.2197287 -3.745269
-4.100732 -1.7307153
-4.152938 -3.1440876
-2.5645328 -2.875855
-2.7983701 -2.9837103
-0.99376297 -1.8738545
-3.025911 -2.7062829
-2.977207 -2.8192346
-1.1807786 -4.0057497
-1.7809361 -3.443216
-2.390789 -3.0025349
-2.7127223 -2.4033952
-2.7176585 -2.4300098
-3.1950338 -2.7049403
-2.995064 -2.8943658
-2.6725607 -2.729641
-2.214744 -3.457638
-3.7207544 -2.1109235
-2.177635 -3.7431312
-2.205825 -3.0985682
-1.3212606 -3.402759
-2.9395957 -2.152406
-2.6306276 -3.9858832
-2.8945298 -2.4919555
-3.387619 -2.502941
-3.2289343 -2.4301205
-1.7819216 -4.170123
-1.9681367 -3.2749915
-2.6761217 -2.9325016
-2.5552855 -3.5212092
-3.2599764 -1.6042498
-2.564358 -1.8461704
-2.9159553 -2.893124
-2.3591256 -4.927475
-2.338674 -1.6690754
-2.32963 -3.7121994
-2.929375 -1.776566
-2.0535686 -3.425939
-1.7721202 -3.3333826
-3.2362964 -2.4201088
-2.7664902 -2.1423156
-2.0555909 -2.5607634
-1.0384104 -3.591266
-4.4229712 -3.5032356
-2.6691658 -1.4009308
-3.4275591 -3.530125
-2.800568 -3.5897274
-2.9217513 -3.0860703
-4.1285453 -1.7456096
-1.1529791 -2.442194
-2.3052795 -4.2480364
-1.8239796 -4.6661515
-2.3902595 -2.8598948
-2.9823937 -2.1304758
-1.7083973 -1.7232085
-2.5458026 -2.6976914
-3.9576862 -3.3819442
-1.0369122 -2.1444547
-2.9218786 -1.2595822
-3.7416914 -2.7313702
-3.1658106 -3.2722032
-2.122745 -2.8845925
-2.0930953 -3.376291
-3.2595012 -2.3010447
-2.5377316 -2.376979
-1.6287001 -4.1373315
-2.4774795 -3.6321328
-3.2430117 -2.3135862
-1.5478208 -2.7164135
-3.1090353 -2.8485732
-2.655237 -4.262495
-2.6061807 -2.3206432
-2.8145556 -4.114292
-2.955315 -4.0439405
-2.9728508 -2.4957845
-2.8687491 -4.574615
-2.6733835 -3.8300374
-2.2062957 -2.7849348
-2.2338188 -3.7191527
-3.1879208 -2.7827876
-2.1779122 -2.627623
-2.3871663 -2.93287
-4.1846895 -2.3809326
-4.4872518 -3.1937308
-1.9829755 -3.063257
-3.1349206 -2.373869
-2.9196618 -2.0029905
-1.3610566 -3.5557027
-2.0169678 -2.641307
-3.0774944 -1.7023749
-1.722542 -3.6313887
-2.5426278 -3.1032655
-3.1578777 -4.2585716
-3.7637916 -3.538774
-1.5989075 -2.9242074
-1.882607 -5.220667
-2.536879 -2.9308863
-2.738307 -2.3726072
-2.6068072 -4.2807436
-3.7659585 -2.5851505
-2.5843084 -2.116518
-3.1517708 -3.1801648
-2.9230607 -2.080159
-2.4607377 -3.8482764
-2.7081742 -4.0574923
-3.107001 -3.886428
-3.7022629 -2.4292183
-2.1786683 -3.871939
-1.8900694 -3.757286
-3.7828267 -3.0247152
-3.652135 -2.1942227
-2.421165 -3.0755317
-4.3107805 -3.023619
-3.9742277 -3.5464423
-2.397797 -3.097572
-2.968798 -1.9748095
-2.3270857 -2.8467047
-2.4954531 -2.3974552
-2.0008872 -2.2979434
-1.6978595 -1.9553438
-3.778311 -3.3172688
-1.8413404 -2.7493546
-3.9185455 -3.2892108
-1.2102453 -1.9999771
-1.8239167 -3.3394694
-3.8433495 -3.097145
-1.8450562 -2.8527267
-2.2774274 -3.6078131
-2.9512734 -2.9176438
-2.5789368 -2.527491
-3.3550441 -2.8812165
-2.6404147 -2.9730628
-2.0382364 -5.064237
-2.1501787 -2.5164893
-3.9906557 -3.5281384
-2.6503677 -2.3416736
-3.4839756 -2.2074158
-2.1498823 -2.2890668
-2.97224 -2.0833497
-3.3152838 -1.7397717
-3.0015776 -1.9138052
-3.8581703 -2.0671902
-2.1568272 -2.9975662
-2.8371143 -3.0252507
-2.64675 -3.7596574
-3.3517463 -2.8100035
-2.041103 -2.5745785
-3.8448498 -2.4408324
-2.613179 -3.188012
-3.3338397 -2.3884144
-2.9774024 -1.9413437
-2.250967 -2.0318398
-2.6178596 -2.5195193
-3.125738 -4.2868834
-3.2448373 -2.245007
-3.6819644 -2.6238546
-1.8572545 -5.3921647
-3.598717 -3.1547196
-2.6365519 -2.586162
-3.4209816 -2.7392292
-2.101341 -2.2231097
-3.0358326 -2.857543
-1.957604 -3.0056403
-3.384141 -2.807624
-3.8918843 -4.872895
-2.8759732 -3.024243
-2.8401158 -3.0176523
-3.011219 -1.5656369
-2.3569148 -3.3128452
-3.3276372 -2.1422849
-2.1333263 -2.9244792
-3.2134771 -2.4124172
-2.003075 -2.8245506
-3.5084162 -2.3285902
-1.2490821 -1.4298185
-1.8886243 -4.2034993
-2.7820497 -3.8119037
-1.531807 -2.8607237
-3.1296866 -2.8233624
-1.5527787 -3.9009922
-3.2425735 -3.3699906
-3.1979592 -2.3364341
-2.7805076 -1.8761811
-2.9148486 -2.7279134
-1.858822 -3.0853012
-4.550227 -3.6561458
-3.093239 -3.319881
-2.9477706 -1.4663285
-2.7696881 -2.0845475
-3.4477422 -2.972644
-3.3784692 -2.7948098
-3.058295 -2.6410048
-3.110742 -2.584082
-1.6969892 -3.3032947
-2.8189785 -3.4555557
-3.0578446 -3.433503
-2.775091 -1.5051208
-3.1167684 -2.6406422
-5.953652 -4.882172
-2.7017841 -2.7571518
-3.122138 -2.8817072
-2.50742 -3.9143848
-3.532887 -2.1573474
-2.2723696 -2.6451762
-3.981713 -2.7705798
-2.8213465 -3.250677
-2.8244305 -2.064261
-1.0323586 -3.5396254
-3.2269793 -2.3896875
-2.3624525 -4.0103817
-3.518626 -1.3791959
-3.8005688 -2.7070234
-3.2130878 -2.0242946
-2.6428516 -3.102742
-3.2700472 -2.455991
-3.0090778 -1.9178647
-2.6334233 -3.7390995
-5.4332347 -5.8636284
-2.043519 -2.5520456
-2.2432718 -3.9866796
-2.7966008 -3.1548252
-2.6688707 -2.884238
-2.7988658 -3.5485442
-4.02606 -2.8191605
-1.9113071 -3.5118685
-2.9490998 -1.783724
-3.1537986 -3.9182634
-0.8186643 -3.631909
-2.6803646 -2.9122715
-3.1361384 -3.8509161
-3.022258 -2.826646
-2.6561506 -3.6998951
-2.6016088 -2.3346992
-1.5738875 -4.2019453
-3.7078888 -3.1103745
-3.5255435 -2.9571936
-3.1557012 -2.9075994
-2.802859 -2.8132973
-3.6320252 -4.412712
-2.5415785 -2.5459108
-4.1173873 -3.2257774
-2.467953 -4.1255894
-4.0997543 -3.3788059
-3.2694898 -2.876113
-2.6293764 -2.6579437
-3.3759806 -2.9560483
-2.5682373 -3.3981168
-2.9598746 -3.0114279
-3.4523222 -3.7319336
-3.8132272 -2.3325405
-2.633539 -3.0286913
-2.6512594 -1.611239
-3.3674958 -2.0493772
-4.9043546 -2.6565356
-2.5142608 -3.9987714
-2.7354116 -2.4200943
-1.2293187 -4.022178
-2.8648677 -2.6961482
-2.6634119 -1.4668612
-3.0405939 -1.8633138
-3.767125 -2.576665
-3.0980556 -3.8860645
-2.7410958 -2.5916746
-3.4890437 -3.982947
-4.3083305 -2.6604252
-1.6617682 -2.751986
-2.6961596 -3.7020414
-2.764439 -2.8174865
-3.1692865 -1.8275305
-3.801655 -2.2006354
-3.5564222 -3.126179
-3.185666 -2.0969703
-1.5471735 -4.072954
-3.5127301 -3.477871
-3.0966504 -1.8407602
-4.8739977 -2.671114
-2.1879199 -2.8699694
-1.2003608 -3.9823139
-2.8686 -3.364078
-3.1241379 -2.3793714
-2.7545779 -4.0333366
-3.1755168 -2.9715161
-3.6955104 -2.550357
-2.5440671 -2.4027877
-3.2699285 -1.9931968
-3.114834 -2.6408703
-2.016306 -4.5015674
-3.2182267 -1.4394605
-1.6784892 -3.153662
-4.04207 -2.7837574
-4.1681533 -3.1543026
-3.528773 -2.9059014
-1.3525531 -2.680908
-2.6547577 -2.5499506
-3.5415986 -3.238622
-3.2361956 -3.0524902
-4.509367 -3.1965075
-2.4332986 -2.9749882
-2.6800137 -2.8174875
-3.546715 -2.9777615
-2.7185726 -3.4529274
-3.2034168 -2.9379478
-1.762612 -2.3208804
-2.848447 -2.4915726
-2.582603 -2.1649935
-1.6783521 -3.093251
-2.417318 -3.8284042
-3.4265554 -3.0275798
-3.5958157 -1.7090462
-3.3858175 -2.6318417
-3.1165469 -2.6657577
-2.322232 -4.7026424
-3.6636283 -2.6900449
-1.9754716 -1.4053026
-2.1518419 -3.0449474
-1.5454623 -2.8340764
-2.6511207 -3.7484994
-3.4591851 -1.953789
-2.968129 -3.4626017
-2.5322216 -0.5988762
-2.0988965 -2.7900052
-3.4383876 -3.4445488
-1.3107545 -4.0649414
-2.6268113 -3.5000947
-4.016337 -2.0961585
-1.91565 -2.009125
-3.919449 -2.493735
-3.0099154 -2.0093093
-3.7367628 -2.1605177
-1.5422821 -3.8119476
-2.3134553 -3.923996
-2.7496881 -3.2608836
-3.5713196 -2.0079277
-2.2813563 -2.4558425
-2.9890978 -2.7286868
-2.3256977 -2.1688821
-3.6550858 -2.2909
-2.7507508 -1.4705305
-2.543188 -2.8097615
-2.7308922 -3.128682
-1.7632511 -2.3476093
-4.050288 -2.2603445
-2.715748 -1.8850173
-3.612112 -2.991843
-3.7468016 -2.764571
-2.0679278 -2.9060514
-2.7721047 -2.7303426
-3.1895747 -3.256701
-2.193707 -3.3165462
-2.700375 -2.830645
-3.78163 -1.9778391
-3.036571 -3.6998184
-2.6913278 -1.2276864
-3.369749 -2.2474046
-2.6687288 -2.4025311
-1.9453645 -2.853658
-3.389404 -2.921468
-4.0317545 -2.1747932
-1.6632221 -3.64678
-3.1924458 -2.2693813
-4.09324 -1.3736876
-3.1313367 -1.1703534
-2.7417226 -3.3632162
-3.522862 -3.4106941
-2.7022045 -3.2469177
-2.5939302 -3.3610516
-3.9202564 -2.0320234
-3.4131367 -2.249824
-2.9425063 -4.550563
-3.1232646 -2.67456
-3.195267 -2.773078
-2.2472675 -4.1468143
-3.0139027 -2.7440314
-3.148333 -2.6440463
-3.6857538 -2.435748
-1.9827387 -2.9575207
-2.101215 -2.551894
-3.5643451 -1.5867254
-3.2440908 -2.1889446
-2.1375735 -2.832249
-2.9143348 -2.0060287
-2.9183202 -3.3769732
-3.9352837 -2.8270702
-1.8464891 -1.7794573
-3.634402 -3.8697193
-1.6270908 -3.7087445
-3.4199994 -2.3842852
-3.3125358 -2.5681665
-3.7318912 -2.7096298
-2.7243059 -3.0474417
-2.2355452 -4.687788
-1.1751153 -2.9822166
-3.2691295 -2.339632
-2.8995478 -1.5952976
-1.7828069 -2.6876638
-1.424584 -2.5325527
-3.0300543 -4.219725
-2.2646892 -4.5386906
-4.1367507 -2.4478002
-3.7005725 -2.511685
-1.8088048 -4.735962
-3.413492 -4.2885785
-3.750756 -2.115067
-3.240291 -2.3795094
-2.546919 -1.5670196
-3.2202504 -3.394189
-3.1810448 -1.9558694
-3.3293502 -2.7287729
-2.2353632 -3.0314062
-2.3692367 -2.0652266
-1.2345711 -3.1170652
-2.836676 -1.5911525
-1.6958348 -2.6673605
-2.0905108 -3.0467274
-3.4527671 -2.4967656
-3.0556474 -2.600986
-0.13217045 -2.6158755
-1.1604824 -2.4736118
-3.632659 -3.388353
-1.6708546 -4.1862984
-1.2065979 -2.5674577
-3.9265113 -3.4710717
-4.2983875 -2.2213497
-2.4163277 -2.2913098
-3.6261876 -2.201579
-3.9754927 -3.3989937
-3.0705793 -3.8308203
-2.7625206 -2.5147302
-2.810576 -2.499314
-2.7635794 -2.287894
-3.7804222 -2.3511071
-1.9950143 -3.7021067
-3.1589282 -3.8858426
-4.28751 -5.2367754
-2.5569873 -2.0085688
-2.7340283 -3.441391
-3.8454068 -4.0355353
-2.1445227 -1.2385832
-3.0972068 -3.195839
-2.923815 -2.9294236
-2.5709898 -2.1887975
-1.653627 -3.3706381
-2.1694965 -4.2389474
-3.0165792 -1.5410326
-4.1049414 -3.2294533
-3.4997432 -2.5495636
-2.008002 -2.4516068
-2.3532643 -3.655225
-3.1768284 -3.0537114
-1.5583609 -3.2014482
-1.8746936 -4.328972
-1.3947437 -4.800244
-2.111442 -1.6349846
-3.152722 -2.586377
-3.510866 -2.487343
-2.3707051 -3.2522569
-2.9803302 -2.6157022
-3.0341544 -4.1366925
-1.6761471 -2.3437107
-2.6016371 -2.7116125
-2.9275517 -2.8393054
-4.4955735 -3.5657778
-4.393019 -3.814568
-1.3830895 -4.621321
-2.2293692 -2.234519
-2.6842203 -2.3352883
-2.4010468 -3.6625814
-2.6945546 -3.8605897
-2.3138537 -2.9198804
-3.6438112 -2.7656875
-2.4016516 -2.6678412
-2.2809563 -4.2165923
-3.1957757 -4.2181354
-2.5048885 -2.851721
-1.3739662 -3.453017
-2.8352582 -3.343506
-2.6975412 -1.9138094
-3.2121997 -2.9221718
-2.1586978 -3.2881742
-3.7701988 -2.1445596
-3.2816575 -1.796567
-0.48648387 -3.772604
-4.065583 -2.4647212
-2.978854 -3.61467
-2.58333 -3.2946382
-2.5406868 -2.6871827
-2.0178614 -1.7342659
-2.1241763 -1.9347433
-2.1466022 -2.5055501
-2.9375608 -2.7669406
-2.0584126 -3.846347
-3.6348853 -2.8280392
-2.4881616 -3.653053
-3.0696015 -1.805721
-3.1914363 -2.4892793
-3.8210976 -2.9439363
-1.9234128 -3.8372178
-1.4218783 -2.0232852
-2.9994335 -3.6905377
-2.7296972 -2.3877518
-4.3906302 -1.9996797
-3.2969563 -3.150505
-3.856967 -1.9399854
-3.1342678 -2.2784386
-1.5164303 -4.2571445
-2.47201 -4.090566
-1.750513 -3.0642595
-2.3043766 -3.7055037
-2.2407587 -3.6623194
-2.3583024 -2.1923988
-2.357318 -2.8800843
-2.344781 -2.0439954
-2.3488278 -3.3357995
-0.7698673 -3.7490215
-3.2821343 -3.0587363
-2.1300106 -4.4115014
-2.6650548 -2.5258858
-1.2572682 -3.1709807
-3.1676362 -2.7595627
-2.375333 -2.4655154
-2.003369 -3.1872244
-2.4111106 -4.5464854
-2.050594 -2.234696
-3.8386745 -3.1837964
-2.099991 -4.2474685
-3.9239922 -2.529903
-1.4793309 -3.1304693
-3.3729854 -4.0252028
-3.507641 -1.5954466
-3.9983895 -2.6144505
-2.2982447 -3.7070994
-3.3285048 -4.1776757
-3.2393734 -4.5882998
-1.9186195 -3.927333
-2.035649 -3.633282
-2.7744827 -3.0277393
-3.495536 -2.6452885
-2.4607282 -2.7422695
-1.420959 -3.3800647
-5.0426784 -1.9805057
-3.5286148 -2.3123944
-3.3024797 -2.6689825
-3.6958444 -2.7311392
-2.8545833 -2.3169765
-3.3739886 -1.7801734
-1.103248 -4.120507
-1.8874323 -3.1076355
-3.2359202 -0.6373865
-2.0801873 -2.3197808
-4.390065 -3.1898215
-2.9156418 -3.2283118
-3.5287044 -3.0657806
-1.4977702 -4.4776793
-2.411638 -2.7771292
-3.0556095 -2.7746534
-2.772017 -1.9515241
-2.2126572 -2.8357303
-4.337154 -3.5239635
-2.7260275 -3.1762207
-3.4467552 -2.935744
-3.0003672 -3.914036
-2.5083811 -4.1089516
-3.3129618 -1.7238128
-2.1696908 -2.1875293
-2.8236825 -2.9495847
-2.8388495 -2.6807282
-1.7417617 -1.9787037
-1.5418215 -2.6345632
-4.123108 -2.02086
-2.44662 -3.5989926
-3.4589694 -3.3083024
-3.405364 -2.5297148
-2.8360846 -3.2621427
-2.2047882 -3.485961
-3.699586 -1.7791599
-2.6571276 -4.4492393
-3.4785855 -3.1521075
-4.278957 -2.1126273
-1.2284507 -3.6725075
-3.4718277 -2.1323211
-2.7920039 -2.4088368
-1.6999137 -2.1073918
-1.4513289 -4.3580184
-3.401298 -2.2107966
-2.4091854 -3.229676
-1.2163494 -2.6364357
-3.3526132 -1.707465
-2.430822 -1.557843
-2.3606136 -2.6322143
-2.3689704 -4.134412
-2.3405998 -3.7399511
-2.8177986 -3.0387583
-1.4141886 -3.0289834
-0.457354 -2.701756
-2.8405752 -1.4779425
-3.1632533 -3.068953
-3.1196682 -3.7032175
-2.234923 -3.026445
-2.3936458 -2.69863
-2.1559246 -3.0962353
-3.0696194 -2.1614227
-3.5526242 -2.8358312
-3.7760303 -2.8981328
-1.8575184 -5.2186913
-2.8662975 -3.7973466
-3.4263942 -2.666649
-1.5979643 -3.427463
-2.8095279 -3.0900545
-2.6497376 -1.7568125
-2.8228333 -3.1512644
-1.7787118 -4.47296
-2.3157792 -3.0091305
-2.8511717 -4.4896784
-3.071574 -2.3668146
-3.7883375 -2.8275099
-2.483764 -1.5436774
-0.46059698 -2.909976
-2.7465973 -4.013576
-3.2132533 -2.4767601
-3.276215 -2.2331586
-3.249844 -2.7749565
-0.97904676 -2.3028362
-2.0113344 -3.6675842
-3.0680728 -2.8227394
-2.6427453 -3.3840559
-2.0340374 -3.385529
-0.69767046 -2.2191515
-2.8559341 -3.7671015
-3.964309 -1.7143147
-1.2265131 -4.400836
-3.1942217 -2.5819097
-3.3463788 -2.4043562
-3.7678206 -3.6546397
-3.346935 -4.224935
-1.7727394 -2.9333513
-1.1600788 -4.051432
-2.9978514 -2.9714355
-3.5299852 -2.0742724
-3.6001315 -3.221826
-3.332322 -2.75874
-2.6346366 -2.72565
-2.6018593 -3.5028226
-2.3270757 -2.7078295
-1.9696121 -2.5519698
-2.2398791 -2.8445573
-2.851898 -3.6692054
-2.152925 -3.765618
-1.7568705 -4.3647947
-3.2939267 -2.2230148
-1.4310076 -3.7808797
-2.7891793 -2.3494995
-1.871192 -3.3508456
-2.3730469 -1.6204411
-2.6490211 -3.6710153
-2.7999513 -2.048332
-2.4168804 -1.4920961
-3.451294 -2.9250996
-2.9977977 -3.7098873
-2.6858766 -3.2792697
-4.238992 -1.7960132
-2.7063775 -3.0489438
-2.6060913 -2.6688342
-2.8573658 -3.2219067
-3.4393194 -2.8000827
-3.4265006 -3.3679397
-1.2349101 -2.4460075
-2.251 -2.701315
-2.86971 -4.458369
-2.1892781 -3.1774209
-3.0257678 -2.601942
-2.1765778 -5.088552
-2.8017037 -3.3486104
-1.8040473 -4.2429056
-2.435644 -3.990486
-3.5881324 -2.4728231
-3.1686354 -3.1563156
-2.4135602 -2.3955307
-2.3992975 -3.1492887
-3.0989575 -3.0379274
-3.218506 -2.5624778
-1.618748 -3.459813
-2.1932867 -3.0555162
-2.996797 -3.0921903
-2.6035407 -1.7308996
-3.820322 -2.499957
-4.057524 -3.0617986
-3.565 -3.4362824
-2.1593623 -2.059091
-4.0930467 -4.614955
-2.8196285 -3.678131
-3.058122 -2.2378027
-3.344772 -2.7586322
-2.4497483 -4.1469774
-2.4258845 -3.861412
-3.845349 -1.9560744
-2.5900946 -1.8793257
-1.9538003 -3.8939517
-2.9143302 -2.6954784
-3.0554404 -2.332759
-1.1113747 -1.1841648
