-1
-2.826222133333333 -1.6112060333333336
-0.55986785 -2.1987224333333333
-1.9208172333333335 -1.7255522
-1.939854066666667 -1.6681086333333335
-1.2845494 -1.8510655333333332
-2.2914132333333335 -2.0226567666666666
-2.0656758666666666 -2.4712714
-1.6051969000000001 -1.805315433333333
-2.253678766666667 -2.0288623333333335
-1.0748716 -3.1681097
-0.6516581866666666 -1.9170992
-2.4641897666666672 -1.3479290666666668
-1.4832265666666669 -2.692359866666667
-1.6865285666666665 -2.7868357333333336
-2.9218820666666665 -1.7144871000000002
-2.729103333333333 -1.6829221666666667
-2.3040015 -2.057190766666667
-0.6400215133333333 -3.3054807999999998
-2.3916398666666665 -1.900093033333333
-0.8875752533333334 -2.2288723000000004
-1.7104992333333333 -2.9702884000000003
-2.692425233333333 -1.9883121333333333
-1.5017468333333335 -2.449123633333333
-0.55712279 -2.985619466666667
-3.1544446333333336 -2.3155099
-1.5951094000000001 -2.0669240666666666
-3.1198550000000003 -1.6609761666666665
-1.4730258666666667 -1.6390246666666666
-2.902869933333333 -1.2425095199999998
-2.3350709 -2.5074986
-3.2902325666666665 -2.4682023666666666
-1.5349515 -2.1928734000000003
-0.7417998800000001 -3.7567187666666664
-2.0644215666666668 -1.0335586
-1.9623574 -1.1817555433333333
-1.2619932999999999 -1.6653949666666665
-1.5890818 -4.5811622
-3.706744466666667 -2.029871366666667
-3.2208251 -2.737910266666667
-3.375155066666667 -1.9363723
-2.438824466666667 -1.0485373333333334
-0.9119624000000001 -1.950035533333333
-1.3159554000000002 -1.1178181766666666
-3.102131 -2.3343025666666666
-2.6136636666666666 -1.1596463333333333
-2.7608934 -2.059584533333333
-2.821189766666667 -1.5103338666666666
-2.8475682333333334 -2.7813813
-3.071828433333333 -1.5390992000000001
-2.6261315333333335 -2.1300300666666665
-2.2048626000000002 -2.4183289333333335
-2.2242072 -2.284100733333333
-0.9011941300000001 -2.9555622666666665
-1.2445241 -2.2545779
-2.2219722 -1.4247706533333333
-1.6333736999999997 -3.7287302
-0.9813222 -2.2570852666666665
-3.314120133333333 -2.0613340333333334
-3.008892966666667 -1.6704983999999998
-2.357276966666667 -1.8743152666666667
-3.2131095666666663 -1.7121045333333333
-3.281501733333333 -1.9822647666666664
-2.2383508666666665 -2.3661049333333337
-3.931501833333333 -2.100970066666667
-1.3735469166666667 -2.2895534333333334
-1.9928869666666664 -1.5115279133333333
-1.423707433333333 -2.9750537666666665
-2.3864943666666667 -1.550869466666667
-1.7447675999999999 -1.0876924133333334
-0.11388248333333335 -4.0093681666666665
-2.1948016666666668 -1.7343356
-1.6453431666666667 -3.8161678999999995
-2.105954833333333 -2.965838166666667
-3.1463925333333336 -2.1957495666666667
-2.756042166666667 -2.1880624666666666
-2.3606551666666666 -1.6011446666666667
-1.5597808 -2.1745476666666668
-2.4138077 -3.4116896666666663
-1.3005702666666665 -1.665829
-2.1622849000000004 -1.709227566666667
-1.5159982333333335 -1.8500721666666664
-2.845939 -1.5958972
-0.5314943736 -2.9207487666666663
-2.4326845 -2.038666066666667
-2.278127533333333 -2.0274888
-1.9977965666666668 -1.7591580999999998
-1.6060588333333332 -1.8565078333333334
-3.0024292333333333 -0.6777841733333333
-3.372355766666667 -2.4144337666666664
-1.0827321200000002 -2.738465966666667
-1.7633111000000001 -2.0980112333333336
-0.8519428299999998 -2.297899
-1.0380470166666667 -2.157590566666667
-1.7825169666666667 -2.4378126
-2.513284066666667 -2.541423233333333
-3.7512117000000003 -2.947155
-1.8176464666666667 -3.353675
-3.5078041666666664 -2.4799901
-1.1107235333333332 -1.6573102333333334
-2.902398766666667 -1.4579532
-2.002908066666667 -2.5477368
-2.8454722666666674 -1.7079801000000001
-3.2019381333333334 -1.16080345
-2.0650641666666667 -1.5202341000000001
-3.0729475333333336 -1.0326340833333334
-3.4094179000000002 -3.6775442000000003
-2.808392566666667 -1.8260785333333334
-1.1973583666666667 -2.2984139666666668
-0.6527118533333334 -1.7000535333333333
-2.2085765333333334 -1.1503861766666665
-2.8596967 -2.4886589333333333
-1.6791619666666666 -2.2289149666666668
-1.3576359999999998 -2.291388433333333
-3.420219266666667 -1.4990755666666664
-3.064631533333333 -2.0993952
-1.9617071000000001 -2.519857766666667
-2.4953689666666667 -2.6346651666666667
-2.772573833333333 -2.3132681333333336
-1.4644621333333332 -2.305701566666667
-2.1187875333333333 -3.0940552666666665
-2.596559933333334 -1.9879665333333334
-0.8222372133333333 -2.2956800333333334
-3.0567571 -2.0638917666666665
-1.6049223000000001 -1.8553042
-0.09306630833333335 -2.1674061666666664
-1.6877628333333334 -1.4416803999999999
-0.3502188853333333 -1.1548101666666668
-3.2940193666666664 -2.2959982666666665
-1.1015482333333333 -1.9907612666666668
-1.5403625333333333 -1.8915448333333331
-1.7861577000000002 -1.4014312
-1.4313635666666669 -3.1000546
-2.8541146 -1.1288861166666668
-1.7505165333333335 -2.6721582
-2.223135666666667 -1.6954699666666668
-1.2654470999999998 -2.3895893000000004
-2.354081033333333 -3.1827674
-3.6255237333333334 -2.3224369
-2.2566928333333336 -2.3932562
-1.5517196666666668 -2.480691366666667
-0.76941553 -1.3900723000000001
-2.191913533333333 -2.0919293000000003
-2.623268733333333 -2.2910611666666667
-1.7940018000000002 -0.9696296866666667
-1.2099896333333333 -1.3689699
-1.0802123666666668 -3.075862466666666
-3.3992786333333336 -3.9763539000000008
-1.6170537666666667 -2.6619723000000004
-1.6679878333333331 -2.6060939333333333
-1.7180737333333334 -2.371475366666667
-1.7296398133333333 -0.80423059
-0.6521126666666667 -1.884090566666667
-2.559913133333333 -1.5004593333333331
-0.94890049 -1.1503219333333334
-1.5586354333333332 -1.9695939999999998
-1.3804459333333332 -2.129515066666667
-1.2383852666666668 -1.6925164666666666
-2.8003718333333336 -0.9881564233333335
-3.1416428 -1.2542309433333334
-2.154372 -1.5799904666666666
-0.8176476466666666 -3.6885640333333334
-3.1497415666666666 -1.8269476
-1.9149244999999997 -2.304455433333333
-2.6311385 -2.8407756666666666
-3.2102999666666667 -2.3602025666666666
-0.553728259 -2.6242260333333336
-3.0099443666666663 -1.8531881333333333
-3.926372866666667 -1.9987573333333335
-0.8188112133333333 -1.2278904666666668
0.13006214066666666 -2.672181466666667
-2.5115103666666663 -1.7411299
-2.1531485666666668 -2.4240981666666666
-1.4791975 -1.6034042333333334
-1.9191395666666669 -2.3357246333333332
-2.7374658666666667 -1.4030459666666668
-3.1440341333333333 -1.8745837666666667
-1.2660684333333334 -2.4064410666666665
-2.7551335333333338 -1.1958427333333332
-2.1377895333333337 -2.4584984666666667
-2.0861477 -1.23275962
-2.1247685 -1.6601224666666665
-2.627816433333334 -1.6861231333333333
-3.1773507999999997 -2.625980966666667
-0.7776066133333333 -1.5900059333333332
-1.1291238466666667 -2.5680493333333336
-3.5470296 -1.8585151666666668
-2.180787266666667 -1.3353564333333334
-2.9933791 -2.8391025
-2.5358795 -2.2789890666666666
-1.4024011666666667 -2.641435233333333
-1.8817766333333332 -3.0784005333333333
-2.0520603666666664 -2.3902604666666667
-3.1666973 -2.7202445
-2.8260983666666672 -1.9167527000000002
-1.9264386666666669 -1.8230582
-2.7146143 -1.5932941999999999
-3.624969466666667 -2.2182220000000004
-3.0947598666666667 -1.9275085
-0.8427091766666666 -3.393604066666667
-3.169263566666667 -1.6148122333333335
-1.8231214333333332 -1.4960276000000001
-1.0693866799999998 -1.620636266666667
-1.6853827333333335 -1.2028345333333335
-2.2549959333333334 -2.6680300666666668
-1.7900475333333332 -2.6243402
-0.68860265 -2.8631314333333333
-2.6099255 -0.9591584000000001
-1.1775588866666666 -2.5304829333333334
-2.0403849666666667 -3.4430374666666665
0.1338793 -1.9109110333333335
-1.1194145233333335 -2.181388233333333
-2.6291747333333335 -2.364490033333333
-1.4862793666666665 -3.7112635
-1.8498568999999998 -3.4950050333333333
-2.4072704666666667 -3.0929886666666664
-3.587950566666667 -2.4828112
-0.64469006 -1.8153682666666668
-2.9723471 -1.8888447333333334
-2.34261 -3.1509306333333336
-2.313709766666667 -1.7245083666666667
-3.4308134 -1.2257641666666668
-1.2932719666666668 -3.4934977666666667
-0.8001202800000001 -2.1126869000000004
-1.4542177333333335 -2.5551913666666666
-2.528037166666667 -1.6646365333333333
-0.6865392233333333 -1.8418691666666664
-3.6413054333333337 -1.5310038666666665
-1.3054241333333334 -2.3798088
-0.7111762566666666 -2.4055633333333337
-2.1697881999999997 -1.792710866666667
-2.3814343333333334 -1.1632238333333333
-2.3152134666666666 -2.169363
-1.5276551 -1.6395178
-2.8031803333333336 -1.3521279666666666
-1.7399467666666668 -2.892655066666667
-0.9518169866666666 -2.5038607666666666
-1.996476233333333 -2.5048900666666665
-1.5041075 -2.1407304333333332
-1.2001599466666666 -2.5566964666666667
-2.7005692666666663 -0.6109417933333333
-3.1440194666666668 -1.7911267333333332
-3.140493466666667 -3.7079891
-2.7049742333333335 -2.528486833333333
-1.7582225 -2.296397466666667
-2.0425447 -4.0587352
-3.132327533333333 -1.9947398
-2.5537478333333334 -3.2756771333333337
-1.6504919666666666 -1.7176036333333335
-1.277283333333333 -1.5228354
-3.0293874666666665 -3.0063570333333334
-2.6525269666666667 -2.2559322
-3.5789724 -1.1740584166666668
-2.9709152333333333 -1.7602092333333335
-3.0640806333333335 -2.3509457666666664
-2.682845166666667 -2.0415300333333333
-2.4555569333333334 -2.512875466666667
-3.0682509000000002 -1.5025939666666666
-1.8197945666666668 -1.5188648999999999
-3.2022028 -1.7830089999999998
-1.4690153333333336 -4.178727899999999
-3.446178733333334 -1.4802267333333332
-2.182118266666667 -2.2889768333333333
-1.5459673 -1.1766784000000001
-1.6266582 -2.1125340333333336
-2.5302002333333333 -1.7936248333333331
-2.9607504000000002 -2.214201933333333
-2.0913120999999997 -2.6931238000000004
-1.2960489333333334 -1.5660219333333334
-1.0757272666666666 -3.353305333333334
-2.8430251666666666 -2.7212806000000005
-2.7925329666666667 -1.6185390666666668
-1.8915621000000002 -2.516256
-1.8164276000000001 -1.3919792333333334
-2.043829666666667 -3.070252733333333
-2.5859215333333334 -3.126214833333333
-2.4575541000000003 -1.8931831
-1.5994898666666668 -2.003696966666667
-1.0851102566666666 -1.8513957666666667
-3.2068902333333336 -2.284914966666667
-1.9768027666666665 -2.741423066666667
-2.223158866666667 -2.5575883999999998
-1.1810365 -1.5838418999999997
-2.2677682333333333 -0.9778087
-0.8098260166666666 -3.043544
-0.8624563866666666 0.07014410000000003
-1.3916596666666667 -2.704769466666667
-3.409907966666667 -2.2320923333333336
-2.3310303666666665 -3.351165033333333
-3.0676707333333333 -0.8968242666666666
-1.1678160666666666 -1.1753261
-2.2117690333333333 -2.1635705666666665
-2.0521551 -1.2652819666666666
-2.6659526666666666 -2.175652
-3.0736841333333333 -2.9646517
-2.8709083333333334 -1.3878722333333333
-3.249797066666667 -1.5402478333333334
-2.3444908666666664 -1.8078793000000002
-1.5419133 -3.9439783
-1.8458575666666668 -2.681636966666667
-1.7527008333333334 -1.8999237
-2.541149766666667 -3.5573518333333336
-1.3923054666666665 -0.8326596466666667
-1.5640165666666663 -3.5302229333333335
-2.0581099333333337 -2.7851954333333335
-2.861683733333334 -2.3645876
-1.5365361333333332 -1.3420918666666666
-2.7208782333333335 -2.1631160333333335
-1.0697261866666667 -2.938653866666667
-1.8337037333333335 -2.9370000000000003
-2.4580902333333334 -1.1213264333333333
-2.2043600999999997 -2.265518366666667
-0.9513263333333333 -2.302679
-1.5076210666666667 -2.0461652666666668
-1.369445933333333 -2.8187985
-3.3731256666666662 -2.6731441666666664
-1.7215425 -2.0237786666666664
-2.0755513999999997 -1.8104
-2.8807615 -2.1670401666666668
-1.7305233666666666 -1.9870267333333331
-3.0286520333333335 -2.6945968
-2.4872891000000004 -2.3783150333333336
-0.5266609266666666 -3.0307513333333334
-0.9989563333333332 -1.935270166666667
-2.067598166666667 -2.2166780333333334
-2.1024644333333335 -1.9481249333333335
-1.0544924999999998 -3.907644033333333
-1.7125654000000001 -0.7821221999999999
-2.0167707666666668 -1.9483541
-3.5215056666666666 -2.255859333333333
-2.030015333333333 -1.4759966
-2.275469566666666 -2.6190729000000004
-2.3597786666666667 -3.1333942666666665
-2.5432668333333335 -1.8792728333333333
-1.0699852533333334 -4.005697933333333
-3.1002033333333334 -1.9693119
-2.3522691 -1.2163134
-2.305752566666667 -1.4812238666666668
-2.6219303666666667 -2.0791741666666668
-3.4840162666666665 -2.6469221333333333
-2.4133155 -1.9737278999999999
-1.2643108466666668 -2.759661233333333
-2.1651350333333332 -2.1064192333333334
-2.287490833333333 -1.8665154333333334
-3.3407496333333335 -1.8415714666666667
-1.0508061333333334 -1.6409891666666667
-0.09015013800000002 -2.2569443999999996
-1.9799294333333333 -2.4681168666666666
-3.2287597333333333 -2.4661852333333334
-2.480897533333333 -1.2507218833333333
-1.8421629 -3.378465333333333
-2.0733322999999997 -3.5687391333333336
-1.0565860833333334 -3.6828591000000004
-1.7658667666666668 -1.8124298666666665
-3.201607833333333 -2.418359466666667
-0.46192110333333336 -2.9425043666666664
-2.3487524333333334 -2.3007144999999998
-1.3904941 -2.0242118
-1.1265064766666666 -1.6932225666666667
-2.3273425333333333 -2.464420066666667
0.47739281 -3.1041245666666666
-1.7628458 -2.3327488666666665
-2.2810383666666665 -1.7536235
-1.8562013333333334 -1.8343472666666667
-0.16170287333333333 -2.712214666666667
-2.558213 -2.1098906666666664
-3.1435313 -2.0942129333333335
-1.7774052999999999 -2.166506733333333
-2.3606762666666667 -3.0322594666666665
-1.3345909666666667 -2.3218619333333335
-2.8199610666666666 -2.2764767000000004
-1.864029333333333 -1.9064977
-1.1603636666666666 -1.2732536833333332
-2.4026416 -2.716008433333333
-2.3767363666666665 -2.591992533333334
-3.6680788 -2.185253433333333
-2.580214466666667 -1.5897813333333333
-2.4914065 -2.1174475333333334
-2.3763771 -1.8752671
-0.28825261333333335 -2.617238266666667
-2.6882052333333335 -2.6811417
-0.32877691 -3.5270033
-0.8373897333333333 -4.125015433333333
-0.7408029766666667 -2.3308748333333336
-2.0193056333333335 -1.3722762666666668
-2.7166311 -2.5142271
-3.9635607999999998 -4.0358301
-1.9180207000000002 -2.4382276666666667
-1.0885087800000002 -4.460437566666666
-1.648371566666667 -2.416845866666667
-1.4214845666666664 -2.2487393333333334
-1.9694098 -2.5454431333333334
-1.9530677666666667 -1.7645968333333333
-1.4634055766666667 -2.1135870333333333
-3.7088673333333335 -2.8913748333333333
-1.5148721666666667 -2.092577566666667
-3.5267994333333332 -1.8227140333333334
-1.1320114333333333 -2.4917944333333333
-1.4980616333333334 -2.4355078
-3.3839462000000005 -2.3450949333333337
-3.7329147000000003 -2.3302791333333333
-1.8068342 -1.5531775333333333
-3.2412169666666673 -1.9531529
-3.1867465 -2.3998275000000002
-1.447947366666667 -2.2502495333333337
-2.9877475000000002 -3.282577266666667
-1.6131263333333332 -1.2299817333333334
-2.841031333333333 -2.6815994666666665
-3.9139641666666667 -2.6280761666666668
-1.2812595333333332 -3.589549133333333
-2.7187692333333335 -1.4341324000000002
-2.1930503999999997 -1.34895465
-2.3858753666666668 -2.394485933333333
-2.1100638000000003 -2.0553394333333337
-2.862401966666667 -1.7645712
-2.7098892 -2.2943887000000003
-2.9477287666666667 -2.8017716666666663
-2.483202766666667 -1.8291620333333334
-3.6422559 -3.0409321333333335
-2.2576293 -1.8306688666666668
-3.324916566666667 -1.6612167
-0.9366671133333334 -3.5034199
-2.9982238666666663 -2.4556519000000003
-1.8258882 -2.113766233333333
-1.2694909666666667 -3.3833506666666664
-1.2526944666666666 -0.7709551366666667
-1.9877257333333334 -2.4076061999999996
-1.1355841866666667 -1.6205907
-0.3219807 -1.0209052
-1.2788225733333334 -2.7521674999999997
-1.0053278166666668 -3.668216133333333
-1.6335653333333333 -3.075630533333334
-3.139826866666667 -2.4279904333333335
-2.5699638333333334 -2.2492223
-2.8979269999999997 -2.4714842666666668
0.5574086566666666 -3.3882976666666664
-1.5501283 -2.2226923333333333
-1.2618776666666667 -2.7168705666666666
-0.3663592666666667 -2.839271633333333
-2.5931498 -1.4338333
-1.5422853 -2.3365476000000003
-1.6928479666666665 -3.0964482666666666
-2.115459433333333 -1.6493444666666666
-1.6663031666666666 -1.2680727666666667
-2.0363731 -2.598364033333333
-1.0383665333333334 -3.098456133333334
-2.358734666666667 -1.6216289333333336
-2.8547130666666662 -2.0606891999999997
-0.5910590333333333 -1.4023244000000001
-2.3964379666666664 -1.17624252
-2.9557686000000003 -1.9462910333333332
-2.5466287000000003 -2.531340333333333
-1.3008616233333334 -1.7780504999999998
-2.6066185666666666 -1.1939752866666666
-2.4163455999999996 -1.7305015666666665
-2.5529330666666663 -2.2032928999999997
-3.1135509666666668 -2.8396370666666666
-2.9396517000000006 -1.7395119333333333
-3.6188040666666668 -3.2045579999999996
-3.3734667000000003 -2.155283333333333
-1.0823090000000002 -3.0958924666666667
-1.7257621333333333 -1.7548734333333331
-3.1808363333333336 -0.9679670266666667
-3.5259275666666667 -2.0780556000000003
-3.1203338333333335 -2.4837023333333335
-3.1473212999999998 -1.9104157333333331
-3.384850066666667 -3.78158
-1.8059133999999997 -2.9758952
-1.5726202 -2.1970004666666667
-1.5069979 -2.2805854333333335
-0.8146513866666666 -3.183704666666667
-2.979560766666667 -2.3099236333333333
-1.9378271 -1.6458283
-3.6410269 -2.7273115333333338
-1.8362232333333335 -1.7811739
-0.14639702733333335 -3.153870533333333
-3.091529433333333 -1.9898881333333334
-0.11490598666666665 -4.274498933333334
-0.3978383066666667 -3.0574441999999995
-3.1911948 -2.0398143
-0.9425922333333333 -2.974977233333333
-2.3554763333333333 -2.9086842666666666
-1.6189746999999999 -1.1873970333333332
-1.6358335 -1.0352709666666668
-0.7148930333333333 -3.808127466666667
-2.209970633333333 -1.8783283333333336
-1.2987337666666667 -1.5585788333333332
-0.7944942983333334 -3.172300566666667
-2.6779452666666668 -1.2592691
-3.125914466666667 -1.4939526
-0.8973727000000001 -2.6427742666666667
-1.4769776666666667 -3.6115407999999998
-2.6863415333333336 -1.8067461999999996
-3.571851266666666 -2.2980922
-2.1469710333333336 -1.5312122000000001
-1.3553247999999998 -1.491151433333333
-2.1164538 -2.2057254333333334
-3.216396733333333 -2.613103833333333
-3.3002676999999996 -1.3336127000000002
-2.5326899 -1.01863741
-1.5768479666666666 -3.630812966666667
-0.9093198333333334 -2.5261996
-2.4876418333333334 -3.9958047666666667
-2.5481279666666663 -1.7297526666666667
-2.6032445666666666 -1.5154025666666666
-0.7276783233333334 -3.183098
-1.0422216666666666 -2.6532680666666666
-1.2328914 -2.2788014666666667
-1.3795561333333335 -2.3516848
-1.6053417 -3.3948107666666667
-1.4301507333333334 -0.9457994000000001
-2.4240101666666667 -1.4926377
-1.3467506666666667 -1.8887789333333334
-2.6857785333333335 -1.7180762
-2.9270965999999996 -1.9101362333333334
-1.7307273666666667 -2.2845193999999998
-1.5557239999999999 -2.7231078666666666
-1.3327470666666668 -2.610926966666667
-3.1207964666666665 -3.9337052000000003
-2.8351333 -1.7406045
-2.0873806999999998 -0.9848800966666668
-2.2347455333333333 -1.4978998333333335
-2.850001466666667 -3.5768761333333337
-2.1772232333333332 -3.2813543000000003
-1.9516900666666668 -1.5450581333333333
-0.9175421333333333 -3.4096567666666666
-2.0070657333333335 -1.4447966666666665
-2.9416907333333335 -2.0919900666666664
-1.3082483666666667 -1.2566591166666667
-1.0918400333333333 -3.084446533333333
-2.097546866666667 -2.0983041666666664
-0.7532356333333334 -3.6852518666666665
-1.5397414333333332 -2.7069805333333337
-3.3377798333333333 -2.066031466666667
-3.143366166666667 -1.8764385666666668
-1.4174783999999998 -1.2551410333333335
-2.2311591333333336 -1.896198033333333
-2.6535712 -1.4893208333333336
-1.3218568333333334 -1.8617559333333333
-2.0587987 -2.4739039666666667
-1.3321378 -1.2608506666666668
-2.2957343666666667 -1.8433742333333332
-0.6439161 -1.8160268666666668
-1.7871990999999998 -2.8476286666666666
-2.761017666666666 -1.8834601666666666
-2.1699760666666665 -1.1493712533333333
-0.8562190666666667 -1.6181629666666666
-3.2424554 -2.204633
-2.4629320000000003 -1.4195854666666667
-2.0561781 -1.7357224999999998
-1.0296614333333334 -1.9719611
-2.568133 -2.545619533333333
-2.2169445666666667 -2.1268383666666666
-0.32500536999999996 -2.8723127999999996
-2.2107151333333337 -1.361391533333333
-1.6574007666666666 -1.4110116
-1.6189229 -2.4850790333333337
-0.8117585666666666 -2.7940097
-2.2306118333333336 -1.0684973233333332
-2.3908008666666665 -1.6324444
-0.8067888733333334 -2.2627458333333332
-1.3302654333333335 -1.3591545999999999
-2.435655 -1.6673268666666665
-1.9630228333333333 -1.4379906
-2.920977766666667 -3.2164319999999997
-2.5492495333333336 -2.3713265333333333
-2.0265402999999997 -2.7826675666666665
-2.4570068000000003 -2.5726511
-2.6897702333333333 -1.1815442
-1.1117380166666666 -2.9628735666666666
-2.0058555333333334 -2.6282338333333333
-2.0140945333333335 -2.075605433333333
-1.4490389999999997 -1.4246534999999998
-2.7242219000000003 -1.4571848333333333
-1.1614791333333334 -2.3891709
-2.1226941000000004 -1.8873327666666666
-2.4554025333333334 -1.9379449666666664
-1.1454190833333333 -1.6016261
-1.8384890333333332 -2.3624386000000004
-2.4271718333333334 -2.067068566666667
-1.9791546333333334 -2.9646829333333327
-2.360662066666667 -2.006273466666667
-1.4167977999999999 -2.044900633333333
-3.1450530666666667 -1.9362107
-3.508100133333334 -2.9569688666666667
-2.059706333333333 -2.4466431666666666
-2.975644833333333 -1.8607071333333332
-1.9263798666666667 -2.5857602666666666
-1.2683168666666667 -1.2818051333333333
-1.4053749333333334 -4.99394
-2.086488833333333 -1.2889770666666667
-2.815571333333333 -1.5916214
-0.8600249533333332 -2.2895054666666668
-1.6919224333333334 -3.6224172999999995
-2.2702008 -1.5408309866666667
-1.5289876999999998 -1.2612937
-2.3439577333333337 -1.3774589666666668
-1.1627598666666668 -2.953310833333333
-1.8769287666666667 -2.1807537999999997
-3.0069029333333335 -2.565356166666667
-2.308229 -1.9647246999999997
-1.5018137 -1.7704447333333333
-1.2949322 -2.3309747333333335
-2.131897 -2.2623087666666666
0.045745756666666665 -1.6819907333333335
-0.33831457333333337 -1.5387440000000001
-2.3417423000000004 -2.6480708333333336
-3.720399666666667 -3.355467
-0.3308363833333333 -2.5447051666666662
-2.294955933333333 -0.9303719133333335
-2.4183436 -2.597604733333333
-1.9316567333333337 -1.5595688666666667
-2.890008433333333 -2.028205633333333
-1.6062551333333333 -3.2960881333333325
-2.0567109 -2.6167485666666668
-3.558565666666667 -2.6764248999999998
-1.485643466666667 -2.8022037333333327
-1.9501941999999999 -1.3170631666666666
-0.6991376666666667 -2.7292106
-1.24244315 -2.7182817999999993
-1.8504903666666668 -2.379058
-1.9179634333333333 -2.299823433333333
-1.1694729999999998 -2.1672027666666667
-2.796131833333333 -0.9969525999999999
-1.7376463666666666 -2.776821866666667
-1.2231329666666666 -1.7048174
-2.3011448 -1.9916637666666666
-3.1554561999999997 -1.3635022333333333
-2.6880581333333335 -1.3859704333333336
-2.3579421000000003 -1.2965559
-1.1914957333333334 -3.123780733333333
-0.9264495199999999 -3.2273995666666666
-1.7480185333333333 -1.8467678
-1.6828401666666668 -0.9377994
-1.5731471 -2.1688108
-1.7105223333333335 -1.9626778666666667
-0.7280408766666666 -2.454199766666667
-2.2651437666666667 -0.9270143666666667
-2.8128906000000002 -1.8067075666666668
-1.9032801333333331 -1.7928258666666665
-2.5465159666666666 -2.1832948333333335
-3.0877692666666667 -2.3454839666666665
-3.1803420333333334 -1.9963024333333332
-2.8374943 -1.9305184999999998
-3.4866690333333334 -2.3466708
-2.8995943000000004 -1.939343533333333
-3.5954156 -2.8103618666666668
0.05203827 -3.5645790666666666
-2.222924 -1.7501582
-1.3415309333333334 -2.949628966666667
-3.4878270000000002 -1.9448469333333334
-2.1689336999999997 -1.2855937333333334
-2.955697766666667 -2.7181613666666666
-2.566943066666667 -2.1396809333333335
-1.4902316666666666 -2.9577769333333332
-2.4118468666666666 -2.2449323333333338
-2.3319243333333333 -2.8873374333333337
-2.6262433666666665 -1.6317785
-1.9027002999999998 -2.342137533333333
-2.2933388 -2.661965133333333
-0.9589753333333334 -3.3269952333333332
-1.4316000000000002 -1.6149659666666667
-2.0406062 -1.5551172666666668
-0.7263291266666667 -3.1120937666666664
-2.3611321666666667 -1.1956141333333334
-2.462787 -2.6276712333333334
-2.427702666666667 -3.2996878
-2.931292833333334 -1.6481078333333334
-1.7353334 -1.6236208333333335
-1.6501324333333336 -1.6491271
-3.2598423999999997 -2.3343825
-2.3974382333333333 -2.657286
-3.1122395999999997 -2.5576136999999997
-1.1842503333333334 -1.7754992666666667
-3.1130572333333335 -1.5983515333333334
-1.8425891666666667 -1.5671464666666666
-1.7079365 -1.8984582666666667
-3.0813033000000005 -1.7039785666666665
-1.1530599333333331 -2.5705173333333335
-0.9406774333333333 -2.2494044333333334
-0.54724162 -1.4817328666666667
-0.9302877666666666 -3.1451169666666665
-2.5008204666666667 -1.6910004333333333
-2.4338811333333332 -2.4224162
-2.3188878666666666 -1.8664867000000003
-0.9947310666666667 -1.650605433333333
-2.2246565 -1.8572975
-1.9515958333333334 -2.2294784
-0.3887341953333333 -1.6960336000000003
-1.7235112000000001 -1.8076380000000003
-1.7857714333333334 -1.1309927333333334
-1.1083754433333335 -2.4937685333333333
-2.0591312 -1.4958571
-2.8577886 -1.4866414666666665
-3.226513 -2.6552653333333334
-3.0603048000000004 -2.497864
-3.2512707333333335 -2.4818659
-3.4698410333333336 -2.8422165333333336
-3.0398248000000003 -2.087073933333333
-1.8903058666666666 -1.9286655666666668
-1.0059821466666665 -2.850005
-1.8741881 -2.483021766666667
-2.5449364 -2.187260466666667
-3.919642966666666 -2.0200446333333333
-2.6534940666666667 -0.9797638999999999
-2.273867533333333 -2.192000466666667
-2.1914255 -2.5278291999999998
-0.6466905333333333 -2.929733933333334
-1.7029317666666668 -2.5898344333333334
-2.4230410333333334 -2.0211145999999998
-1.2619232999999999 -0.6690614500000001
-1.9038362666666664 -1.9243312000000001
-3.2924017000000005 -2.4573458666666665
-1.6883283 -2.658693866666667
-2.870928433333334 -2.8366042333333334
-2.4218555666666663 -2.8702097
-2.8756527000000003 -1.7557403
-2.5791717333333333 -1.4863097333333333
-2.0458122333333333 -1.3772137999999998
-2.839033466666667 -2.3425354
-1.2130487 -0.7313306133333333
-1.4640624666666666 -3.462257533333333
-1.2038638 -2.774830066666667
-2.5788224333333334 -1.6903127666666666
-0.5170916333333333 -1.9671597666666667
-1.6032237333333332 -1.8777644999999998
-2.6568944 -1.1351203
-2.4961786666666668 -1.7528698666666667
-0.6413897566666666 -2.3365709999999997
-1.4436002000000003 -2.4199809
-3.3665494000000002 -1.9716604333333334
-1.8493231333333333 -2.744424166666666
-2.6363582 -3.323864466666667
-1.0713375433333334 -2.8942714666666665
-2.9898255333333337 -1.3608701133333332
-0.3801913600000001 -1.9608037333333332
-1.4719053000000002 -2.162298933333333
-0.6848301133333334 -2.7388368333333326
-2.0421832333333336 -1.9290519000000004
-3.584167933333333 -3.4490341000000004
-1.0044693900000001 -3.3792267333333332
-2.4104186333333333 -1.6808413333333334
-2.4292652666666665 -1.6149371000000001
-3.2382943333333336 -1.7450162
-0.5030541700000001 -4.980708566666666
-1.9732504000000002 -2.1644908000000003
-3.439766033333334 -1.7780847666666666
-2.835949333333333 -1.6931466666666668
-4.0057659999999995 -2.0688460666666666
-1.1777252166666667 -2.2219784333333332
-1.5797738666666665 -2.6493802
-1.6482706 -1.12732532
-1.3469279666666667 -1.9374908666666668
-2.0454779333333333 -1.1998849333333332
-3.4407102 -2.1738587
-2.628515066666667 -2.5730785666666667
-2.319396333333333 -1.7973616000000001
-1.4204311333333333 -1.0164335666666666
-2.4075285666666666 -3.0314591999999996
-3.9082722 -1.7862404333333333
-2.984326366666667 -1.2605950333333333
-2.6001567 -2.392686
-1.3712923666666665 -3.9352568
-2.8060927666666666 -1.7624791333333334
-2.498224433333333 -1.4801104333333333
-1.2214230199999998 -3.029417566666666
-1.5422798 -2.1910952666666668
-2.1113909666666664 -2.0615509666666667
-2.1218909666666668 -1.4662594000000002
-3.1329985333333337 -1.9781530333333333
-3.0435329999999996 -0.8344424133333334
-2.2933072999999995 -1.7261946
-2.7530004666666668 -1.0317709666666668
-1.6234702 -1.8300345333333332
-1.3907185333333332 -1.6285527666666666
-1.0643932666666667 -3.5245876333333332
-1.4168375 -3.162818666666667
-2.4752191999999997 -3.1950953
-3.368357733333333 -3.2228057999999997
-1.9990249333333332 -1.9160235666666665
-2.7177645666666668 -1.5438708333333333
-2.5429926 -1.8370254000000001
-2.9787786666666665 -1.8763567333333333
-1.1723200833333334 -1.8274953666666667
-2.996912 -2.4763599000000003
-1.0626086333333333 -2.1763958000000003
-1.1233815333333332 -3.0550412
-0.45780360333333336 -2.864467433333333
-1.2233029800000002 -3.051098533333333
-2.989800933333333 -2.1109470333333333
-3.229009466666666 -1.5569557333333333
-1.4572574666666667 -1.9306669666666665
-2.432964833333333 -2.141904333333333
-3.143148666666667 -2.927982766666667
-3.5127977666666665 -1.8568129666666666
-2.809384166666667 -2.313941866666667
-1.959038533333333 -1.6178909666666668
-3.1998415 -2.5580788
-1.2070681333333333 -1.6443313666666668
-2.5132130666666668 -2.4811984333333337
-1.9347990999999998 -3.6854547333333327
-2.3088545333333332 -2.0260164666666665
-3.3334136333333335 -1.6611037666666664
-2.4542897333333333 -3.0996178999999997
-2.6095431000000002 -1.7361566000000002
-0.28671100000000005 -2.8576512333333333
-2.222414 -1.9923828666666668
-3.6251105666666663 -2.2047324
-3.5573952666666666 -2.3334618333333332
-2.3660263 -0.9881203333333333
-2.8703870666666664 -1.4960574166666667
-3.6927948333333336 -2.6872786666666664
-2.5113955666666667 -1.7860190666666664
-1.7460749666666664 -1.3911949
-2.3624350333333335 -1.3056841
-3.6371344333333333 -2.1532947333333334
-1.7404664000000003 -3.4112886
-2.0196295 -0.89401999
-3.4052982999999997 -1.3650677666666666
-1.3878789333333335 -1.0857394333333332
-3.0931648666666662 -1.6723526333333334
-2.9024806 -2.560274
-2.057745966666667 -1.8037294666666668
-2.3932074666666665 -1.9487153333333336
-1.2164818333333334 -2.5265034
-1.2264573833333332 -3.129520033333333
-1.2084757 -2.9854738333333333
-1.5922498000000003 -3.4080319333333335
-1.3219588333333332 -2.0997457666666666
-1.4702452666666668 -4.1385738666666665
-3.1205621666666667 -2.2344174333333333
-1.9053922 -2.4041655
-2.6862399333333333 -1.0755430333333333
-2.4916172 -2.1168528666666666
-3.3632742666666666 -2.0056016666666667
-0.8439170666666667 -3.1081587666666666
-1.9838497666666666 -1.564649966666667
-2.900168566666667 -1.2339583666666667
-1.4242678333333334 -2.0981780999999997
-1.2914095333333333 -1.9380259666666666
-3.277689733333333 -1.9494735666666667
-0.9387992 -3.845947766666667
-1.3353722 -1.8762315666666667
-0.9868505666666666 -1.0594518333333334
-0.03154514866666667 -2.9450225666666667
-2.227330566666667 -3.0402519999999997
-3.4864965333333333 -2.4063499000000004
-3.2145035333333336 -2.2505184666666667
-2.9636374 -2.3831974000000002
-1.5687334666666666 -3.2357107333333333
-2.5581251 -2.6422638999999997
-3.1085170666666664 -2.7022148
-1.257817 -2.1120673333333335
-0.06592796333333333 -2.5041626333333333
-1.4441609 -2.4818276333333333
-2.1563688 -2.9539231333333333
-2.549153233333333 -2.8275044
-3.5904512 -2.6516869666666665
-1.6951735 -1.7579109333333334
-1.4429589333333335 -2.1944779000000003
-2.5726686333333335 -3.2326630333333335
-3.2321179 -1.4324062
-2.828845266666667 -1.9695973
-2.6885376666666665 -2.699146333333333
-2.1022823 -2.241121633333333
-1.7626135 -3.548795633333333
-1.9841885333333333 -3.5907408666666663
-2.9043958 -1.7895770999999998
-2.884946033333333 -2.2564019666666666
-1.0430899666666666 -2.3344057
-2.2447187666666673 -2.7003923999999997
-1.8334862 -2.1070209666666666
-1.3643724333333334 -2.641363266666666
-2.0984644666666665 -1.947029066666667
-2.0334824 -1.882513033333333
-3.4195784 -1.627994
-2.3255504 -1.2687066333333337
-2.9878457333333337 -1.6899851666666665
-1.6241149000000001 -0.9204050999999999
0.48582539999999996 -3.3828431666666665
-1.9266349 -1.7826150333333333
-1.6807352999999998 -2.2790723
-2.9144816000000002 -2.0304416666666665
-2.7197257 -2.9028859666666667
-2.5411952666666666 -1.9295028
-2.7658909000000005 -1.5737206666666668
-1.6682788333333334 -2.1025963666666665
-4.209198433333333 -3.0073495333333335
-3.1280674 -1.8340739333333336
-0.7191622833333334 -2.7555401666666666
-1.0798184666666666 -3.0997269999999997
-0.05502000333333332 -4.856706433333334
-1.2305644666666666 -2.5274237000000004
-1.456569416666667 -4.3123326
-0.6316999999999999 -2.4357166666666665
0.6551778066666667 -3.395396
-2.067271933333333 -1.8402491
-2.3925184666666666 -0.8652477433333333
-1.2700099 -2.2917721
-1.9992608666666665 -1.8848004333333335
-3.0914014666666665 -1.4591672
-3.3075361999999995 -1.25696835
-2.158576066666667 -1.7676622999999998
-1.3692150333333335 -1.435489
-0.20632585666666664 -2.0683344333333333
-3.312848333333333 -2.555689533333333
-2.1102278333333335 -2.085597566666667
-1.6221234333333332 -2.0689839333333335
-2.7889358333333334 -2.2773714
-1.5322171666666666 -3.0579161666666663
-2.351209533333333 -2.237175333333333
-2.2659051000000003 -2.3660629333333336
-3.585682333333333 -3.1727648000000004
-1.625293 -2.6932886333333332
-3.1225775 -2.2720848333333334
-2.4380840666666668 -2.7820709000000003
-3.3564811666666667 -1.8915667666666665
-1.9951194666666665 -0.8579457866666665
-1.317941 -0.9829964233333333
-2.7386584 -3.0711802333333336
-2.4714279333333335 -1.1887568333333334
-1.5174442333333333 -1.2339350000000002
-2.7173814666666667 -1.6547672999999998
-2.2701566333333334 -2.1578774000000003
-3.4018355333333337 -1.8718948
-2.211704166666667 -2.0616194666666665
-2.271688366666667 -1.8756067333333335
-3.318469433333333 -2.257045833333333
-3.0190212666666665 -2.166111
-2.7011165333333333 -2.4558315
-0.9311622466666667 -2.9612440333333336
-2.7814206 -1.9287117333333335
-2.1991135 -4.133330433333334
-2.6628974333333333 -3.4380304666666666
-2.8820478 -2.5242015666666666
-2.9984979666666667 -1.8164368000000002
-2.513086266666667 -1.5668076000000002
-0.417488679 -1.6749123000000001
-2.4636503999999997 -1.0465296166666667
-0.29244654356666666 -1.8205657333333336
-2.6663411333333333 -2.0132363
-1.9463342000000001 -3.0993564666666664
-2.9452345666666666 -2.2234326333333336
-2.2691967 -2.750768666666666
-3.0603661 -1.5584696666666666
-2.8807551 -3.362871
-2.7339275666666665 -1.3088501333333333
-1.5750216999999997 -3.2958077666666665
-1.5243468333333334 -2.1698822
-1.6154420333333335 -2.8137552666666665
-2.496133266666667 -1.3844767333333334
-3.233947133333333 -4.207568266666667
-1.0079192466666667 -2.6305122333333335
-0.5255431956666666 -4.1897789
-2.324643233333333 -1.8212958333333333
-1.5411936166666667 -1.0452544833333335
-3.0884804000000003 -1.8245387333333334
-3.062743666666667 -2.7653343999999995
-1.784013466666667 -2.1671422666666667
-1.8670740333333333 -3.6981961
-1.5074932666666667 -1.6718926333333333
-0.6985913966666667 -3.5719644999999995
-2.5922945333333334 -2.5553921
-2.7317774 -1.9390798
-2.6773533333333335 -0.6949456766666667
-0.9360749333333334 -2.5133669
-3.0594553333333336 -2.1492062333333335
-1.1701496333333334 -1.6554099999999998
-2.3275408666666664 -2.4979994666666667
-3.0289544 -1.7585647333333334
-2.0699365000000003 -1.8121964666666668
-2.835681233333333 -1.4459113999999997
-0.2564942583333333 -4.428705466666667
-0.419568751 -3.2112885333333336
-2.6563328999999998 -2.1864833
-1.9156105666666665 -2.6879156333333336
-2.2881793333333333 -2.1225433333333337
-0.4290834933333333 -3.447230766666667
-3.0551116333333335 -2.3489965
-2.028682133333333 -1.3495759999999999
-2.798836966666667 -1.8707313666666667
-2.3340177 -1.4437872666666665
-1.1277472000000002 -3.213350166666667
-3.4844527666666667 -2.1051362
-1.8709364999999998 -2.229631566666667
-2.8940554333333335 -3.556046866666667
-2.476330266666667 -2.533657733333333
-1.8382551333333335 -2.3831668
-2.5436927333333332 -1.8851976333333336
-2.8412855666666665 -2.810399566666667
-2.3948289666666667 -0.7234257466666667
-0.420069 -1.418623
-2.3309463333333333 -2.1893529999999997
-2.5573089 -1.2734197
-2.4919496666666663 -2.0280595
-1.8194708000000004 -1.2940684666666669
-2.1371988666666666 -3.0365034666666664
-1.9295547666666668 -2.9751565
-1.4993666333333335 -0.8054065666666665
0.022194778666666668 -4.2025893666666665
0.15333020199999997 -3.3799409
-1.4819777 -1.5458694
0.3891297573333333 -2.117457733333333
-2.733622533333333 -2.1544939666666663
-1.5657596666666664 -3.078526
-1.2310232 -2.995126
-2.2828583 -2.845884366666666
-1.4691854999999998 -3.004854433333333
-2.6305671 -2.1671343666666667
-1.7558233333333333 -2.4329921666666667
-0.7918950333333334 -2.602107666666667
-0.7342054153333334 -2.537961
-1.2309367666666668 -1.5380286
-0.91077638 -1.8133770999999999
-0.049110395333333334 -3.073914133333333
-2.2929502 -3.3242244999999997
-0.4643821766666666 -3.503903766666667
-1.8805733999999998 -1.5734529666666668
-3.4784786999999997 -3.5422702
-1.1307757466666666 -3.0393602666666673
-0.90719452 -2.2851060333333333
-1.9695060000000002 -2.6156602999999996
-2.608186733333333 -1.5724589333333334
-1.3705121 -3.422047133333333
-0.9471153333333335 -1.7328840666666667
-1.2156769 -2.641651533333333
-3.3233130666666666 -1.8873417000000003
-1.0681212800000002 -2.6099919
-3.1599788333333336 -2.4543942
-2.0471706333333333 -1.4899993666666669
-0.3925584166666667 -2.2867089
-0.23280523666666664 -2.793707
-2.3358097 -2.849513933333333
0.1350819249 -1.5158906666666667
-3.4218433 -2.0513223666666667
-2.8804825999999997 -1.5128757666666666
-2.3825923666666666 -2.5213024666666666
-1.9302964 -4.202171066666667
-2.4661789 -1.1766759833333333
-1.0442684666666666 -3.344010266666667
-1.8108864 -2.6625501999999996
-3.077341533333333 -2.4539758666666667
-2.2703725 -2.1899067999999997
-1.8573570333333334 -3.5018592
-1.3557568333333332 -2.0228486
-1.5181805666666666 -2.5617293333333335
-2.7829487333333334 -2.313912733333334
-1.5216901333333333 -3.146007833333333
-2.3696933 -2.372510533333333
-1.2162916666666668 -1.8780016333333331
-1.3613651666666668 -3.7262207
-2.210135266666667 -1.2131683666666666
-1.5337365666666665 -1.0088413499999997
-0.4839554166666667 -1.9365354000000001
-1.539022766666667 -3.264837433333333
-0.27895902333333333 -2.5417276666666666
-2.7622341666666665 -1.7255865333333333
-2.234694833333333 -1.5745709533333334
-1.3015777 -2.6526232
-2.5615292 -2.5786594000000003
-3.694749333333334 -2.284156066666667
1.0764815533333334 -3.114707233333333
-2.080161733333333 -3.056113566666667
-0.46079712333333334 -2.9215970333333336
-1.1129361000000002 -2.142605566666667
-2.4267693666666665 -1.4350834666666668
-0.6083316333333333 -3.8337649666666667
0.5953923733333334 -2.495752566666667
-1.3611534666666665 -2.2045475000000003
-1.3792125866666667 -3.7722607
-2.2730445333333336 -3.203916533333333
-1.464674533333333 -3.3678580666666664
-1.1444859233333335 -2.6814502333333334
-1.7489194333333333 -2.6114721999999997
-2.4595217333333332 -1.5833556333333334
-3.169231566666667 -2.7032304999999996
-1.919953 -2.7909080333333334
-2.5469264999999996 -4.317528333333334
-1.9101875 -2.303852866666667
-2.414733233333333 -2.4613714333333334
-2.1624613333333333 -1.2716567
-1.3208843666666668 -2.3601606
-2.444967533333333 -1.7408936666666666
-1.7609994333333334 -2.5506642
-2.5224124000000003 -1.9281801
-2.458156433333334 -1.9830439
-1.8100361 -1.9959781
-3.787304366666667 -2.4145855
-1.8534027666666668 -2.160081933333333
-3.260164433333333 -2.7068331
-2.6439988999999997 -1.4745005
-1.7104166 -1.5077270666666664
-4.121802566666666 -1.6653719666666669
-1.6581698 -2.9097622666666663
-0.5090242733333333 -2.8372128666666665
-2.6527893999999996 -1.4861146
-3.3793425 -2.848532666666667
-1.4618294333333333 -2.4970480333333334
-0.5625218966666667 -2.0360895
-2.2860487333333332 -2.0093861
-3.0421265 -1.8722753999999997
-2.1499726 -2.127056233333333
-2.5354532333333335 -1.5865290333333333
-1.3597197666666667 -2.843695266666667
-1.3117934233333335 -2.5505136999999998
-1.5930180999999999 -3.3922543666666667
-0.5601232966666666 -1.5824792666666667
-2.372558533333333 -1.3632553333333335
-3.254606266666667 -1.4943615000000003
-1.9777670666666667 -2.3815201333333333
-1.1746913 -4.1470796
-1.4366179333333335 -0.8418239933333334
-1.0894766666666666 -3.4068057333333335
-3.389481533333333 -3.1940482666666665
-3.457138 -2.6475521
-2.3777507333333334 -1.5095606333333333
-1.7778666 -1.3367354333333334
-1.9182027666666668 -2.2929408333333337
-1.9192121 -1.8993166000000001
-1.4849254 -1.8127715333333336
-2.3122413 -2.8947722000000002
-2.0859199333333334 -1.7791469333333334
-2.2795515333333336 -1.2204789333333335
-2.5065322666666665 -1.7737768666666665
-2.7387194 -1.9318676333333333
-2.2758498333333335 -1.4542862666666667
0.16896833000000003 -2.746815866666667
-0.9004907866666666 -3.5047254
-0.6720773700000001 -2.9617936
-2.6399835333333335 -1.2699536833333334
-0.06314072333333336 -2.698371
-1.5836541666666668 -2.4063933
-3.4407464666666665 -1.5663430666666667
-2.2840199666666665 -2.0055578333333335
-1.1697695333333333 -2.806444933333333
-1.9143942333333333 -1.9836368666666666
-1.0802247566666667 -3.150671733333333
-2.5884731333333333 -1.3206004
-2.474006866666667 -1.2469213666666665
-2.9769564 -1.9471446666666667
-2.2364378 -2.891636166666667
-2.4175446333333332 -1.8671361000000002
-2.4148869333333334 -2.6394740333333337
-2.8526684 -2.541983
-1.9720838333333335 -1.8071603333333335
-1.6790585666666669 -1.1763117166666668
-0.5789215733333334 -2.4574442
-2.5196406666666666 -3.5690907
-1.8686311333333334 -2.6901877000000005
-0.9341922166666665 -1.9063560999999998
-2.3755758333333334 -2.4214428000000003
-1.6473126666666666 -2.4562263333333334
-2.5438698333333334 -2.5833393
-1.7996461666666668 -3.344380533333333
-1.3802993899999998 -2.8735729999999995
-1.2216953 -1.4605088666666666
-1.5439412000000001 -2.505928266666667
-1.6448903666666665 -1.0531919566666665
-4.153221766666666 -1.4818667666666667
-1.5139935 -2.402460266666666
-1.0955487666666666 -1.4990895
-2.2918342999999997 -4.039249066666667
-1.7354746333333333 -3.2923177666666668
-1.3801567666666668 -2.4106206
0.059039477 -2.8442205000000005
-2.124533566666667 -1.2829971
-1.4910216 -3.7574017333333334
-3.3259984666666664 -1.9653539333333332
-0.4971986233333333 -3.378483033333333
-1.8098347333333333 -2.239723066666667
-3.148009433333333 -1.7570213000000003
-0.2962628566666667 -3.8116260333333334
-1.9993238333333332 -1.0300535
-3.0715183333333336 -1.4672748666666666
-3.0006429333333333 -1.20116065
-2.2183269666666665 -0.5974067733333334
-2.2849562333333338 -3.1891623
-2.9053584999999997 -1.1097422
-3.246426833333333 -2.793684466666667
-2.2989938999999997 -1.5256251666666665
-1.8354761333333334 -1.3831239000000002
-1.3559154333333332 -1.1141148166666668
-0.7358519666666666 -2.3966472999999997
-2.9408136 -2.5577563999999997
-2.2030144000000003 -1.6082512333333334
-0.9873186166666665 -3.7649483666666668
-3.331840533333333 -2.471819833333333
-1.0526077533333333 -3.8619589333333333
-1.7817876 -2.3066289999999996
-3.063754166666667 -1.1757099666666666
-2.7924024333333333 -1.4976857333333335
-2.3654177333333335 -2.0452177
-2.382105533333333 -2.2868701000000002
-1.6409049333333332 -2.420431866666666
-2.2384717333333333 -2.4828897
-1.7035198666666669 -1.9731223666666664
-1.7089814666666667 -1.655433
-2.1116859 -2.0971873333333333
-0.9186225466666667 -4.086242366666666
-2.2416443666666668 -2.0147814
-2.2431705666666666 -2.6380527000000003
-1.3381482666666664 -3.022352866666667
-3.3873193999999995 -2.335916166666667
-0.9685025666666667 -1.0551939133333332
-2.6662556333333334 -3.1638843333333333
-2.9596149000000005 -1.7384036333333335
-3.0981033 -1.9319319000000001
-3.4816596 -1.6047955666666667
-1.4978055 -2.4259862
-2.7549154000000002 -1.6093020999999998
-3.144259 -1.5843119666666667
-1.0293431866666667 -2.0157393333333333
-3.1002188666666664 -2.5922559
-2.7498278000000003 -1.2761303
-2.8885248 -2.5434809
-1.7022396000000002 -1.2665196333333333
-1.0064026133333333 -3.667968833333333
-1.5994292666666667 -0.40924373333333336
-2.6271578333333334 -1.8480580666666666
-1.19782739 -2.0037982666666667
-1.2693856666666665 -2.1300911
-0.8797739566666667 -0.5821186366666666
-1.2452585333333333 -2.4759629
-1.567511 -2.5959924
-1.9209419 -2.3106285
-2.6698392999999996 -2.1877985
-1.8488730666666666 -3.7352838999999998
-2.676546566666667 -2.1540239000000003
-3.5209411333333334 -2.8029597
-2.0108839 -1.7235656333333333
-1.2282438833333333 -2.700822566666667
-2.912680533333334 -1.2331560000000001
-1.2159884 -1.4073464
-0.5539714 -3.158848833333333
-2.095244233333333 -2.3847988
0.63992669 -2.2885786666666665
-1.2527333333333333 -2.5057715
-2.845450866666667 -2.4340034
-2.1546289 -2.625200433333333
-1.3884695999999999 -2.1005792000000003
-2.323409266666667 -0.5481300499999999
-2.6111595666666663 -1.5871162333333335
-1.3174636333333334 -2.3292147333333335
-0.10498078666666663 -2.808765166666667
-1.7312567333333333 -3.5975903333333332
-3.338924533333334 -2.6460079333333333
-3.6437288333333333 -1.9920649666666668
-1.5716768 -2.6656598333333337
-2.1930326666666664 -1.9359933
-0.47472923333333333 -2.2728800666666666
-1.8908724333333335 -2.2230610333333334
-3.1809576666666666 -1.6049083333333332
-1.0989301666666667 -1.9972027000000003
-2.291174266666667 -2.2054827
-2.1717555666666666 -1.6053325
-2.1231483666666664 -3.3326069
-1.9120995333333335 -1.5451908333333333
-2.733632 -3.1411523666666668
-1.5509339 -1.4020997333333334
-1.5692310666666667 -2.3779239666666667
-0.6465215533333334 -3.2407752333333333
-1.8782557 -2.3692497666666665
-2.4756104000000003 -1.4170036999999998
-3.068009266666667 -2.051091533333333
-2.167052766666666 -1.9174322666666668
-2.3732040333333333 -0.8195592533333333
-3.0867553999999995 -1.2752161999999998
-2.679980666666667 -1.2723585000000002
-2.0717659333333334 -2.230483266666667
-1.1699832333333333 -1.8296994
-2.188116733333333 -2.773524833333333
-2.6822475666666667 -2.3393116999999997
-2.6093812 -3.6036618999999996
-2.8072546999999997 -1.9648147666666667
-2.795536433333333 -1.6068517666666666
-1.4495651000000003 -2.802553
-1.2042586666666666 -2.172639633333333
-1.4485756333333335 -2.5424952666666667
-1.7886069666666666 -2.4974652666666666
-1.7671920333333333 -3.7918650666666665
-1.6363652333333334 -1.5479318
-1.6135963333333334 -3.742598233333334
-2.698437833333333 -2.9832918333333334
-2.3620705666666666 -1.5203579
-1.9620958666666668 -3.657209933333333
-2.435134166666667 -2.5773775333333333
-0.98437242 -2.5973739333333334
-1.5905296333333332 -3.0061006333333333
-1.1674704333333332 -0.4550894513333333
-2.1957377000000005 -2.4377351
-0.93510278 -3.456166666666667
-0.74729271 -2.6025693333333337
-0.8892310633333333 -2.4809505666666665
-0.9778047533333333 -2.090102933333333
-2.3210588 -1.2380127333333333
-2.166767366666667 -3.0283917666666667
-1.2119771333333333 -2.3526939
-0.9435855166666666 -2.786600833333333
-2.014049733333333 -1.3965988333333332
-3.117266633333333 -2.2014668
-2.3338249666666666 -2.4492203
-3.2447195 -2.4366349333333335
-2.4213887 -2.2473681
-1.7835736333333334 -2.0257715000000003
-3.6621088 -1.4041822
-1.9717355666666667 -1.4785919
-2.9061873666666664 -1.7416542666666666
-1.6978122 -2.0954197
-3.6833097333333327 -1.1132520000000001
-2.4356966666666664 -2.2354241333333333
-2.0725421 -2.892006566666667
-1.4267142333333334 -1.5347400666666668
-2.262871166666667 -2.0282083666666666
-2.4902194 -1.5660426666666667
-1.3767493000000002 -2.5077852999999997
-1.0769728466666668 -1.2836121333333332
-0.93679171 -3.650140533333334
-1.6675871666666668 -1.7034770333333331
-1.6904360666666667 -3.0749706333333333
-1.2798170333333334 -1.7313133333333335
-2.2211528999999994 -1.2381824
-1.2255851999999998 -2.8581043999999998
-3.138599666666667 -1.2827598333333334
-1.7851885333333333 -2.7517772999999996
-3.633749266666667 -2.1290621666666665
-0.30120121333333333 -2.857260933333333
-2.301834533333333 -2.3142316999999997
-1.0511944899999999 -2.1930171
-1.2240424333333333 -3.558954433333333
-1.8493535333333333 -2.8630328666666665
-2.8323769333333333 -1.6905527000000002
-2.9744102666666667 -1.4543433333333333
-0.7663500166666667 -1.6411650333333332
-2.1449848666666664 -1.4373174
-1.4874534666666666 -1.3048655333333334
-2.337394066666667 -2.3924603
-2.252905033333333 -1.3839084000000001
-0.14284225 -3.6653880333333335
-1.554974833333333 -2.8120288
-1.3333427666666666 -3.0018473
-2.7557188999999997 -1.5696739000000002
-1.1179548333333333 -2.406955033333334
-3.350874533333333 -2.892033666666667
-1.5251640333333334 -2.174597666666667
-2.209977466666667 -1.3768399666666669
-3.289503166666667 -2.7077620666666666
-1.1408778999999998 -3.548232366666667
-0.9439557499999999 -1.2527882666666665
-2.9540707333333334 -1.7842248333333333
-1.1299990666666666 -2.4450165999999998
-2.6215687 -1.60974
-2.345133133333334 -2.625635
-3.1372232333333336 -1.8322724999999997
-1.9587324333333334 -1.4875180333333335
-2.158287833333333 -0.9045094466666669
-2.6535358 -2.9127003333333334
-1.3679839333333332 -2.775297633333333
-2.2346513666666667 -1.3762032999999998
-1.6664378333333332 -3.0527713333333333
-2.1319891666666666 -3.0610716666666664
-1.2853819666666666 -3.4263867666666665
-0.8635671533333333 -2.8296517333333333
-1.255172 -2.5266040333333333
-2.689367266666667 -2.5011391
-2.2141357 -3.443067
-0.8817714600000001 -3.309681800000001
-2.7161929333333337 -1.8026723333333334
-2.1017048666666667 -0.9007756966666667
-1.2876990833333335 -3.1372675666666665
-2.7233290666666665 -2.6539324
-2.1911172 -1.5691654666666668
-1.2799656 -2.4835745
-3.2604434333333336 -1.6706565333333334
-1.2150612666666667 -2.8502753
-1.7701585666666668 -1.5455424666666668
-1.1901761166666667 -1.8867636666666667
-2.9611516333333334 -0.5150612433333333
-2.169419 -1.9906330333333335
-0.85551507 -2.7338949999999995
-2.5441388 -1.4800156
-1.6612901666666666 -2.6115521
-1.6090160333333334 -1.5621801666666666
-1.4871654166666666 -2.555798033333333
-2.2337224666666664 -3.0462833000000002
-2.1531435 -3.002380066666667
-2.2739739666666665 -3.0239932
-2.7157803 -1.4812120666666666
-1.6134507666666666 -0.9575973866666666
-3.1479084333333334 -3.1617284666666663
-1.7083438333333334 -2.752005733333333
-1.5297990999999997 -1.419807866666667
-1.6941615666666667 -2.492387533333333
-1.6085513000000002 -1.5477826666666668
-0.9462894333333334 -2.4271757666666667
-0.4629989533333333 -1.2548295999999999
-2.038336966666667 -1.1619762666666666
-1.9938845 -1.3488591666666665
-0.69394395 -2.9987118333333336
-2.9622067333333337 -2.2465495666666664
-1.4152532 -4.149806666666667
-2.0313848 -2.032961233333334
-2.701872833333333 -2.6471350333333334
-1.8140929666666665 -2.1347859999999996
-1.7178076666666666 -2.8021198333333333
-2.3905146 -1.6003062
-1.0304754233333335 -2.475712033333333
-2.140415133333333 -2.776463333333333
-2.9119633 -2.7946855
0.08089973566666668 -2.5641594
-1.5181162666666668 -2.183625
-2.6061667666666666 -1.7057382333333333
-2.7603965 -2.2349175
-4.0996207 -2.018843733333333
-1.0993471 -3.9001455333333332
-3.0913407666666664 -2.314317066666667
-2.6173078000000003 -2.249897166666667
-1.9864145666666664 -1.2682126999999999
-2.8776932 -1.3373637999999997
-0.3261741266666666 -1.0355778999999998
-1.6569893333333334 -1.0310183833333333
-3.4436519999999997 -2.5594444333333333
-1.3148892333333333 -1.9002713666666666
-2.3312179 -1.6068098333333332
-1.8140191666666667 -1.4064938333333334
-0.9531243433333333 -3.7413528666666664
-1.9741796 -2.7219364333333336
-2.1646583333333336 -2.2153058999999997
-1.8629657000000002 -1.08504609
-1.3414464666666668 -3.439687
-2.7829232666666672 -2.3368433666666664
-1.3576599666666667 -3.9308008999999995
-2.9774618999999998 -1.7820919333333334
-1.8358047000000002 -2.2431311333333337
-2.8102160333333335 -1.6254397
-3.3738440666666665 -1.6839453666666668
-1.7573976999999998 -2.7264655000000007
-3.2502176 -2.163662566666667
-2.041674066666667 -2.6534256666666667
-1.1052254166666666 -1.4120872333333334
-0.9771854533333333 -2.4980762
-1.6021168333333335 -2.1245270666666665
-3.1828532999999997 -1.7405367999999999
-0.5708683683333333 -2.604914766666667
-1.3888964666666668 -2.461815733333333
-0.3717194166666667 -0.532840529
-0.8243899466666667 -1.2332415333333333
-1.5235338333333333 -3.2411118999999995
0.1412079755 -2.863115466666667
-2.2043203 -1.9213572333333333
-1.0317744166666667 -1.4550734666666665
-3.4485697666666666 -3.150097866666667
-0.8369742966666667 -3.7826043666666673
-1.5767595666666667 -3.2019744666666665
-3.5262031 -2.417587833333333
-0.11653130833333335 -2.7118320000000002
-2.931601566666667 -2.185822133333333
-1.9586853999999998 -1.3448729666666668
-1.6732560666666667 -2.3638795
-2.5484896666666668 -2.0448190333333334
-1.7656002333333334 -1.5396483333333335
-2.1809555666666665 -1.3261003333333334
-0.9156420566666668 -4.536103866666667
-2.5987107666666667 -2.1428550333333334
-2.7228452666666665 -2.3949423999999997
-0.9877521000000001 -2.691953833333334
-1.7148708333333333 -1.8414978666666664
-3.0673264 -2.2211989666666665
-1.10836182 -2.2558751
-2.3832259666666666 -1.3278173666666666
-1.1100737466666666 -2.4147841000000003
-0.8234419433333334 -2.4728860999999998
-1.9082484999999998 -2.489133266666667
-3.6502637 -2.393337466666667
-0.9981362766666667 -2.2991527
0.13287747333333327 -2.916986066666667
-2.6811208000000004 -1.5864984666666666
-3.810285966666667 -2.0364342
-3.2925256666666662 -2.4412687
-0.7981795333333335 -3.0229834666666666
-1.8544513666666667 -3.1848609
-2.682227133333333 -1.3072271
-0.24948067833333332 -3.6617269
-3.0056827333333334 -1.5386130333333334
-2.333681266666667 -2.609424933333333
-2.852941533333333 -1.2692347
-2.6641924666666665 -1.3849065333333335
-1.6403139666666668 -1.2975371666666666
-3.0004515666666665 -1.4478841333333332
-2.7294846333333336 -2.450791533333333
-1.9611469 -0.9847004433333333
-3.082444466666667 -2.0737474
-0.5273307766666667 -3.328088933333333
-0.8881260799999998 -2.724536233333333
-1.9072079 -3.018738733333333
-1.6463145999999997 -1.6852443000000001
-1.5136344333333331 -2.2036127333333333
-1.3034478999999999 -3.1815397666666665
-2.990059466666667 -2.0456725000000002
-3.2820293999999994 -2.6134155999999997
-2.0050017666666666 -1.8625728
-2.4616784 -1.7395785333333333
-2.1146321666666665 -1.3216909333333333
-2.6683583666666664 -2.0405353666666666
-1.2813663666666668 -1.03649225
-0.17863221333333335 -1.9051937333333333
-2.7802894333333334 -2.3692873666666667
-1.6565611666666666 -1.5619982
-2.0041349 -1.4774560666666667
-2.444200066666667 -1.5622704333333333
-2.7624521 -1.830519
-1.7621190333333332 -1.9639293333333332
-2.5822754666666667 -2.133703733333333
-2.562413333333333 -1.0207555
-3.0630746666666666 -4.724668433333333
-1.9152962333333337 -3.5923345999999996
-1.7393031 -1.4174836666666668
-1.3287655999999999 -3.4190552
-0.94910675 -2.942961066666667
-3.2974574000000003 -0.96598806
-3.366317266666667 -1.5827028000000003
-2.9551637333333334 -2.6006818
-0.99215192 -3.6304386999999996
-0.8261795833333333 -1.1486211000000002
-1.4651547999999999 -3.491253166666666
-2.615919 -2.1693634
-2.2580557333333333 -2.146452366666667
-2.256342833333333 -2.1358294333333334
-2.9738744666666665 -2.6376379333333335
-2.4044775333333335 -2.287217433333333
-1.7153899333333336 -1.2081815466666668
-3.770956733333333 -1.9689449333333333
-1.8761904 -1.9364119333333332
0.22508386333333336 -1.3043516333333334
-3.171353433333333 -1.5676634333333332
-0.7663250666666666 -3.8637039000000004
-3.1690093000000004 -2.3497133999999997
-3.1572168666666665 -1.5404434666666666
-1.0598214466666667 -1.7058664333333333
-1.1087895666666667 -2.2509669666666667
-0.67376446 -4.0041301
-1.3550634333333331 -1.7284352333333335
-3.3410062666666667 -2.4843556666666666
-0.8885958633333334 -0.9073708533333334
-2.095522933333333 -2.0076532
-1.0651830666666666 -2.117413733333333
-1.3549533666666669 -1.7730500000000002
-2.4751651666666667 -2.1634767666666668
-1.5739193666666669 -2.2554765666666663
-1.0118324733333333 -2.9610273
-1.5275745333333333 -2.652890833333333
-3.7012688333333332 -1.0306583533333333
-3.6755941333333335 -1.2836092666666667
-2.249065266666667 -1.6451764666666666
-3.170357933333334 -2.1582356
-1.7151490666666667 -1.2663865666666667
-2.7293205999999994 -1.7749157
-1.7160440666666668 -1.5454792
-1.5368637 -3.4752377666666665
-1.9270462 -1.4628235333333335
-3.232871633333333 -1.604889
-2.973844366666667 -1.2767310666666667
-1.2758027333333335 -2.6595537333333334
-3.6423957000000002 -2.7929741333333333
-2.0210421333333333 -1.9616433666666666
-2.0040434666666664 -2.6364262333333333
-1.5623951 -3.222021466666667
-2.6835266666666664 -1.8261551666666667
-2.7854924 -1.0125968466666668
-3.209774 -1.3866532333333335
-3.8348590333333337 -2.749245666666667
-1.7921690666666668 -1.9052520666666666
-2.7497052999999996 -0.9590709666666665
-2.3599843000000003 -1.5520808666666666
-2.846814933333333 -0.87448064
-1.5899008 -3.1476353333333336
-1.7514000666666665 -1.4867046000000004
-1.3978626533333334 -2.8568962666666664
-1.9683176 -1.5729704
-3.199778333333333 -3.8282398
-1.9205890999999997 -1.0384662433333331
-2.7244669666666663 -1.9242604666666667
-1.9247146666666666 -2.0759111999999997
-1.22841352 -3.0221031000000003
-2.186424033333333 -3.003337366666667
-3.4907004333333336 -2.3468993666666664
-2.5615327333333333 -1.5014139666666666
-2.2877258333333335 -0.6456786966666666
-2.879062333333333 -2.8578501
-0.9677650666666667 -2.2636888
-2.1075025666666662 -3.2658044333333334
-2.3621430333333335 -1.1394326133333335
-1.6224185 -2.0079872666666665
-2.7400706999999995 -1.8768738999999999
-2.5015061666666667 -1.3524737333333334
-1.6733487999999999 -1.8762940666666665
-1.1019215666666666 -2.558267
0.30114561933333334 -3.1066251333333335
-0.9023837333333333 -3.0137914
-2.3766529666666667 -2.5064021000000003
-3.064543866666667 -1.0919311333333332
-1.5275201000000003 -2.0224479333333334
-0.3019253766666667 -2.580855
-1.9426587 -2.173745266666667
-3.1454124666666665 -2.9251338666666666
-0.42576905333333337 -1.0154865499999999
-3.6676467333333336 -2.0508893999999995
-2.057034033333333 -3.5474096
-1.9136909333333336 -2.751286433333333
-1.6169995333333333 -2.9119311666666667
-0.9171383666666668 -1.6930883999999997
-2.7278386333333335 -3.7465825333333336
-1.0730586500000001 -2.5345142
-4.004295866666667 -2.9922693333333337
-2.464773366666667 -1.4443331333333334
-2.551589566666667 -1.4328448000000003
-1.4919404333333335 -2.3610160000000002
-2.5250547333333335 -1.9778508333333336
-1.8066155333333331 -2.1854634
-1.8750635333333334 -2.740045766666667
-0.43934848 -2.2071481333333334
-1.5904473000000001 -0.7171791000000001
-2.8314967333333327 -2.5832708666666666
-1.9038547000000003 -1.6514266999999998
-2.6773054666666667 -2.0050909
-1.1110036466666668 -2.4027976666666664
-2.467476 -2.779758833333333
-2.166504633333333 -2.7214123333333338
-3.1195512 -3.002915933333333
-3.1702478 -2.3128488999999997
-1.2377103999999999 -2.4210672333333334
-0.9519028166666668 -3.197703133333333
-0.08171032 -3.6045156333333335
-1.2279827866666666 -2.1036925333333336
-3.546094533333333 -2.8113175000000004
-0.6536798333333333 -3.3805545999999995
-2.770935866666667 -2.9267891999999995
-1.7631779333333333 -1.4004219333333332
-3.4061440333333333 -2.6006231333333334
-2.1284499 -1.2534262666666667
-2.7676690999999995 -2.5651032999999996
-1.0471705 -3.6419059999999996
-3.326761766666667 -1.6133646333333336
-0.7170542333333334 -3.3859675666666664
-3.324933533333333 -1.6360360333333333
-2.8815636666666666 -1.6549280333333334
-2.322096 -2.1032731
-3.7759294000000003 -1.4522529
-1.1636178666666666 -1.8016952
-1.7419065666666667 -2.7720493999999998
-2.0432861333333334 -1.7669268
-2.0154672333333337 -3.320615833333333
-1.2984799 -3.143751033333333
-3.1713717333333333 -3.1143654
-0.9796371866666667 -2.4180394666666665
-1.9055757 -2.5153406666666664
-1.06700335 -1.1066439133333332
-2.9379049999999998 -2.429229533333333
-0.45537159 -1.8498854
-0.8772864133333333 -2.198029866666667
-1.9320227 -1.9710639333333335
-1.9419552666666666 -1.2993199000000002
-2.1748563666666665 -2.3032535000000003
-3.2984692 -1.8991751333333335
-2.3675203666666667 -3.034209
-0.6512092566666667 -3.5982305
-1.9309861000000001 -1.9288138000000001
-2.4226566000000003 -2.3094441000000003
-3.1763773333333334 -1.4156875333333332
-2.5834413333333335 -0.76871667
-3.1616012333333336 -1.0820175133333334
-1.9545131 -1.7341932333333332
-1.7042225 -1.9370098333333332
-1.8384727666666667 -1.5036028666666665
-1.8599540666666667 -3.696505833333333
-1.2230100333333331 -2.0257208666666666
-1.5112391333333333 -2.1853094666666664
-0.3880959 -2.921838833333333
-2.4958079666666664 -1.5622042333333335
-2.5594593333333333 -2.4268323000000005
-1.8857766000000002 -1.4953138666666665
-1.9022001999999998 -2.6700779333333333
-1.6714840333333334 -2.456292933333333
-2.5676839333333334 -1.7220841666666666
-1.7160898333333332 -2.4209419000000003
-2.0880696666666667 -1.2354760333333332
-1.8664214333333335 -1.9023063333333332
-2.799725133333333 -1.7847590000000002
-2.2738466 -2.3301863
-0.112832668 -3.7658584333333334
-2.3229842 -2.622390966666667
-2.0935023333333334 -2.9025196666666666
-2.3059678000000003 -2.1202980333333334
-2.2288997333333334 -2.4414260333333333
-1.5100923333333334 -1.9920017666666665
-1.6011391333333331 -3.035490066666666
-2.417842266666667 -1.8623435000000002
-2.7162879333333336 -1.546407766666667
-0.5862749 -2.3832511666666667
-1.6630753333333332 -2.7597161999999997
-3.2751234999999994 -1.6744235333333335
-2.5281390666666668 -2.1152238999999997
-1.5568625 -2.5367003333333336
-1.8392185333333333 -1.8856056
-2.697491433333333 -2.7681012000000003
-0.8883240666666665 -2.778668333333334
-2.4098864000000004 -0.8283250033333334
-2.6371106333333336 -1.9485664
-1.0088902833333333 -1.2250016333333331
-1.4923224000000002 -2.911814233333333
-0.9269755333333333 -2.586049833333333
-2.4617244333333335 -1.7718823666666663
-1.2763214666666667 -2.4637922333333333
-2.4717810666666664 -1.7984064666666666
-1.8310647333333334 -2.0816719666666668
-2.9949875999999995 -2.1354408333333335
-0.4578741833333333 -4.3996514
-2.933025 -1.5282564333333333
-2.4300124666666667 -2.2656883
-2.3408567000000002 -2.8734773333333328
-2.5162594333333335 -1.8570898
-1.0416861866666667 -3.2853125333333333
-2.5522298 -1.878408666666667
-1.2896023666666667 -3.646517933333333
-0.42598525333333337 -2.6430149666666667
-1.8398475333333333 -1.7368722666666667
-3.1366733666666664 -1.4048883
-1.855416366666667 -1.4804905333333334
-1.707594333333333 -0.7713860566666666
-3.9187517333333335 -2.2931312000000004
-2.555532 -1.8811909666666666
-1.6712714666666668 -2.857749166666667
-1.4627276333333332 -3.109850333333333
-1.5454074 -1.7367054333333334
-1.0788756266666666 -0.33209009333333334
-3.3427179 -1.8750565
-2.2707779333333336 -2.566302466666667
-2.5534689999999998 -2.6539341333333337
-1.9244968333333334 -1.700142533333333
-2.217628366666667 -1.34166718
-3.2797946 -1.6518304666666666
-2.837065133333333 -1.6831151000000002
-3.1043468 -2.014627733333333
-1.6409008333333335 -1.3718586666666666
-1.261665 -2.304556666666667
-1.4918633333333333 -2.2553338666666667
-1.4450425999999998 -2.5128929666666666
-1.3554688333333333 -2.7342530333333337
-1.3467335 -2.9092105
-1.1647185466666665 -1.8752752333333336
-1.7515486333333334 -2.0318213666666667
-1.5901041 -3.6701220333333335
-1.3517368433333332 -1.5066061
-1.4417331 -2.1500213333333336
-1.4952220333333333 -2.4645938
-2.649741733333333 -1.5987540333333332
-1.0667221333333332 -1.9592448666666666
-0.7114036366666666 -3.5672334666666665
-2.8862708333333336 -2.3072470999999997
-0.7493479866666668 -3.310282566666667
-0.8906306799999999 -1.01575899
-3.2993644333333334 -1.6148521666666666
-0.3996489 -2.183421666666667
-2.5746442333333333 -2.3347450666666667
-1.1699009666666669 -1.5945433333333332
-1.9041018666666667 -2.916458866666667
-2.059591066666667 -2.523458366666667
-2.275724766666667 -2.1666585
-1.9697130999999999 -1.9541564666666666
-2.0478202333333333 -1.7124197333333333
-1.8453431333333334 -2.6657028
-1.1652946666666666 -3.1942717999999997
-3.373093166666666 -2.388040466666667
-2.790723633333333 -3.1481690333333336
-2.6979706999999995 -2.3038503333333336
-0.9434196333333332 -1.6795831333333333
-3.061121433333333 -2.5669524
-1.4735304333333332 -1.7294297
-3.3947605999999997 -1.6738917666666664
-1.8346274666666667 -2.6440522666666664
-1.2698714666666668 -1.9731077666666668
-1.6161157333333336 -2.924622
-1.3243909 -1.6205525333333333
-1.2112938833333333 -1.5792818333333334
-2.4136144 -2.0216711
-1.2108510666666668 -2.0145291999999997
-2.6157934666666667 -1.5956746333333334
-3.101311133333333 -2.2887098999999997
-2.293281 -3.556463
-1.8389168666666666 -2.2147472333333336
-3.133247533333334 -1.23070328
-0.95997609 -2.1899642999999998
-0.9158277233333332 -1.874465133333333
-1.4607649333333335 -1.2021657333333333
-2.1886441 -1.3466321999999997
-1.9628346666666667 -1.5065466666666667
0.010224816666666648 -2.722498233333333
-2.6849903333333334 -1.03857094
-1.1770360333333334 -2.0522527
-0.8547083333333333 -2.9575055
-2.0472042333333333 -1.9274462333333333
-1.9799856666666669 -4.3285142
-2.0317575999999997 -0.8356177666666665
-2.5120964666666667 -1.7530888333333334
-2.6581536 -1.9268191666666667
-2.837218866666667 -3.4466522333333334
-0.25287849 -1.4193159999999998
-2.2590910666666666 -2.9629727
-1.8095717666666669 -2.1082351333333333
-2.5995384 -1.4616741666666668
-1.910308366666667 -4.112889533333333
-1.08433238 -3.2761131999999997
-1.03898772 -2.6157986333333336
-2.139976233333333 -3.5489904666666665
-2.3005960333333335 -2.2063247333333336
-2.8518568666666666 -1.8483549666666668
-1.9353561666666668 -1.310808
-2.7225075666666667 -1.02827885
-2.1431843666666666 -1.8117305333333331
-2.3552654 -1.8200208999999998
-1.2533086666666666 -3.7361685333333337
-1.9686535666666667 -0.9606459733333333
-1.5725050333333335 -2.9541613000000004
-2.1076906333333336 -3.0936253
-2.4826401000000002 -1.1640035666666668
-1.7819619666666668 -2.2708847333333333
-0.9235439666666667 -2.5374222666666664
-0.25387150333333336 -2.6929399333333333
-0.8670057666666667 -2.4887539000000003
-2.8094446666666673 -1.9057694333333335
-1.9888392666666665 -1.7392469333333334
-2.3288866666666665 -3.130691066666667
-1.6260078333333332 -2.2626123333333332
-0.27246604666666663 -3.1772917333333335
-1.5523882666666666 -1.6972101
-0.8075118266666667 -2.0895246666666667
-1.3591212666666668 -3.3347817333333336
-0.06236640333333335 -2.3322176999999997
-1.7432279333333334 -2.1499101666666665
-1.41559589 -4.717811
-1.1392461 -2.8691854333333335
-2.4154765666666664 -2.2298394999999998
-2.4236177333333333 -2.137279233333333
-2.7090651666666665 -2.3064151333333336
-1.5760420000000002 -2.9930239666666667
-1.8295022666666667 -1.4447571000000001
-2.821642833333333 -2.080053
-2.1133155666666665 -2.8067637000000003
-1.2764583666666665 -2.2920475666666666
-3.1257582000000004 -2.0317862333333334
-2.4169997333333333 -1.6950857333333331
-3.2758646 -1.8284995000000002
-0.06830236366666666 -1.7337409333333336
-1.523925 -1.4152136333333334
-1.7323092 -2.9875572666666668
-3.1605673333333337 -1.374671
-1.5065103 -1.9326605000000001
-3.3704505666666664 -2.0151672
-0.9825221133333333 -3.0073596666666673
-2.814039866666667 -2.0918829333333333
-1.3779910333333334 -3.1421261
-0.8403017256666666 -1.2526104200000003
-1.5812266666666666 -2.306435233333333
-3.1677039999999996 -2.399425266666667
-2.9933476 -1.2016104666666667
-0.9377309133333334 -3.5044396000000004
-2.4077902333333334 -2.1339637333333332
-1.6060466333333332 -0.47259525
-1.3157132000000002 -2.953515233333334
-1.6996510333333334 -2.4842831333333333
-1.2975637666666666 -3.269242933333333
-1.8810399 -1.7149729999999999
-2.9470018000000002 -2.0245337333333335
-2.3158695 -1.0870840666666668
-1.9626316 -2.0498999666666666
-2.6364856333333333 -1.9702971
-2.7794309999999998 -2.0465647666666666
-2.1545601000000003 -1.8506944666666667
-1.8186138 -2.6683846
-2.354222733333333 -2.6736330666666666
-4.513957666666667 -2.3751678333333333
-0.55145682 -2.2448894999999998
-2.7427587666666673 -1.2990073000000002
-3.3373162333333335 -1.1879624333333332
-2.5944253 -2.3186014
-3.0733592333333335 -1.6769740666666664
-2.754718566666667 -2.7914715000000005
-1.8845992666666664 -1.1245927666666666
-1.0562578266666667 -1.2565504333333333
-2.4488762333333334 -2.2066747333333327
-2.493923233333333 -1.5277461999999997
-1.7361644666666667 -1.6292966333333334
-2.7334226333333334 -2.0873822666666664
-1.8369225333333334 -1.2650287333333334
-2.644283366666667 -1.7097718000000002
-1.6222894666666665 -2.344899966666667
-2.0832270333333334 -1.5904540333333335
-3.3564477666666668 -2.3727792333333335
-3.433454433333333 -2.3263745
-1.2217671133333334 -0.70057521
-2.9147063 -2.1023546333333334
-2.8020808333333327 -1.7692162666666666
-2.8582382 -2.892799666666667
-1.8456869000000002 -0.9832219166666667
-2.626764566666667 -2.195919733333333
-0.15641130333333336 -2.490371066666667
-2.4308985333333335 -2.352146966666667
-1.6509036 -2.298796633333333
-2.346222 -2.6056996
-1.23231452 -3.445003666666667
-2.362467166666667 -4.209248866666667
-3.1827432333333334 -1.9228202
-2.3275972333333335 -1.5378223333333332
-2.861036233333333 -1.4061343333333334
-1.4879770666666665 -3.210865033333333
-1.3521753000000003 -0.8191958899999999
-2.881851133333334 -1.6470029999999998
-1.1168341133333333 -2.747511166666667
-1.2650060666666667 -2.4192642333333336
-1.2977311666666667 -2.4762665000000004
-1.7621387 -1.9781932666666666
0.41983839333333334 -2.5986110333333334
-2.0326533 -2.6973095999999996
-3.3518282 -1.9189040666666666
-2.5814771666666667 -2.378529166666667
-2.1434241999999997 -2.7641923999999998
-3.1899001666666664 -1.9458299666666665
-1.9695394000000002 -2.307306733333333
-1.5625882999999998 -2.9182238666666667
-1.1551336833333334 -3.912680533333333
