-1.3846267 0.18552427
1.5532349 -0.23365416
0.32439494 0.090188816
-0.4947332 -0.3624593
1.2836744 0.13886394
-0.6703826 0.024640754
0.5026025 -0.22904399
0.5868704 0.23599951
-0.4317756 0.00043052435
1.1565765 0.05254902
2.0336766 0.023078546
-0.583848 0.7129856
0.9400861 -1.1297412
0.7957399 -0.6501189
-1.006867 1.1023544
-1.8719126 0.17161427
0.84778607 0.6070188
1.4677188 -0.79877436
-1.3907493 -0.8790014
1.2538186 0.39486307
0.7408438 -1.0142366
0.058436215 -0.29996926
-0.3240592 -0.88638204
1.5777886 -0.77959234
-1.4758514 0.018557236
0.37152594 0.21553208
-1.8547598 0.12383197
0.1275979 -0.12092849
-0.95945317 0.9906037
-0.0067989677 -0.6327453
-0.73365545 -0.05423908
0.82284915 -0.33707553
1.4662077 -1.6924976
-0.46988916 0.3341869
-0.20308869 0.49807572
1.2941763 0.7070921
-0.19783032 0.37668574
-1.7651277 -0.21757717
-0.89537585 -0.2905876
-1.7236717 0.10883336
-0.6145351 1.3474727
0.8846979 -0.10004848
1.4638184 0.8040805
-1.3735734 -1.0186398
-0.7014861 1.1897634
-1.3040544 -1.2925841
-0.6105598 0.8859178
-0.6582583 -0.57543355
-1.2953006 0.25116968
-0.94448274 -0.073782295
-0.41092956 0.04121302
-0.15106907 -0.62114894
0.57647115 -0.93693763
1.9799114 0.56479406
-0.17523563 0.38215834
-0.2110782 -1.3165619
1.3216335 -0.4788409
-1.0143502 -0.22206846
-0.6366749 0.510845
-1.9694029 -0.60733116
-1.5766398 -0.383515
-1.2048162 0.18491952
-0.22531158 0.20475234
-1.603381 0.12734582
0.579345 0.013958558
0.16310799 0.13647006
0.85118115 -0.3423018
-0.298072 1.0855623
-0.08256231 0.5575875
2.4104624 -1.9411734
0.48026848 0.42007375
0.8717257 -2.5649629
-0.8431635 -1.8744456
-1.5661453 -0.30987132
-0.0070759803 0.3918085
0.018466443 1.0061613
0.50538373 0.1482725
0.55880535 -1.2497741
-0.059365958 -0.27198035
-0.9163848 0.08431496
0.64583653 0.18488
-0.40980804 0.9603032
2.1913018 -0.5504105
-0.7179915 -0.31874895
-0.81324273 -0.36129826
-0.504863 -0.00723356
-0.62666297 -0.03755325
-0.64521086 1.9597528
-1.488908 -0.34834278
1.3168265 -0.5560094
0.64668995 0.31669205
1.1150434 -0.3950203
0.6152274 -0.63944566
1.0421884 -0.10102603
-0.94608533 -1.3522869
-0.51301193 0.94650614
1.0979115 -1.2115966
-1.3502096 -0.30168793
1.3207407 0.40107197
-1.1644495 0.63507146
0.08300421 -1.1690916
-0.87421 0.37736958
-0.9155054 1.3659408
-0.049827054 1.0341778
-0.74978673 1.4456563
-0.39387596 -1.4080704
-1.856484 -0.0821964
1.5961906 0.000118762255
0.6686055 0.15475549
-0.09593445 0.51815194
-1.9653581 -1.4017549
0.7027331 0.9233457
0.4119118 -0.40150598
-1.728151 0.9268997
-1.7094225 -0.3561188
-0.100375876 -0.6687605
-0.5426799 -0.68319
-0.9956355 -0.50316787
0.26018357 -0.58496803
0.20199072 -1.3002722
-1.4032787 0.15925206
1.4058808 -0.38831753
-1.5032451 -0.16617166
1.0293534 0.6548129
1.3561532 -0.08744973
-0.8853429 0.4094087
1.5356047 0.2882558
-1.4143493 -0.18966904
0.6222045 0.64367
0.6133419 -0.12502073
0.71946704 1.0106099
0.12944105 -1.5001248
-1.5224884 0.97801614
0.5419424 -0.5760732
-0.0853553 -0.029527709
1.0392371 0.013172075
-0.8162894 -1.8794262
-2.3874893 -0.55235636
0.98483443 0.21989228
-0.34793857 -1.2488378
1.2723988 0.5236703
0.3522668 0.76411235
-1.0228869 -0.55802476
0.74743944 1.601319
1.1003169 0.29003382
0.8630549 -1.2535868
0.2123898 -0.8894225
0.059447646 -0.25098434
0.6687375 -0.05251068
0.5066999 -0.39782327
0.3461541 1.2615112
1.0164201 -0.49267834
-0.72220546 0.8321309
0.51636136 0.3516147
0.105413646 -0.5715463
0.59766096 0.30019778
0.8316506 -0.014347225
-1.1127143 0.8918673
-0.20306244 0.78385866
-0.5716537 -0.10016613
2.2516909 -0.5190516
-1.7792406 -0.3413842
0.14863083 -0.575594
-0.20960605 -1.3694124
-0.7396674 0.19266252
1.6610134 -0.34624386
-1.1306663 -0.5409975
-1.7843788 0.45295227
-0.010376513 -0.6246824
3.0689168 -0.82840973
-0.6749246 -0.1500346
-0.6135921 -0.6742291
0.7891749 0.054311827
0.29658425 -0.3440084
0.15800822 1.2064012
-1.4104998 0.38414764
0.9447793 -0.2789847
-0.15295938 1.331926
0.17475656 0.20551772
0.12312883 0.23755129
0.041997254 0.5799593
-0.46556014 0.8826469
-0.93644094 -0.10061826
1.3769845 -0.0595012
0.5255538 -0.2660153
-1.1468164 1.0081547
0.6114154 1.5763149
-0.88222325 -0.5821516
-0.18046191 -0.12572765
0.66459143 -0.9685732
-0.2760014 -1.2763036
-0.01561214 -0.70252526
-0.7793389 0.06280424
-0.1926063 -0.30574137
-0.3602011 0.4476636
-0.8962871 0.11675231
-1.6133189 0.1637821
-0.986106 0.88044477
1.2602376 -1.3419793
0.56838113 1.4072293
0.0707863 0.68043846
0.72446513 0.26814842
0.6145986 0.7254221
0.13950944 0.77464354
-0.17368984 -0.8165287
0.819461 -0.85043854
-0.95658046 1.1270304
0.99588966 -0.16938847
0.5065609 -2.0684953
2.2431889 0.5798382
0.55764604 -0.631227
-0.17209804 0.44757342
0.78969646 -2.3444738
0.40365714 -1.5919471
-0.7951755 -1.8631228
-1.3313471 -0.5060285
1.2455606 -0.19166361
-0.7987637 0.4394781
-0.4764017 -1.3585902
-0.3588593 0.34062946
-1.1895816 0.9169158
2.4974961 -0.3542546
1.1707731 0.17061631
-0.15141124 -0.58936524
-0.24276312 0.62574637
2.1392112 0.24213691
-1.3930153 0.71561915
0.2631668 -0.8300876
1.54871 -0.45989302
-0.010165602 0.16070853
-0.5815015 0.5083832
-0.8593321 -1.0915471
1.1428118 0.55334145
-1.4944627 0.72027576
0.9174293 0.4100653
1.0725914 -0.6817777
0.12791568 -0.056086212
0.056193084 -0.72198224
0.91967213 -0.60732096
0.27367312 1.4741813
-1.068629 0.31692964
0.86253333 -0.60013354
-0.36045748 -0.149564
-0.054314166 -0.38120538
0.39166838 -2.292957
-0.2967519 1.0387908
0.067074895 -0.8225788
0.10818416 -0.53412956
0.5620008 -0.42343202
-1.6927525 -1.4529531
-0.5588386 -0.5191387
-1.1374861 1.2631344
-0.58994293 1.392287
-0.7698138 0.14634238
-1.3720897 -0.038066298
-0.7653866 -0.36764026
-0.6428478 0.76431394
1.3570001 0.973899
-0.6719471 0.71019363
1.2538573 -1.8163431
-1.4532703 0.36539584
-1.1789296 -0.7728254
0.22221771 0.7700093
0.55656904 0.48760056
-2.0974026 -0.46508306
-1.4701763 -0.5745726
0.26916087 -0.9460687
0.6185936 0.1680441
0.59540266 -1.3060671
0.031416327 -0.293484
-1.150306 -0.12679425
0.75667834 -0.026704907
0.434479 0.54259634
-0.43173742 -0.8921867
-0.7933333 -1.1374956
-1.3548774 -0.24312541
0.53607047 0.43968225
0.849445 0.25147128
-1.4997764 -1.0880381
0.14848271 -0.23282322
-0.27897188 -0.47134167
0.90519154 0.72809833
-0.17014048 0.7706723
1.6226933 -0.5483557
0.46034092 1.3278701
-0.62639 -0.15647312
-1.07847 0.3225702
0.9245266 -0.8781872
-0.7419971 0.80709386
0.7254013 0.3928355
-1.2135624 -0.62913835
0.38169897 0.81794345
-0.64519274 -0.21030396
-1.9885355 -1.5927526
-0.34998637 1.7389067
-1.6619031 0.78293407
-0.51599467 0.16848509
1.5582936 -0.7597067
0.42148465 -1.1856103
0.97751474 0.55636525
-0.415446 -1.4313638
0.40857583 0.70130074
0.8104948 -1.7593074
0.976825 -0.5669382
-0.30567524 -0.088880494
0.4775914 0.91449106
0.06946519 0.14000912
0.1670923 -1.9776043
0.24152148 -1.3586502
-1.0075011 0.9274814
0.3387817 0.28808814
-0.17481813 -0.92882067
0.8662741 -0.40224034
0.49387813 -1.2813432
-1.9788262 -0.06355363
-0.51689196 -1.377379
-0.70513463 -0.015593618
-1.2265997 -0.056762308
0.35679233 0.3615051
-1.0450423 -1.0156798
-0.98466957 -0.8387189
1.0470169 -1.6795586
1.4956108 0.48288858
-0.48350644 -0.40532023
-0.028879836 -0.7860845
0.2775815 -2.5898702
1.4044586 1.9605665
-0.1432224 0.058313563
-2.182699 -0.76407075
-0.05665043 0.9675561
-0.43924692 -0.7375152
0.63998485 -1.764745
-0.654323 0.4415099
0.7764169 -1.7498175
-0.11338505 0.26487172
-0.91431016 0.8495139
-0.3891104 0.666626
-0.6119076 0.08149056
-0.85013664 -0.378178
-0.69993263 -0.08345087
0.57733864 -0.9612679
-0.700119 -0.6189095
0.04412052 -0.37104535
-1.1119719 0.36983275
2.3253555 0.864136
1.5549961 -0.3232619
1.0389279 -0.36523765
-1.9096562 -0.13058051
-0.8366768 0.37207675
-0.8626785 -1.6149222
0.48275477 -0.8890506
0.74685353 -1.4929209
0.19429705 0.51158065
-1.3645597 -0.4025004
1.6521597 -0.56557375
-0.52958083 -0.7962277
2.5062423 1.8013537
0.3116681 -0.72122586
-1.591468 -1.6196002
2.6385217 -1.1436571
0.432364 -0.117937066
-0.77459 -0.13747758
-0.19097403 0.43784654
1.3611522 -1.4466085
-0.64258724 0.29536355
-0.30394068 -0.13317505
-0.17802846 -0.72638184
-0.202429 -1.6536434
0.6993814 -0.4879899
-0.5097182 0.040336117
0.17738757 -0.2108248
0.4954943 0.9272492
-0.082501635 -0.7051563
-0.16250423 -0.7473225
-1.3857534 0.16932054
-0.52481055 -0.19138856
-1.0921079 -0.8804085
-1.3810239 -0.3878399
2.4063382 -0.21333423
-0.3635735 -1.1624366
2.9911833 -1.1301396
0.45753968 -2.6516657
1.4696122 -0.116816565
0.19390264 0.84264123
-0.6553419 -0.9121108
0.6894892 0.20507075
-0.11179869 -0.67615724
1.4584637 -1.6548756
0.272062 -0.08666432
1.0530478 -0.670278
-0.51065046 -1.0502934
0.38251263 0.8604897
0.034118474 -0.21316352
-2.026413 -0.79295087
1.0217823 0.66842395
-0.33647323 0.012367889
0.46184337 -0.81883603
0.7202118 0.094707385
-2.1454203 0.06476714
-2.0406113 -0.31700376
0.18938413 0.4444613
-0.820877 0.2817585
-0.29776028 0.22615387
0.083085746 -0.37145442
-0.4769942 -1.235912
0.62838596 0.5223106
-1.9507384 -1.4413081
-2.0720026 -0.5353894
0.5180534 -1.533169
-0.73138 0.46836334
-0.19120717 0.2000802
0.5148673 -0.25008696
-0.4145316 0.37541938
-0.39959443 0.19687541
-0.5464394 -0.361579
-0.20039198 0.111470774
-1.1722875 1.1161578
-0.34903273 -0.37121314
0.08692089 0.100951895
-1.1280864 0.18559246
1.34028 -1.213
-1.3116732 -0.46104822
-0.36720043 -0.8425935
-0.011238813 -2.1363049
0.68003565 1.8809326
0.2263008 0.022837892
0.8205627 0.4900728
1.0315893 0.4909466
0.315064 -1.3141986
1.7282163 -0.57491446
1.7043352 0.010055453
-1.7803009 -0.45409033
-0.30149284 0.26234567
-1.1282902 -0.2756775
3.347762 -1.2077963
-0.13139205 -0.83294135
-0.059511498 -1.5406533
2.1801114 -0.15331718
-0.49484107 0.20067616
1.1538416 0.32171303
0.20973787 -1.234184
-0.81267095 0.5539158
0.8319875 0.5302727
0.30278927 -0.9239413
0.06619689 -1.489761
-0.30601138 -0.3758147
-0.8860284 -0.5986763
0.826547 0.10815708
-0.50282574 0.9086877
-1.4515173 0.5233275
-1.7996566 -1.5181514
0.5945807 0.55720913
-0.24650165 1.0524508
-0.41854405 0.6386177
-1.0419592 -0.87234247
-0.5052355 -0.47815615
-2.0562637 0.6457368
-0.9926027 -0.6127738
-0.7705795 0.14883538
0.72633296 -1.91916
0.7361271 0.5001878
-2.116922 0.8276261
-1.9540197 -0.48453325
-1.183217 -0.3998602
-0.33707434 0.22373135
0.9662194 -0.5300735
0.46041012 -0.8159978
0.45102602 -0.45684743
0.23534063 0.22219022
1.7540227 -0.484953
-1.2096891 0.0645027
0.075805545 -0.054865137
-0.80472803 -0.41734767
0.35765225 0.413266
1.4696853 -1.0517411
-1.1261405 -0.16870241
1.3738389 -1.8281093
2.3859673 -0.24431697
-1.7326283 0.30652243
0.7388375 -0.9815607
0.1391899 -1.0198548
0.3972658 0.731773
-0.17972642 0.39075541
0.9650575 -1.6977981
-0.5085671 0.27334392
0.69551367 -0.6487809
2.0321097 -0.44007203
-0.5207888 0.7938812
-1.1077955 1.0571082
0.67378855 -0.503369
1.2614334 -0.80016655
-1.2150137 -0.14944407
-0.39784563 -0.024792612
-0.19048305 0.70545006
0.35932302 0.31436324
-1.0754657 -1.0314196
-0.7988706 -0.043744445
-1.1460471 1.167137
-0.9340268 0.84081686
0.9886149 -0.9039491
1.9923681 0.41456765
-0.3628166 -1.4126662
0.869171 0.8514428
-0.1550937 0.29793966
1.974233 -0.84301865
1.5264208 -0.44301584
1.0374987 0.6030242
0.82258487 -0.10437024
1.0988624 -1.3943837
0.8078077 0.84723043
-0.9718047 0.9168316
0.8936795 0.40085667
-0.45733386 1.2410821
-0.97558606 0.54061687
0.18918955 -0.3795752
0.019920498 -0.78396505
0.63765883 -0.3312664
-0.06934592 -1.0385089
-0.058505937 0.9042002
-0.2547197 0.937343
-0.4280656 0.17298277
-1.0672336 -2.6223142
-0.7103384 -1.0968775
-0.095493525 -0.3070441
1.3295552 -1.2332425
-0.62153697 0.34690946
-0.93408114 -0.04166369
0.8637372 0.22036178
0.74507004 0.3241284
-0.3170251 -0.46621615
1.9588202 -0.7890682
-1.448756 -1.5332998
-1.027838 0.0566722
-0.78233165 0.5886959
-0.037551478 0.30439228
0.5938086 0.9056542
-0.8095606 0.524338
1.2893332 0.037398115
1.273174 0.26036578
1.2921844 1.0884135
-0.29549092 -0.5766069
1.6121721 -0.23823637
0.40263218 -0.2756223
-0.8468488 -0.085823074
-0.19472547 0.8986008
1.4717048 0.59564143
-1.3245555 0.15869488
-1.8902835 0.46217638
-0.08747853 1.3154893
0.23445988 0.3020572
-0.4669054 -0.38777453
0.12210691 0.58110136
2.9668045 -0.93238264
0.025088549 0.90082014
0.33752584 0.74199593
0.76514745 0.23605938
1.5112013 -0.95831114
0.031354964 0.6796376
-0.78103805 0.3312536
1.0838677 -0.21411888
0.053411245 0.22343661
-0.16889176 0.4906028
0.2507462 0.6777109
-1.400002 -1.7093025
-0.23834354 -0.2077861
0.34029704 -0.9260528
-0.5996368 -0.51022804
-0.91753095 0.9054328
0.86572576 -0.54673624
-0.07479808 -0.3861363
-0.38152713 -0.30229244
0.98581886 0.80209816
-0.6281772 0.5249593
1.2429497 -0.091765106
-1.1442021 -0.6888284
0.03339222 0.054635033
0.8183073 -0.37817672
0.11407933 -0.9489536
-0.89278674 -0.32251137
-0.09593159 -1.1193244
-0.53466916 0.33036345
0.42376482 0.608122
-1.9016917 -0.81252426
-1.5135553 -0.43235296
-0.06313583 -0.53574616
-1.6903784 0.043119833
0.3637129 -0.6238813
0.30457187 0.40695637
1.0088788 -2.555389
-0.49047813 0.43926817
-0.8198001 0.94130015
0.9557842 -0.12496123
0.2965399 -1.9868962
-1.0854533 -0.007953063
0.29712868 0.45324516
0.17565298 0.5983699
1.1538353 -1.4403026
-0.3182004 -0.38114607
-0.020095646 0.56238425
-0.12688382 0.19852825
0.15087608 -0.27414793
1.6820264 -0.55024296
-0.31493312 -0.275711
2.0478468 -0.13921282
1.4488939 0.14760636
-0.44387048 -0.62638956
0.57264477 -0.16028792
2.5089097 -0.71915185
0.064499915 1.0222785
-0.15708005 -0.8827517
0.4267828 1.0890744
-0.74727845 -0.15904993
0.63378495 -0.89420706
-0.47426522 -0.1825158
-1.2861104 -0.015434623
0.610832 -0.35204008
0.018092304 0.3535993
1.1792277 -0.5496612
0.7557435 -0.10403462
-0.3302304 -1.3741162
-0.14525622 -0.5657895
0.50571 -0.31552073
-0.42420834 1.2836777
0.24111307 -1.5595106
-0.40608907 -0.4605403
-0.21065365 0.9703144
-0.543165 1.0850514
-1.0261302 0.8581146
-0.50751126 0.60437405
1.7119184 -0.12439314
0.8503649 -1.7151651
0.1550521 -0.021488294
0.35381627 1.6128604
-0.41533405 -0.37975025
0.23326388 0.36852854
1.2311332 -1.2765679
-0.39508706 2.1181216
-1.5638096 0.12117703
1.2134104 -0.054744124
-0.56112117 -0.0069362223
-1.405038 0.107603714
-0.9900971 0.11297579
-0.65331423 0.26520628
-1.4709965 -0.3430371
-0.9717623 -0.09807818
-1.5705416 -0.77846175
3.0295634 -1.2881479
0.17099401 -0.2298036
0.6183546 -1.1635535
-1.9279335 0.7907617
0.43723375 1.6800029
-1.2459742 -1.0604235
-0.16199586 -0.50141364
-0.0067800283 -1.4352225
-0.58143187 0.021752492
0.772066 -0.4216361
0.30035257 0.80860686
-0.7453814 -0.31173646
0.10125902 -0.32947332
1.7030486 -1.0813364
0.72603524 -0.35792297
-0.26372284 0.3463568
1.3084031 -1.9261932
-0.27121073 1.3400937
-0.10223101 -0.24828951
0.19713026 -0.9518476
-0.4825189 0.91460335
0.72846776 0.4714507
0.55507004 -0.031851485
-2.2985473 -0.7080035
-0.15228398 -0.6072149
-0.479055 -0.67943746
1.441336 -0.2465388
-1.3915021 0.6175484
0.49859285 0.90945923
0.072530806 -0.84064615
-0.7309801 0.89280415
1.2843007 -1.1823378
0.83429813 -0.4893878
1.478599 0.16938014
1.4776299 -0.36200875
0.44479138 0.5901606
-1.0389975 -1.1581863
-0.47960466 0.060898498
1.1137115 0.45212728
0.25403643 -0.5685872
0.028115809 0.27289414
2.0680356 -0.06416109
0.5726434 0.24262948
-0.2488437 0.29887503
1.1063298 0.034238145
-0.100365266 0.9010875
-1.4079432 0.5417306
-1.6511664 -1.6645732
0.19438484 0.19388528
-0.9147369 0.086285934
-1.0712123 -0.7908106
-0.3421925 0.112696365
1.195239 0.5242456
0.81298494 -0.87582916
0.44553715 -0.25447673
0.7060289 0.7023559
-2.4639277 0.11549716
-0.7364771 0.49300522
-0.087487966 -0.5889349
-0.5935205 -0.77993774
0.27409583 -0.94864035
0.28487307 -0.96995956
-1.2414131 -0.6514164
0.587545 1.1852098
-0.22439481 -0.4669366
-0.77766424 -0.4569344
-0.18008728 -1.2915678
-0.96188784 -0.65057397
-1.0630941 -0.9852115
-0.43790472 0.76802194
-0.65987575 0.8240813
-0.13581246 0.43365455
-0.8434468 -0.5252519
0.4505971 0.90953505
0.52731705 -0.9909419
1.08481 -1.0451751
-0.8033293 0.3204565
1.6948159 -0.024668068
0.60521543 0.58448714
-0.59140146 0.68713355
-0.92708164 0.7859552
0.6836153 -0.36888194
0.4065944 -0.90865827
-1.359334 0.42398626
0.08308554 -1.1445129
-1.0599368 -1.6228471
1.4206929 -0.44915974
-1.3844584 0.3847382
1.5632652 -0.34685984
0.5955502 0.02474983
1.1494874 -0.22852148
-0.5945338 -0.38993567
-0.44760215 -0.59437525
1.3772485 -0.017642528
-0.21279143 0.17529704
-0.35490236 0.33610815
-1.7142035 0.00899522
2.3270426 -2.101696
0.31346655 0.29222673
-1.7617035 -0.29993734
-0.6650777 1.3514979
-2.3190646 0.24533285
1.5263454 0.21581201
0.46664685 -0.6090432
-0.8346327 -0.38106036
-0.04374461 -0.37828857
0.7762469 0.97703695
-1.539485 -0.3024772
0.29682148 0.29106832
-1.0228441 -0.019303143
0.5872055 0.9995016
0.8895407 -0.07536815
-2.1213923 0.89857256
-0.93069077 0.8605248
-0.56127673 -0.40029645
1.2276597 -1.0271231
-1.6867859 0.35809445
-0.9783873 0.9877248
0.6766958 -1.3650117
-0.14578179 -0.91271424
0.86033165 0.55546755
-0.07470508 0.50789946
-0.6294615 0.17386313
-1.5087749 1.159977
-0.25999773 -0.5498401
-1.134869 0.18591921
0.35639548 0.33851218
0.3040576 -0.16368923
1.2701787 -0.83459157
0.56964105 -1.5923718
-0.055260763 -0.96961516
-1.4534912 -1.4548898
-0.039105743 -0.25175992
-1.0048025 0.7737918
0.34954566 0.17394392
-2.0060558 0.33761638
1.3275977 -0.22318421
-1.9554819 -1.2002857
1.0444894 -0.3069663
1.407019 -1.038123
1.7589837 -0.13056755
1.2602899 -0.7521394
-0.6375114 0.054116383
-0.33279365 1.1612139
0.46561503 -0.18123007
-0.6958872 -0.446252
-0.112254545 -0.8779305
-2.1147585 0.24816985
-1.3999327 -0.84650844
-0.15127109 0.74663764
-1.5172544 -1.1119065
0.92642736 0.7533784
-0.93975204 -0.8430267
0.5495318 -1.5161161
-0.5821069 0.29963857
-1.8608662 0.42290044
-0.95744276 -0.8016591
-0.78158635 0.37032908
1.2752181 -2.0630069
-0.617489 0.07680552
-1.1064154 -0.14803836
-1.5189532 -0.23750623
-0.052413464 2.2083497
-0.072098166 1.2057548
-1.3523841 -1.0395792
0.30941135 0.4235602
0.067765474 0.7460472
-0.72815645 0.43793416
-1.9608152 -0.11803941
-0.03707756 -1.70346
-0.5492414 -0.13166614
-2.3695917 0.6655739
-0.39498782 1.1144131
-1.4740785 0.68045163
0.40789086 0.3233649
-0.20018153 0.14352845
-1.1903688 -0.23564488
0.84153235 -0.64794946
0.40034372 -0.9010242
1.0569971 -1.2356782
0.9029174 -1.010631
0.44598114 -0.005152449
1.7480817 -2.0387826
-0.65971017 -0.56070256
0.77035236 0.09655459
-1.5336705 0.19766416
-1.4157381 -0.4630698
-1.8131833 -0.23659343
1.5288606 -0.5311919
-0.9056148 -0.17906061
-0.68836176 -0.33308664
0.5600017 0.10766889
1.6843008 0.0041587055
-1.2469518 -0.18256637
1.2911147 -1.0589466
1.1282763 0.19325031
0.85220253 0.93652487
1.3249823 -0.8482659
-0.16937289 -0.9211583
-1.7062391 -0.30527133
-1.8736591 -0.22522879
-0.9950751 0.34741193
0.6645563 -1.1294248
-0.5924791 -0.78439057
-0.9996858 -0.9253965
0.5323727 -0.11206576
2.0517364 0.017568335
-0.25509697 -1.0589353
-0.19637701 -0.892649
-1.0265316 -1.595183
-0.863038 -0.1167126
0.18151158 0.13160609
0.29634094 -0.05731803
-0.106187716 -0.9623652
-1.0555191 0.32730418
-1.6636305 -0.38942543
-0.50907576 -0.34185338
1.6250498 0.59025127
0.70597744 -1.0592779
-0.15664765 -1.4533694
-1.3231407 -0.64175105
0.20193076 -0.24030401
1.4801519 0.111544505
-0.4681297 -1.0040692
0.61718273 0.13143863
0.65823364 -0.24724334
-0.3287331 -0.012645647
0.17344078 0.51693827
-1.6533831 0.54410064
-0.20835915 1.4807106
-1.4605489 -0.03033407
-0.19570923 1.1105349
2.0561686 -1.500774
1.090261 0.8843181
0.5741581 -0.18948576
-1.4581357 -0.9776915
0.3835559 -0.21158955
-0.9261069 0.628252
0.11302301 0.8433217
-1.1900039 -0.7341316
-2.958405 -2.0585115
-1.6569353 -0.1245836
1.6424134 -0.6381604
-0.18665864 -1.9170766
2.6640835 -2.016652
1.0785396 -0.6270561
0.5471578 -1.8148305
1.7448015 -0.4517458
3.6907024 -0.7107237
-0.51701766 0.10992317
0.06559101 1.4763492
0.20133919 -0.40904415
-0.17116337 0.047203735
-0.8075729 0.9260802
-1.7293886 0.97896314
-0.6526679 -0.52312565
0.54583883 0.6274593
1.9504887 0.9269521
-1.2728534 -0.14374611
-0.5188428 -0.4284647
0.300564 -0.4148906
-1.2009315 -0.63537043
0.90137887 -0.15446092
0.050139755 0.25990242
-0.5426177 -0.725343
-0.55567706 -0.46500546
0.9405558 -0.030410185
-0.6878737 0.063987896
-0.8387435 -1.4399775
-1.2040832 0.60409087
0.10411686 1.4151137
0.9341943 0.8162422
-0.3001479 -0.21048893
0.1550979 0.95903325
0.5885803 0.6820039
-0.47534966 -0.50035274
0.21686941 -0.17333335
-1.8390195 0.46859056
-0.47031438 -0.14218697
-0.63408595 -0.5383075
-1.8385739 0.00775674
-2.1417232 -0.78231686
-0.29163793 -0.3518635
0.7232495 -1.1707098
-0.19913645 0.17730828
1.069795 0.07721214
-0.74213034 -1.2609856
-1.07369 -0.6360908
-0.5694678 -0.042251498
0.025068969 1.3766866
2.3574166 0.120273754
-0.369541 1.2563275
1.0555456 -0.28055358
-0.7253422 -0.10990836
-0.33880246 -1.0207607
-0.63812065 -0.04249251
0.8761568 0.18589343
-1.1181387 1.1071193
-0.7392767 -0.90216506
-0.2211546 0.69077694
1.5436777 -1.5540416
0.28966725 -0.28458816
0.61456245 -0.42547655
-0.9174776 0.5050364
-0.9297235 -1.5000033
-0.0043656826 -1.3985884
1.4332621 -2.3741899
-0.7934449 -0.40003926
-1.0094869 -0.70831764
-1.8230622 0.672475
-1.0392 -1.352568
1.0959095 0.15274753
-0.038310364 -1.6523905
-0.18576226 0.16149823
1.8587633 -1.2999171
-0.9580424 -0.25630325
-1.382785 -0.16045836
-1.3499593 1.0959237
0.16460004 -1.5836241
-0.6082938 0.16973253
0.81229115 0.44743115
0.15907803 -0.07222101
-0.39857388 -0.07161978
0.2777815 0.68221986
0.11406535 1.2300735
2.7008548 -1.4813354
1.873155 -0.87507534
-1.271927 -0.60514545
0.46012628 -0.45141387
-0.57787097 0.39811927
0.9745958 -1.6128739
-0.9761674 -0.59028804
0.4071641 0.9725516
-1.503932 -0.34523147
-0.25259343 0.7661196
0.690125 -1.8515636
-0.53988945 1.1162581
-0.2048632 -0.23205793
0.7290733 -1.0203146
-0.74653816 -0.10916448
0.72896993 0.09649186
-1.0596762 0.20932089
-0.06889664 0.1465445
-0.9527735 1.7136395
2.081831 0.21893735
-0.23569418 -0.28381503
-0.5617083 -0.10575296
-0.20978948 -0.5765768
0.43339264 1.160417
0.5673727 -0.97640115
0.8345194 -0.42130217
-0.20238823 1.3059264
3.0776634 -1.9826007
1.6721534 -1.1153288
0.05594495 0.21518297
2.5006275 -0.34099504
-1.0580189 -0.8429652
0.5298253 -1.3101174
1.1432054 -0.84051704
-0.76806045 -1.1697291
0.078029156 -1.622742
-0.9406218 0.11194648
0.22562721 -0.55836916
1.6024759 -0.6301621
1.9560586 -0.19886239
0.42288202 0.21573596
-0.05856228 -0.58601505
1.1746234 -1.287712
-0.44456595 -1.7516236
2.1015596 -1.5406822
0.60589963 0.7679424
0.65239847 -0.54102296
1.622946 -1.1649798
1.2845925 -0.67175794
-0.42155427 -0.6828377
-0.805327 0.547989
0.76408565 -1.2358652
0.6341417 -0.0414695
0.91251993 -0.96595865
-0.76134145 0.24281992
1.1913812 -0.30850977
-0.3318035 0.17179237
0.37101293 -0.15334006
1.4153323 -0.4592617
2.8801556 0.17859139
0.10391095 -0.6225798
2.186161 0.18657856
-1.7223971 -0.23851587
-0.97573406 0.79887986
-0.5849043 0.091382846
0.85141146 -0.94586295
-0.56805193 0.9405693
0.75336957 -0.7737197
0.47430575 -0.16706675
-1.8703198 -0.443487
0.4061061 0.72173864
0.49325138 -1.4031273
1.2746596 -0.12787646
0.6183822 -1.0198411
0.47827864 0.16616903
0.48584956 -0.9447895
0.18747622 -0.39351374
0.6046553 0.27545255
0.44805497 -1.6988834
0.39441413 1.578334
0.68522495 1.1462718
1.8043593 -0.9806508
-0.058800876 -1.2388082
1.8851331 0.25187528
-0.6599492 0.46192968
-1.2212178 0.39153236
0.35316432 -0.7279412
-0.86267966 -0.9918884
-2.0898166 -0.05454503
3.4512935 -0.6857172
-0.7557954 -0.36389714
1.0897118 -0.9661574
1.1930255 -0.48281378
0.26790196 0.44192302
2.2611556 -0.6463579
2.376587 -0.4126538
0.88945556 -0.048176244
0.38051856 -1.7915725
-0.16488817 -0.5286771
0.05692196 -1.4831165
1.1928602 -1.543461
-0.18242933 -1.0914711
-1.1578555 0.8911153
-1.3449515 -1.1933236
-1.16911 -1.5790457
0.5639707 -1.8143091
0.35785526 0.20763342
0.4602931 0.054087594
-0.92249805 0.7543442
0.8164315 -0.40261424
-0.7480086 0.47415352
-0.069957346 -1.372754
-0.32570964 -0.25313282
-0.07829109 0.37747538
-0.7223238 -0.9326553
-2.2446413 -0.37423104
0.40304494 -0.5426376
-1.9002031 -0.7539669
-0.7165923 0.7859968
0.034528524 0.20523198
-2.4390984 0.054280177
0.7527759 -0.6462772
0.352803 -1.3243412
-0.96934336 0.033385172
-1.8944247 -0.1985139
1.3025819 -0.60436356
1.2837707 -0.7403928
0.39484692 -0.5291803
-1.4595015 -0.19569689
-0.034655973 -0.27660644
0.36455607 0.53400236
1.1926887 -0.4615318
1.0117646 -1.1012297
0.6583075 -1.5316588
1.3163723 0.03071998
-0.8550822 0.5413713
-0.6923751 0.50170714
0.3449849 -0.52014035
1.7979838 -0.6842046
0.08976832 0.6762961
1.6202916 -1.1933509
-1.6735466 -1.3622569
-1.7525824 -0.4186591
-0.054550186 0.6124343
1.1640632 1.1413989
-1.0994682 -1.3813514
-0.69420403 -0.3687207
0.7060748 0.34070683
-0.9934791 -1.2061946
0.03206104 -0.12781775
-0.34713733 0.926263
-0.17234159 0.7780454
-0.30746612 -0.29958558
-0.13697042 0.4333924
3.8139658 -0.4917683
1.1228119 -1.4106061
1.8545142 0.38369966
-0.06786671 0.81107986
2.1396818 -1.1905057
-0.09957473 -0.45197344
-2.5897589 -0.42228782
-0.21683967 -0.3260568
1.4125867 0.6801051
-1.7969785 -1.0350655
1.3615513 -0.42296153
-0.90895206 0.5618072
-0.3347487 1.5698414
-0.36929032 0.3956204
-1.1124165 -1.7518682
-0.45625967 0.9229386
-1.4075598 -0.7236659
-0.1002257 -0.14266193
0.01673156 0.49050403
-0.97498715 -0.5533643
2.2093158 0.16274999
-0.07404509 -1.4201895
-0.28678492 -0.596144
0.909652 -0.5225664
-0.24460529 -0.82138234
-0.8123742 -0.946558
-1.1144621 -1.0846105
0.79519176 -1.0814308
0.87790763 -1.1280861
0.04878679 0.15546165
0.43311083 -0.1377631
-0.13343701 0.23514856
-2.2697568 0.47924447
0.6245984 -0.6299106
1.0638411 -0.0500447
0.6137859 -1.1087787
0.3893875 -2.065943
0.8310764 -0.21273573
2.4040775 -0.6467421
-0.07453507 1.9568121
0.31534612 -1.588668
-1.0798953 0.18179895
1.5333781 -1.6301771
0.47210997 -0.09272741
-1.3520858 0.57930005
2.4124746 -1.1250961
-0.4284994 0.7938887
-1.4818486 0.84496355
0.3881759 1.4695421
0.06569636 2.1688454
-0.13595054 -0.8152657
-0.7287241 1.6501402
-1.5939124 -1.145568
0.66960675 1.0461658
-0.5501889 0.38524795
0.24084347 0.077898845
1.2979144 -0.23123668
-0.4582271 0.22530587
-0.35785025 1.4954406
1.9248644 -0.5912316
-1.90307 -0.6979589
0.82725453 -2.0193312
0.74583817 -0.19509566
-1.400026 1.1532255
-0.37686992 1.4625679
0.16118652 -0.0689127
-0.9379484 -0.8314887
0.22701761 -0.7754454
-0.81424445 -0.9301052
0.20656943 -0.13010916
0.65876836 -0.034208894
-0.96152836 0.024338022
1.4339945 -1.8342
-0.1826722 0.5093177
-1.1967677 -1.4415454
-0.11862251 -1.1652285
-1.1524513 0.08910577
0.888003 0.5943899
-0.4228459 -1.6020479
-1.3169472 0.113537595
-0.9848464 0.11341797
-1.0832504 0.28128648
-0.0021436661 -0.7753466
-1.6632683 -0.22792734
0.15786573 0.8903638
0.9988419 -0.7594652
-0.6634755 -0.9655664
-0.74395055 0.5593819
0.054885983 0.17166416
-0.3758541 0.21483813
1.9230984 -1.5415056
-0.2583561 0.36268944
0.41165918 1.0637658
1.8514487 0.25032878
-0.025928304 -0.9528495
1.0510772 1.404525
0.08913857 -0.84569633
0.43699276 -0.13578397
0.22237101 -0.3733773
-0.961168 0.66456425
0.7039419 -0.96765816
-1.0754731 -0.9052586
-1.1230656 -0.46831948
-0.28446603 -0.2039881
0.76600015 -1.0641791
-1.861323 -0.25675413
0.97813356 0.6624698
1.2797465 -0.19801372
0.57545483 -0.2003036
2.5632777 0.094764516
0.529857 -0.9024004
0.10362244 0.1800087
-0.36631396 -0.62673676
0.22067475 -0.25464717
0.17166641 1.5701778
-0.370115 0.59077054
0.35012507 -0.20643075
2.3110585 -0.35488188
0.40060037 -1.3597755
-0.48376745 -0.9302076
-1.8413774 0.20389517
0.62343115 0.022087619
-0.33003703 -0.08501838
1.5898137 -0.7777189
0.69361734 0.62624127
-1.3402308 0.4335202
1.1377214 0.28576332
-0.40891618 0.113584355
-0.54017913 0.75923043
0.4917429 -0.18877226
-0.18334144 -0.2862264
-0.7382926 -1.2285203
0.4603799 0.94155025
0.33910215 -0.5572
1.4939642 -1.0516306
0.2464602 0.046715602
-0.8310662 1.4934336
-0.6588496 0.123456344
0.2461758 -0.03031911
0.5620883 1.4814936
-0.75775856 0.36679387
-1.4931526 0.9757993
0.25751507 -0.37777615
-0.40938562 -0.25770113
-1.3471963 -1.1396105
-0.47612303 0.27262467
-1.2716668 -2.1142752
-1.1670651 -0.522166
-1.2893728 0.91076195
0.46790707 -0.68690515
0.6588775 0.12717454
-0.22551043 -0.9190917
0.25828254 -0.28412166
0.8575599 -0.86457586
-0.21538767 -0.7916375
1.2261897 -0.8973678
-0.9574424 -1.1087946
-1.1950605 -0.013697341
0.55267596 -1.6094371
0.4903263 -0.7164326
0.6856732 -2.8686633
0.057360947 -1.7647016
0.1412454 0.37927723
0.025602192 -0.59725267
2.175177 -0.8970202
0.92460525 -1.0106925
2.0949688 0.2553001
0.59548336 -0.033892065
0.08830556 0.8237394
0.08799124 -0.524645
-0.6890172 -1.7291021
1.4688174 -1.5768297
-0.3334676 1.0428089
-2.2505417 -1.0183609
-0.5978511 -0.48328072
-0.6439322 0.19653852
-0.360378 0.20456727
0.15242547 -0.07402085
-1.8886693 0.4455042
0.009872735 0.5413008
-0.35966772 1.1581059
-0.007483661 -0.22808653
-1.7891685 1.5183028
-0.120783046 0.20344345
-0.41356456 -1.7056004
0.48195207 0.9709499
-0.22776094 0.35672468
-1.387899 0.38567704
0.5396416 -1.0331261
0.088915944 0.56003594
0.698567 -2.5416636
-0.010425985 -0.6569292
0.455319 -1.0000246
0.90963495 0.57027876
-0.66261876 1.1521597
0.72498 -0.73264045
-1.685079 -0.007869035
0.29874802 0.0010451078
-0.48846433 0.3718021
1.3097352 -1.2216638
-0.1210653 -0.6583371
1.0714473 0.04583098
1.4447106 -1.200542
-0.16191173 -0.6178345
-0.5683788 0.30089372
-1.0845838 1.2997652
0.9312782 0.244826
-0.59246755 1.2362913
0.44610906 0.5131544
0.082577854 0.13738199
0.8454057 0.9215181
1.3418288 -1.3969232
0.23721036 -0.8144228
1.5063956 -0.617941
-0.34399888 -0.0025441796
-0.36533153 -1.1462301
-1.1171702 -0.4940449
1.2107769 0.19712709
-0.35024124 0.520224
-2.2756934 -1.457325
0.6232409 -1.80432
0.5534563 1.4116594
-1.1333857 0.089263245
1.6256167 0.06686057
-0.68959415 0.2719139
0.101009905 -0.8064131
-0.8148657 -0.21661481
-1.1522377 0.3814804
0.054675788 0.62446654
-1.405886 -1.427317
-0.22951174 -1.2974317
0.14349762 0.51176834
0.84323335 -0.4579677
-0.11631438 -0.7869028
0.2005662 -1.8630283
1.1995012 -0.6971597
0.6380842 -0.74957836
-1.4588333 -1.0917515
0.20812136 0.65004665
0.7917491 -0.74007803
-0.7834509 0.0012889355
0.007890105 1.6996821
0.74467903 -1.4931127
-0.54581094 -1.0796545
0.12538457 1.2491646
1.5615691 0.110460594
-1.1250455 1.1755823
0.89544964 -0.11484111
-0.33439046 -0.21069494
0.39044845 -0.07663368
-1.4014475 1.8016272
-0.71226686 0.28819072
1.4386935 -0.60648596
-0.63150287 0.97123444
-0.022690758 -1.3718231
-0.5649494 1.0515851
0.9401032 -0.61974555
-0.1695288 -0.50214297
0.35208356 -0.00039935112
-1.0288963 -1.6639926
-0.6485765 1.01873
0.27728307 0.8248116
-0.28107202 -0.78419626
0.02138549 -0.44977492
0.24974573 0.33829212
-1.2473778 -1.4141592
-1.0454164 -0.38657495
1.8577243 -0.78173363
2.0431366 1.2595226
-0.35942346 0.5172137
-0.4009071 0.42574167
1.5775499 -0.5505273
-1.3017904 -0.60619414
1.5458264 -1.5768917
-0.60532904 -0.3491671
-0.9536541 -0.9236125
0.09402484 0.16971587
0.2521894 -0.99138117
-1.0976295 0.16186105
1.058958 -0.1580961
-0.7290805 -0.5413908
0.8407595 -0.32366058
1.1001875 -0.8341664
0.58311 0.25854367
-0.6243297 0.5578965
-1.5440608 0.12788443
-2.5501637 0.3733049
-0.7347866 -2.610501
-1.5089713 -0.215119
-0.15788862 -0.11408089
-0.029386625 0.4806726
-0.57624125 0.23984595
1.4162657 0.56299967
0.15490866 0.9319831
-1.2341552 0.034096465
1.2427245 -0.6325276
-0.60424817 0.92459416
0.79798925 0.72498274
2.4730983 -1.5851018
0.81398404 -0.64857846
-0.26074076 -0.17486206
-1.0728996 -0.062192112
0.65076506 -1.324247
-1.4577172 -0.39715245
1.5228262 -0.34526414
-0.90357876 0.3722965
0.44083434 -0.20682417
-0.5967494 0.72193056
-0.6032895 1.64125
0.6785452 -0.8642798
-1.744963 -0.072453916
-0.62325597 -1.1407691
2.0021896 0.5354889
1.559864 -0.8810664
0.100813806 -0.1115139
-1.331838 0.64231926
1.7819268 -0.2638294
0.8954352 0.06295572
0.82996273 1.3079482
0.8546016 0.80492437
0.05515653 -0.9644222
3.8409748 -0.8227891
0.08836499 0.16163264
0.7730204 0.5661333
-1.9282086 -1.3347881
1.6957401 -1.1790079
0.3070132 -1.8530827
-1.4193954 -0.55699074
2.917674 -0.81646526
0.079591304 1.3006911
0.39439142 0.5639574
0.73939645 -0.592342
-0.80781424 0.61228883
0.36880046 0.6226944
-0.03789024 0.6233006
1.5321084 -2.3833058
-0.123196274 -0.018634036
-0.30638757 -0.57804126
1.3696796 -0.9868445
0.1292966 0.66976
-1.6541368 0.2765777
0.9979104 -0.6495135
0.3185987 0.72091967
1.6624326 0.5538992
1.2530019 -1.2497945
-0.27813247 -0.7841152
-1.9614002 0.006551519
1.5701814 0.013138756
2.3040771 -0.56118816
-0.97038674 0.38631505
-2.3217978 -0.36828706
-1.4555887 -0.76314914
1.3451992 -0.012729496
0.35584813 -0.4518597
-1.8618106 0.5806052
2.956164 -1.2800245
-0.86789054 0.5490595
0.13163579 -0.021823153
-0.8159774 1.5617636
-0.79609406 0.62438184
0.19674101 0.67240816
-0.3982122 1.1007968
-0.36428177 -1.0377928
0.4876793 1.5050409
-1.1661737 -0.0017507672
1.8348843 -1.0468295
1.2661476 -0.7524288
-0.36013025 -0.956214
0.20662373 -0.1644098
-0.6131116 -0.48654336
0.65122724 -1.2017843
-1.317113 0.2860787
-1.315518 -0.58412653
0.38080966 0.44634283
-0.681674 0.1487573
0.20056239 0.47679865
-0.16493039 -0.28335413
-0.35904098 -0.21453772
1.2766509 -1.4144405
-1.5596257 -0.7683609
-0.099438846 0.28153944
-0.37164056 0.4849308
0.2081433 0.8719362
0.3754624 0.98262274
-0.2549226 0.4437952
-1.1097022 -0.8234142
-0.38495356 0.72030646
0.36335415 1.2878456
0.6478736 -1.0594034
-0.10698646 -0.056126535
1.7208967 -0.53777736
1.7174875 0.6136317
-1.5095503 0.5196204
-1.5465086 0.7755152
-0.8548176 -1.1179767
2.2848659 -0.70388144
0.6201901 -0.14248702
1.1656051 -2.1079037
0.8681009 0.80947936
-0.087902874 -0.043683067
-1.061053 0.3173011
-1.2556642 -0.8639645
-1.110368 -0.94833094
0.71253955 0.75182647
-1.3841645 0.17916004
0.19685471 0.80153334
2.6060553 0.49257696
-0.76134723 0.57745516
1.4352367 -1.7946043
-1.1429527 -0.1389978
-0.75447005 1.141601
0.68068016 -0.13205862
1.0737127 -0.0066308975
1.5902523 -2.0185905
0.811887 0.1980118
-0.32217026 -1.1595683
0.93853307 1.0287973
-0.77906996 -0.6944272
0.872898 -0.2451859
0.45055145 -0.34121782
-1.2011168 -0.029982165
-0.060749948 -0.6467889
1.9172071 -0.637651
0.7835547 -0.90166575
-2.479288 1.6746368
-1.8274899 0.9699625
0.061552763 0.08775391
0.10230109 -0.5337559
-0.3536007 0.5910927
-0.5095394 0.17522185
0.45500934 -0.10545866
0.80335915 -1.0688487
0.47329456 1.4500784
-2.0903583 0.047910735
-1.016077 0.7597394
0.79367745 -1.2272321
-1.1938548 -0.6968996
-0.26296803 -0.5411145
0.7490938 -0.13467576
0.8717916 -0.5784027
0.24195263 0.60101986
-1.18817 1.5207031
-0.6424066 0.9683776
-1.9871849 -0.7183746
-0.0046900213 0.2869426
-0.33891416 1.441752
-0.9227572 0.10568546
-0.3414344 1.2065592
0.54828954 -1.1472604
0.12728852 0.46674448
0.5928647 -1.3736029
-0.36972684 -0.24543028
-0.9438015 -1.3866466
-0.20237619 0.762558
-0.9223408 0.044518843
-0.3780476 -0.20488277
1.150428 -0.73583406
-1.0579519 -2.0071568
-1.514862 -0.35223508
-0.45760247 0.75830853
0.696998 2.2405307
-0.28691852 -0.45652574
1.0630541 -0.33187392
-0.16396779 -1.3221562
-1.0684581 1.5367111
0.79944813 0.01834689
-1.7134602 -0.28025866
-0.6188499 0.4792397
0.1277059 0.7924248
0.1798864 -0.80610764
1.9233335 -1.0050302
1.5252147 -0.3493469
-0.83103704 -0.16138446
-1.7183167 1.310533
-1.1000695 -0.5998119
1.7582918 -0.24323598
0.5392593 0.30754864
-0.47449246 -0.82038015
1.2020509 0.6063321
-1.2966282 0.27385122
0.05039957 -1.3115559
-0.63497746 -1.3989302
-0.093505144 -1.1628234
1.6318105 0.8404014
-1.3821346 -2.1244588
1.2065544 -0.42800438
-1.7096406 -0.4855758
-0.23664172 0.9174082
-1.0513071 -0.12678629
0.2301166 -1.2139788
-0.37258023 0.34997123
0.68800086 0.005942881
-0.16385534 -1.038059
1.2942828 -0.74489486
0.0038505793 1.559789
-1.431577 -0.58635736
0.13379139 0.026420668
0.5085322 0.70015097
0.34697253 -0.98168826
0.053876907 -0.34471387
0.013223082 -0.6588089
-0.17232427 -0.45874515
-1.2763067 -0.591457
0.80960643 -0.776006
1.5846336 -0.60823053
2.648127 -1.0969156
0.03733909 -0.35090503
-1.6146685 -0.46667367
2.5458193 -0.63020116
-0.4736234 -1.5613303
0.34396845 1.0795221
-1.8920078 -1.1045914
-0.7285968 -0.12987107
-0.54941547 -0.09569867
0.90657413 -1.4025831
-1.8917857 0.94542336
2.1602926 -0.34168145
-1.2241342 -0.16807437
-1.5152222 0.49816203
-0.3956446 -0.3197992
-1.2416422 1.3229537
0.94429016 0.3330539
0.26671958 -0.3137649
-0.3085374 -0.5745418
0.6433119 -0.5570488
1.2914459 -0.42024183
-1.0667293 -1.390999
1.4437923 -0.04726529
0.0072751343 -1.1546278
-0.113979995 0.39898992
-2.2116654 -1.3921396
1.7917737 -0.61645174
1.4214553 -0.7188281
-0.14898667 -0.5071588
-0.3957561 0.5276994
0.30093974 -0.607049
-1.1580193 0.1263505
-0.8795797 -0.5740706
1.2760291 -0.8363947
-1.0861329 -0.0818055
-0.6059338 -0.15302448
-1.5926619 0.43508494
-0.75996417 1.1588396
-0.6266889 1.6126565
-0.14895976 -0.39861095
0.8326521 -0.21393515
0.74254316 0.7999141
0.42782354 -2.1688266
0.2894175 -0.45368046
-0.21033013 -1.2049928
2.2239609 -0.6090883
0.2864775 0.61047953
-0.34488118 -0.14664778
-0.8360029 -0.11813042
-0.84412676 -1.6004115
0.12527198 -0.3390547
-0.59166026 0.3921129
-0.78362536 -1.2996794
-0.45839465 0.6036069
0.07237014 -0.04462917
-0.30271262 0.4129743
0.62202257 0.13536923
3.247136 -1.1666648
-0.17389826 -1.0445083
0.3382318 -1.1808052
-0.9828163 -1.0557102
0.10395938 -0.27879298
0.21467829 -0.08920607
1.0260068 -1.1809354
-0.8274462 0.6093351
-0.24847934 0.84540856
0.995033 -1.2521687
1.2664623 -0.45769256
-1.5860677 -0.08829881
-0.3394173 -0.23904012
0.29694623 -0.19718316
0.21799889 0.47087294
0.119196385 0.2633111
1.0536062 -0.9674697
-1.0394535 1.072268
-0.36943483 0.15696253
1.4243065 0.23667638
0.44592148 -0.4898972
1.2471772 -0.59125054
-0.16700467 0.51973337
0.9543915 -0.7383278
-0.11705005 0.5623517
0.6786112 -0.266791
-1.4724761 -0.5738267
1.4231265 -2.327445
-1.3294908 1.016858
-0.12940384 -0.20207025
1.6665566 -0.724848
-0.20517546 0.082370326
1.0771345 -0.76004833
-0.10373595 0.19585575
1.2457134 -1.2805203
1.08926 -1.0005884
0.60136324 0.3065849
-1.7588791 1.0165915
-0.07853912 0.4450581
-0.28212702 1.5908815
-1.3529143 -0.13279797
-0.5460231 0.35252506
0.053052127 -0.6250397
0.2471165 -1.2458166
0.05363685 -0.06409752
1.0582073 1.1481017
-1.4113314 -0.7002878
-0.67713404 -0.6446139
-0.5941477 -0.81818306
0.44665968 0.7379428
-0.008326963 1.2072169
-1.1819055 0.5267471
-2.0391033 0.18480904
-1.3584456 0.54856163
-0.099746734 0.9954556
1.1833594 -0.47855583
-0.41078794 -0.95171934
0.90513504 -0.61396396
0.8028885 -0.9961305
0.6777929 0.0897782
-0.05008219 -0.10432087
0.39305484 0.08298035
-0.27867895 -2.1629128
1.0567018 -0.055023223
0.1446003 -1.0413713
-0.3237815 -0.608612
-0.55105484 0.81091404
-0.42923534 -0.74594563
0.39033473 -1.7478383
-1.0620143 -0.56036013
0.81460476 -1.2916718
1.6937864 1.193517
-1.4965593 0.7915065
0.7891141 -0.06140609
-0.4231888 -0.022923008
1.2490236 -0.26450992
-0.24274628 -0.7455984
0.08686292 -0.24924095
-0.2809907 -0.046661586
0.7144946 0.18223788
0.24688897 0.13542427
0.7796254 -0.87191385
1.6351856 -0.58911705
-1.6460582 -0.21056448
-0.748332 -0.8523005
-0.68783784 -0.1457284
0.24013066 -0.42265254
-0.9802615 -0.36372477
0.732109 0.38867217
-2.1482253 0.036698565
1.1448531 0.20445038
-0.22856379 -0.4027384
0.5564352 -0.61300445
1.0989274 0.7910067
1.3560971 0.5588864
0.28997648 0.9042896
0.9850774 -0.56245315
-0.30975658 0.45671332
-1.9439908 0.44108945
-0.18901086 -0.9523
0.6607675 -0.5257031
-1.0017812 0.8736206
0.702224 -0.4222727
1.1509433 0.13963984
0.40986925 0.44222486
0.07802802 0.38225615
-0.44268483 0.30442268
2.388198 -0.8592618
-1.2024689 1.5536557
0.7862612 -0.17476773
1.9395586 -0.48707587
0.22226259 -0.17522481
0.8574923 -1.3955902
-0.21991694 0.0330915
-0.16723698 0.7413933
-0.4769854 -0.014586493
-0.44175762 -0.9209759
1.9801496 -0.044098973
-0.4307676 -1.0832461
-0.2970605 -0.23477733
-0.4562819 0.42585927
0.67784125 -1.7397655
1.1116925 -0.6550011
0.090421796 -1.2338142
0.5906787 -1.3031392
-0.23656967 0.24247028
-2.4146523 -1.0528185
-0.3056202 0.74870706
-1.288932 0.4695441
-0.056098655 0.5601189
-0.31469196 0.056082502
0.78916776 -1.3882265
0.41683882 1.0724989
0.7121232 -0.5158235
-0.18517894 -0.77799475
-1.0809541 1.7203779
0.49255985 -0.26199815
1.1490709 -0.50068265
1.2379178 -0.13850772
1.2103083 -0.00940907
-1.2164423 -0.21723628
-0.6097715 0.14004646
-0.5802779 -1.4320034
0.72086734 -0.15939447
1.7976626 -0.97564167
0.6150016 0.38199246
1.3562661 0.21310626
0.9185891 -0.98818403
2.8089762 -0.7692536
0.31066912 0.0180607
0.58004636 -2.4788697
1.667019 -0.32945088
-0.26129228 0.16198473
-0.5910634 0.329336
-0.84225047 -0.67230743
0.6299033 -0.4587308
0.35192126 0.9088023
-0.3592816 0.16448282
-1.367797 -1.848859
1.2298415 -0.21601403
-0.32803145 0.21387021
-0.681023 0.5761811
-1.1367905 0.48084998
1.437679 -0.5964457
0.14473206 0.4136554
-0.9710467 -1.3985064
-0.17952913 1.1985669
-0.31246114 0.15409155
-1.5457847 0.49668694
2.5224643 -0.2671424
-0.5810104 0.38976747
0.20917785 -1.2336149
0.72876483 0.42853928
0.08422363 -0.49259895
-1.9709558 -1.4810199
-0.8213363 1.3945749
0.6963034 -1.6787962
-0.82477635 -0.8703838
-0.16547064 0.8134664
0.045906097 -1.1841942
1.1369066 0.3486753
0.4438964 -1.4075125
0.3672592 0.365561
-1.8546636 -0.38150746
-0.5124216 0.6710422
0.7761686 0.7885932
-1.3500761 -0.37777257
-0.70365477 0.14642133
-0.09377004 0.39050025
0.46284723 -0.75607073
-0.36841545 -0.8813988
-2.788632 -0.5600361
1.7017255 -0.109175384
-0.65182596 0.769941
-1.7982541 0.9414098
-1.3460742 -0.72668993
-0.5339012 0.46552813
-1.1434134 -1.1968598
-0.32911408 1.561691
0.41372687 0.06853829
-0.47988313 -0.8767071
-0.75313497 0.49170834
0.21397871 0.056454584
0.17426923 0.27706385
0.14748728 0.44648612
-0.79516774 0.6132353
0.79478395 -0.31328708
-0.13187459 0.47608054
-0.9334499 -0.454616
-0.7419597 0.5783787
0.75521696 1.2601246
-0.8479921 -0.24909812
-1.3053359 0.21958347
-1.8267736 -0.6608619
0.2802778 1.4505757
-0.17929178 0.5850391
2.0947838 0.06867723
-1.1442971 -0.9909179
0.7961818 -0.660589
-0.64809513 -0.30709147
0.28700417 -0.87010664
0.0066493154 -1.5938617
-1.0170772 0.08642469
-0.76521724 0.04515277
-1.0969977 1.054938
0.43123662 -1.1542345
0.20859918 1.4706492
-0.93501467 0.82867765
0.88091123 -0.4934311
1.1068728 -0.048762918
1.2028325 -0.70808
-0.6706624 -0.7645958
2.241259 -0.9986168
-0.28661188 -0.616949
-1.0134914 0.50222987
-0.37692577 -0.86045694
0.89807165 -0.8828322
-1.6290759 -0.23756942
-0.43449575 -0.5504946
1.1003242 -0.77677363
0.5810455 -1.5204455
