-1
-0.7709174000000001 1.0615470666666669
2.2780651 -0.17651735000000002
-0.22991699999999998 -0.3825598666666667
-0.39382517333333333 -0.25063021
0.5505151866666667 -0.24409299333333334
-0.6862710533333334 -0.48315699666666667
0.18318472666666671 -0.5498204590000001
1.4824273666666667 0.21908196000000005
-0.8048396766666667 -0.9363158866666668
-0.4041039366666667 -0.7497094333333334
0.7108600033333334 -0.6013884
-0.26810247333333337 0.6374888633333333
0.18979047666666668 -0.46673786166666664
0.48971924 -0.8581189333333332
-0.70356291 0.84247626
-1.1353513466666667 -0.16214185973333334
0.36817336999999994 0.31108353
1.9150979666666668 -0.45841883210999995
-0.5302247766666667 0.19996535666666668
0.8398771666666667 0.27940537243333335
0.13639134666666666 -0.8829237333333333
0.5036374100000001 0.38567891333333326
0.15149002999999997 -0.7743622800000001
1.7982796 -0.4103171686666666
-2.024439366666667 -1.0364712333333332
0.11371054899999998 -0.2663926956666667
-1.3253641999999999 0.46494092
-2.0557533666666665 -1.8408304666666664
-1.5898305666666666 0.09434250000000005
-0.9742249333333333 -0.9038059
-0.41325597399999997 0.047125887333333324
0.33262274000000003 -0.38240177
0.50235935 -2.499299866666667
-0.51230149 0.15623258966666667
-1.3828996666666666 -0.2750483033333333
0.7961220166666667 0.3817911766666667
0.06658548700000001 0.013875776666666685
-0.5264606000000001 0.7173473766666667
-0.4963623466666667 0.02332465666666664
-0.7874713166666667 -0.3559600866666667
-1.0335528333333335 0.7863580333333332
0.8098269833333334 -0.046445629
1.9183634999999999 1.7148762000000002
-0.9310135266666667 0.07252411859999999
-0.6133106533333333 0.9426664600000001
-0.6444257700000001 -0.7429516233333333
0.16027236999999997 1.0380971333333333
-0.06787005666666664 -0.04880841333333328
-0.9162280466666667 0.8530424466666665
-1.2211730133333332 -0.6106235833333333
-0.7440944666666667 -0.281658352
-0.012880187666666678 -0.5198496426666667
0.7599414466666666 -1.3951431533333332
1.1272678666666667 -0.08083795333333334
-0.13686288666666668 0.4769933733333333
1.5270804666666666 0.006786509999999999
0.3092745966666667 -1.0047343666666666
-1.2612824333333332 0.004686126666666674
-1.3189103666666666 -0.20664982666666662
-0.49554140499999993 0.38738532000000003
-1.6112458000000003 -0.8693750666666666
-1.0837862333333332 0.4864733833333334
-0.39063861666666666 -0.11876982999999999
-1.9635962999999999 -0.06468282333333332
0.4126598900000001 -0.14954393
0.15435472333333333 0.4022945983333333
0.5131531566666667 -1.1363807
-0.004607536666666702 1.0299941133333335
0.10698526666666665 0.9981067199999999
2.7539961333333336 -0.4828590783333333
0.08574978176666666 0.14955166
2.3274502666666668 -1.1196919
-0.7205619833333333 -1.4575597
-1.2951444333333333 -0.23030963666666668
-0.9470300899999999 -0.03687214333333329
0.25248315666666665 0.7443351153333333
-0.1806016146666667 -0.5247670099999999
-0.06162381999999999 -0.8301896133333334
0.7703396233333334 -0.24671550000000003
-0.82997436 -0.63750942
-0.44970644000000004 -0.5507533
-0.12061061533333337 1.2716149
1.4989929666666666 -1.1914020866666666
-0.50534402 0.05179793999999997
-0.29344538333333336 -0.38135855333333335
-1.0037875333333335 -1.3478605333333336
-0.290007856 -0.3181015566666667
-1.028913 1.2963204799999999
-0.89401102 0.41495245333333336
1.0788755833333334 -0.25144737466666667
0.63798159 0.6093028733333333
0.37021543 -0.6600021983333333
1.0795877666666664 -0.9188716
0.5926607466666666 -0.7154658133333333
-1.4355029000000001 -0.278762472
-0.55585537 1.19521824
0.5486145966666666 -1.1668980833333336
-1.7969609999999998 -0.30127518000000003
1.0586866233333332 0.33611546666666664
-0.8400588366666667 0.8852189666666667
-0.21216175666666667 -0.7218376766666666
-1.3482841533333334 -0.22302125666666667
-1.0373746833333333 0.11109137333333335
-0.05593578 1.2947319499999999
-1.1897822433333334 0.9289975499999998
-0.3504890633333333 -1.01181948
-0.87113524 0.55103687
0.6902908333333333 0.17377263136666668
0.23285120999999995 -0.49053737666666664
-0.38352915 0.6605427433333334
-1.1847719666666667 -0.9085196053333333
-0.10742764333333334 -0.42691547666666674
0.3026105586666667 -1.2187143200000001
-1.25273558 -0.06026945666666668
-1.5396845 -1.1847947333333335
-0.28347584 -0.8625401733333333
0.026687779000000002 -0.04128783333333332
0.4944614133333333 0.41074258
0.15737354666666667 -1.3677208333333333
1.1216314866666666 -0.40211244000000007
-0.1716024876666667 0.8809785233333334
1.1446952666666665 -0.1964304646666667
-1.1584713666666666 -0.09741116000000004
0.6592226733333333 0.59319282
1.6498285333333333 -0.08442768666666667
-0.78945998 0.09214231333333334
1.7519388333333332 0.19285205333333333
-0.22813309333333334 -0.9185501566666666
0.49712386433333333 -0.05965441333333331
-0.8344634900000001 -0.8257905999999999
1.0458024666666665 0.4754162733333334
0.43517525999999995 -0.9314177466666667
-1.5009252333333332 0.7162559560000001
-0.16293186966666667 -0.7151286166666666
0.19425593666666666 0.42706621666666666
0.8575165433333334 -0.4430336866666667
-0.64152032 -1.5059907
-0.7674135333333333 0.5697565
0.24599517656666667 0.11411150666666667
-0.22786533433333334 -1.0618892999999998
0.3857462533333334 0.5718960766666666
1.2211485000000002 1.04366364
-1.00150448 -0.7681239499999999
0.27556734666666666 1.24713679
0.47868081 -0.013523466666666664
0.6292152766666668 -1.2770459799999998
-0.522827978 -0.6208761616666666
-0.2837213946666667 -0.2663824566666666
-0.23807047333333334 -1.2635324133333332
0.042864547666666655 -0.4694250366666667
-0.08465841999999998 1.1996919566666666
0.9500531033333333 0.18450446133333334
-0.18487795133333335 1.3545530799999999
0.5331454866666667 0.2218538666666667
-0.44691249 -0.7176836333333334
0.5571805566666667 0.07310139999999998
0.6048475233333332 0.6278412866666667
-1.2568332766666668 0.7292897737666667
-0.7871703866666666 0.35990948999999994
-0.8073561766666666 -1.3133327666666668
1.5277964 -1.1620568666666666
-1.8403095333333335 -0.5666461966666667
-0.4215104066666666 -0.7070559533333333
-0.06797534000000001 -0.7912658933333333
-0.6757423766666666 0.2657678700000001
1.2370421666666667 -0.38600936666666674
-1.4838204 -0.236416062
-1.8914852333333332 0.23741588333333333
-0.9018590433333334 -0.4010593383333333
1.7884015 -1.2717817333333332
-1.60498685 -0.16344000000000003
-0.39064810666666666 -0.4457184433333333
0.7701139333333333 0.34068114666666666
0.31776502166666665 -0.086190442
-0.11445816866666667 0.56355939
-1.5896620666666665 0.2697880233333333
0.30934173333333337 -1.0220774133333335
-0.1485727336 1.2277214533333336
0.6496490299999998 -0.5537915533333334
-0.5364157466666666 -0.14520643333333336
0.11910547933333333 -0.3128849933333333
-0.9805970933333333 0.03528360999999998
-1.1196012333333334 -0.44289597199999997
0.21340232533333328 -0.8309828499999998
0.7612397166666666 -0.5309220933333334
-1.4791674866666666 0.5716604733333333
0.31665936666666666 1.1308747966666666
-0.6104522700000001 -0.5884223033333333
-0.46840779666666665 -0.68893088
0.6753519800000001 -0.7193188833333333
0.6787911000000001 -0.10731106699999997
0.2764192466666666 -0.16233855033333333
-0.9079351933333332 -0.7099007466666667
-1.22143162 -0.14336969666666666
0.32866855666666667 0.5145421433333334
-1.4568394333333332 -0.22696548166666666
-1.9894803 0.1641180866666667
-1.16798901 0.6069909666666666
0.8644109433333333 -1.9997166000000002
-0.20946484326666664 1.0478459133333333
0.081180878 0.47058795000000003
0.7826643 0.06292727999999997
0.9025407066666665 0.48464155666666664
-1.0655444333333333 -0.42914633799999996
-0.4388492466666667 -0.8699452466666666
0.76564628 -0.8300322966666666
0.008287905333333335 1.3986183866666668
0.25781069 -0.7098043833333332
1.3242592599999998 -0.4457371301333333
2.3518075333333335 0.35574877
1.2418079233333335 0.28785775
-0.3478854533333333 -0.23691182000000002
1.2528421666666667 -0.8296010266666666
0.7896240550000001 -0.33239141133333333
-0.07729916633333334 -1.1724064533333332
-1.4432939333333334 -0.11702527333333332
0.8791331333333333 -0.33013488
-0.49273439466666663 0.5072315193333332
-0.03921750333333332 -0.9117683866666666
0.054860326666666646 0.7071427266666667
-1.0262787666666666 1.06859671
1.6769076333333333 -0.43782752366666666
1.5712530666666666 0.3044664633333333
0.47528487666666663 -0.2566639499999999
-0.70867983 0.3660948866666667
1.3415594000000002 0.52921697
-1.1334898666666666 0.5924864866666667
-0.12322360266666667 -0.7021896
1.0260627966666667 -0.50483992
0.23177886543333337 -0.18801862063333336
-0.63543884 0.43421591333333337
-1.7974027333333336 -1.1842734333333331
0.8423687133333333 0.8169548
-1.3345673866666667 0.4709336766666667
0.3773606533333333 -0.8466197833333333
0.7789516633333335 -0.7880212333333333
-0.2957804 -0.7193557233333333
-1.1450506666666667 -1.1557862033333333
0.6116099 -0.9487529333333334
-0.33743820333333335 1.2481916333333334
-1.09314005 0.5132317166666667
0.22523814933333333 -1.0178256966666666
-0.7784008033333333 -0.26226980666666666
0.6698814833333333 0.30024558333333334
0.5310319766666667 -1.7634984666666667
-1.1506276500000001 -0.3393949293333333
-1.0200586433333332 -1.01119371
-0.06663098766666667 -0.8371799799999999
0.2654245666666667 -0.17704192000000002
-1.3110126666666666 -1.2862609999999999
-0.3014646203333333 0.10496454000000004
-2.1962161333333334 -0.25962872066666665
-0.49719054999999995 1.0627339
-0.3689137233333333 -0.2849144866666667
-1.5131050000000001 -0.13497757333333327
-1.0054807133333332 -0.8793273666666667
-0.38208706666666664 0.9700984733333332
-0.18774593 0.06535900666666666
-1.2616967333333333 0.6237439800000001
1.1726531666666666 -1.5367113333333333
-2.0512300333333333 0.04002052000000003
-0.6882469466666667 -0.7308031866666667
0.53587444 0.6854756
0.305641348 0.14057464433333333
-1.7717461 -0.7936645766666667
-1.1535016866666665 -0.6617273166666667
0.4431499933333333 -1.0881621466666667
1.2810241999999998 1.1606595866666667
1.6168697666666667 -0.357214278
-0.9691532933333334 0.173370514
-0.9453260866666667 0.1925599833333334
0.5001171466666667 -0.7182497133333333
-0.1485146833333333 0.33175382666666664
0.02233132200000001 -0.12300523333333334
-0.9941601266666666 -0.6633407233333333
-0.4154597133333333 -0.13779287000000004
0.26305970900000003 0.7810375
0.12491801333333333 -0.6348492833333333
-1.6146788 -1.1185627033333334
1.2764836899999998 0.46715722333333337
-0.005655376666666642 -1.2215596666666666
0.63241381 0.36427714666666666
0.20144780066666668 1.0670133333333334
0.9856942833333334 -1.2081850166666668
0.4221992156666666 1.5468384999999998
-0.21784053666666667 -0.9385289333333333
-1.2204335633333334 0.47297045
1.3932795999999998 -0.254329098
-0.5131078066666666 0.9039065000000001
0.5127576 -0.1338108726666667
-1.1955193466666665 -0.1970239666666667
-0.19456264466666665 0.23821209333333332
-1.4563547 -0.7516144133333333
-1.5146519333333333 -1.0871464533333335
-1.0839646166666668 0.6445007819999999
-1.6294213333333334 -0.02348729000000001
-0.3563589066666667 -0.23771386333333333
1.2363715 -1.25062965
1.8740234333333332 -0.5604769666666667
0.3138359733333333 0.46629281
-0.8710719333333335 -2.0182222333333337
0.2347807783333333 0.6747218733333333
1.5759847333333332 -0.9939719999999999
0.5524104673333334 -1.0986881666666666
0.03296315666666666 -0.6794277233333332
0.52842008 0.94477908
-1.1660956666666666 -0.56523894
0.2372004483333333 -1.4788588333333332
0.8080134666666665 -0.4062144183333333
-0.69025193 1.1273560900000001
0.4873716616666666 0.3263962233333333
0.7482878166666667 -0.31080146333333336
0.006193981999999994 -0.90335471
0.7214682333333332 -1.1328885666666666
-1.964838 -0.86030711
-0.25122015333333336 -0.30336718333333335
-0.9640143999999999 -0.6264276966666666
-1.2107363333333332 -0.4004917566666667
0.21498897333333336 0.21571441
-1.1976489833333335 -1.1212149066666666
-1.1152065333333334 -0.5874419300000001
1.2725810999999998 -1.5641691666666668
1.4316665 0.20997005666666668
-0.04939520066666667 -0.11066281333333333
-0.6943353233333334 -0.7222552966666667
1.5286298666666667 -1.4540468666666666
1.08187661 1.4240573
0.20263967333333327 -0.07155577333333336
-1.7328613 -0.008098316666666664
1.0464005133333334 1.1843525533333334
-0.100114052 -0.928559
0.10300863333333336 -0.9833662433333332
-0.8511086233333333 0.21946416666666665
0.6135186233333334 -1.8834275333333335
-0.18044721 0.6869636733333333
-0.08397490799999999 1.3379946233333333
-0.9640504700000001 -1.0443314333333333
-1.0838430333333333 -0.06667140433333338
-1.4890452666666665 -0.54927338
0.01233522133333334 0.1693661263333333
-0.21588359533333337 -1.2572391
-1.0827491 -1.0675516033333332
0.24340796333333334 0.09601557333333334
-1.0591299333333333 0.55948361
0.9465893666666667 -0.21306907666666663
0.45368512333333333 -1.5233786333333332
0.44117924000000003 -0.5266076833333333
-1.3414064333333333 -0.10236893333333333
-0.59830315 0.323396495
-0.6244298333333334 -1.7389492333333334
-0.32383972666666666 -1.7300995
1.30273998 -0.5925589746666667
-0.5636364833333333 -0.6933812199999999
-1.1944042766666667 0.4150251666666666
1.5929859333333332 -0.6721826000000001
-1.4811367333333334 -1.19156773
2.3183037666666664 0.7994945200000001
0.9621841 0.6305366366666667
-0.5898645633333334 -1.01130316
3.5645944333333333 0.03813284833333331
0.05798122116666666 -0.3204943433333333
-1.35168392 -0.42506871999999996
0.8873473646666667 0.77603608
1.5321134666666667 -0.6266573666666667
-1.0598548 -0.23892994
-1.5277485333333334 -0.4926411316666666
-0.5120765666666667 -0.84530278
-0.5383087766666667 -1.4467320333333331
0.5568950466666667 -0.6531341733333335
-0.35970040999999997 0.017765350000000017
0.6578963766666667 0.01726267333333332
-0.02349193333333333 0.17531725433333334
-0.23858810826666668 -1.3543645666666666
0.05980805333333334 -0.7269191233333333
-0.9878525666666665 0.55967237
-0.54831817 -0.29222202020000004
-0.5689171166666667 -0.24646926766666663
-0.9468063433333334 -0.25481243000000003
1.4821256333333332 -0.6050329633333332
-0.35896689000000004 -0.8843613933333332
1.5975093999999999 -1.2925122333333332
1.6500710666666667 -1.1206006133333333
1.5894325666666667 -0.22140594333333333
1.32020889 2.7766890999999996
-0.8368888033333334 -0.5244428786666666
0.07576117666666664 -0.3473503646666667
0.08447170999999998 -0.3745857966666667
1.1924073333333334 -2.1125755333333336
0.21691319466666667 -0.28366864
0.2696157433333333 -0.9813046333333333
-0.3236424566666667 -0.9813561366666667
-1.1290400999999999 -0.18157201583333332
-0.5444937966666668 -0.7953676666666666
-1.6775744333333336 -0.6725236766666667
0.24502855099999998 -0.230193938
-0.5902483833333333 0.028022009999999993
0.6319014533333334 -0.26370186333333334
0.2580025933333333 -0.44196118333333334
-0.54510475 0.7718785676666666
-2.3929362666666663 -0.3806699333333334
0.48345392 0.33808442
-0.5173403766666667 0.34476201
-0.5137623466666668 -0.19026086999999994
0.5623561666666667 -0.59679037
-0.6376844433333333 -1.3776683333333333
0.31422160666666665 0.41289585333333334
-1.4099828799999998 -1.0199828666666666
-1.7858191666666665 -0.12064000333333333
0.5370237166666667 -1.7376511666666665
-0.8301099533333333 0.6457184016666666
0.0033601799999999943 0.7062796573333333
-0.30580259 -0.32090896333333335
-0.3061395553333333 0.23577952666666668
-0.4561331466666667 0.576775138
-0.18696756666666667 0.24470382333333335
-0.06391350999999998 0.20248540666666667
-1.0755613833333333 0.87477961
-0.4381191053333334 -0.3676436
-0.0695662 0.3089095866666667
-1.3141139 0.18239086666666665
2.1215653666666667 -0.37406705000000007
-0.43312418333333336 0.6931966633333334
0.28919724 -0.125625768
0.06882030333333333 -1.8094310999999998
1.0561536866666668 1.12063034
0.5919821486666667 -0.1339167433333333
1.1059620333333333 0.9294581033333333
-0.04034439833333332 0.31078514333333335
-0.30597127999999996 -1.8455252666666666
0.5005057366666666 -1.3067112333333333
2.7834818666666665 0.72249588
-0.7337997833333333 0.12378808000000005
0.20873229333333326 0.005570173333333309
-0.6906746333333333 -0.037835309999999955
2.9043753 -0.7171821833333334
-0.08012133333333331 -0.5164040033333334
-0.23058423333333336 -1.5334800999999998
1.3080007666666669 -0.9247220199999999
-1.2572420666666666 -0.092731531
0.07609702666666666 -0.7179846666666667
0.57183831 -0.4912025233333333
-0.05025925333333334 -0.14644427666666668
0.5549435666666667 0.3615875133333333
-0.126637845 -0.8608251433333333
0.6080441233333334 -1.2349489333333332
-0.2859201333333333 -0.214802678
-0.88149178 -0.48114954666666665
1.0528860033333334 -0.014712380000000086
-0.27331728666666666 0.5428427786666666
-1.2431705666666666 -0.3667057166666667
-1.4813228 -1.3295593666666665
0.22382750333333334 0.21319852333333336
-0.43863105666666663 -0.1703127697
-0.4881652766666667 -0.034191650000000025
-0.8886815466666665 -0.7290106166666668
-1.0493740866666668 -0.9420583233333333
-1.4424002666666667 0.5931160223333333
-1.7046955 -0.36841497333333334
-1.5365454 -0.39046060666666665
-0.6763925900000001 -1.8716004333333331
0.8497089833333333 0.7638139466666667
-1.2065128233333335 0.9210425566666666
-1.5078893666666666 -0.25462634500000003
-0.9452340000000001 -0.49333548476666667
-1.3231005333333332 -0.33078385666666665
0.7391275833333333 -0.50849223
0.7683144533333333 0.11782871000000002
0.12238653 -0.18228481000000002
1.06528509 0.20919354666666667
1.4456613333333332 -1.1821304333333333
-0.8909811533333335 0.05820801333333331
-0.6759854766666668 -0.95801026
-0.7915623799999999 -0.4732492866666667
-0.12336198333333334 0.014381313333333316
1.6709567333333335 -0.48098271000000004
-0.5588468066666668 -0.010811766666666662
1.9988508666666664 -1.1380296533333334
2.3556289666666665 -0.3578475733333333
-1.4321898666666664 0.3099683833333333
0.6545408166666666 -0.7133016900000001
0.18302214666666664 -1.2317542666666668
0.48877894466666666 0.5986312633333334
0.15803101666666663 1.1790978766666667
1.0442669933333335 -1.0289579533333333
-0.020350029333333335 0.6062172766666667
1.9562186666666668 0.13363379999999997
1.1771137666666667 -1.2132696
-0.69950928 1.3509086566666666
-1.1320198866666666 0.5373235866666667
0.9460835766666666 -0.25489956
0.71924465 -1.6562975
-1.558865766666667 -0.05520899666666662
-0.84527381 -0.36295048999999996
0.06370310000000001 0.353650455
-0.16139170999999997 0.7543018866666666
-0.40663975266666663 -0.6421915333333333
-0.9757434666666666 -0.20529188833333334
-1.11667575 0.6826317233333333
0.10876230333333335 1.3318907466666667
0.2734362633333333 -1.3631226333333335
1.5109994666666666 -0.17442982666666665
-0.066618042 -1.01347684
-0.06464889666666666 -0.15556522166666667
-1.6286478333333332 -0.9812431766666667
0.6900425033333334 -1.0523991333333333
1.5099916000000002 -0.7626933133333332
0.97944912 0.24373536866666662
0.6890402466666666 -0.7342236866666667
1.6252405333333333 -0.7538946133333334
0.30301514333333335 2.501802966666667
-0.07428376666666665 0.8587754166666667
0.8847517666666666 0.2993208733333334
-0.7048616066666666 0.5139790066666667
-0.5560077466666666 0.31201315333333335
0.29179323 -0.7748102566666667
-0.7608624166666667 -0.9477783000000001
1.4232619133333335 0.19824186333333332
0.2590711866666667 -0.5867626133333333
-0.6565465333333333 0.8841765666666667
-0.5662994000000001 0.76935626
-0.1721813603333333 0.55040233
0.07557031999999997 -0.8639045733333334
-0.6103116366666667 -0.4615961533333333
-0.03165157666666665 0.01662781333333333
1.54509159 -0.82449522
-0.6165518333333334 0.17459328
-1.0720217666666667 -0.49095347666666667
0.47940990333333333 0.42631452333333336
0.85552717 0.3709050100000001
0.32465952000000003 -0.134246082
0.9202017999999998 -0.7012815376666668
-0.07067592666666667 -0.49369156000000003
-1.3404023433333332 0.05982284999999998
-0.43636248133333333 1.3757902333333334
-0.03268836999999999 0.128585958
-0.28530970333333333 0.3161473666666667
-0.9141985 0.7306744066666667
1.0359869866666667 0.19050282333333335
0.35556704999999994 -0.47156575233333337
1.3151144666666665 1.2310168466666667
-0.6551714733333333 -0.6250367433333333
0.7074420333333334 -0.18555418999999998
1.1979312 -0.8768538
-0.4338903466666667 0.12494875333333334
0.76517569 1.3892118000000002
0.6759969366666667 -0.33000755866666664
-0.7349967433333333 -0.05503625666666668
-1.5220751666666668 0.32749486666666666
-0.25712830000000003 0.39252634166666667
0.5385150366666668 -0.83582911
-0.0033021033333332905 0.21277541666666666
-0.09096343500000001 0.28103887666666666
1.5993921333333332 -0.6813571766666666
-0.6359058 0.4110369100000001
-0.05590874333333333 0.31368557666666663
1.1385257666666666 -0.004027850100000001
0.10862174000000001 -1.4695780666666667
-0.21072159396666668 0.5119375166666666
-0.78749503 -0.24428496
0.59022323 -0.62161969
-0.25602012999999996 -0.44195148999999995
-0.5919458999999999 -0.3205115931
-0.5214592833333332 0.63392253
-0.4505316433333333 -0.19326816900000005
-0.76943892 -0.5372813566666667
-0.7486105333333334 -1.2390420333333334
-0.39057521 -0.1772950933333333
-0.2835828516666667 1.3001255666666667
0.8485205166666665 -0.6356750133333334
-0.042682925999999996 -0.49838676333333326
-0.4798011166666667 -1.0235742333333333
0.013517585333333342 0.20624140000000002
-1.0002041166666666 0.21432047999999998
0.46802979999999994 -0.18420435899999998
-0.42554337 -0.058900796666666665
-0.5419324546666666 0.46646758333333327
0.49841135833333333 -0.23206484
0.34977759266666664 -0.365844389
-0.5765606766666667 0.09426898
0.012818669999999997 -1.1158493
-0.31746406233333335 0.3531718766666667
0.7845976666666666 -0.08614289333333333
-1.14015135 0.1665012
-0.5382321733333334 0.5444910403333334
-0.06001686766666666 -0.4659679633333333
-1.2179148800000001 -0.40058639000000007
0.33952444333333337 -0.46848591
0.32306494 -0.08490960766666665
2.0066993 -1.3165627333333334
0.30335549999999994 1.1832990599999997
-0.5658354933333333 0.7255053333333333
1.3128528666666666 -0.03926442066666667
-0.4609555333333334 -2.0375989
-0.38773195 0.24665078666666668
0.8926445666666668 1.0521345166666667
0.39156714000000004 0.5045528133333333
1.9977520999999998 -0.07010255233333332
-0.056132376000000005 -0.50105001
0.3317071546666666 0.4352915333333334
-0.34108013000000004 -0.5102717833333333
-0.27423576666666666 -0.5224663266666667
1.6116861 0.3629017466
-0.057837366666666654 0.3692424266666667
0.75680105 -0.362992986
0.045431246666666675 -0.8622765333333333
-0.7028539933333333 -0.8975436666666666
-0.63212812 -0.5654728556666667
2.272175066666667 -0.09404328133333335
0.21149927000000002 1.453122966666667
-0.21666497 -0.5619185893333333
0.36695832666666667 1.06460722
-0.7999792966666666 0.18712426666666668
0.26792551466666664 -1.0886654333333334
-0.3873344266666667 -0.7718506399999999
-0.9602609666666667 -0.518692848
-0.10773181 -0.7684272066666666
0.6170871333333333 0.88231854
0.7866139999999999 -0.5746080166666666
0.57339996 -1.4765145666666666
1.5239678666666667 1.2273191333333333
0.49259050133333326 -0.5188404413333334
0.9494223999999999 0.09818531000000004
-0.3386799566666666 1.2034677999999999
0.6435607733333334 -0.6579678133333333
-0.21843083666666668 -0.15477790866666666
-0.25001641 0.26502754666666667
-0.6539539566666667 1.4123890799999999
-0.9549155 0.5040391325
-0.47347941 0.24315135999999996
1.0976621800000002 -0.6651684066666667
0.84438336 -1.4270678
-0.035623565 -0.06701543466666668
0.7334841133333333 1.424847
-0.3245332 -1.02673586
0.33568601333333337 0.7907292333333331
2.6504651666666663 -0.004901116666666643
1.1041200333333332 1.7965098666666668
-0.9489315666666666 0.4739689233333333
0.6062894233333334 -0.025659706666666653
-0.5517017333333334 0.21963974000000006
-0.9311442166666667 -0.4926440733333333
-0.9846923366666667 0.7275306900000001
-0.5072581033333333 0.08731103766666667
-0.7703911199999999 -0.33660484333333335
-0.24219717466666668 0.6117374000000001
-1.2986559666666666 -0.8446272933333333
1.872432866666667 -1.02014621
-0.53964964 -0.21682451
1.1837450533333334 -0.9233241066666668
-2.184904666666667 -0.2557522133333333
0.03721217000000001 1.3151343000000002
-0.08790279000000002 -0.09133733666666666
-0.2966216203333333 0.34170616666666664
0.30266798 -0.9058477666666668
-0.9762608533333333 -0.46270351533333337
0.46163199000000005 -0.20623729333333332
-0.26260323933333335 0.4948513666666666
-0.61489904 -0.6620337533333333
0.3405143166666666 -0.6574315133333334
-0.18353248666666666 -0.9626860200000001
0.8830113666666667 0.33383675999999995
-0.21683331800000002 0.3198490416666666
1.9719434999999998 -0.8164910566666667
-0.017240052666666665 0.9460678333333332
0.9442462900000002 0.16181787333333333
-0.11350590000000002 -0.81558334
-0.73282621 0.66748535
0.31932447666666663 0.3960547166666667
-0.26858684800000004 -0.7414188666666667
-1.7774325 -0.5343459166666666
-0.38413967 0.10418649199999996
0.227922419 -0.4937324866666665
1.08397771 -0.115781779
-0.5354608766666666 1.2125158333333335
-0.30763482000000003 0.5256573833333333
0.2672269566666666 -0.8294353333333332
-0.46314028999999995 0.7826613633333334
1.17542615 -0.7676288699999999
-0.08921069499999996 -1.12666163
1.8175685999999998 0.6921411133333334
1.7877355666666668 -1.7223685333333334
0.33737480866666664 0.96704364
-0.7141243533333332 -0.8298774666666666
-0.6790430466666666 -0.3361460166666666
1.3359159 0.5238615466666667
0.63732175 -0.19528304000000002
-0.5957598666666667 -0.5366822413333333
0.8949382333333334 -0.21022737466666663
0.9724856333333334 0.7067224366666667
-0.40868799000000006 0.28647967
0.8337482333333334 -0.6238171233333333
-0.4210028166666667 0.88652136
-0.5707867099999999 0.8203614900000001
-1.8406852666666667 -1.1855002333333333
-1.6440070466666663 -0.14426889999999998
-0.6963978866666667 -0.01168756333333331
-0.7091325766666667 -0.36422084236666674
-1.2246926466666666 -0.296448605
-0.2171769166666666 -0.23585722333333328
1.3870799333333332 -0.202884828
0.43344438 0.010168347666666666
-0.027695156666666672 0.08074981666666667
-1.5453901666666665 0.3984533066666667
-0.16785593000000001 0.6275552033333334
-0.17239079666666665 0.15787074
-0.28287702 -0.6434098266666667
1.2925920666666668 -0.22266442276666662
-0.20620515666666664 -1.1281434433333333
-1.2967435 -1.1200823333333334
-0.11714707733333332 0.9503829666666668
-0.2781032666666667 -0.0023002733333333416
-2.347734266666667 -0.7717230433333333
0.10675369666666669 -1.5229981333333333
-0.9808039333333333 -1.1793716433333334
-1.3746881 -1.2204657466666669
-0.5521617833333333 1.40593485
-0.2801140713333333 0.5537389133333334
0.07379192333333333 0.6560276733333333
-1.12508012 -0.22813683733333334
0.06870514666666666 -0.05651780333333333
0.09246230666666663 -1.4056226
1.5783978166666668 -0.29347091333333336
-1.1381299666666667 -0.66572472
2.4422334666666665 0.8275455500000001
-0.44656279 -0.4205981333333333
-1.7419333666666665 -0.5544947766666666
-1.0971145 -0.02853415666666669
0.5158854466666667 -1.0003771933333334
0.6437700433333334 -0.05883622000000002
-1.3134736333333334 0.34614069666666664
0.28363016333333335 -0.7798484666666667
-0.9733743799999999 -1.02194022
1.4451183333333333 -0.36561512
-2.0014835 0.12745464333333334
2.9736265666666664 0.7713349096666666
-0.10295130333333333 -0.27427455466666667
0.7774338033333333 -0.5664895266666666
-0.88599252 -0.88636801
-0.25257038233333334 -0.09469776666666667
0.25324810333333336 -1.0204343666666666
-1.1637985866666667 0.1627681666666667
-0.9771990766666667 -0.28832124566666667
-0.9732530800000001 -0.28226660833333334
3.0978567333333333 -1.2263064566666666
0.8137287766666667 0.08441965666666668
-1.2738831333333334 -0.30524172066666666
-0.32825205999999996 0.9639417900000001
-1.8694083666666668 0.26909495000000005
0.6458567666666667 -0.7203880633333335
-0.19015268333333335 -0.8553976833333332
-0.78031895 -0.6183838700000001
-0.3641330733333333 -0.33842129433333334
0.8779699999999999 1.7116445000000002
-1.0341725633333334 0.23373074333333332
-0.29237198333333336 -0.21110976666666664
-0.8470360766666666 -0.00020463333333329122
0.45784362999999995 0.6526835166666667
0.1438070466666667 -0.5819663433333332
-1.8452616000000002 0.019597669999999994
-1.0895253 0.67371196
-1.1527863766666664 -0.6666064966666667
0.6629525533333334 -0.9099302566666666
-0.30354903666666666 0.8738386243333334
-0.6255240299999999 1.0197193666666666
0.19886964999999998 -1.4499941333333333
-0.25398593333333336 -0.20793598993333337
-0.04703951000000003 -0.11378853999999997
-0.4183516766666666 -0.2576334433333333
-1.8056041666666667 -0.3799995033333334
-1.6547392333333333 0.9281637433333333
-0.15457869666666668 0.331466232
-1.2474847 0.058670303333333326
-0.8597760533333333 -1.5554148666666667
-0.024014436666666684 -0.3346067366666667
0.21893760333333334 -1.7593196000000002
1.1110766666666667 -0.7448754766666666
0.1968045966666667 -0.7909321600000001
-1.14028445 -0.47613926666666667
-0.388525965 0.6145111433333333
-0.7730471400000002 0.46430405333333336
-0.68458968 0.2797780833333333
-1.3593991333333333 -0.06263494666666666
1.3979754866666665 0.17259825333333334
-1.9131473666666667 -1.1335894
-0.16803833333333335 -1.0807880266666667
1.6016266333333333 -0.8114329566666667
1.9512063666666666 -0.65573627
0.10421672866666666 -1.2823691533333335
-0.5026403166666666 0.06433844666666669
-0.3869224366666667 1.2276036
0.24039225999999994 -0.27989300666666667
-0.6148849333333333 -0.82087961
-0.13656945666666667 -0.573769511
-1.4529982000000001 0.06840963000000001
-0.3894577276666667 -0.06106480666666669
-0.63758892 -0.2392856433333333
-1.2275077866666664 -0.01790071333333333
0.8907826066666666 0.6575296133333333
-0.3515233133333333 -1.1294876333333332
0.40777976 -0.9211748333333333
-0.7639784333333334 -0.61027651
-1.0039100866666666 0.6852335203333333
-0.3194685666666667 -0.30954372166666666
-1.1224809 0.13352597000000002
2.0208566666666665 -0.44599534
-1.0523546466666667 -0.6903759866666667
-1.7679476666666667 -0.5063946566666667
-1.7506796 -0.6127333899999999
-0.7408534066666667 0.5872696233333333
-0.2908968866666667 0.8033443833333332
-1.4650965999999999 -0.6329803666666667
0.0368545333333333 0.2211023333333333
-0.23835722466666664 0.10361159333333333
-0.4356823266666667 0.7549024133333333
-1.28926298 0.3893126866666667
0.6147931666666667 -1.0501377333333335
-0.1637239033333333 -0.18881506333333337
-1.6632755666666665 0.6398263666666666
-0.5529182266666667 0.6778177866666667
-1.1685303999999999 0.19010697999999998
-0.70463822 -0.5020212473333334
-0.20975655 -0.14948655166666666
-0.9629709166666667 -0.29454073666666664
0.9724903666666667 -0.7669380999999998
0.03808398000000001 -1.6773499333333335
0.5221405533333333 -1.0636104666666666
1.07330599 -1.1020959833333333
-0.38813121999999994 -0.72997919
1.7027681666666665 -1.0785129533333333
0.3032951066666667 0.7087920833333333
0.7472444533333333 -0.8263313133333334
-1.3109998666666667 -0.06387910666666669
-0.67346501 0.6226138266666666
-0.9721524666666667 0.55192148
0.9790733333333334 -0.63836576
-1.6172209666666666 -0.7136106233333335
-2.0480503333333333 -1.0130558466666666
1.3015427666666666 0.5010213266666667
0.7249302766666667 -0.5508640933333333
-0.94300558 -0.14632097666666666
1.1858395000000002 -1.1999554199999998
0.5803862400000002 -0.5679941566666666
0.6644532233333333 0.5826489053333334
1.9780159666666663 -0.37903893533333327
-0.17208194000000002 -0.70606504
-1.4816499666666667 0.06826883866666666
-1.6643170666666665 -0.45039384000000005
-1.02506292 0.07871763666666665
1.0153066866666667 -0.5354923133333334
0.18036494666666672 -0.012173556666666651
-0.9829095733333335 -1.2693837333333333
0.6258905766666666 -0.7149265766666667
2.7421297666666664 0.4299922566666665
-0.3678496866666666 -0.9105952866666668
0.0073846133333333435 -0.42636720533333333
-0.5932868766666667 -0.76765601
-0.9644600766666667 -0.64191434
-0.09833141199999999 0.4859951733333333
0.6722975533333333 0.70759472
-0.030381153333333334 -0.9389080833333333
-0.9232822666666667 0.6732714999999999
-1.3320694333333334 -0.05321539333333333
-0.8810973266666667 -0.5832195766666667
0.8761783599999999 0.04424573000000001
0.18326325166666668 -1.2585654666666666
-0.34339361333333335 -1.4662058333333334
-1.9781879 -1.0459730333333335
-0.20529243000000003 -0.07660446666666662
0.89633921 -0.3552678286666667
-0.4449174133333333 -0.8335730666666665
0.2433542191666667 -0.5546454666666667
0.46485906 -0.5695069800000001
0.9535374666666667 0.71123183
-0.155542852 -0.3425837123333333
-1.5741448999999998 0.2680994833333333
-0.3413299466666667 0.7251369866666666
-1.7303358 -0.16850626466666668
0.4965822033333333 1.2077212666666666
3.1905947 -0.11582508333333334
0.19739293276666667 -0.06770532333333332
0.25571268666666663 -0.8189119533333334
-0.44494822666666667 -0.1484390366666667
0.8165882166666667 0.5539751853333333
-1.1316220333333333 -0.4419976076666666
-0.12784948699999998 1.05995345
-0.18289206999999996 -0.448962804
-1.9486173666666669 -1.3688993666666665
-1.7048039 -0.09557868000000001
1.0502943866666667 -0.71452998
0.8303227433333333 -0.7078029533333333
2.4015967333333332 -1.7183793333333335
1.4205905 -0.18315665999999994
0.6926327166666666 -1.3919151333333335
1.8036744999999998 0.03891499333333332
3.1664567333333333 -0.5093156238333333
0.2619397826666667 0.12668696666666665
-0.40442063666666667 1.2326890233333334
-0.44812988333333337 -1.0907840866666667
-1.0153114233333331 -1.1075609000000002
-0.4816790000000001 0.5825586333333332
-1.5016697666666665 1.2612385166666666
-0.62124123 -0.08710199866666665
-0.045056990000000005 0.3571455233333333
0.8774762200000001 -0.31977437346666665
-0.8401921433333333 -0.12479724666666667
-0.32513189000000003 -0.5017801766666666
1.438997466666667 0.5423481946666666
-1.1102114 -1.2434824666666666
1.2047721466666665 0.06609670166666667
-0.6029225866666666 -0.9644264833333331
0.046268193333333325 -0.64779276
-0.5555047566666667 -0.37074054133333334
0.5975327566666667 -0.9657200566666666
-0.42763402333333334 -0.09220789099999999
-0.01643526333333333 -0.34903078200000004
-1.8671148333333332 0.2280896
-0.31077454800000004 0.599338884
0.62845539 0.46479641666666666
-0.20208807333333334 -0.7415763246666666
-0.008775033333333333 0.7363527766666667
0.09774370666666665 -0.04336522999999999
-0.03252281333333333 -0.7519118366666667
0.11894645 0.4685771166666666
-1.1054676766666667 0.5415735433333334
-0.22049945666666668 0.4315152366666667
-0.8654276000000001 -0.9319811466666666
-1.4331950333333332 -0.10098756000000003
-0.44101483499999994 0.24603621
-0.8929951233333334 -0.9256787866666667
0.8301050733333334 -0.86340067
-0.26249307 0.25321818
1.8196351666666666 0.5550624536666666
0.3452204313333333 -0.47342820733333335
-0.9049662166666667 -0.40227278
-0.59792972 -0.18452211933333332
-0.11748215133333334 0.37142588
2.252427866666667 0.033886444999999966
-0.24012465333333335 0.7009319749999999
1.2685977666666668 -0.13003095333333334
-1.1176789233333333 0.19734429333333336
-0.11074913133333332 -1.1032618
-0.9517891833333335 -0.3702713133333333
-0.19139995000000004 -1.01848
-1.3985916666666667 0.55548072
-1.0366256566666667 -1.2394976
-1.2037986233333335 -0.07878114
1.1436949733333333 -0.4963731233333333
0.05386032166666667 -0.5269163166666666
0.5825487933333333 -0.29253204000000005
0.1395421633333333 1.18906701
-0.3821888966666666 -1.1067815333333333
-0.22776113566666667 -1.6901315666666665
1.7174397 -1.7592187333333331
-0.85768851 -0.1934216666666667
-0.20692025616666665 0.27822719333333334
-1.0875888 0.2793568133333333
-0.9275122933333334 -0.86143276
0.5759093146666666 -0.12135403333333342
0.8877513733333331 -0.84251662
0.6613080633333333 0.44765152500000005
-1.9428319 -3.9087578333333335
0.05397618999999999 -0.05501007133333334
-0.21306437266666667 0.10774984000000001
-0.9285828866666668 1.2227014666666667
0.8322654566666666 -1.2829309
-0.8300540866666667 0.17873177999999998
1.2407417 0.33273551333333334
1.4515914333333333 0.6130498533333334
-0.7856538733333334 0.3147791366666667
-0.02728681 0.18085978333333327
-0.34883675933333336 0.5300649
2.9644971333333334 -1.0266170000000001
2.225820566666667 -0.8959355666666666
-0.87789752 -0.2010208873333333
-0.8199060666666668 -1.1178025333333332
-0.3736919716666667 -0.236153424
0.8203558466666666 -1.536425033333333
-0.47782173 -0.11540025666666669
0.1441932433333333 1.5511308000000001
-0.33798652333333334 0.3740956566666667
-0.20258835666666664 0.43013251766666666
1.5122233666666667 -1.10976319
-0.8147331800000002 0.5126026266666667
0.7230472499999999 0.023859306666666674
0.3977021583333333 -0.8072714733333333
-0.3447063033333333 0.2206354066666667
0.72209378 -0.12446920100000002
-0.62898789 0.12861061000000001
0.6029160533333333 0.5741786816666666
-0.9723906999999999 1.2529973666666667
0.08071505999999999 -1.1956312
-1.1404736 -0.9380284333333334
-1.0633070333333332 -0.5889879666666668
0.21713139 -0.29687570533333335
1.491643 1.2336388866666665
1.1034038866666667 0.16141315666666664
0.62174744 -0.5293008166666666
-0.11062261333333333 0.7498368500000001
3.7010141999999995 -0.31394795533333336
2.237679833333333 -0.74842969
0.63121971 0.5441499666666667
2.3590936 0.7660596866666667
-1.697216133333333 -0.9588083133333335
0.45428495133333335 -0.9992563766666667
0.27207923666666667 -1.3840245333333334
-0.019595802 -0.561714238
0.38982915999999995 -1.2335310999999998
-0.9419868666666666 -0.4571952466666667
0.28479885666666666 -0.7043727333333334
0.7371129833333333 -0.14241647000000002
0.92028132 -0.8421508599999998
0.6844589733333333 0.43145175899999993
0.4156759966666666 -0.10954549333333333
1.7998627333333332 -0.5918617733333333
-0.11122731333333331 -0.6941896066666666
0.9514118 -1.1761952333333334
0.24661509866666664 0.7725249133333334
1.3118188000000002 0.09191378333333332
0.8676149899999999 -1.1983357833333332
1.3625546 -0.7837691833333332
-0.9648701333333335 -0.8389184199999999
-0.76347497 0.5638287999999999
0.9038738466666667 -1.5389011666666668
0.8874137566666667 -0.11232880466666666
1.9978968666666668 -0.5117339593333333
0.10910502999999999 0.7394222166666666
0.9873320100000001 -0.17832178099999998
0.11003848666666666 0.9036922533333333
0.6735149666666667 0.25642075
2.2455515333333333 0.31623995
1.5416798 -0.51740631
0.40925326500000003 0.02593820833333332
0.9986424466666666 -0.5593631633333334
-0.9891550433333333 -0.018372130000000007
-0.2694529366666667 1.3365685
-1.0476529 -0.45728287333333334
1.1726535866666665 -0.021077139999999984
-0.45164403333333336 0.7453039100000001
-0.3317485213333333 -1.0247225666666666
0.9696904666666666 -0.14303187466666667
-0.5708868933333333 0.18365790999999998
-0.8406355193666666 -0.6097068286666667
0.48741700000000004 -2.0611012333333334
-0.35230761 -0.49385349500000003
0.8244577399999999 -0.7812784666666667
-0.35548783 0.10817349999999999
0.78832328 -0.30817123199999996
-0.17880562666666666 -0.7159007666666667
0.9947074333333333 0.5479328133333332
0.050837447 -1.8060293
-0.7043439166666666 0.4911483099999999
0.22392260466666664 0.32893875666666667
1.6577715 -0.4508428766666667
-0.3199328668666667 -0.7737562800000001
2.8258259999999997 0.1371392066666667
-0.71962489 0.4069875633333334
-0.9691679900000001 0.44963270666666666
0.87043378 -0.024847476666666632
-1.0267750666666666 -1.0178528
-1.8062790333333332 0.12108447666666664
3.1826471 -0.33488691666666665
-0.6819297 -2.0600959333333337
1.0860387833333336 -1.2364708199999999
1.1574778333333335 0.025929326666666686
0.09866787666666667 0.35648064999999995
0.88313728 -1.7834103
2.617126 -0.25632905
0.9615454366666667 -0.4657857416666667
1.00963942 -0.9371703866666667
-0.21040106 -1.11081858
0.04771291000000001 -1.7816473000000002
1.3010308333333334 0.33191883666666666
-0.6701346133333334 -1.9532344000000001
-0.6034505366666666 0.3709538233333333
-1.0287935 -0.6095564266666667
0.3461362962000001 -0.7371956
0.4026553933333334 -1.3434795533333335
0.9100824666666666 0.38509780000000005
0.08775984266666668 0.04767430333333335
-0.7641786733333333 -0.24122349799999995
0.25596294666666664 -0.8206826366666666
0.07773353666666667 0.7592274098
0.023570331666666677 -0.5232557436666667
-0.48247369 -0.5494105866666666
-0.26054834 0.38028517666666667
0.20144489866666665 -0.45123054999999995
-1.2919021333333334 0.45430806333333335
0.12354244 -0.3094614233333334
-1.7212620666666667 -1.2620518666666667
0.11825944666666664 1.09865196
0.6988504133333333 -0.026923260666666657
-1.9372076 0.5760170766666667
1.1179921333333331 -0.29864187533333336
1.2128921000000001 -0.7466879700000001
-0.7769515933333334 0.5982046566666667
-1.6133262 -0.2613051033333333
0.8052348599999999 -0.32959842
0.7276621366666667 -1.2107763666666664
0.37657065333333334 -0.02254656666666666
-0.9750343000000001 0.011959626666666693
-0.52050094 -0.6776960499999999
0.06058238733333332 0.5104835833333334
1.4475002666666665 -0.02818712533333334
1.9501598666666669 -0.29392805133333333
0.5812965666666667 -1.6210512999999998
0.6061908433333333 -0.212681107
0.08359309983333334 0.37276254999999997
-1.1713384333333332 0.6302292233333334
0.22815184166666666 -0.44610004933333336
0.9483776333333332 -1.4942849
0.042395231666666644 0.62029821
1.3505083 -1.1330519733333333
-1.4134443333333335 -0.8046417633333333
-1.8156117333333335 -0.16223887
0.3921898866666667 0.9742212666666668
0.01346213666666667 0.31497722666666667
-0.84495858 -1.1370386366666667
-0.8072228233333334 -0.65326655
-0.07497750999999997 -0.050782064666666654
-0.03416541666666667 -1.3350373
-0.27350040146666665 -0.47683892333333333
0.12760259 0.5508661033333333
-0.4797531633333333 0.39208568666666666
-0.7007130033333332 -0.05277301666666665
0.22962164333333335 0.47903077999999993
2.1847441333333335 -0.7022749333333334
0.4704698666666666 -1.5366287666666667
0.9809748166666667 -0.7019031000000001
-0.5421229466666667 0.9714774500000002
1.3828302000000001 -0.58110849
-0.11849375433333334 -0.5735848533333333
-1.9947950666666665 -0.20527525533333335
-1.11980832 -0.242493381
0.9590011666666666 0.45862561
-1.1731907 -0.9791363833333334
0.6698777866666666 -1.4554714333333336
-0.8618468133333334 0.6506684100000001
-0.07892870866666667 1.52790678
-0.4980455833333334 0.13339768999999999
-1.5839102 -2.0298757333333337
0.4186494006666666 1.3502856666666667
-0.4502999433333334 -0.24574941299999997
0.024169696666666695 -0.08121677666666668
0.1780584972 0.6919597856666667
0.13790141 0.8514379433333333
1.3575580333333332 -0.3732444933333333
0.41909501666666665 -0.7092101066666667
-0.15103472333333334 -1.0764964
1.1400413666666667 0.3980932666666666
-0.6289344433333334 -0.9600341333333332
-1.3246585666666666 -1.3536242533333334
-0.89612139 -1.0182592533333334
0.4599736866666666 -1.1701834666666666
0.29662338666666666 -1.2239686333333335
0.22754808866666668 0.14791354
0.49410578333333327 -1.0468661333333333
-0.58223039 -0.3811385266666667
-1.4565993133333335 0.8147672666666667
1.18343159 -0.7199138933333334
0.8123970666666666 0.5986558966666666
0.8484425733333333 -1.2275269525666668
1.0255978666666667 -1.9852961666666669
0.05861939333333333 -0.9160895833333333
1.8354753 -0.2577966103333333
0.3084592666666667 1.2228505333333333
1.1347252333333333 -1.3338288666666664
-1.3098676333333334 0.004137479999999998
0.7975615500000001 -1.4759382333333333
0.5195234533333333 -0.3869880633333333
-1.1653096333333333 0.8611182133333333
3.383370466666667 -0.4588577099999999
-0.067101038 0.6598341400000001
-1.1693926866666666 0.5430327233333333
-1.5926866333333334 0.11092460666666669
-0.14140157833333333 1.7341351333333332
0.5241811666666667 -0.74006102
-0.6956623666666667 1.2875004666666665
-1.5035622433333333 -0.31140718333333334
0.48260021 0.7343401966666666
-0.6974616599999999 -0.5389927033333333
-0.3448126233333333 -0.15718808
0.8784400466666666 -0.7922259666666666
0.3659136276666667 0.36893930666666663
-0.8071942333333332 0.8138402966666667
1.4860049666666666 -1.0322469333333335
-1.4234767866666667 -0.60206581
0.8384310866666667 -1.7831946333333333
1.5504787 0.5056477833333333
-0.7520346166666666 0.9320395333333332
-0.5102651346666667 0.5238225599999999
-0.8162929766666667 -0.21923480000000004
-1.1765946533333334 -0.8411192466666668
-0.5199762400000001 -0.9205353666666667
-0.3199592923333333 -0.08866117666666666
-0.39249840333333336 -0.6684009733333333
0.30625783 -0.26784705333333336
-0.7892037666666667 -0.20049371433333332
1.05911355 -2.1257478333333335
-0.21875596666666666 -0.32495927133333335
-1.5342648333333335 -1.8860083333333333
-0.3905472366666667 -1.731760133333333
-1.409116466666667 0.04034003333333332
0.8493611433333332 1.1219504333333334
-0.65557355 -1.3750921533333331
-0.8931574666666666 0.5840767400000001
-1.4323060533333332 0.20844876666666665
-1.3915144 -0.39227200500000003
-0.18460785999999998 -1.6483798666666667
-1.2198863 -0.14825195333333333
-1.4283144333333333 -0.17427656000000002
1.7967810333333334 -0.3386821466666667
-0.86138416 -1.2659420333333335
-0.8112360833333332 0.6290252000000001
-0.9791412366666666 -0.23797203333333336
-0.5087410266666667 0.010789656666666663
0.35973072333333334 -1.5220181333333334
-0.16688597099999997 0.2401629806666666
-1.2677018 -0.7393272833333332
0.6951391100000001 -0.34423147266666665
-0.3333710966666667 -0.9383789333333332
0.8663189466666668 1.6330984666666666
-0.35784054866666665 -1.0187500766666666
-0.15908123999999998 -0.6533784133333334
0.2002319266666667 -0.4826375866666667
-1.3655203666666667 -0.5747209533333333
0.6118371 -1.45306078
-0.5130553066666667 -0.09381844666666667
-1.8427073 -0.4071288833333333
1.1633998666666667 0.8248931766666666
0.22154773000000003 -1.1881026366666667
-0.7264501766666667 0.5977661533333333
0.6836713933333334 0.6232475866666667
1.3608427333333333 -0.40714497466666677
0.0017252120000000014 -0.5924080333333334
1.9476859666666666 -0.6980685333333333
-0.96577508 -1.8836897
-0.3871794653333333 0.16654738000000005
-0.08460897333333335 -0.4069597133333334
-0.3440226176666666 -0.7065646666666666
-0.113164744 1.2466040666666665
-0.2940772933333333 0.8630875956666668
-0.24573315099999998 -0.3368131666666666
1.5318415 -0.5273212733333333
-0.5087642366666667 -1.5076994
-0.3237472623333333 -0.12778129999999996
-1.1038537 0.09166081333333337
0.7699426833333334 -0.39239862
0.28120306666666667 0.17971177033333335
0.5878349066666667 -0.17008944666666667
0.6637251366666667 -0.19437916333333333
-1.3629240999999999 0.4145543366666667
0.30493311666666667 0.2383933666666667
-1.0464033799999999 -0.8820129999999999
-0.3359963079333333 0.34763748000000005
0.2805018966666667 -0.5473266333333333
-0.037754606 0.05964249666666667
-0.674454643 -1.2101974833333333
0.22435271666666665 0.6748342633333334
0.52272748 -0.8173935633333334
1.2832483666666668 -0.7318148766666667
-0.3751612053333333 0.10804858
-0.5123807133333333 -0.176448486
-1.0337475666666667 0.09367168333333335
-0.6662219866666667 -0.20073044299999995
-0.005839249999999986 0.9367266166666667
-0.20916794566666666 0.7850104466666666
-2.0856966999999997 0.18165674666666662
0.6917655166666667 0.20596266466666666
0.434111755 0.04244869666666667
-0.04871059333333331 -0.6603598533333334
-0.6177646933333333 -0.016668963333333366
-0.51326789 -1.3197257233333333
-0.5502251266666667 0.09395174333333334
-0.7354640866666666 1.1019322200000001
-0.7164973533333334 -1.5626525999999998
1.5350472333333336 -0.005420248000000006
-0.8420535466666668 -1.5414940500000003
0.6836002333333333 0.02893634166666668
0.7010277633333333 -1.7613150333333334
-0.7156639433333334 -0.7883178066666667
0.2817560693333333 -1.5656551333333335
-0.6987186599999999 -0.9058262
-1.01052168 -0.15541845533333334
1.2042906466666667 -0.7282022999999999
-0.13565806566666666 -0.19035065
1.4939376800000002 -1.6030841333333332
0.6126574266666667 -1.1995019333333334
-0.9176249 -0.41160977
-0.005027791333333334 -0.14621589
1.23765621 -1.4744517333333333
1.6741112999999999 0.05026658666666667
2.1631921333333333 0.1621449666666667
0.5859668266666667 0.04564688333333333
-0.3906028033333334 0.19052526266666664
-0.2590728729 -0.9828854233333333
-1.2090545666666668 -2.5359499333333333
1.8379418999999997 -0.123106585
-0.93890265 0.34557302666666667
-1.6672694666666668 -0.44413073833333333
-0.09742687 -0.5355380299999999
0.26264176333333333 0.9463977766666667
-0.39866641666666663 -0.5774597300000001
0.11798733333333333 0.15854496666666665
-1.6449426666666664 0.35350098
0.5875195933333334 0.8849769333333333
-1.2735669800000002 0.7531679713333334
-0.10980079003333332 -0.30405627
-1.2320153666666667 1.4509771133333336
-0.56408062 -0.35950302
-0.16945608666666667 -0.861728
0.15794780166666667 0.71007201
-0.60553393 -0.5616417833333333
0.2896101633333334 0.78368419
-0.7446415233333333 -1.7602655666666667
0.46663490333333335 0.4328997402666667
1.0139603 -1.3228889
0.2723242433333333 -0.7895372400000001
1.1709089666666666 -1.1782288466666666
1.196696 0.6512094033333334
-0.2718706786666667 0.4824397535
0.96477672 -1.2681326466666667
-0.8326133466666668 0.42569264333333334
-0.14562514000000004 -0.7406166666666666
-1.5070587666666666 -0.17777597333333336
1.2778709333333333 -0.9591492366666666
0.13764038666666667 -0.13855219333333335
1.9660939666666668 0.45550408633333334
0.8016716366666666 -1.1028081133333334
0.1371523792 -0.41768532533333336
-0.1957073593333333 1.1250095883333333
-1.3597420000000002 0.4745211866666667
1.3534814666666666 0.1341320533333333
-0.3307417233333333 1.0402733
0.6713971966666666 0.49339091
-0.48403418 -0.47427369100000005
-0.21698255466666663 0.20282042333333333
2.189603266666667 -0.6821926666666667
1.0707558666666666 -0.4225700856666666
1.04829502 -1.5348624466666667
-0.0038622030000000024 0.40248262
0.19669882433333336 -0.35940167
-1.1619277333333335 -1.3361311999999999
0.200091408 -0.2663465466666667
-0.27893195333333326 0.73142311
-1.6280460333333335 -1.1019802333333333
0.8075113433333332 -1.4534351333333333
0.3930375643333334 0.5539820066666666
-1.2340958100000001 -0.2573966223333334
0.6379216533333333 -0.5117680433333333
-0.7652818566666667 -0.2517330466666666
0.9082982066666666 -0.36801595533333337
-2.083896966666667 -0.6577154003333333
-0.018853766666666674 0.3606720866666667
-0.19651192 0.13128519000000002
-0.6312568366666667 -0.7836034033333333
-0.5469859909999999 -1.5407508666666667
-0.5248830066666668 0.43357898
0.27766398499999995 -1.3112668333333335
-0.3722176066666666 -0.44462119333333333
1.2106194833333332 -0.9345351999999999
1.1740111333333334 -0.22262664999999998
0.7240011233333332 -0.6042534183333333
-1.5048920666666665 -0.95567627
0.7605793 1.2446584000000003
1.5584801999999998 -0.19346957666666664
-0.479410358 0.3276202166666666
-0.5439511183333333 1.0714828533333334
-0.09954720666666668 -1.1081334333333333
-0.38090477 -0.3820179723333333
0.23065804933333334 0.8893885666666667
0.5422809333333333 -0.09016601666666665
-0.8051009333333332 1.1752002333333333
-0.021318475333333323 -0.6872990133333334
-0.22807841333333337 -0.19113896200000002
1.0237942666666666 0.21304923999999997
-0.9396615166666666 1.4713993666666665
-0.36686915023333333 0.3229796333333333
0.49636318 -0.6466632166666666
-0.18336575133333335 1.6214354333333332
-0.22346703033333332 -0.5589530833333333
0.9966413800000001 1.09618214
0.74790828 -0.6596501199999999
-0.023210639999999998 -1.3746714466666665
-0.4314587633333334 -0.5247633433333334
0.08312007666666665 -0.7703018933333334
-0.6972728720000001 0.36536973000000006
0.12854724633333334 0.3414181933333334
-0.19860714666666668 -0.4014165733333333
-0.16835660433333335 -0.5260936700000001
0.2723767333333333 0.5169502653333334
-0.5235565866666666 -1.0652791066666667
-1.7581175999999998 -1.7596602
0.2569111483333333 -1.2142372333333333
2.0343741333333334 1.3686651333333333
-0.22059095333333334 0.45077343999999997
0.2114998 0.50020453
1.1197188333333332 -0.5562294299999999
-1.0365680800000001 -0.05296871000000001
0.4470410766666666 -1.7494903666666666
-0.5129329466666667 -0.24643871533333336
-0.29292708999999995 -0.7353961333333332
0.6909883733333333 -0.4837547816666667
-0.13329374666666666 -1.4079351666666664
-1.01293889 0.02084594333333334
0.5652661033333333 -0.5297144733333334
0.33789109 -0.005409503999999995
-0.14338973099999996 -0.5336199016666666
1.23167758 -0.09210425266666668
-0.46343266000000005 -0.5849657966666667
-0.136644336 0.7386217633333333
-1.6794591666666667 -0.8168771233333334
-2.5979241666666666 -0.043056459999999984
-0.11127119666666666 -2.2772291333333334
-1.2033472466666668 0.4684451066666667
-0.7795882133333333 -0.6583539133333333
0.4956507666666667 0.7741681866666668
-1.2035104666666665 -0.8337773566666666
1.0800341233333333 0.46595380333333336
-0.10442594166666667 0.06153640466666668
-1.5762496666666668 -0.47216795
0.19575480333333337 -0.27992624699999996
-1.3453661333333333 0.16849374999999994
0.29933204333333335 -0.111594909
2.1667033 -1.0337260433333333
0.7494954800000001 -1.0067679600000001
-0.7056825433333335 -0.3127665555
-0.6198498866666666 0.292431667
0.8094731333333334 -1.0900627666666667
-1.0758323266666667 -0.6731294666666667
1.0387229166666667 -0.9554373899999999
-1.1639330133333332 -0.10878739666666669
0.1257489933333333 -0.505410366
-0.8669086466666668 0.49684801999999995
-0.86297051 0.72212521
-0.7316782666666666 -1.3662997333333333
-1.2916524999999999 0.21035391
-0.45916369840000004 -0.7272864933333334
1.7424659666666666 0.52588466
1.0894312666666666 -0.8065816866666666
-0.3389473008333333 -1.3757240499999999
-1.0921870333333334 0.8073333666666666
1.2901231666666668 -1.16075745
0.334996062 0.14645875466666666
0.6967746566666667 1.1948179666666667
0.20933939 0.5523567546666667
1.120104 -0.4660086849999999
2.0090157666666664 -1.3089375466666666
-0.35882766233333324 0.20589999666666664
1.4145051000000002 0.6963992566666666
-0.7257559083333333 -0.8410136233333333
1.3617115999999998 -1.0660291766666665
0.9807583366666666 -1.4409638000000002
-0.7412850533333333 0.09821332666666667
1.8461906666666668 -0.9077850500000001
-0.7953796666666666 0.45396977166666663
0.08332619000000001 0.5140327866666666
0.6898878433333333 -0.9822665666666667
-0.35272770666666664 0.31637155999999994
0.4674633166666667 0.42821069516666665
-0.7836684200000001 0.18485558333333332
2.239671733333333 -1.7146925000000002
-0.47266739333333335 -0.20460083676666668
-0.5912918466666667 0.01534422000000001
-0.9681767666666666 -2.8087030333333334
-0.1783984486666667 0.1836536086666667
-1.4240734333333334 0.1494949576666667
1.7715097666666668 -0.18201329000000002
-0.2414995834666667 -0.01773603133333334
0.7990053133333335 -0.37263473
2.320292333333333 -0.10339852333333335
-0.2967243296666667 -0.6127140866666666
-1.6318136666666665 -0.19375083333333332
0.6307315333333333 -0.27798204
2.4201815 -0.38234989333333336
-1.15551705 -0.054492086666666675
-1.8161960999999998 0.22153895333333332
-1.8288458333333333 -0.4170538366666667
0.7470016199999999 -0.9803352833333334
0.5761414100000001 -0.14515371900000001
-1.0055484266666668 1.0419936933333334
1.9839245 -1.661746
-0.41884486 0.9281663333333333
-0.18663047666666668 -0.7391507333333334
-0.5539568933333333 1.2219506000000002
-1.2152026433333336 -0.08610375
0.11076416333333333 0.06746858666666669
0.13644841133333332 0.9102096833333334
-0.18741344466666665 -0.5425354166666666
0.5353628233333333 1.705496
-0.8290984133333335 0.0022528399999999756
2.1317427666666666 -0.12512658866666665
1.0897003333333333 -0.9801234333333333
-0.47342810799999996 -1.5186868333333334
-0.52948991 -0.3037327666666667
0.1880519353333333 -0.7335193633333335
1.2651323333333333 -0.76124262
-1.09529885 0.11586623333333332
-1.7013388666666667 -1.0568446
-0.02707844666666666 0.3970156253333333
-0.7934171666666666 0.08826005643333333
-0.29903878999999994 0.7895901422333332
-1.3267126666666664 -0.7531226866666666
-0.35699973333333335 -0.6343872133333333
2.2481724666666665 -0.12435856633333334
-1.4318696333333334 -0.8954568466666666
-0.9399957866666667 -1.1556276666666667
0.07959387333333334 0.68672111
0.58136621 0.8193289500000002
-0.27634536433333334 0.37273682666666663
0.09840481 -0.3962064866666667
-0.6197416466666668 -0.22351404333333336
-0.09448993333333332 1.3074153
0.8547344733333334 1.4812211999999998
0.0028784966666666524 -1.4708471666666665
0.20165205666666666 -0.07153184866666668
0.43279453199999995 -0.8561556666666666
2.3392216 0.6972085366666667
-1.6375776333333334 0.8268708533333333
-1.3600918333333334 0.4085388733333333
-0.5865059533333334 -0.8333472466666666
1.9114189333333336 -0.6360315799999999
0.069923092 -1.0742596433333336
0.9363777233333332 -2.0728779666666663
-0.14551454293333335 -0.20518310666666667
0.0013549013333333387 -0.2590029346666667
-1.27759035 0.03457303333333334
-0.2491219368333333 0.07915813999999996
-0.8737839833333333 -0.47545005333333334
0.18826021666666665 0.6995024966666666
-1.5132304466666666 0.46022030666666663
-0.25461231 -0.41479692333333334
1.3246375253333333 -0.2855919066666667
-0.35956729666666665 0.83306659
0.8727162333333334 -1.5203164333333334
-1.2657043666666667 -0.42459127
-0.86324628 0.515761456
0.41387941666666667 -0.39331057500000005
1.2239456333333332 0.38637019000000006
2.0168665666666667 -1.04762718
-0.017713889999999972 -0.06486965
-0.3440262 -0.63024755
1.0845282333333335 0.89665712
-0.9552610233333334 -0.5881261733333333
0.22066859 -0.8710543766666665
0.7166518766666666 0.51016461
-0.48634050666666667 -0.3117530513333333
-0.14335306666666667 -0.16981747666666666
1.1399796333333334 -0.8429989833333332
1.0209712666666666 -0.034542536666666665
-1.6637805666666667 1.2070715766666666
-0.8264735166666667 1.4302757666666666
0.005979368666666672 0.03856431999999997
0.24028303 0.33154534
-0.24064572 0.417394705
-0.6813773166666667 0.19644437666666661
0.5471991333333334 -0.26908835573333334
0.6625463666666668 -0.43531349499999994
1.3677914333333332 1.5251981433333333
-2.2057662666666666 -0.12315172399999998
-1.2703427999999999 0.3893055633333334
0.14836390333333332 0.04357236666666669
-1.1799882000000002 -0.008323873333333344
-0.36341088 -0.03905349000000001
0.3407458366666667 -0.3966952266666666
0.8537807999999999 -1.1552651766666666
-0.5728995686666667 -0.2859210886666667
-0.6044760666666666 1.6609016166666666
-0.77262538 1.1831040666666666
-1.4843022666666668 0.08827412666666662
0.16114987 -0.04670666333333332
-0.5666445733333333 1.6581811666666666
-0.6806983633333333 -0.17594965733333334
-0.7910875633333333 0.9800575566666665
-0.07062004499999999 -1.4090581333333334
-0.152413654 0.11568532333333335
0.2863266566666667 -1.0026423333333332
0.5204036533333333 -0.08188762333333334
-0.9651084666666666 -1.1340935333333333
-0.27378109666666667 0.365761298
-0.08057241666666667 0.3907945733333334
-0.33162354666666666 -0.2392638766666667
0.9958968833333334 -1.2266196066666668
0.5969386066666668 -0.3254835933333334
-1.6366714000000002 0.03730406
-1.3265094166666667 -0.3703438433333333
0.6946969666666666 1.3587701333333333
-0.07328587999999998 -0.77950757
0.6502647533333333 -0.6083542666666667
-0.5778414433333333 -1.447060266666667
-0.4945083006666667 1.8499096
0.5386424 -0.08174862333333333
-1.6366012333333333 -0.2914163433333334
-0.2544216833333333 0.1063937
0.04184522666666667 0.6388766766666666
1.0756969 0.11549376333333337
1.4987843333333333 -0.8185403000000001
2.0089488666666666 -0.08515536333333332
-1.0511401999999999 -0.7093371966666666
-1.4666633333333332 0.45195402666666673
-0.5625170866666667 0.07976273
0.992413 -0.5884940666666667
0.49868611666666673 0.2012063666666667
-0.9118792 -0.8683554933333334
0.34565643666666673 0.32132838666666663
-1.4769862666666669 0.3838976733333333
-0.007750124999999991 -1.0197536133333334
-0.7948988100000002 -1.7369803666666668
-0.25094531666666664 -1.3054410333333333
1.3109877666666665 0.9133668466666667
-1.0320030666666666 -1.5044857333333332
1.7390751333333332 0.02365287999999998
-1.7179917333333332 -0.6040386433333333
-0.15756881333333334 0.5701838133333332
-1.0574755333333332 -0.522697501
0.09725148000000003 -2.2863391333333336
-0.45916607 0.3568867366666667
1.2850672233333331 0.5393306633333333
-0.8904935 -1.4141616666666668
0.9185818499999999 -0.1966609116666667
-1.2071466666666666 0.6608240066666667
-1.1855800666666667 -0.5233379333333333
0.014132791333333334 -0.026270863333333335
-0.46512986333333334 0.1705147966666667
0.19481688833333333 -0.8821481466666666
-0.23823029999999998 -0.4361175586666666
-0.13281531333333332 -1.051707
0.48763631 -0.58349085
-0.47791526666666667 0.4969343333333333
0.05858072 -1.2945607666666668
0.7212162566666667 -1.2895066666666668
2.7669780666666663 -0.4195174386666667
-0.7336423 -1.6316319666666665
-0.7505196533333334 -0.37146825599999994
1.4977265666666666 -0.9600490266666667
-0.4109768973333333 -0.8968410066666667
0.6545308066666666 1.00451708
-0.8705683466666667 0.19449683333333334
-0.68599406 0.08580281333333335
-0.57329687 0.08018565000000001
0.9426989433333334 -1.23742435
-1.8977973666666668 0.06825866666666665
1.0072963666666668 -1.3954200333333333
-0.9210925166666667 -0.12384490333333333
-0.7698651333333334 0.4888132499999999
-0.17895605333333334 -0.31861122
-1.7769505666666667 0.06674515
0.8989909333333334 -0.22207796226666668
-0.3124015643333333 -0.55613472161
-0.6856843333333333 -0.7556728
0.9187649466666667 -0.2174459633333333
1.0228975466666665 -0.7123510399999999
-0.9946948633333332 -1.2784876666666667
0.7258697033333333 -0.5685506666666668
0.36536947666666664 -0.3450199
-0.8371303666666666 -0.17540640000000002
-1.7983662666666667 -0.8242331866666667
1.7586584666666665 0.3490586633333333
1.0787827733333333 -0.7576890866666667
-0.13650398133333336 -0.52942673
-0.060309233333333344 0.6576897466666667
-0.30315210066666665 -0.5534190843333333
-1.0578123866666667 0.07857185333333332
-0.31964686 -0.252392044
1.2471158666666666 -1.6152700333333334
-0.4014212 -0.4226329345
-0.4470530866666667 -0.21503136
-1.1289562100000001 0.4898706066666666
-2.423388666666667 0.48977557333333327
-0.6462462733333333 1.2188201
-0.48517622666666665 -0.59203965
0.6884780233333333 -0.08977672043333333
0.7875096899999999 0.8249175166666667
0.5702493066666667 -0.79340192
0.5851130033333334 -0.2755820666666667
-0.4624092233333334 -1.1362814533333334
1.1631336333333333 -1.0480141
-0.325468177 0.08864278999999996
-0.45829221 0.03038932
-0.55379003 -0.07608264616666667
-1.1837547666666666 -2.0307267333333336
0.030681089333333328 -0.41776058
-0.05664836933333333 0.7034342833333334
-1.0445416633333335 -1.3256457333333336
-0.8830687166666665 -0.17636620666666666
-0.24250298499999998 -0.9144845199999999
-0.06949811666666668 0.5057341666666667
0.5763572133333333 0.22275352000000004
2.223548 -1.1997096233333333
-0.33874999 -1.2976147133333333
0.000501454333333332 -0.7814239433333333
-0.3959607866666667 -0.2193017066666667
0.7483479333333334 -0.44659456333333336
0.2981063433333333 0.39776338666666666
-0.06312896333333333 -1.04358559
-0.18191734333333331 0.37040853
-0.08765660666666666 0.5825905133333333
0.10248261099999996 -0.94972906
0.29915439 -0.9785956000000001
-1.5940859666666667 -0.30300021033333335
-0.8672028633333334 -0.3948037833333333
0.6568079 -0.44930811000000004
0.4905217366666667 0.3569232
-0.5339704826666667 0.34865785
2.431406133333333 -0.3814886
-0.5621533000000001 0.92301939
-0.6818423933333333 -0.2681151055666667
-0.41183719333333335 -0.8623060866666666
0.8398288766666667 -1.2797040333333334
1.1930300999999999 -0.07238097999999998
-0.5442834316666667 0.08844715
-2.283542166666667 -2.5905242333333334
-0.46228065 0.10368995666666667
0.2739134366666667 0.349956816
-1.7735949000000002 -0.9554271900000001
2.6294204 -1.0675364866666668
-1.6060499 -0.2738795783333334
-0.28787521666666666 0.018134190000000012
0.7277340766666667 -0.7839045866666666
-0.7656623833333334 -0.9895826566666668
0.80501958 -1.24243588
-0.3927388486666667 0.12941523000000002
0.9189069100000001 -1.6974045666666668
-1.0748469066666666 -1.6422754
0.06398026666666666 -0.41164249966666666
-1.6548556333333333 0.9260614533333332
-0.5878088 -0.44715381
-0.017856228333333325 1.2453988
-1.1397783333333333 -0.6918005
-1.0378537066666667 -0.45472037666666665
0.5285070766666667 -0.3019217533333333
-0.43858333666666666 -2.3201074333333334
0.08523042333333333 -0.3177579683333333
1.9486176666666666 1.5692447666666667
-1.493799 0.10911659333333334
-0.33224594333333335 -0.41488686666666663
-0.3218188966666667 -1.2969321999999999
0.6144177066666666 0.6256159866666666
0.8447864200000001 1.2271282333333333
-0.7536868666666666 0.8943473133333333
-1.4198596333333335 -0.035010666666666655
-1.0447620433333333 0.48518455000000005
-0.15713416666666666 0.08788446
0.3634257033333333 -0.44092524366666663
-0.8393082333333335 -1.0438484
0.18017571333333335 -0.42818629323333335
1.5990434666666666 -1.0401055333333333
0.6299903733333333 -0.4295369533333333
0.3242774377 0.08558430666666672
-0.19535235509999999 -0.5832235333333333
0.47745809 -1.8484665333333334
0.4817582466666666 -0.181763868
0.6890315666666668 -0.16346630533333334
0.016022786666666674 -0.7245673933333333
-0.3505052333333334 0.93395204
-1.6158976333333337 -2.2918029000000004
0.6006008633333333 -1.2724387333333331
-1.1225156333333333 -0.34875169333333333
1.2620312 -0.5747783233333333
1.2241677333333334 1.2939216333333334
-1.3185755666666665 0.23000446666666663
0.46759346 -0.8783072333333333
-0.8922799666666666 -1.5171693333333334
0.7716810000000001 0.06452326999999998
-0.028862628333333314 -0.5573018846666667
-0.28916997666666666 -0.027142051500000028
-0.6327305900000001 -0.25251623666666667
-0.2244728546666667 -0.06539664666666666
-0.18081848666666667 0.20346182
1.3183283666666668 0.17216124666666668
0.4266424933333334 -1.2962411166666667
0.33625341966666666 0.24778818333333333
-1.1241176433333333 -0.9936870866666667
-0.41864973333333333 0.16703727999999995
-0.13436200666666667 -0.3834529266666667
-0.3107376626666667 -0.18736889333333337
0.26327632333333334 0.45383244
-1.9505432999999999 0.16340692999999995
1.7687298666666667 0.22218000000000002
-0.6400163733333334 -0.5916868
0.219384298 -1.0146048666666667
1.5727581000000002 1.0504535
1.5023645666666667 0.8462279433333332
-0.47359225066666666 0.0023349426666666793
0.5981327900000001 -0.2693540076666667
-0.6498122700000001 -0.1250067466666667
-1.1855141666666666 0.5202335133333333
0.07152691000000001 -1.1914765566666665
0.24359670666666666 -0.45196522
-1.3716168666666668 0.059763943333333305
0.5288196399999999 -0.6008774233333333
0.5867233799999999 0.18891179000000002
0.4487514166666667 -0.101674219
-0.5384370453333334 0.40887354
-0.5496691499999999 0.10604147333333333
1.6809900666666664 -0.6657311433333334
-1.13466808 0.6069114286666667
1.0859949666666666 -0.06802193
0.8682300800000001 -1.3221536666666667
0.48536945666666664 0.9014208133333333
0.8366617300000001 -1.63538518
-0.5250018566666667 0.5133665399999999
-0.6576209833333333 0.9495642233333332
-0.5998391233333333 0.63001509
0.05340801333333328 0.2933128666666667
0.9177786833333333 -0.010336427000000004
0.4255432753333333 -0.15318908333333334
-0.38474384 -0.7149761800000001
-0.6231918366666667 0.36613834999999995
1.445326843333333 -0.8098781766666667
1.17395565 -1.1320786133333334
0.8701399 -0.7208889399999999
0.43943730666666664 -1.1046078833333333
0.59499678 0.04926684866666667
-0.45989702666666665 0.4420961199999999
0.20718701566666664 0.07379427000000001
-1.5729500333333335 -0.011240459999999966
-0.6393631266666666 0.10858557666666661
-1.2467548766666665 -0.7310926933333334
1.9473830333333335 -0.56778217
0.06777341 1.2332254666666667
0.3510828966666667 -1.0571127333333332
-0.71024479 -0.8831495166666667
-0.95964383 1.0601336433333333
0.4451221083333334 0.05383607500000003
0.48200806666666673 -0.9198757466666667
1.5892022333333333 -0.9583996
-1.0428011333333334 -2.246011666666667
-1.4183205666666665 -0.26751793
0.006367469999999984 -0.11444597000000002
-0.2022224333333333 -1.406228966666667
0.65825209 0.2918521766666667
1.3816164666666668 -0.94690733
1.3244878 0.3127563166666666
1.3326569333333333 0.48877989199999994
0.14484206333333333 -1.3117598333333333
1.7682629000000003 -0.1330183986333333
0.5871586733333334 0.17700248000000002
0.9340793 -1.1518309333333332
1.1445615333333334 -0.7211854033333335
-0.7340228666666667 -0.8014187266666667
-0.048562532533333334 0.5724336000000001
-1.1006437333333332 -0.64462692
-0.4454053766666667 -1.3211787000000002
-0.8151232333333334 -0.36832984333333335
-0.3348372333333333 0.4778901399999999
-1.3152998 -1.7128539666666667
0.35749809666666676 -0.349036598
-0.5903864433333333 -0.4319269399999999
0.3732482323333333 0.3786269883333333
-1.6672243333333332 0.32868981333333325
1.6706269 -0.061618766666666665
1.4167246 1.0016104
-0.17410609200000002 -1.2352965433333334
-0.08484490390000002 1.5214817999999999
0.439921911 0.3484478066666667
-1.5085590333333334 0.35877759666666664
1.2982706 -1.0582652799999999
-1.3208713166666668 0.026990226666666686
0.04392814000000001 -1.1783721466666666
1.8044795333333334 0.5185255566666667
1.2641128666666668 -0.017569756666666658
-0.6547994833333333 -0.12401974100000002
-0.088294635 1.6225266
1.8555666333333334 -1.0756210666666666
-0.3674535566666667 -0.25134414066666666
-0.23361263000000002 0.6162481266666666
0.22687723333333334 -1.3017942866666665
1.2142694333333335 0.59857262
0.18823650333333336 -1.9347588000000002
-0.40093044000000005 0.06892111
-1.1578636733333334 0.03999009333333332
-0.38289870666666664 0.21133693233333334
0.43646666333333334 -0.001868263333333321
-0.8775713333333334 0.09723828333333336
-0.74394681 -0.15781770166666664
-0.7423520000000001 0.1026550576666667
0.7428953666666667 -0.47653716133333335
-0.8406692833333334 -0.7995315999999999
-2.3762640333333334 -0.10965432666666668
0.7163509566666666 -1.0091372666666667
-0.0935142633333333 0.6815933166666667
-1.3573725 0.26174625666666673
-1.0920109 -0.79604395
-1.0105482533333334 0.6120179933333334
-0.75063165 -0.5015604966666667
-0.194494092 1.7149667566666664
0.0010149166666666171 -0.17256896666666666
0.5822479066666667 0.3901844933333333
-0.26785126333333337 0.8232047766666667
0.3755886666666667 0.10435864333333329
0.66767745 0.7804748873333333
0.9933721366666667 1.2416388333333335
-0.49030809333333325 0.4888480966666667
1.0752784666666666 0.5134843766666666
0.59473467 0.7105223200000002
-1.9712499666666667 -1.3591465
-1.2781172333333333 0.19668739000000002
0.07740269133333338 1.1851674666666665
-0.8371341499999999 -0.339623841
-1.2796024533333332 -0.15324156333333333
-0.8924078133333333 -0.46135509533333335
-0.8260722566666667 -0.083713659
-0.09658313133333334 0.29986188999999996
2.1858816666666665 0.11455820333333334
-1.1682645366666666 -0.5217950466666667
0.019216875666666675 -0.30288395666666673
-0.7674464333333334 -0.6398899233333333
0.31354449333333334 -1.2946569333333333
0.43990615 -0.9655010166666667
-1.2870193333333333 0.12791521333333333
-0.4460362133333333 -0.27420735999999996
-0.7205957433333334 0.313078996
0.80522761 -1.2567672133333334
-0.15465715333333332 1.4798943666666666
-0.056282574 0.56533616
-0.26152475266666664 -1.7035756333333332
0.7661513666666667 -0.25118521666666666
1.3408728333333333 -0.15349161666666666
-0.41670524333333336 -0.06679468333333333
1.0400362433333334 -0.4014457366666666
-0.4779696666666667 -1.5184240666666664
-0.6733992333333333 0.8252806600000001
-0.65529861 -0.3222997596666667
-0.03164731666666668 0.2679689733333333
-1.0548137 0.10086363
-0.5881441 -0.9011598200000001
-0.5441641583333333 -1.8396871666666665
0.9522326233333334 -1.1104531666666666
