-0.84944344 1.2556792
1.9155627 -0.39214978
0.037344784 0.26009136
0.04810512 0.07246216
0.64060354 -0.031213433
0.12608066 0.062190488
0.38563898 -0.16118369
1.6918104 -0.16509658
-0.24706145 -0.3825072
-0.13198617 -0.28517783
0.98445594 -0.24816012
-0.22184822 1.0053855
0.6133933 -0.117752515
1.0123444 -0.5312877
-0.1334724 0.72511834
-0.7151438 0.54626286
0.26333407 0.39351624
2.5636072 -0.15478119
-0.36208922 0.17986496
0.7884413 0.5501119
-0.047486752 -0.677348
0.7905302 0.001011014
0.75627327 -0.93179476
1.999097 -0.18073635
-1.5550675 -0.35604846
0.67228806 0.4821728
-1.4174196 1.106798
-1.267657 -0.2924101
-0.8640208 0.82532406
-0.36248386 -0.15890867
-0.43824175 0.33609074
0.29356351 0.08140086
1.3539375 -1.6473751
-0.6346441 0.22254114
-1.2567004 -0.016929448
0.5859463 0.7553102
0.054840416 -0.371332
-0.6129929 0.3622074
-0.13892595 0.42156088
0.39403883 -0.070999265
-0.6309476 1.3576622
0.74934757 0.24253003
2.0198286 1.5643318
-1.0865 0.4311903
-0.3458636 1.0803163
-0.21662523 0.18542768
0.15871507 1.3411617
0.23802021 -0.0351267
-0.7468834 0.7818022
-1.1203539 0.2638322
-0.6352596 0.3317771
0.08606437 -0.10484126
1.1286395 -0.79894364
1.2628753 0.3652923
0.29994372 0.4119252
1.2426934 0.033058837
0.42161408 -0.6490532
-1.2280377 -0.0035651028
-0.49194616 0.7965044
-0.02516453 0.6010667
-1.3484086 0.42472947
-0.8689381 0.81651545
-0.1914993 0.0984004
-1.7500224 -0.20546989
0.2977079 0.10925977
0.11808568 0.6852078
1.175088 -0.39813298
-0.0006572306 1.2318529
0.124307096 0.88877785
2.3568246 -0.64641154
0.06211096 0.59166783
1.9651281 -1.5827687
-0.23574382 -0.9855105
-1.0749848 0.24605604
-0.21669392 0.38879246
0.40499422 0.6404914
0.5571128 -0.1915864
-0.30159688 -0.70731646
0.9027338 0.031106278
-0.17792657 0.46688116
0.4388143 0.5351995
0.5053685 1.4302578
2.1554847 -0.6977038
-0.09307365 0.42465484
-0.28567326 -0.09334917
-0.9243113 -0.18313375
-0.12154327 0.35290718
-0.39365965 1.4567251
-0.5240873 0.8172773
0.97410846 -0.16526285
1.1140099 0.6934498
1.4031141 0.17636542
1.8880202 -0.21223396
0.3669035 -0.23557928
-0.9665743 -0.34926164
-0.21854882 1.1029372
0.9881002 -0.9879317
-2.0442293 -0.1444791
1.0131156 0.16011073
-0.48181763 0.8976823
-0.31562003 -0.52510804
-0.8274802 0.15198134
-0.56537753 1.2069484
0.43435243 1.069258
-0.8853507 1.3497539
-0.41016108 -1.5263444
-0.8532926 0.6302794
0.6736772 0.25578195
0.5287708 0.3860491
0.12771606 0.8891542
-1.1436447 -0.90821326
-0.2710245 0.064443305
0.96047306 -0.547874
-0.61501086 0.46567625
-0.8322307 0.028159842
0.13342234 -0.48978156
-0.0033668727 0.1909668
0.5146191 0.28493154
0.9613341 -0.68832946
0.9498577 -0.7160445
0.08587453 0.8720287
1.5196596 0.02209197
-0.93525326 0.38749784
0.45204464 0.26517636
1.364569 0.27934712
-0.051656514 0.83932555
2.071262 -0.12617907
0.67076504 -0.5076061
0.9941921 0.36994106
-0.14957386 -0.21085969
1.3130631 0.7318466
0.88097167 -0.83210224
-0.97752976 0.7281522
0.38950625 0.05976607
0.42173305 0.5316112
0.54806244 -0.17274423
-0.39966524 -0.30004093
-0.8656796 0.53976864
0.59608495 0.3670441
0.097394794 -0.74574304
1.1091347 0.65158486
1.1734427 1.1430281
-0.51748395 -0.050383985
-0.11573887 1.331538
0.87737167 0.21056639
1.035864 -1.149494
-0.08365314 -0.7702708
0.41485325 0.70323914
0.509421 -0.36259037
0.57207584 -0.32709095
0.29154602 1.3310254
1.0985371 0.20575355
-0.43690056 1.3633312
1.0899353 0.62998325
-0.14654183 -0.4651629
0.863956 0.3625731
0.83526194 0.3802874
-0.91884863 0.93535125
-0.7274766 0.57202804
-0.6057921 -0.32797965
1.9608887 -0.38819575
-1.5258598 -0.15533522
-0.35430753 -0.030108914
-0.32366598 -1.1078761
-0.5903858 0.81504405
1.4421384 -0.19314781
-1.2094088 0.23291929
-0.99961185 0.4912607
-0.29941416 -0.30430722
1.6313721 -1.2511139
-1.1279104 1.1163963
-0.07209164 -0.17491783
0.4291679 0.45560753
0.14929134 0.11762656
-0.029549375 0.99816656
-1.450217 0.500717
0.45505378 -0.7890846
0.15033415 0.9952272
1.0259085 -0.028886825
-0.74631107 0.28991473
0.09524271 -0.20807596
-0.28108686 0.9836502
-0.6465039 -0.1479306
0.5231421 0.042249367
1.1355097 0.094271496
-0.8483336 0.7616664
0.5224141 1.2469779
-0.8888738 -0.6947902
0.04522276 -0.14508133
0.60090125 -0.612042
0.71588635 -0.22151569
0.3802056 0.13862817
-0.543237 -0.17873867
-1.0016727 0.010553241
-0.03777483 0.709378
-1.0548271 0.50951767
-1.8306926 0.43802774
-0.57760084 1.2451727
1.613244 -1.5553322
0.15326494 0.7233986
0.22486165 0.7465649
0.91825294 0.300045
0.3630782 0.51232666
-0.810303 0.11607285
0.022994667 -0.22202426
1.1046649 -0.23837788
0.022206306 1.4914296
0.49682543 -0.39440858
1.1000397 -0.479764
2.4386573 0.6574217
1.318562 0.37585866
-0.03950505 -0.32577997
1.170928 -0.9610541
0.6077714 -0.5497598
0.22189686 -0.48404616
-1.5361829 -0.164141
0.7027427 -0.09430033
-0.1428901 0.8498225
0.117539346 -0.5064594
0.57431924 0.84355474
-0.5795282 1.2732167
1.9306923 0.16670565
1.3535012 0.35376012
0.90743256 -0.29822168
-0.2612392 0.25880867
1.2023455 0.46759433
-1.0740212 0.5814008
0.11760345 -0.13349831
0.9006567 -0.11841296
0.64136577 0.65570354
-0.63067365 0.6058851
-1.6624553 -0.78056103
0.55927455 0.9690684
-0.9550679 0.8218185
0.672037 -0.552683
0.58498216 -0.7420437
0.25685045 -0.02628845
-0.48844278 -0.47007415
0.8219507 -0.6726584
-0.120627314 1.532583
-1.0798416 0.60613585
0.23407274 -0.66471505
-0.47051996 -0.15836711
1.0687554 0.35169888
1.0499699 -1.5110549
-0.41293287 0.20194422
-1.5698172 -1.1891394
-0.050053015 -0.20648454
0.28880647 0.060461417
-1.0458574 -0.67736346
-0.28915426 0.41122192
-1.6018531 0.48654282
-0.2544468 0.96608055
-0.12768906 0.07963471
-0.86907184 0.121298894
-0.8122654 -0.40650457
0.21668059 1.029786
-0.03506641 0.36879188
-1.2446893 0.7177698
1.1586066 -1.3122861
-1.6000326 0.6711669
-0.13389996 -0.21128729
0.54485965 0.5351093
0.43117544 0.67615765
-0.2168878 -0.082263485
-1.0752968 -0.14261755
1.0065391 -0.4173019
0.66233397 1.0826612
1.5202588 -0.40522683
-0.45962197 0.48789877
-0.66165483 0.28453463
0.9518442 -0.5150964
-0.009772122 0.5033959
0.15066916 -0.32784653
-0.51398265 -0.30031887
-0.6304822 0.45092583
-0.11340462 0.35862166
0.34333327 -0.07283121
-1.69436 -0.45572975
1.315201 0.6109249
0.08303815 -0.3216378
0.45832005 0.48407912
0.24527663 0.824031
1.2081012 -0.51099575
0.46157733 1.300052
0.21824285 -0.33883727
-0.88700414 0.81912935
0.6510899 -0.01331988
-0.3516683 0.9309437
0.52598965 0.40716827
-0.54349625 0.41805118
-0.40046638 0.51177835
-0.49631104 -0.21020761
-1.0185707 -0.69979894
-0.65673006 0.69613
-1.2866338 0.5607123
0.085351765 0.34915084
1.4146084 -0.85600823
1.6981899 -0.57157445
0.54150534 0.6047172
-0.34930792 -1.3890553
-0.08884357 0.65637183
1.1087946 -1.1496493
1.0338975 -0.44430193
0.030275613 0.14346744
0.66448426 0.8749187
-0.78106356 -0.36113966
0.34164342 -0.90917677
1.2120985 -0.14071265
-0.6978961 1.2306658
0.36014554 0.5887674
0.8394675 0.1386029
-0.10775836 -0.23541392
0.647372 -0.87217146
-2.023152 -0.20384742
-0.5720423 -0.62453914
-0.5189383 0.09457992
-0.7219691 0.3559456
0.070243716 0.29916358
-1.2591598 -0.6174973
-1.0855734 -0.06889358
1.5671216 -1.1490648
1.3387076 0.0650153
0.47906753 0.227383
-0.26705408 -0.25320923
1.6214523 -1.146115
0.51063395 1.6067423
0.67454576 0.16070412
-1.6701655 0.33079988
0.91573274 0.9606255
-0.32944077 -0.36879587
0.7891594 -0.8835858
-0.27757537 1.0198307
1.0904022 -1.4792645
-0.21699336 0.32652277
-0.2252433 1.4796442
-0.4620847 0.09854661
-1.0555756 0.7081977
-1.4859592 -0.06565361
-0.30661675 0.27384686
0.62340033 -0.3262468
-0.40025687 -0.38172695
-0.04697019 0.26521164
-0.8162341 0.6682168
1.105184 0.050054833
0.38148114 -1.1115297
0.299449 -0.13166924
-1.3828499 -0.040054455
-0.69548416 0.4839183
-0.13577415 -0.9711041
0.8632029 -0.5565148
1.24009 -0.41792995
-0.2521458 0.23045425
-1.4840145 0.5133398
1.3649659 -0.5129408
-0.9413152 -0.22318184
1.6051366 0.7838365
0.7727101 0.120688364
-0.7035274 -0.49094063
3.3809946 -0.2784287
0.014942557 0.029861674
-0.8353727 0.1367804
0.80619943 0.83064306
1.2492902 -0.57560223
-0.48356712 0.19203447
-1.3510712 0.0038782805
-0.5998988 -0.33277982
-0.18413389 -0.8176364
0.9161451 -0.24844778
0.18194646 0.1470292
1.4003965 0.1836075
0.11210218 0.5101962
-0.5044675 -0.9832693
-0.17500749 -0.91414946
-0.09766118 0.4715277
-0.5225153 0.07973136
-0.20132206 0.47766548
-0.57970786 0.09450181
1.3892051 -0.47051078
0.04871726 -0.8560892
1.2937919 -1.1279428
1.2638102 -1.159124
1.7882723 -0.20072289
2.0233588 2.430496
-0.69294715 0.07893266
1.231487 -0.06615749
0.108848095 0.0075670183
1.22659 -1.9356157
-0.15022469 -0.053084165
0.6184279 -0.2984916
0.101083905 -0.42258963
-0.015008256 0.60198855
0.0058291256 0.20783485
-1.4784343 -0.28039896
0.3665307 0.47572988
-0.5913265 0.0845411
1.1404821 0.17342706
0.37835088 0.38499004
-0.5326231 0.84304774
-2.1692338 -0.40584946
0.61179996 0.76134837
-0.3330553 0.20879127
-0.27832246 0.33473927
1.2376432 -0.025892407
-0.731195 -1.5388285
0.2706088 0.3476385
-1.3227642 -0.56179935
-1.3227563 -0.16613239
0.9474534 -1.072864
-0.54136205 0.61381346
0.270102 0.82678425
-0.045316324 0.2290941
0.08575249 0.6305798
-0.61955404 0.8761871
-0.14406493 0.20253523
0.26652136 0.17941956
-0.6928965 0.5763507
-0.22453976 -0.1966753
0.20828137 0.086566046
-0.8998431 0.5094771
2.0025344 -0.32671207
-0.3411314 0.37337404
0.67182386 0.14767183
0.19333488 -1.1680439
1.6511335 1.6216257
0.88335025 0.13503669
1.244469 0.83272195
0.34802964 0.86576533
0.7057638 -1.1377267
1.0660757 -0.20315528
2.4625502 0.357943
-0.5479875 0.41744447
0.43763992 0.5485165
-0.17942774 0.17604391
2.505018 -0.81462455
0.33043608 -0.19656554
0.5971128 -0.6249418
1.645985 -0.34843415
-1.5960482 0.4694897
1.0179349 0.009967461
0.30218086 -0.597537
0.24572715 0.21023245
0.4708812 0.6967545
0.42382017 -0.6221994
0.87479365 -0.69696075
-0.26292512 0.1643178
-1.1182605 -0.12709223
1.6326737 -0.11590502
-0.095202446 0.7152529
-0.8066163 0.7195854
-0.97724307 -0.5306671
-0.12666863 0.19642945
-0.021022648 0.57448256
-0.19001892 0.2579686
-0.77688885 -0.28728005
-0.7172035 -0.69703054
-1.0608836 0.08070083
-1.2100557 0.31984717
-1.1276838 0.3744995
0.396517 -1.1422023
0.8977709 0.8118092
-0.6546557 1.5884738
-0.8029598 0.12414841
-0.5805532 0.21727578
-0.8741735 0.57858014
0.61462605 -0.27339444
0.6647763 -0.17728084
0.1418269 0.281232
0.5705173 0.47797108
1.9876302 -0.48940578
-0.57591033 0.3451935
-0.2532587 -0.27672333
-0.71974254 -0.13633996
0.03255862 0.46880347
1.6268644 0.036318645
-0.23885494 0.0103111565
1.8206903 -0.61209047
2.5953052 0.41238022
-0.96218324 0.4929523
0.7389045 -0.7366121
0.6687453 -0.5324388
0.5472957 1.0046695
0.3679656 1.3413091
1.225957 -0.4682925
-0.0823711 0.76035255
2.1162598 -0.29194444
1.700278 -0.8003643
-0.420298 1.1431696
-0.55142665 1.1731565
0.8847835 0.31366402
1.0073943 -1.3005413
-0.9857466 0.20609494
0.15006831 0.5694194
-0.02319865 0.33656466
0.37201646 0.97970736
-0.2160689 -0.24765886
-0.7568096 -0.018943712
-0.76555467 0.8643298
0.66250455 1.6228684
0.6974665 -0.5798847
1.5048727 0.1059113
0.3045676 -0.8173253
-0.010890886 0.4276173
-0.3897621 0.242034
0.906183 -0.65295583
1.3040915 -0.7423194
0.600086 0.4769528
1.3492517 -0.43955898
1.4480165 -0.9046343
0.379482 2.2961564
-0.0849596 1.1458011
0.68257916 0.08170904
-0.2544063 0.624046
-0.251855 0.6971035
0.57375455 -0.19068782
-0.1451575 -0.3146858
1.9145519 0.15110008
0.60239124 -0.19283986
-0.31839687 0.86949384
-0.054431945 1.0312935
0.08339059 0.6150398
-0.07194249 -1.2848924
-0.44862783 0.08714168
-0.37632215 0.011923775
1.849873 -0.4911381
-0.3940658 0.45454746
-0.13346228 0.41932696
0.76226604 0.48509228
1.0102545 0.5890483
0.4417452 0.36507547
1.2949575 -0.39056832
-0.47469905 -0.5768931
-0.8893703 0.15034328
-0.6186051 1.1034577
0.0011583865 0.85158694
0.10887432 0.7136483
-0.9615028 0.8712766
1.2172682 0.12594803
0.4724932 0.09725116
0.89624226 1.1527005
-0.051245093 0.014821932
0.6601752 0.11894883
1.2192905 -0.3813442
-0.44436932 0.40626204
1.0565689 1.6547879
0.6419046 0.17176358
0.03515026 0.09630497
-0.5326468 0.51019275
-0.31250185 0.57975644
1.2227805 0.4680882
0.9411608 0.6365767
0.018679053 -0.009108007
1.988949 -0.5145079
-0.25341138 0.70037997
0.232633 0.9734982
1.0362904 -0.30516127
1.5927069 -0.45967543
-0.3820714 0.78965724
-0.25676075 0.39655495
0.38352463 -0.12066568
0.23281997 0.14343856
-0.79375875 -0.11634501
0.46505108 0.9250436
-0.38323063 -0.024193823
-0.42753214 -0.40589997
-0.24795099 -0.5234961
-0.060900003 -0.22037572
-0.43535948 1.2357697
0.8714489 -0.46916038
0.33635053 -0.30229613
-0.13845421 -0.3745807
0.60901594 0.6717397
-0.81971264 0.1953019
0.28335783 -0.0076339096
-0.06640349 0.4320565
-0.13840765 0.578954
0.9614612 0.072025344
0.22462207 -0.38660175
-0.26773208 0.018061921
0.6866342 -0.7428033
0.6126088 0.9764886
0.9106947 0.537966
-0.94454145 -0.031948045
-0.6880766 0.70031816
0.20507872 -0.5169135
-0.81524456 0.24105789
0.29759958 -0.56794924
0.36628756 0.098129764
1.7800769 -1.054227
-0.14740472 1.2427738
-0.00066132843 0.680161
1.423791 -0.1918878
0.105989754 -1.3645581
-0.0639918 0.5488001
1.1399158 0.8451117
0.18791494 0.39221245
1.8130578 -0.3413182
0.116439134 -0.05222407
0.14869416 0.017235562
0.18862373 -0.22559519
0.4190534 0.11778478
1.8274873 0.2790904
-0.123531505 0.49995697
1.1754482 0.13055484
0.3144407 -0.13564934
-0.32054558 0.2509575
-0.43047434 -0.33220255
2.3757536 -0.04519047
0.3423629 1.6328312
0.6241201 -0.17782587
0.2963865 0.92021024
-0.43496153 0.37723058
0.5314095 -0.30868202
-0.030207232 -0.014190957
-0.5697563 0.6150658
0.48358068 0.13628267
0.5845008 1.4209372
0.66759765 -0.5568733
1.587561 -0.7756013
1.5878721 1.1007425
0.6944251 0.14890201
0.93398917 0.4179144
-0.41763234 1.2068694
0.5559015 -0.69814444
0.39669672 0.46190447
-0.22151695 0.64635247
-0.64410925 1.2683132
-1.0123178 0.7792665
-0.22799344 0.46270847
0.8104857 -0.63510764
1.5676568 -1.0002297
0.059565663 0.1555021
0.49693218 1.0961741
0.40537438 -0.37316763
0.6405624 0.31532693
2.3892894 -0.44182217
0.7273395 1.685862
-0.4732836 0.317389
0.38775238 0.5453134
-0.5120413 0.23007445
-0.8492061 0.29836208
-0.2703385 1.3090478
-0.58016586 0.08216767
-0.8445902 -0.17467502
-0.3398443 0.8403858
-1.1824932 -0.37864602
2.7520752 -0.7822612
-0.57632375 0.041928247
1.3752536 -0.63705575
-1.6432675 0.49442708
0.3959454 1.4045292
-0.009296745 -0.123832844
0.05556509 0.35347247
0.20121714 -0.41542453
-0.026091069 0.28548765
0.452602 0.5494646
0.26173458 0.6099138
-0.46798864 0.26602525
0.28514788 -0.44224173
0.23735374 -0.7127175
0.7521696 0.25852472
0.14860281 0.49598962
2.085253 -1.3163085
0.20069724 0.866696
0.61616266 0.14095183
-0.28806296 -0.3743537
-1.0543578 0.7776067
0.8270998 0.740668
0.3791242 0.20362233
-1.9077339 -0.7831357
0.07007483 0.54665107
0.14693227 -0.9036618
1.0676799 -0.11093257
-0.52195174 1.1478401
-0.06096241 0.9495045
-0.040712327 -0.7039295
-0.36995593 0.68363
1.8245739 -0.1787844
0.21148884 -0.32237554
1.7154961 0.80578923
2.4687722 -1.1629003
0.073295265 1.030692
-0.8426429 -0.5448691
-0.8443985 -0.2883551
1.8503445 0.22676589
0.42845306 -0.13947964
0.33413795 0.46053076
1.0954291 0.08126034
0.83464634 0.74161446
-0.16600975 0.17388426
1.1704253 -0.0716666
0.058029383 0.64320296
-0.019907132 0.75472546
-2.1220007 -1.6897292
-0.7055944 0.6640569
-0.44028622 0.24796699
-0.6151852 -0.04325266
-0.6099522 -0.01745753
0.24418554 0.26230317
1.4520717 -0.039252236
0.47464213 0.030565932
0.18827379 0.30843782
-0.8494264 0.46137458
-0.071511865 0.8576981
0.15380627 -0.04904379
-0.218517 0.0033607036
1.0705426 -0.058169857
0.36497465 -0.39609826
-0.7138548 -0.47945917
0.62705946 1.0341426
-0.31928703 -0.31148252
-2.2152512 -0.1197204
0.50374913 -1.0866678
-0.37623593 -0.79154855
-1.0789154 -0.7576954
0.044985652 1.1946688
0.17519191 0.5582713
-0.09523341 0.65555483
-0.14359522 0.25302106
0.6013434 0.3874746
0.4849362 -0.7076712
1.3681158 -0.6309426
-0.36087525 0.24893002
2.5305145 0.6827515
0.47772 0.6336854
-1.3283701 0.009645209
-0.6262244 0.54885864
1.0547009 -0.26895094
0.48381367 -0.07497221
-0.41952997 0.19292144
0.87464774 -0.5375444
-0.2592792 -0.5029416
1.7934161 -0.37117517
-1.6095862 0.8357562
2.3821285 0.37870097
0.3202053 0.35956526
1.1168393 0.17990471
-0.66644883 -0.17238533
-0.1334629 -0.22297528
0.988577 -0.3939313
-0.94105947 0.30017883
-0.1592895 0.3919984
-0.5479112 0.91251063
2.7276022 -1.1984155
1.094614 0.62582844
-1.0032098 0.34658915
-0.12781066 0.9418386
-1.4429185 0.24753667
0.51380944 -0.22556087
0.08056581 -0.6523687
-0.64485097 -0.44519544
0.19172987 -0.077076375
0.1193656 1.658271
-1.132754 0.33753788
0.13862917 -0.097814456
-0.38718295 0.33377856
0.59517014 0.8230171
0.32268062 -0.41157374
-1.5100088 0.845747
-0.7393024 0.8121053
-0.7494997 -0.037712857
1.1792678 -0.29525656
-0.106999606 0.7211819
-0.02704613 1.0548642
0.42230645 -1.1211967
0.42222622 -0.28239256
0.63348174 -0.11199492
0.30617872 0.19827385
-1.7762202 0.24035595
-0.92158496 1.263842
0.18876347 0.33151966
-0.75074637 0.24760674
-0.15156433 -1.3898418
0.04990849 -0.3483433
0.68563855 -1.2054238
1.0650262 -0.5485447
0.57353985 -0.62026757
-1.1607713 -0.48256278
-0.19407587 0.41082603
-0.10039328 0.83223987
-0.2421022 0.72977626
-0.871307 0.46220124
1.7788182 0.15706335
-1.5957649 -0.2625607
-0.12245174 -0.8442352
1.9864818 -0.6078509
2.3609102 -0.39648438
0.6470443 -0.773789
-0.5013414 -0.21482103
0.04988569 1.0836643
0.958781 0.2547992
-0.1740602 -0.4663971
0.018030047 -0.5472165
-1.1866854 0.6963433
-0.31071326 0.16137902
-0.4955817 0.58166736
-0.9601352 -0.018812522
1.3402007 0.7696974
-0.43329668 -0.86230844
0.434038 -0.33134136
-0.23643161 0.110451415
-0.27595416 1.0753124
-0.2959885 -0.06312224
-0.004929334 0.058265492
1.9930679 -0.7224016
-0.02797763 1.0365064
-1.1695092 -0.12033186
-1.4734795 0.13161708
-0.59977126 1.2824284
-0.4095862 1.1816229
-1.284542 -0.7160261
0.66980326 -0.019966215
-0.02896665 0.5901139
-0.042001933 0.94684625
-1.4474502 0.08395006
0.7958975 -0.9646179
-0.15773569 0.40491682
-0.8829366 0.9193139
-0.35390782 0.7502486
-0.80968046 0.54977345
-0.15781337 0.0055382103
-0.09676723 0.77510655
-0.83515275 -0.09525299
1.2476456 -0.46718076
0.54848826 -0.15338266
0.6904167 -0.7201525
1.4095459 -0.4063896
0.9057653 0.046640947
1.6079587 -1.0672091
-0.07907249 0.4623611
0.9019573 -0.219992
-0.6356948 0.6050135
-0.3437017 0.9140421
-0.6229315 0.28776145
1.1116303 -0.46353346
-0.502016 0.1781319
-1.6210065 -0.5353495
1.6859683 0.3852995
0.5886606 -0.3545522
-0.9231199 0.10991983
1.6203063 -0.8423542
0.9034817 -0.21235576
0.929513 0.95094764
1.7951521 -0.22176461
0.076728374 -0.24046612
-1.0093496 0.2927761
-1.2340219 0.62357575
-0.57095814 0.14479955
1.1434182 -0.7071259
0.06221935 0.12782644
-1.1425575 -1.0910739
0.6998805 -0.55035543
2.6913218 0.5438983
-0.1597928 -0.097702
0.11670229 -0.09106043
-0.38869715 -0.6723113
-0.97513664 -0.68529236
-0.4550723 0.72221625
0.6458298 0.04147996
0.1826987 -0.43134326
-0.62530065 0.7595342
-0.921023 0.33055353
-1.0113362 -0.1413472
1.1761755 0.7415711
0.41442433 -0.7716327
-0.056073338 -0.6175041
-0.98800194 -0.04220067
0.0968855 -0.003831327
1.7095793 0.10941191
-0.062841326 -0.57619524
0.04965526 -0.017082036
0.56644106 0.21660839
1.0110805 0.58008075
0.33573166 0.529839
-1.1699555 0.74879134
0.20064625 0.9528384
-1.1789304 0.48428923
0.29191408 1.3470833
3.0917184 -0.30106893
0.67161393 0.32378107
0.84756505 -0.11027032
-0.36104023 0.19185297
0.2873852 0.4384302
-0.872499 0.27577358
0.038898498 0.7111335
-0.038882926 0.27278286
-1.5936309 -1.1089563
-1.6650187 0.11172433
1.5784729 -0.27594197
0.4460514 -0.44170606
2.52317 -1.280305
1.680122 -0.34566095
1.1708237 -0.9094502
1.4805065 0.16071169
3.3602817 -0.26228085
0.34074387 0.16845335
0.29805318 1.1783402
0.1741345 -0.40215296
-0.16577008 -0.58058834
-0.2160491 1.1030805
-1.3724439 1.2555904
-0.23600112 -0.032667264
0.6806203 0.46393013
1.0579962 -0.011123225
-0.7643993 0.094642386
-0.5923122 0.33283693
1.3773422 0.6718066
-1.113819 -0.5112613
1.2222542 -0.021433234
-0.00021559 -0.35280555
0.3539413 0.25603312
-0.26722303 -0.30957055
0.97748554 0.012531176
-0.4391182 -0.1143287
-0.18253703 -0.2867932
-1.3536803 0.5331325
-0.16341864 1.1510385
0.47913525 0.5500902
-0.07257363 -0.4661594
0.071624994 0.8328979
0.0033793151 0.09570204
0.46993247 -0.73471117
0.7607111 0.42723078
-1.0387417 1.0038779
-0.16263673 0.5550024
-1.0365927 -0.6310581
-1.3019326 0.1531157
-0.54682875 0.7515012
-0.66633 -0.68867284
0.75814426 -1.0981963
0.12414476 0.52262497
1.6613878 0.95512366
0.5262579 -0.62358004
-0.015826821 -0.6491829
-0.45630956 -0.37694836
-0.5194198 0.2287751
1.7621988 0.41594064
0.105887204 0.8967297
1.1708616 -0.0533531
-0.76892686 0.37992662
-0.15494743 -0.56932724
-0.3250442 0.25308746
0.3372403 -0.49301678
-1.086735 1.1003886
-0.5735398 -0.86627877
-0.8191706 0.5290905
1.2979002 -0.6312344
-0.13872585 -0.21996905
0.9932108 0.32570994
0.45861188 1.3334194
-0.4112776 -0.6319486
0.58656883 -0.86234856
1.766816 -1.6956728
-0.51589227 0.37787765
-0.21581991 0.5592278
-1.0826528 0.41378152
-0.17672434 -0.81951547
0.65708125 0.11906551
0.7353641 -0.75587803
0.71368146 0.6552097
-1.7248323 -3.2682936
0.8042495 0.09575163
-0.5304506 -0.05079466
-0.55623305 1.7653613
0.75252116 -1.0596751
-0.52362704 0.5246869
1.1166326 0.5794421
1.762307 0.58952993
-0.64889157 0.41469216
0.692047 0.5397623
-0.050526038 1.2676835
3.5524302 -0.76092976
2.4315271 -0.67474914
-0.4288268 0.302472
-0.7494507 -0.56530476
0.1998812 0.5968347
1.0192521 -1.0592456
-0.052087307 0.4846586
0.1488963 1.331045
-0.07212888 0.58811194
0.03925976 0.97361684
1.4103729 -0.92502177
-0.3491523 0.4332952
0.7849518 0.36602265
0.55595446 -1.0858496
-0.21193832 0.10004793
0.432583 -0.24213703
-0.32369107 0.64060706
0.33644196 0.4976827
-0.45512283 1.2700355
1.128612 -0.22517268
-0.07312101 0.07491644
-0.40703052 0.33820027
0.06120485 -0.07780422
1.0746794 0.99069667
0.7365341 0.13796295
0.66779816 -0.2219999
-0.07823731 1.2110107
4.2121363 -0.14930189
1.9117182 -0.6563308
0.14590827 0.6555541
1.7123581 1.1164118
-0.9280945 -0.39310342
0.5498482 -0.536129
0.8608829 -0.6259645
-0.060771197 -0.67670274
1.2585726 -0.22889587
-0.51022893 0.5967836
0.7069948 -0.38572907
0.52175844 -0.038226515
0.83997905 -0.7121864
0.7780765 0.6168795
0.27718636 0.3211282
1.5435617 -0.23187146
0.6356822 -0.4498595
1.1685557 -1.0839
0.049927384 0.74141324
1.0620518 0.072242245
1.76993 -0.74718666
1.7612606 -0.9239455
-0.34197938 -0.1709263
-0.27607182 0.8371779
1.5295068 -0.8533821
0.49801478 0.35337567
2.255511 -0.8463907
-0.2982328 0.4366672
1.1788458 -0.014293045
0.6456944 0.77602196
0.28139362 0.3533792
1.5930238 0.20343836
2.080289 -0.09987345
0.1552144 -0.31837836
0.91837776 -0.43348557
-0.30734232 0.41186982
-0.24425574 1.2179904
-1.052939 -0.22131747
1.6142529 0.15055625
-0.21162039 0.8231211
-0.38013414 -0.55953336
1.1939441 -0.07879384
-0.7379807 -0.2869852
-0.11751433 -0.4653228
1.2532758 -1.367683
-0.088149294 -0.17184928
1.1204472 -0.26582658
-0.23653667 0.42058623
0.86773205 0.05260934
0.46756044 -0.26678985
0.79572976 0.5131729
0.5443599 -1.2942749
-0.3277729 1.4170096
0.3026227 1.0219291
2.4522405 -0.20399192
0.31506422 -0.17707074
2.867612 0.39321566
-0.51329327 0.52792937
-0.58206046 0.8165107
0.5895567 0.019659445
-0.06384091 -0.40031862
-1.2689114 0.45536804
3.1602027 -0.16315341
0.043016523 -0.95350623
1.1163421 -0.5944195
1.7295376 0.014945552
0.27216795 0.70117766
1.7564386 -1.0793127
2.379673 -0.30098012
1.3129088 -0.13473544
0.6028898 -0.875945
0.34185454 -0.32014376
0.91023827 -1.4539961
1.4537772 0.3016953
-0.26645094 -0.9769257
-0.49424005 0.720197
-0.41830826 -0.18380044
0.4651908 -0.39418942
0.54402494 -1.1679966
1.1433372 0.6402306
0.2599946 0.48951435
-0.34531686 0.83069944
-0.18351145 -0.3157908
0.057944775 0.9550334
0.16073734 -0.065040514
-0.5022344 -0.14008467
-0.085628435 0.8572309
0.16474453 -0.15021925
-0.6564065 0.7473875
0.8581687 -0.29982218
-1.619498 -0.57564974
0.42407712 1.0310458
1.0248973 0.24657135
-1.6938562 0.9480225
0.8903456 -0.0832033
0.8401694 -0.3529354
-0.59358424 0.81943154
-1.1143456 0.06841014
1.2996154 -0.22079092
1.094754 -0.5960494
0.4633619 -0.23650077
-0.74356425 0.26322943
-0.3183795 -0.4250759
0.14137626 0.84632134
1.8412129 0.21287005
2.0602121 -0.391388
1.1925222 -1.252781
0.33311865 -0.06788638
0.1544688 0.05731891
-0.89795303 0.29862505
0.16000384 -0.57958966
1.1355884 -1.1767229
0.35389903 0.27418458
2.2216046 -0.7824181
-1.1514454 -0.38263965
-1.7511166 -0.054100513
0.28513917 0.9195756
0.38485178 0.54476655
-0.690379 -0.68632525
-0.16785784 -0.023396268
0.6080935 0.44078267
0.32974556 -0.8205892
-0.12591884 -0.09677094
0.6077074 0.59651023
-0.2681105 0.67947334
-0.26979834 0.22636275
0.045455366 0.37290007
1.9140397 -0.5611079
0.89264405 -1.4113319
1.5168331 -0.3002833
-0.30942523 1.1400472
1.0096397 -0.47368562
-0.108802244 -0.4058357
-1.4253591 0.18172987
-1.1133747 -0.25847617
1.2369541 0.6093036
-0.61587656 -0.06861447
1.3871931 -0.73649234
-0.7159837 0.35885417
-0.014541641 1.5063369
-0.31876338 0.515002
-0.36633128 -0.65105087
0.75211465 1.3994982
-0.3146703 0.16647463
0.22107682 0.08410142
0.4396573 0.63737124
-0.04582995 0.8603052
0.8344275 -0.29292443
0.5657002 -0.421406
-0.034242734 -0.69989336
1.6616973 0.8731879
-0.38639623 -0.21596548
-0.34917974 -0.38231915
-0.920974 -0.7448031
0.59129834 -1.0060126
0.2596492 -1.2053919
0.22376245 0.50190604
0.7212496 -0.5581545
0.012961775 0.24724604
-1.3642269 0.7493956
1.1295651 -0.29845345
0.89226544 0.4803182
1.5578083 -0.021272644
0.856905 -2.3578212
-0.292984 -0.7701941
2.2103438 0.42349893
0.20516041 1.4486871
1.5403605 -0.97417873
-1.0968604 0.23969905
1.4183269 -1.3948293
0.55160904 0.37468123
-0.9021641 0.8368186
3.0208125 -0.07513924
-0.06556009 0.7511383
-0.81381357 0.881747
-1.1436578 0.7387856
-0.01969409 1.8165798
0.6916895 -0.5916775
-0.3795039 1.2747995
-1.1214991 -0.180367
0.14895138 0.8167355
-0.34198326 0.00031733513
-0.1197578 0.37765926
0.80881417 -0.27869484
-0.2807763 0.40675473
0.012372017 0.81213796
1.4758842 -0.58995163
-0.69361234 -0.1741358
1.047558 -0.77384835
1.8614949 0.4179948
-1.0393682 1.203924
-0.29178923 0.9965085
-0.2343689 -0.04170634
-1.2740234 -0.44708514
-0.27159992 -0.43418944
0.060628176 0.004995391
-0.3379192 -0.061036155
0.62713957 -0.28368646
-0.07865594 0.22201256
1.3370895 -2.3654187
0.01296562 0.39148325
-0.79273987 -0.82371736
0.07290134 -0.6510224
-0.37511733 0.6139137
0.96789753 0.8435259
-0.81392217 -1.2797424
-0.6138123 0.6375334
-1.1951737 0.93543994
-0.95245147 -0.30400074
0.1283445 -1.1348889
-0.9981009 0.25449526
-1.1417619 0.4695875
1.8860284 -0.5197704
-0.8032198 -0.6838863
-0.9429784 0.91020656
-0.43785924 0.28836673
-0.47891927 0.40831316
0.7486633 -0.9135031
-0.21287784 0.42678982
-0.73515666 -0.19641508
1.5521586 0.2246459
-0.41839826 0.04884787
0.96979547 1.2568891
-0.19007179 -0.55129075
-0.16877747 -0.21847478
0.5232233 0.17473142
-0.47812057 0.49483317
0.86243474 -0.62773126
-0.08173972 0.018949226
-1.6108676 0.3188923
0.9917034 0.727136
0.18916512 -1.0502356
-1.1359013 0.48227072
0.5742047 0.590664
1.0415568 -0.10945146
1.3126911 0.5210665
1.819287 -0.3577715
0.17729217 -0.8232545
-0.6205924 -0.0014007539
0.33222893 -0.32973924
0.033023417 0.098726615
-0.25291917 1.2283937
0.052221864 0.97410226
0.29534307 -0.26241532
1.044738 -0.6134434
0.034831524 -0.83211625
-0.8428098 0.1762584
-1.0728725 0.38804686
0.8673185 -0.29987457
0.10291389 0.027327552
1.5449388 -0.40068555
0.7203183 0.63878864
-1.5826703 0.33371282
0.24476531 0.244491
-0.74749243 -0.33107287
-0.004113227 0.7920629
0.20510226 -0.7009155
-0.03234476 0.26276857
-0.2813435 -0.7322019
0.309656 0.84032214
1.0343258 -0.4251889
1.3526351 -0.48232156
-0.36885178 -0.0039196163
0.1084066 0.3245449
-0.8083205 0.622269
-0.94134843 -0.1494796
0.8704742 0.860265
-0.36523816 1.0011042
-1.4048114 0.5549477
0.5730134 -0.053150788
1.0184945 0.73498565
0.2575741 -0.278778
-0.48797485 0.70611954
-0.6436204 -1.0643158
-0.70187736 0.27187657
-0.18857504 1.1072865
0.43860713 -0.46269488
1.3917016 0.25706333
0.3241926 -0.4810505
0.7168485 0.106190994
1.0558186 -1.2604274
-0.50891554 0.23966102
0.93755436 -0.4945711
-0.05976045 -0.21215935
-1.0084498 -0.061901003
1.1659224 -0.8531395
0.26108298 0.13990815
1.4368049 -1.9765738
0.86229265 -1.1861837
-0.7431668 -0.011128262
-0.11956583 -0.1440321
1.8510808 -0.8093646
1.56377 -0.12037279
2.375575 0.25465202
0.80859256 0.29178023
-0.08273275 0.0048595965
0.18400556 0.24384059
-0.98637426 -2.1220245
1.6484752 -0.6382406
-0.5332563 0.569991
-1.1728833 -0.07994363
0.011134535 0.0055079013
0.33502474 0.47768003
-0.21009167 -0.17190394
0.37457302 0.6188232
-1.2501608 0.8978337
0.3144457 0.819674
-0.9609858 1.0077691
-0.27718604 -0.28369722
-0.7984725 1.4471056
-0.6412463 0.043052807
-0.29477233 -1.1337775
0.088030726 0.81333315
-0.2007525 0.39483178
0.3865759 0.8737918
0.47253552 -0.6908743
0.6548226 0.66097176
0.9576756 -1.4730338
0.0017883182 0.059337452
1.5882472 -0.664777
0.96010244 0.76125383
-0.16090086 0.71980083
1.6448417 -0.63442904
-0.6921464 0.5303685
-0.056329235 -0.14314345
-1.4119414 -0.18563686
0.88814473 -0.70955276
0.70536125 -0.107706696
1.6208398 0.35995626
0.9135045 -0.8335186
0.2584233 -0.35073805
-0.46023765 1.5956104
-1.2875515 0.497734
0.87108755 0.19416983
-0.3036728 1.0017129
0.53159666 0.440103
-0.2944752 -0.6175589
0.3558369 0.23490067
1.9703966 -0.6107215
1.1354953 -0.29602334
1.5270135 -0.7494008
0.23218316 0.187806
0.19554266 -0.12275587
-0.90615785 -0.7106206
0.44265625 0.01607491
0.51816845 1.2615079
-1.5662245 -1.0062702
1.2735723 -1.2768041
0.7803793 1.030874
-0.8936026 0.21498089
1.1797526 -0.085778326
-0.26148042 -0.081937164
0.5534831 -0.3141802
-1.9151999 -0.1274246
-0.042356864 0.6036325
0.27895924 0.34250832
0.02775982 -0.38946134
-0.10378434 -1.2459223
0.10472509 0.39656436
0.80369925 -0.31332192
-0.06103699 -0.16374049
0.91917515 -0.7023872
1.3456013 0.19248073
1.4620957 -0.28107888
-0.8046863 -0.95345926
0.5823438 1.9442062
1.6782808 -0.010851756
-0.4057454 0.44911295
-0.18131223 1.1848408
0.31548992 -0.64157206
0.08983809 -0.6776835
0.64879346 1.0658635
0.7224965 -0.010784447
-0.5556148 1.3454895
0.19934705 -0.08179198
0.46214244 0.3763234
1.216051 0.55100185
-0.5588024 2.1659355
0.004825592 0.51503164
0.65457857 -0.33282745
-0.27037746 1.3736897
0.23650423 -0.40540278
0.70324016 1.1718353
0.8594942 -0.37109315
0.0709348 -0.6914914
-0.09560247 0.38230026
0.32584962 -0.6195553
-0.5687402 0.75400484
0.3570259 0.49200112
-0.3067879 -0.57085603
-0.006606996 -0.15586598
0.52401614 0.72082883
0.39639774 -0.7286366
-2.1645446 -1.3072798
0.9446521 -0.77865595
1.7992829 1.4757679
0.23362723 0.7246317
0.58523464 0.7891501
1.0531032 -0.3587101
-0.6146728 0.6937762
0.946156 -1.291483
-0.09287779 0.031877384
-0.34157723 -0.14905295
1.6188666 0.3188101
0.011984378 -0.9574705
-0.92153144 0.4763466
1.1795684 -0.20603533
0.5064906 -0.023773685
-0.06914246 -0.2520673
1.2991674 -0.29082793
-0.11490145 -0.08169614
0.19829366 0.65436774
-1.2877988 -0.04659
-2.516697 0.59664685
1.1869676 -1.2907583
-1.0692143 -0.07404077
-0.17246312 0.19994538
1.5287083 1.0760432
-0.953699 0.20668717
1.6526248 0.86875
-0.071599424 0.20996244
-1.3284117 -0.6281794
0.59304297 0.042445555
-0.7134545 0.89294887
0.17767909 -0.019319162
2.4930785 -1.0553714
1.3793207 -1.0448058
-0.41385868 -0.4271881
-0.47565734 0.5207368
1.2327158 -1.0922971
-0.28998435 0.11614059
1.0415167 -0.8147745
-0.92524457 0.51078194
0.6280886 -0.21811096
-0.42855388 0.8866973
-0.50386155 0.9789729
0.32589695 -0.65274173
-0.5482646 0.852178
-0.21826944 0.13773139
1.5981921 1.0122333
1.7412156 -0.5514799
0.4356999 -0.9634653
-0.31044814 0.46348256
1.5044618 -0.5990185
0.23640925 0.038118765
1.0436721 0.9109595
0.45413396 0.65722215
1.0229697 -0.061565503
1.9663528 -1.0355437
-0.26996607 -0.2449471
2.1450639 0.602094
-0.45615864 -0.8770552
1.9193112 -0.7613027
1.3370993 -1.0162156
-0.43856615 0.46498787
1.3756323 -0.9866332
-0.34799927 0.6306632
0.13834473 0.6615602
0.8141688 -0.99346167
-0.29427823 0.80130315
0.37691984 0.6872019
-0.8533981 0.49945986
2.0554698 -1.6632621
-0.043853655 0.24962951
-0.54825854 -0.042659447
0.0932219 -1.3873875
0.629508 0.72646207
-1.5209986 0.67779285
1.5247037 0.00396131
-0.35550892 0.12357481
1.0498782 -0.11650451
2.1181405 -0.39992523
0.0071303844 -0.35790727
-1.2953604 0.2581175
0.46526334 1.7672777e-05
2.196394 -0.26678875
-0.73708284 0.5618114
-1.5626671 0.98428476
-1.7228295 -0.54053307
1.1788117 -0.011775941
0.7072557 0.13619687
-0.18956088 1.5017987
1.9572924 -1.4017808
-0.08822143 0.7500694
0.112970024 0.10259168
0.083370894 0.9785545
-0.7245629 0.61853755
0.21553606 0.49961925
-0.0037488937 0.82026446
-0.16283354 -0.4362685
0.5313184 1.6715829
-0.48292506 -0.0018604249
1.6957908 0.06552844
0.7985097 -0.47743183
-0.5425792 -0.59087914
-0.2308556 0.25428212
0.29303864 -0.17131226
1.220523 -0.40915257
-0.72036994 0.74203265
-1.2331375 -0.48604798
0.78175414 0.44163632
-1.11695 0.23459165
-0.13822563 1.4436759
-0.6534977 -0.48771214
0.08818811 -0.16518588
2.2687476 -0.6045954
-0.97731626 -0.2540651
-0.10506959 -0.2721454
-0.069335505 0.551017
0.53351355 1.069731
-0.08256923 0.68375796
0.31247464 -0.016934827
-0.45842186 0.21683891
-0.7091056 1.1072687
0.86014867 1.2838348
0.36904553 -1.0901746
0.046808213 0.39173388
0.14075407 -0.49446535
2.652274 1.1199788
-1.0240071 1.2557405
-1.038914 0.5533414
-0.6075677 -0.7016608
2.3110976 -0.46599013
0.23795849 -0.7689507
1.2957901 -1.6710603
0.5380192 0.20747487
0.15645897 0.03822173
-0.9741378 0.72383624
0.009443104 0.58844113
-0.37101936 -0.07529606
0.3678992 0.9081342
-1.1375287 0.44165874
0.04439473 -0.28999418
2.0855289 0.54510534
-0.6880927 0.6854214
1.0736784 -1.3689817
-0.4932722 -0.058822125
-0.5659256 0.59867865
0.6276653 -0.107471585
1.4685454 0.37019193
2.1066606 -0.96221536
0.4378349 -0.23031
-0.74376786 -0.22890967
0.3875408 0.83875275
-0.79693437 -0.09477639
0.572894 -0.32759708
0.96044934 0.25627655
-0.52616304 0.0908428
-0.02342783 0.3430829
1.0400546 -0.5238309
1.2385817 -0.15666679
-1.4692544 1.7415633
-0.50894904 1.3122996
0.34115914 0.5940359
0.74304616 0.34536064
-0.42129055 0.3782956
-0.635958 0.5810514
0.26751462 -0.1890194
0.99183774 0.040372267
1.3120074 1.0438253
-1.999202 0.6397242
-0.9740361 0.7353709
0.63826585 0.19467641
-0.520538 0.15955375
0.14380604 0.18072738
0.7751187 0.29650235
1.1764318 -0.5849773
-0.23271078 0.56542116
0.038012207 1.4340131
-0.56971914 1.1594378
-0.9423753 0.68343365
0.051394403 0.51520556
-0.521338 1.3318324
-0.3077451 0.3575551
-0.32756242 0.9008604
0.21434173 -0.77474165
0.44821373 0.4982832
0.45549473 -0.58713883
0.51659966 0.42763293
-1.224381 -1.2921445
-0.27960834 0.6546907
-0.30647668 0.28698123
0.33581015 0.078182414
1.6331639 -0.76023674
0.32613996 -0.31208384
-1.1684506 0.25258917
-1.3668696 0.21837144
0.24475616 1.2588667
-0.08160472 -0.39190271
0.6704 -0.45418876
-0.17295492 -0.34399664
-0.5661706 1.6654723
0.9415411 0.07495563
-1.3743999 0.009658188
-0.26410034 0.5244562
0.20759267 0.70908207
1.5165355 0.3885607
1.5807108 -0.6502387
2.2364657 0.2352864
-0.4291447 0.04732983
-1.2305313 0.81349564
-0.32339162 0.36379242
1.0846792 -0.122090094
1.2256557 0.17085125
-0.6838079 -0.24837002
1.037437 0.7910708
-0.79271424 0.57912946
0.24051845 -0.7918717
-0.46637386 -1.0546526
0.1869851 -0.9242453
0.87536025 1.1494427
-0.89678276 -1.4755836
2.487887 0.14107482
-1.6538296 -0.72352964
-0.40892228 0.44976366
-0.5172148 0.49911755
0.47148064 -2.6717494
0.28810635 0.48330897
0.85467684 0.5495788
-0.69793105 -0.8377179
0.9983386 0.061508164
-0.60811436 1.3966216
-0.71246886 0.25599134
0.051514983 0.22711767
0.06512073 0.26966393
0.085578114 -0.15594307
-0.2579095 -0.4827639
0.25791594 -0.18442057
0.27099493 -0.88249946
-0.112278536 0.5454735
0.45340887 -0.658292
1.1916301 -0.91683066
2.63562 -0.2792654
-1.1523488 -0.99433374
-0.81552315 -0.2507455
1.998619 -0.31241035
-0.51408285 -0.600173
0.725906 0.960354
-0.88496244 0.15311731
0.31833312 0.7480986
0.15535226 0.1943223
1.1414173 -0.9135495
-1.4035755 0.4793095
1.5364791 -1.0107869
-0.92489934 0.015799567
-0.83787465 1.0041496
0.267262 -0.18469766
-1.4131854 0.67009705
1.0209754 0.26976877
0.38553116 -0.25920436
-0.591877 -0.26396742
0.51128304 -0.019645393
1.1627232 0.075477704
-0.6237407 -0.98804426
0.65749776 -0.16771212
0.16512072 0.094478324
-0.9547105 0.2502699
-1.1975304 0.1427495
1.7194114 0.08984597
1.5550512 -0.409854
-0.21625996 -0.052113384
-0.013852909 0.87540734
0.10689974 -0.28237206
-0.4786883 0.46825773
-0.1530471 0.45224267
1.7500128 -1.2826887
0.3042296 0.3504054
-0.23777883 0.23633917
-0.391271 1.1540025
-2.192711 0.5420118
-0.24761751 1.1605539
-0.61767477 -0.08846399
0.42615238 0.030377343
0.6242912 0.64729124
0.49994257 -0.8431727
0.4187213 0.104111865
0.21143809 -1.3023125
1.4308704 -0.19791642
-0.15371549 0.42255056
-0.31879914 0.3812651
0.08486965 0.44874948
-0.90184903 -1.4725037
0.08964956 -0.34831032
0.10255045 0.44186884
-0.45932347 0.11532815
-0.9320501 0.38308412
0.14921984 -0.3985132
0.38427046 0.8816128
0.5086459 -0.002564311
1.8392226 -1.1000147
-0.23874813 -0.9721661
-0.0088903755 -0.7705617
-0.11637449 0.017984852
0.8343382 0.14409192
0.54462934 0.047495887
0.78232765 -0.9241317
-0.03181018 0.53576773
-0.06169164 0.8675946
0.22313508 -0.7536712
0.45043102 -0.5959174
-1.2628016 0.36514765
-0.9710088 -0.07031064
0.5647826 -0.14587775
0.57580817 0.30668944
-0.2166948 0.6480804
2.0267086 -0.55757034
-0.40341517 1.2558393
-0.2854562 0.21281134
0.30643907 -0.011768326
1.1907833 -0.7648489
0.6728405 -0.28277504
-0.46121347 0.4597978
-0.025277495 -0.6902647
-0.20219767 0.436446
0.19854599 0.65653306
-1.7351439 -0.49200803
2.636068 -0.8751403
-1.1011866 0.6946373
0.010838985 0.55195624
0.11400142 -0.672067
-0.3670948 0.0893686
0.82721853 -0.9312009
-0.2297197 0.15604053
1.4580735 -1.2561202
-1.0253589 -1.1467774
0.21143079 0.025096312
-1.0156649 1.143871
0.042166233 0.12585641
0.14657837 1.2531859
-0.7495433 0.14950193
-0.49019122 0.61756045
0.57889414 -0.07727282
-0.011823624 -1.8146381
0.8015907 -0.011459991
1.1714895 1.7935665
-1.1934125 0.084594056
-0.033384472 -0.05000046
-0.5559665 -0.4119016
0.48713377 0.47201312
0.52332735 1.2947247
-0.637584 0.69957507
-0.5910245 0.28754115
-0.6927166 0.45581114
0.26377013 0.9656451
0.611593 -0.18610626
-0.1938127 -0.069832444
0.8035829 -0.45030802
1.7964832 -1.3327192
1.2906545 -0.064095184
0.41350302 0.33674753
-0.17758322 -0.16500458
0.71162605 -1.6193304
0.9031378 0.30020708
0.566496 -0.324179
0.20115152 -0.24905542
-0.08941077 0.957968
-1.2474555 -0.82840574
1.1730103 -1.1429363
-0.63938165 -0.19728334
1.0500729 -0.5352109
1.294975 1.3365475
-1.3401463 0.61171335
0.50743306 -0.4870357
-0.22999354 -0.54956853
0.9971595 -0.25501028
0.4592531 -0.33280477
-0.35876325 -0.22388954
-0.35823607 0.12681578
0.016239762 -0.045206413
0.3219191 1.0398389
1.3136784 -0.1993435
1.3265642 -0.48544002
-0.13976157 0.1750475
-1.1302679 -1.0105299
-0.32595304 0.1682881
0.42382768 0.07415213
-0.31570005 0.03174965
0.40632972 0.71941584
-1.3148323 0.0777318
1.1086522 0.20438115
-0.07219295 -0.099882245
0.45258126 -0.694595
1.2655655 1.0451549
1.3890187 0.81275547
-0.36640865 0.64932245
1.1711258 -0.0753831
-0.7676487 0.15032394
-0.95931304 0.795635
0.26532432 -0.49685603
0.52437437 -0.2214278
-0.79099834 0.2649806
0.3059211 -0.5028287
0.7952641 0.7355428
0.51213574 0.12205361
-0.43912217 0.7833067
-0.3129891 0.27362216
1.5256846 -0.64672244
-0.79159987 1.3793269
1.118068 0.24022801
0.79272413 -1.089964
0.88052714 0.45645046
0.8800446 -1.3771805
-0.12011893 0.3375755
-0.36217514 0.8434653
-0.18038413 0.42192715
0.2644547 0.7439354
0.61455595 0.4154027
0.59718513 0.058480754
-0.027355388 0.15028234
-0.2137664 0.4538998
1.1477588 -0.46151745
1.5899833 -0.5488445
0.84485614 -0.25208652
0.6365781 -0.35181198
0.58496714 0.19221084
-0.33766496 0.50283074
-0.008186147 0.27308118
-1.2889814 0.83380044
-0.13766131 0.63758224
-0.5554439 0.21570061
1.5508257 -0.5389363
0.29048726 1.213132
0.35535583 -0.81705767
-1.0215864 -0.6189768
-0.63082683 1.1160413
0.5005443 0.061632052
0.42830923 -0.57480496
1.9381009 -0.10108815
-1.1770068 -1.5214856
-0.91441584 0.35921234
0.13431245 0.075488105
0.4913248 -0.5132135
0.37182888 0.16438244
1.5474671 -0.8155815
0.9613347 0.18395634
1.2669579 0.6737708
0.61411154 -0.7976564
1.9425904 -0.025515065
0.5481787 0.12832053
0.990011 -0.8367399
1.7814473 -0.31240872
0.28601655 0.28932852
-0.17284693 0.6511722
-0.8908038 0.004995227
0.47306463 -0.8079373
-0.010493383 0.8376299
0.26757446 1.0695033
-0.22792198 -0.5118319
0.81973076 0.14352311
-0.3039535 -0.10758591
0.14650673 0.8077514
-1.4214017 0.42639887
1.5350351 -0.1293405
1.5636777 1.0904928
0.14223742 -0.8265382
-0.32853752 1.0675774
0.88745534 0.69220686
-1.34516 0.32721055
1.6718608 -0.5011221
-1.1629611 0.38145125
0.6835346 -0.6222829
1.449895 0.95411575
1.2998122 0.22810985
-0.34324598 -0.06612739
0.041074276 1.569361
1.8048681 -1.2415036
-0.2164445 0.27832693
-0.12699258 1.0324478
0.6894232 -0.99563444
1.7755452 0.7275379
1.0424685 -1.185786
0.02140513 0.7946458
-0.91704094 0.23726346
-0.3756054 1.0436468
0.3684965 0.37353337
-0.3739257 0.5437034
-0.8116596 0.002062872
-0.2311034 -0.101675764
1.2914271 -0.70753074
-0.51087785 -0.6024217
-2.0039668 0.5415853
1.5533552 -0.7006646
-0.15490891 0.9607171
-0.958104 0.36664438
-0.63093144 -0.615417
-0.44232056 0.7122361
-0.5337672 -0.093995675
0.19664428 1.4586922
0.72827625 -0.09518488
0.705547 0.2314757
-0.28363857 1.1719345
1.2372657 0.26197124
0.4056011 1.0608658
0.7954489 1.4531286
-0.5895854 0.67583054
0.8009013 0.77263904
0.112858355 0.8261905
-1.8134639 -0.59330994
-0.52627 -0.0142584
0.75091803 1.3800209
-0.14343584 -0.1184235
-0.7187355 0.39541298
-0.7015718 -0.12058237
-0.24382435 0.9703517
0.04461649 0.42429435
2.1800354 0.097594514
-0.8104918 -0.034596503
0.6514131 0.3590592
-0.56700385 -0.23080301
0.24168453 -0.9777006
0.7820567 -0.54843235
-1.1288126 -0.019790843
-0.30215892 0.33178365
-0.40826637 1.1739268
0.9058603 -0.34872472
0.20841455 1.3800575
-0.1695668 0.50385356
0.26188102 -1.0847311
0.8622719 -0.12561932
1.3721657 -0.37502867
-0.32714367 0.16588192
1.4254004 -0.33561757
-0.13963902 -0.36702824
-0.66523254 0.7147277
-0.089708105 0.36447167
0.5889046 0.090959296
-0.6530671 0.41620392
-0.24396402 -0.14050832
-0.33927906 -1.8114176
1.4092859 -0.7315155
-0.28723538 1.1412904
0.6440114 0.23168765
0.6860782 -0.2281309
0.35372707 0.0538754
-1.262224 -1.2397528
1.2272277 -0.43764323
1.620314 -1.2297457
0.91717935 -1.2983669
0.25452045 0.67802244
-0.2862349 -0.58006096
1.025327 0.5385353
-0.45799094 0.7490144
2.126772 -1.3731749
-1.1776855 0.7117127
0.6598064 -0.29502136
0.4893047 0.0379494
0.76189256 -0.6681922
-0.4816416 -0.43256766
-0.1635526 0.27701634
-0.49227136 0.5633619
-1.0829564 -0.20098472
-1.0861659 -0.6291075
0.79728985 0.6056519
2.5848167 -0.50760263
0.43814805 0.6806425
-0.3937077 0.7543214
0.4793177 0.6008201
-0.0770928 0.40856737
0.13834724 0.40444142
1.98571 0.46735668
1.783028 0.67223155
2.4447994 -0.7456856
0.5307926 -1.2725687
-0.936545 0.30611914
0.09396678 0.7793791
0.3791308 0.60014683
0.51931906 -0.56104064
0.4543285 1.3839167
0.16486332 0.31585586
-1.1218022 0.792812
0.9259094 -0.86164474
0.6739416 0.3996616
-1.5978384 -0.6556518
-0.72240555 -0.981405
-0.1803491 -0.3552938
2.1115386 -1.3069931
0.39180848 -0.8037635
0.47464374 -0.20367622
-1.6735677 -0.73710525
0.12649149 0.9770472
1.0685313 -0.032843694
-2.6635184 -0.70781666
0.51650226 -0.7927013
1.1056795 0.8666346
0.37334487 0.55999565
0.29827157 0.72239727
-0.08840735 0.71640784
2.4278946 -0.66738373
-1.2895378 -0.49647146
1.0776631 1.0656381
0.13726658 -0.016920581
-0.371001 1.0731238
0.51005316 -0.5621798
2.1745415 2.0139034
-0.32681283 0.6036854
1.188253 -0.5702094
-0.122162715 -0.45300925
0.32549247 0.24351095
1.4584311 -1.5262977
-0.23490606 -0.49407327
-0.1122673 -0.24962127
0.27192166 0.055750355
-0.22421485 0.45401633
-1.1358378 0.48029697
0.15689856 0.726803
1.6612335 0.004941717
1.5602099 0.067856655
-0.46277976 0.35920054
-0.7221961 -0.47208396
-0.1322061 0.39031357
-1.2348442 -0.217093
0.74073744 -0.9909916
-0.6725807 0.8570659
1.7110165 -1.2013022
-0.57911193 1.1028444
1.6080384 -0.9398049
0.69890237 -0.11411312
2.231955 -1.5085869
-0.17555931 0.8557701
0.51581633 -0.74263304
-1.6591457 -1.1617135
0.18019274 0.930249
-0.63119483 -0.42840785
0.2266621 -0.20453648
-1.9554389 0.21846081
-0.23734044 1.1783102
-0.61049426 0.4672392
1.1411712 -1.6909076
1.3270755 -0.1272043
1.8999244 0.36158532
0.006408274 -0.067062646
1.3795779 -1.2776842
1.2296242 -0.039793253
-0.43776757 0.7749096
-0.09834547 0.40773755
0.77443755 0.6827914
0.33115843 0.0038342923
0.39990345 1.4004378
-0.87533617 1.047244
-0.4266646 1.0233063
0.2690464 0.22353707
2.4805837 0.14234649
-0.27686337 0.74409187
-1.1142039 0.08798964
-1.0403868 0.68468446
0.12475526 -0.6723133
0.46931043 0.5921583
1.8522984 0.7346724
-0.86385167 0.9356848
0.5419686 0.43557775
-0.37888673 0.4897427
-0.5679436 -0.023999333
-0.437405 0.00541389
0.22662011 0.32857674
0.07343152 -0.5621843
-0.5815302 0.8569263
-0.21257044 0.72456914
-0.720873 0.27083826
0.76433337 -0.041221395
0.6947001 -0.3016963
0.34069094 -0.007970512
2.0163572 -0.5846367
0.30778918 -0.10710409
0.6816155 -0.3677749
-0.21370181 0.6378902
-0.06877868 0.3745098
0.10431117 0.33308125
-0.60183644 1.151037
1.2048272 0.4461252
-0.30376562 0.81280196
0.60279846 -0.33423102
0.7239871 -0.2355562
0.8535683 -0.4606872
-0.093373895 -0.4727012
1.4416342 -1.0244684
-1.0039175 -0.16769177
-0.8308997 0.50371945
0.48984775 0.78803444
-0.91979563 -0.31692362
-0.5335456 0.14064072
-0.6136959 0.35574216
0.8119383 0.13377048
-0.6319686 0.1872568
0.21300453 0.69368196
0.27456352 -0.17891872
-0.95714414 -0.5026658
-0.51799345 0.81913745
0.55448985 0.49180812
-1.6609509 0.11019139
0.11961037 0.70796335
0.96263576 0.22537445
-0.6368395 -0.33830345
-0.48103234 0.39754033
-0.8724489 0.7964754
1.9773213 -0.29171374
2.1519153 -0.48277324
0.25899693 0.8275745
-0.5116802 0.9358802
-0.65689576 1.1123301
-1.3438778 0.20140915
0.6813246 -0.20669605
-0.63556784 0.3143521
0.07954493 -0.04736726
-0.15744603 -0.314715
-0.635393 0.7255499
0.6233556 1.2299193
1.5541823 0.72359043
0.4224905 0.4285888
1.722879 -0.55413467
0.58169425 -0.37434494
-0.13506669 0.60262614
-1.1692395 0.16642965
-0.40998557 -0.33338886
0.47684303 0.28156316
0.4514564 -0.061074197
1.084018 0.40909278
-0.7395743 1.1014551
0.7249707 0.15291072
-0.048828796 -0.062480867
-0.9322922 1.3301218
0.28920856 0.13149036
-0.8411219 0.013012186
2.7764013 -0.53589225
0.32047 -0.36955464
-0.14221004 0.11006199
1.0002304 0.42604893
-0.42495796 1.0860039
0.36784133 0.56329525
-0.17218813 0.50513
0.12408155 0.30872703
-1.1160767 0.49748516
0.007275611 0.27239025
-0.29484576 1.3147883
2.8017254 -0.11439136
-1.415791 0.3279618
0.7214663 0.17011316
0.5117866 -0.33996335
-0.15371838 0.8157809
-0.20491505 1.0799017
-0.0052375346 0.21361835
0.13863844 -0.021662146
-1.1197274 -0.049117282
-0.37720966 1.8068655
0.23145914 -0.5689996
1.1923585 0.22922166
0.082393706 0.4367348
0.49490675 0.18408327
-0.3944704 -0.0135679245
-0.9674485 -0.2064609
0.33329973 0.8107395
0.34857962 -0.9374708
0.71963215 -0.44872046
0.7455703 0.44489372
0.50252223 0.039141938
0.3746902 -0.45627785
0.90676296 0.9164839
1.4857217 -0.80746305
-0.9304774 -0.2169982
0.37969276 0.17508589
0.6119076 -0.665592
0.14142802 0.813624
-0.25072148 0.6705454
1.3353044 -0.46896952
1.2894222 -0.13970228
0.21689051 -0.053282738
-2.1681309 0.473503
0.23623222 1.338474
-0.1498104 0.44745928
-0.6357912 0.054422215
-1.0039636 0.47623956
1.1487057 0.2963043
0.6171795 -0.09875673
0.04944876 0.34651005
0.9541851 0.09491722
-0.19253172 0.8033533
-0.5982342 1.5770414
-0.25381508 -0.19969222
-0.7787144 0.31807
1.1995624 -1.194707
0.5871427 -0.6423239
-0.34832048 0.38164014
0.70122015 0.19371332
1.3161407 -0.92158633
-0.96912825 1.0368794
1.830336 -0.49945056
-1.0221078 -0.3110974
0.22622174 -0.7968248
1.2059684 0.46112466
-0.1963892 0.4062578
0.776404 0.001169458
1.1937917 -0.99469054
-0.3215195 -0.3184034
-0.58709276 1.5526614
0.46105048 -0.1288709
0.8118868 -1.022342
-0.4423199 0.6402491
-0.77791893 -1.3305165
0.28980395 -0.077205926
0.18568555 -0.83443993
-0.4854088 -0.47828168
-0.008793592 -0.72469795
1.660522 -0.009369388
-1.2075858 0.23678742
-0.3319628 0.20783813
2.3792238 -0.020266786
0.29480645 1.1456566
0.09745574 -0.093318224
-0.443518 -0.4430818
1.2529436 0.113083914
1.9547781 0.68912745
-0.64400876 -0.110870466
0.47929797 0.31759888
0.68533456 -0.8047778
-1.1235969 1.2260144
0.20628402 -1.6313205
-0.20102195 0.6867218
0.77609134 0.0017997772
-0.15879354 0.74373484
0.19044554 -0.9943593
1.7860194 -0.47259146
0.448387 0.09385006
0.7819551 -0.22282329
1.1357957 0.71680635
0.9484775 -0.6418486
0.7236421 1.1213573
1.2547446 -0.28291517
1.6620139 0.034477964
0.09048626 0.09527178
-0.19844598 0.07079704
0.0296852 0.3404947
0.4571254 0.21190257
0.27131584 0.11889742
0.4177132 -0.88409543
-0.45070177 -0.3747447
-0.33848882 0.42944777
-0.2246603 1.5547125
0.29679635 0.93399966
-0.8247261 0.22540824
-0.15175816 0.7240051
0.40624657 0.44442928
-0.17291982 0.028730944
-0.19320509 -0.6583415
-2.1073234 0.20524506
0.31932876 1.4250681
-0.4673803 0.31926018
1.2685193 -0.2980115
1.1390008 0.16509812
-0.27673504 0.14277838
-0.848459 -0.06177394
1.871344 -1.1592052
0.72037756 0.22939436
0.52921915 0.14063157
0.41089067 0.96673906
1.1386913 0.8195981
-0.25636455 0.35131705
-0.1483651 -0.27356493
-1.0141504 1.2880539
0.36397168 -0.21319823
-0.18800974 -0.5295396
-0.14880785 -0.18204626
-0.04426846 -0.54243714
-0.023092404 0.6009505
-0.40787077 0.78125846
0.4735072 -0.7076172
0.3162965 0.1493579
-1.872064 0.12553583
-0.95456743 0.6067969
-0.118088156 0.19976763
0.27128968 -0.172756
0.63163686 0.109164044
0.45244464 0.56675416
-0.43708497 -0.4260404
-1.5603272 0.664234
1.3900137 0.20042731
-0.06738402 0.33040452
1.1906649 -1.6052352
0.09752157 1.0913651
-0.18173075 -0.0942619
0.76963115 0.17803167
-0.16174187 0.49373442
0.8389975 0.2546646
-0.6586492 0.29203802
0.6066891 0.18501668
0.21612632 0.10050832
-0.15755178 0.41389513
-0.9113945 0.8163279
-0.47083265 1.0027307
-0.14890936 0.5839347
-0.73612714 0.17232053
-0.30606154 1.0075456
-0.01968743 0.7946824
-1.1736115 0.32970428
1.2271526 -0.45795983
0.2716603 -0.25938493
-0.24027444 0.1350062
-0.17706743 1.0811068
0.0029776394 -0.22576407
-0.5969062 1.1998202
0.9260013 -0.6227369
1.1776174 -0.38634807
-0.3206644 -0.36070862
0.4132764 0.64193535
1.1075704 -0.48818025
1.7208025 -0.21152824
-0.86315215 0.15637936
-1.2492305 0.6339324
-1.0402493 0.049838886
0.5203067 0.23146783
0.97319496 0.5896204
-1.4893246 0.5807153
2.2149744 -0.029666588
-0.8363768 0.36646682
1.8324026 -0.20883635
1.1289247 0.037791565
2.1633065 1.8370869
0.2106305 -0.33216068
-1.5976148 -0.042990163
0.01595226 1.2365329
0.7020774 -0.2528643
-0.008674979 0.5402083
0.0427334 -0.27651307
0.9800241 -0.22934838
0.41493484 0.057002857
1.5667269 -0.41679806
-0.02108191 -0.96159804
-0.7756094 0.14892407
0.5002358 -0.60465336
1.3654222 -0.110048965
0.94190824 0.07634966
0.6374122 -0.8974015
0.92335665 -0.7762888
0.6304343 0.061933234
-0.07592009 0.763886
-0.69954056 0.20588045
-0.022615358 -0.6033823
-0.4191726 0.2862118
-0.4159202 1.353572
-0.87115943 1.4088486
0.30984107 0.26325417
0.9902345 0.28155756
0.22369683 0.8060677
-0.088642344 -0.5619305
0.5258422 0.53518945
-0.5905471 0.9769622
1.1471894 0.6275887
0.91089284 -0.5287234
1.2529682 -0.88779634
-0.36292875 -0.15627785
0.7696159 -0.44170505
-0.36312404 -0.26428255
0.62465274 0.091282085
-0.1302835 -0.15072408
0.48173693 0.9370389
-0.8405751 0.69274026
0.7188964 -0.2307765
0.215765 0.80205417
0.6687139 0.566336
-0.1878073 0.5731495
0.47380945 0.6043525
-0.426659 -0.44395596
0.3603731 -0.6770215
1.1078724 0.08138685
-0.7463487 0.16935433
0.53194296 1.1197605
0.22629333 0.48997813
0.42342934 0.41981262
0.032678217 -0.31646007
-1.2204745 -0.9155343
0.13481283 0.10412498
0.26960942 -0.6727195
1.5438504 -0.55772936
0.21808466 0.01700522
1.4822441 -0.32309705
0.14693037 0.023261353
0.3456891 0.2944184
-0.33370745 -0.053816617
0.84511745 -0.3807962
-0.09455991 0.80834866
1.8795832 -1.0991696
0.4479601 0.7963841
2.5189726 -0.4662969
-0.9351982 0.93300223
0.09072584 -0.64691913
-0.70375264 -0.24376895
0.60925317 -0.15616828
0.36209688 0.12721778
-1.4964029 -0.8145464
0.5453794 -1.0019743
0.05715102 -0.6522965
0.15908363 0.76895225
-0.4876551 0.92652225
0.57566404 0.08379404
-0.15945742 -0.13039866
1.2337337 1.1206169
-0.26791185 0.6974014
-0.14705122 0.05923961
0.24433428 0.59931993
1.0725532 -1.169622
1.3511318 -0.8145162
0.18095633 -0.9251929
-0.34309417 -0.5617361
-0.013850823 -0.16260341
1.3211427 -0.6362864
-0.1478897 -0.70483077
0.8174894 0.07567252
0.96988463 0.37511867
-0.63546365 -1.234054
0.65217936 0.27534634
1.8196954 0.14866312
-0.4737344 0.38772643
2.3509598 1.6653452
0.8788636 0.22190963
0.19252554 0.6200083
0.3727084 -0.066688955
0.0059415996 -0.1179634
1.6215346 -1.5306288
2.0795233 -0.56040466
-0.17971459 -0.068205774
-0.73046744 -0.52779335
1.5503513 0.9266671
-0.2737151 0.21176438
0.21428332 -0.28527308
0.33794102 0.40190482
-1.3567923 -0.00653027
0.74396026 0.09739001
-1.2375239 -0.28807977
0.60067797 -0.093037605
0.8540249 -0.48007387
1.6282382 0.4995877
0.5015882 -0.27018312
-0.56249136 -0.47845548
1.5501949 0.061418757
-1.9569662 -0.83906627
-0.5213145 0.19659962
0.850592 0.59313565
0.5480522 0.19425367
1.6664367 -0.5615596
-0.50700784 -0.12525666
-0.62779915 -2.0133164
0.35391065 0.51000184
1.8112742 0.13091539
2.4177725 -0.05098799
0.16531205 0.46456128
-0.23766106 0.029929116
0.23479217 0.33562988
-0.6713109 -0.13907632
0.018758953 -0.45058814
3.1019073 -0.55267316
0.08467537 0.6695664
1.530084 -0.41875905
-0.015596792 -0.1047743
1.4439238 1.7616374
-1.1012317 0.24742775
1.1924791 0.33655167
0.85410774 -0.0008790642
0.9092047 0.40125686
0.5190867 0.3745699
-1.1407355 -0.6526012
1.0140251 0.6052066
0.09977436 0.34344196
1.3203443 -0.29757774
-0.2460453 0.32802153
1.4151171 -0.8544151
1.5415128 0.49725544
-1.1234673 0.01837425
1.2027503 0.7147935
1.383122 0.14007373
0.6732279 -0.5677777
0.41886005 0.3725158
0.19346261 -0.71622574
-0.9394245 0.9425268
0.4962367 -0.15002231
1.0263441 0.19949855
-0.6351651 -0.6185058
-0.088951305 0.83703375
-0.87139165 0.22414275
0.26925883 0.13632692
1.064664 -1.0350184
1.2605548 -0.72388285
0.71879256 -0.0858126
0.28768417 0.20270564
-0.40308774 0.32989877
1.6198038 0.051265016
1.5577141 -0.4317142
-0.413564 0.28304487
1.1635991 -1.209042
-1.1107222 -0.09658386
0.23677033 -0.93158096
0.624984 -0.77111405
-0.65356195 0.7948787
0.07306552 0.3188933
2.191778 -0.20188217
0.02573657 0.5408304
0.7497058 0.26809025
0.13011894 0.033670858
0.66026354 0.10508068
0.44612512 -0.098025784
-0.2528165 0.75847644
-0.3617389 0.7877215
-1.0534801 1.4202367
5.6624413e-05 0.38111883
-0.9308697 0.1762806
-0.5836957 0.07676546
1.2476262 0.00015255809
-0.7854817 -0.89644605
0.23462829 0.958259
0.66088736 0.10862328
1.6495126 0.94356287
0.755121 -0.27801216
0.927716 -0.8696846
0.3958678 -0.69522375
-0.10662949 -0.68005615
1.3813088 0.21968813
-1.049227 1.1462374
-0.07259782 0.14058034
0.61279047 0.24570285
0.66261935 -0.28432864
1.2395104 0.4749416
-0.42884612 0.017421558
-0.056800738 0.18535481
2.1870942 -0.4012918
0.5867208 0.6448257
0.49758765 0.47059923
-1.0712241 0.15229501
0.7505665 -0.47136772
-0.27881142 -0.4823952
-0.58197486 1.1426696
-0.18974246 -0.007759124
0.30496582 -0.6178692
1.1006016 -0.48522246
-0.33774102 -0.1908432
1.7918495 1.1994483
-0.20939493 -0.92268354
0.924325 -2.3068104
-1.2111207 0.5103856
-1.8865514 -2.411297
2.08153 -0.6705477
0.9148904 -0.7742337
0.96091783 -0.333494
0.22580722 0.7026038
0.5714518 0.5100167
-0.7681984 -0.10123123
0.4656373 0.5347454
-0.34487724 0.9947413
-1.138987 -0.71383816
0.30915758 -0.56304514
0.347379 0.25167644
1.5737791 -0.80652505
-0.12436432 -0.30780667
0.9872937 -0.029113978
-0.06881669 1.0581132
-0.64809376 1.8353426
-1.0755131 0.5623843
0.23574632 -0.07797852
0.30215636 0.5120129
-2.035407 -0.40454566
0.36275408 -0.18726413
0.6023263 0.57407665
-0.9353945 -0.15268128
0.99423873 1.2461327
1.6294978 -0.8179311
-0.7964269 0.8665905
0.22848439 0.70235455
0.65268826 -0.029987738
-1.5105991 -0.2648522
-1.1724418 0.5774312
-0.2834785 1.4269185
-1.4055327 0.42933738
0.14382395 -0.08978853
-0.38718975 -0.5943547
-0.20601696 -0.29537112
-0.6504834 -0.13685906
0.24001917 0.69695973
-0.77705276 0.92634904
0.84045696 -0.19292815
-0.17200288 0.32226443
0.4253908 -0.078463495
0.83074987 -0.074986205
0.49790373 -0.24156295
0.8568455 0.07529773
-0.3552661 -0.004720375
0.85701346 0.18279172
-0.8133099 0.43978184
-1.6331242 -0.009793028
-0.6519369 0.5031145
-0.60404706 0.72863215
0.7124969 -0.22101362
-0.5738228 0.6859034
-1.0343709 -0.23938653
1.5747714 -0.6111925
-0.3476124 0.514347
0.8954793 0.16139357
-0.91744614 0.32182044
-0.52245593 0.67307514
0.87760687 0.962404
0.47546867 0.19958158
1.5358564 0.07184629
-0.062628165 1.0092713
0.88164365 1.0247828
-1.5390371 0.19391276
0.6226133 -0.31401327
-1.5303105 0.62854505
0.14518765 -0.16689351
-0.9494153 0.13946317
-0.39159763 0.20513023
0.18490112 0.5027435
-0.32993785 0.52933747
0.12957725 -1.0681882
-1.4848275 -0.43045932
0.21734694 0.08300562
0.7909874 1.3680922
0.34024373 -0.17802879
0.60551286 0.72948945
0.09438756 1.0021155
-0.11647844 0.20951797
1.397586 -1.0133808
-1.223886 -0.32050195
-0.3991383 -0.11642894
-1.4030907 0.34441268
0.22819245 0.68164235
-0.4530973 1.3400347
0.08513641 0.6125225
2.4623601 -0.31037557
0.40986797 0.24640782
-0.090121776 -1.0541306
0.53193414 0.717617
-0.22209918 -0.3274897
1.9330269 0.08761124
0.6537106 0.62755436
-0.30903926 0.46480864
-0.47990367 0.7385615
0.57459414 0.5782201
1.6768944 -0.92430645
-0.43420446 1.1056082
0.12119919 0.012427285
0.8576151 0.11860989
-1.1005352 -0.036311388
-0.32826382 0.65760946
0.33443317 -0.65517604
0.5276382 1.3619229
0.32223502 -0.34015405
-0.11864497 0.75280356
-1.3660567 0.04988019
1.5031708 0.27962577
1.4153119 1.1482626
1.2751431 -0.03902696
1.5281911 1.0499308
0.8291501 1.0511869
-0.11191413 0.085055694
-0.66784954 -0.09104417
-0.4341683 0.4658996
0.32268593 -0.037925214
-0.95989895 -0.49015713
0.7597095 1.1571451
1.8168107 -0.91127574
2.9378119 -0.15415257
-0.8701662 -0.63675255
0.30876705 -0.12561199
-0.6220002 -0.32958478
1.7059149 -0.4742189
1.2676525 -0.99831027
-0.52411795 0.4643463
-1.4787943 0.6598024
1.161681 -0.56915206
0.8344277 -0.18502998
0.6561699 -0.40618432
1.2516297 -0.88225555
1.8875006 -0.29455733
0.41350898 0.482131
-0.33638328 1.3814405
-0.39627847 0.8972858
0.78963256 -1.0873951
0.040868133 0.44918782
0.07335004 0.6822095
1.8791159 0.26158518
0.8905561 -0.11504859
-1.3545685 -0.7270636
-0.73697346 0.6854042
1.3534964 -0.07353626
-1.0525984 0.7607181
-0.33227038 0.1172242
-0.6071516 0.45352507
0.5969585 -1.0835756
-1.2683636 -0.05345881
-1.7810957 0.3857783
-1.5708747 0.76156914
0.015325606 0.61933845
-0.24699293 0.14602031
1.508362 0.17215218
-0.25140986 -0.35767883
-1.3579068 -0.09895238
1.828499 -0.97289646
-0.24760646 0.14291789
-0.41416502 0.3629176
0.5120542 0.6806248
-0.7482416 0.68654907
0.8152727 0.71760327
0.34519544 0.13211189
-1.180857 0.6009037
0.19021824 0.25347048
-0.9377526 -0.1483842
-0.0030512512 -0.57972074
0.3635212 -0.5176625
-0.39604488 0.49283832
-0.47530353 0.3019125
-0.30603838 0.3579355
-0.6330573 -0.2561683
1.1449097 -0.65587306
0.12055847 0.82206786
-1.1458107 -0.41610867
1.2421722 -0.3664754
-0.66148555 0.4333377
-0.2333422 0.012907162
1.4612606 0.5601703
0.9546381 0.1125284
-0.8524841 -0.5901957
0.6987195 0.4820065
0.54279304 -0.2637612
-0.6771836 0.19192873
-0.9666095 0.30001777
0.55399954 -0.4134359
-0.6821251 0.25961268
-2.6621265 -0.7025022
-2.2326198 -0.17045769
0.19886589 1.3681042
-0.5597269 0.43098426
2.19049 -1.0272822
-1.0872328 0.23465149
0.5744442 -0.8492082
0.82803774 0.39945596
-0.5298082 0.46337628
1.619975 -0.10882062
-1.2136706 -1.6268713
0.41816083 0.3275414
-0.22553986 0.742803
1.8756169 -1.1334492
-1.4697189 0.2732646
-2.1654499 -1.9209985
-0.26476735 0.5544744
1.3852516 0.8844296
-0.9418615 -0.09087469
-0.11966704 0.1998211
1.4230416 -1.1605281
0.5831536 -0.3784842
0.8979399 0.83839846
0.7271786 0.651657
0.22049317 -0.51086235
-1.3493768 -0.6053409
1.1049576 -0.4207465
0.3066683 0.77812195
0.9340919 0.63917464
0.31004068 0.8862412
1.4059279 -0.26350293
-0.6715758 -0.25123888
0.7815796 0.9284146
-1.8469392 -0.36536914
1.4119359 -0.6403562
0.6820731 -0.93926454
0.6624949 0.8928361
-0.15762655 0.9984033
1.0510558 -0.13197295
1.5958093 -0.14331165
-0.05623199 0.49994218
0.9456909 -0.23060931
1.1361687 -0.54719824
-0.8431488 -0.054608226
-1.6477044 -0.020087004
2.0356605 -0.18248671
0.98524463 0.044811025
0.07901412 -0.30188724
1.6539654 -0.5520751
2.0455883 0.59338826
1.1366922 -1.3686354
0.8578819 0.15431617
-0.47016484 0.5173848
0.6395588 -1.2462329
1.1091733 0.39729804
-0.8703543 0.0049072206
1.3255262 0.4941597
-0.2959434 0.81430054
1.0884304 -0.45692256
1.3701934 0.13059647
0.3556204 1.0761329
0.10320485 0.5068481
0.71108913 0.47443217
-0.5029263 0.40232956
-0.0063901395 1.1801076
-0.51961935 -0.082786635
-0.0056899786 -0.25627217
1.2722784 0.123652056
2.779745 -0.1665068
0.5014019 -0.3212764
0.7407222 -1.0310568
-0.98879576 -0.062451035
0.8996314 0.14754985
0.34323314 0.4639607
0.33457997 -0.2823752
0.58050823 0.5330874
-1.0183059 1.1318436
1.4985876 0.8851651
2.1680493 1.1767894
0.7917919 0.45161444
-0.18501724 -0.0892704
0.78840864 -0.52465236
-0.20769808 0.43672097
0.27728382 -0.26876563
0.627046 1.1382142
-1.0799793 1.1425642
-0.87955225 -0.17258027
1.9795319 0.7435483
1.4887413 -1.1779407
-0.22500288 -0.63986665
-0.7707106 -0.03805934
-1.0080326 0.4476834
0.336216 0.040294394
-0.03203845 0.49675012
-0.067103714 0.84699535
-0.1628169 -1.7035104
-1.2458981 0.35772127
0.16826552 0.119629964
0.6793257 -0.11726024
0.20478302 1.1483978
0.6142595 -0.6428296
-0.7590016 -2.2575371
1.9795016 -0.874676
2.030995 -0.2989718
-0.27823368 0.788561
-0.8394352 1.1673062
1.7082976 0.14884357
0.64258146 0.07281108
-0.8770468 -4.993379e-05
2.116507 0.55881375
-0.40747273 0.6349304
0.2656761 -0.12452467
-0.31771842 0.7244038
0.07924068 0.9635781
-0.06371686 0.540605
-1.6863282 0.19278891
0.81145656 0.4023192
1.2536969 -0.65160966
-0.91159153 0.6574253
0.14415479 0.015107825
-0.47461784 0.818763
0.5241438 -0.8127732
0.04777813 -0.5247866
2.3205168 -1.562112
1.3693224 -1.773112
-0.038993523 0.5068042
0.20377308 -0.23760724
-0.43934095 0.32070905
0.4011095 -0.9786194
-0.51221883 0.3874361
-0.13594583 0.5779094
-0.21479426 0.64471334
-0.7535094 -0.4863949
0.24292895 0.30151993
-0.55425435 0.5552615
2.4210143 -0.22551377
-0.2356112 0.41684026
-0.35666573 0.12734737
1.2582911 -0.010966063
-0.71134007 0.7292918
-0.17524399 0.9028686
0.6035346 0.3749295
-0.23850727 1.2459542
0.65272903 0.84719384
0.66822755 1.0813886
0.16587222 -0.76802063
-0.18063617 1.1751882
2.2081656 -0.9717446
-1.7090132 -0.14616787
0.402671 -0.6675196
0.42683634 0.5867489
1.849866 -0.13111031
-0.863366 0.31695157
0.47465572 0.3091588
-0.9966737 1.1075109
1.4589728 -0.32653534
0.060168177 0.8209846
1.2817404 -0.48886603
0.5098156 0.31909156
0.053649366 0.96517754
0.32371035 0.48085684
-1.0000741 0.40300816
0.29045013 0.22462262
-0.01665686 -0.29451334
0.51707363 -0.0514528
0.048201084 0.40551668
0.56840086 -0.78161144
0.18745357 -0.7613175
-0.7556555 -0.15702218
-0.18089154 0.65872383
-0.6236268 -0.80735576
0.6023258 1.6065881
1.4951516 -0.4867319
1.3507353 -0.46994108
0.45708075 0.28373915
2.731135 -0.3782848
0.10541791 0.46369272
0.72683907 -0.07615167
0.34850058 -0.1757552
-0.46228826 -0.6939737
-1.0897558 0.5797064
0.037661374 0.6427332
-0.23116788 -0.978969
0.43295 -0.45034128
-0.30831403 0.31041813
0.66922057 0.84154856
-0.038462654 0.43861538
0.80639577 0.6803686
-0.89564407 1.4421988
0.5171118 -0.56729954
1.4241498 -0.31864452
0.6350614 -0.16852722
-1.1356065 0.7228173
-0.18534419 -0.88654625
0.08321348 0.53934747
0.33351895 0.30182773
0.69940007 1.1819015
0.66248643 0.17712982
-0.2472335 -0.5498032
2.0939786 0.25588006
-0.009849489 -0.39334762
1.6175485 1.3798053
0.60645986 -0.053365707
0.25608036 0.12867375
0.1270724 -0.503437
0.24802107 1.7254231
2.4584696 0.57119495
-0.23468366 -0.9851423
0.34683403 -0.31873825
0.6960031 0.85191476
-0.15629663 -0.1592918
-0.46060592 -0.6047432
0.37283006 -1.4884195
1.5323193 -0.59204304
0.2710813 -0.5392522
0.25883594 -0.3982867
0.7141781 -1.8290212
0.60736597 0.17632891
-0.20539208 0.76461744
-0.5678129 -0.78798103
0.33347413 1.0109079
-0.3811764 0.47352862
0.40152422 0.57416385
-0.3396434 -1.0165908
-0.40038133 -0.431388
0.50393915 0.17927255
-1.1315136 0.33477807
1.9339894 -0.52269536
-0.26667595 0.8294437
0.67006695 -0.2941205
-0.33445287 0.4406439
-0.22905886 0.28961796
0.15127462 1.3220617
-0.7247168 0.33244693
0.4136491 0.86540985
-0.080159456 0.5270872
-0.8567152 0.19753261
0.42205015 1.5831767
-0.3461336 0.9106556
-0.006663695 1.165315
1.0689483 1.065681
-0.28705105 -0.35600626
0.10018751 -0.2545216
0.2918276 0.5595929
1.4856566 -0.5557226
1.0008609 0.13841958
0.51661074 -0.14473242
-1.0564904 -0.46501628
0.22266257 1.048346
-1.6015753 -0.91501015
-1.1940633 0.8408607
-0.2986832 0.6707502
0.66874576 0.55261797
0.24504122 -0.2091116
-0.50326955 1.2382282
0.045952857 0.9856479
0.9587394 0.14418615
-0.76495373 0.4561962
0.5776907 1.0599068
0.18668494 -0.031708688
0.23457146 0.5955375
-0.3472492 0.10141118
-0.1859808 0.79689133
-0.3215262 0.89881253
0.008187801 0.3411922
-0.3965803 1.2812568
0.32829246 0.03291355
0.12817094 0.72727495
-0.29802892 0.017609403
-1.2414594 0.011438146
0.3327346 0.12355341
0.85554993 0.19141819
-0.352061 -0.25273442
1.0583806 0.6087882
0.78721666 -0.03159374
-1.197551 0.7973558
1.4341382 -0.51639843
0.27905348 1.0029697
0.52437174 -0.18168113
1.2820027 0.5712455
2.407833 -0.8990978
-0.1938962 -1.0976748
-0.2149088 -0.05997975
3.6529112 -0.04447958
0.9407767 0.08875786
0.5516677 -0.933347
0.2607921 0.62698627
0.20927092 0.31636643
0.38752225 -0.023584574
1.6011555 -0.63605744
-0.88560724 0.6453114
0.001432538 -0.016189113
1.4353356 -0.011611536
-0.47750616 -0.015402541
-0.88510656 0.29096568
0.090607464 1.152161
-0.69177043 -0.4436283
-0.8918675 0.7627058
-0.8497133 1.4951277
0.45858786 0.459616
0.17626566 0.91228485
1.1398265 -0.58435094
-0.33122414 0.6501667
-0.84386826 -0.52046335
0.60127485 0.25827533
1.0938435 0.54377484
0.24892369 0.8994292
-0.369601 0.06783675
1.7858082 -0.66524535
0.5703019 0.27996284
0.86341536 0.41931015
2.155549 -1.8777515
0.40419754 -0.51099396
-0.86121356 0.19759701
-0.17543642 -0.5332748
1.1857004 -0.0013003498
0.32844582 0.8947302
1.9238878 -0.89665186
1.7676724 -1.097931
0.19912237 0.19693954
0.2603701 0.7893106
1.1003168 1.2984974
0.82527995 -0.4254116
2.2781305 0.7071994
-0.21730217 0.15152524
0.347828 -0.59503686
0.19636875 0.13744001
1.3552066 -0.34087256
0.38043466 -0.3221062
-0.14503771 0.33866233
1.1199409 -0.49160874
0.6233934 0.32921296
-0.20227382 -0.28153107
-0.3496096 -0.3552944
0.256556 -0.42261547
0.002116412 -0.31919026
-1.2461368 0.5808835
-0.97088826 1.1863958
0.24537125 0.23892684
0.65046287 0.70062107
0.9510771 -1.2432594
1.0533466 -0.708733
-0.79120255 -0.26079538
1.9796447 -0.1600876
-0.7287413 -0.5725754
1.0324055 -0.52544343
0.34917632 0.034771666
-0.87623906 0.58780766
-0.16000628 -0.21415834
0.109669894 0.6756856
0.45399818 -0.11909752
0.23808426 1.2659168
-0.1865333 0.12312122
1.5549241 -0.07452829
1.3466505 -0.58547336
-0.120741606 -0.028594643
-2.449595 -0.9317567
0.40827098 -0.6264555
-0.2503931 0.4427042
-0.3533799 0.121327534
1.2891401 -0.32374927
0.017192721 0.29953915
-0.5239191 -0.33971694
-0.99848163 0.7861351
-0.76824963 0.8498635
0.57575095 -0.34655833
0.68429565 0.38441187
0.76255786 0.1397834
-1.0636803 0.94755936
-0.115938425 -0.5712577
0.97397983 0.7867441
1.1453931 -0.015668347
2.8754072 -1.7245691
-0.34628657 -1.1017343
0.30116835 0.28094423
-0.22816354 -0.053604946
0.6554191 0.45788974
-0.42011845 1.1014276
0.6585007 0.051221743
0.122329384 0.080273256
0.6256565 -0.38203216
-1.7156327 0.1863312
1.5353879 -0.9531916
0.8554969 -0.3056561
-0.19725372 -0.025705174
0.38618377 0.8510138
0.6697501 0.6756327
0.70746386 -0.41206807
-0.41047168 0.68705326
-0.46035033 0.69697905
-0.0056184977 -0.27143672
0.41364798 0.37385654
-0.5952189 -1.3344651
0.63836 -0.34262297
-0.8531079 0.9474249
0.08077988 -0.38339955
0.37032703 -0.49034363
-1.1679227 -0.27393204
-1.608882 -0.56960595
0.0038956106 -0.6720849
1.8845357 -0.4456287
2.0569293 -1.1728852
-0.3194315 1.7529806
-1.3996196 0.17886911
-0.73761946 -0.14614195
0.65830433 -0.25576895
-1.787687 0.22754507
0.048586547 0.65424484
-1.5052615 -0.04762
-0.16388705 -0.34138966
0.83569324 0.32483482
-0.40754223 0.3787499
1.7307928 -0.9057195
-1.1870477 -0.1610013
-0.1236171 -0.06285338
0.10596153 1.1287853
-0.96590686 0.26509798
0.97597194 -0.29343992
0.048203737 -0.014784068
-0.8926337 -0.5413581
0.014595926 -0.44850683
0.065546304 0.45789647
0.074656665 1.0291506
0.44309434 0.21067195
-0.8392364 1.004415
2.63562 -0.2792654
0.4840056 -0.09303868
-0.5139383 0.076653376
2.2814283 -1.2346859
-0.48095718 0.8053545
1.5238523 -0.7853664
-0.54341114 -1.6706922
1.8930603 -0.88171256
-0.87485623 -0.6712089
0.1584732 1.0345563
0.6299956 -0.80900085
0.012448728 -0.67862034
-0.66855955 1.1907922
-1.1862158 0.089142725
0.5071769 1.0500524
0.16568518 0.4621657
0.6328418 0.36402148
-0.41852134 0.25798434
-0.28916287 0.22701414
2.2910614 -0.6602958
1.7339348 0.37105316
0.5429076 -0.4162658
1.0194331 0.628847
-0.2761707 -0.07946551
-0.89458036 -0.3512553
0.7474991 0.45000416
0.11586091 0.35591203
1.3310345 -0.2994166
-0.8747841 1.1545117
0.69635916 0.023197964
0.8462473 -0.1682739
1.8883115 -0.14927968
-1.0761857 0.8758365
0.27087894 -0.38376808
-0.88924646 0.6265185
-0.34432408 0.7491877
0.099298686 0.24008335
1.9359537 -0.78913194
1.0789206 0.6484399
-0.67393446 0.16627528
-0.5169551 -0.82113075
-1.461502 0.7223152
0.034860194 1.3926404
-0.3208463 -0.23493624
1.1647251 -0.6756915
0.16088563 0.62245435
0.9184823 -0.38225296
-0.17555931 0.8557701
0.8089328 -0.14445445
1.5551364 -0.21842256
0.19403502 0.92766607
0.037564993 0.32848912
0.85290873 0.72417474
1.8698515 0.69207597
-0.23089617 0.19709207
-0.17174882 1.134986
0.0701296 -0.8513767
-0.41085875 -1.2929924
-0.20777348 0.12971534
-1.8016202 1.1332623
0.12719116 0.30952024
0.56485844 -0.18887304
1.6451157 -0.90286154
1.1240245 0.12575312
-0.16556185 1.2120553
2.0441234 1.2846531
-0.4594074 -0.594778
-0.7891424 -0.5794411
0.23172316 0.6248099
0.05009356 2.2428148
0.17712176 0.57851243
0.36507967 0.03961961
1.237073 -0.1455773
0.5181997 -0.3721097
-0.40639016 -0.3976336
0.69470847 0.77902925
1.6411998 -0.6820354
1.1290479 1.1327536
-0.6588994 0.6394578
0.6058358 0.10499571
-0.12649089 0.41442382
0.6879227 -0.55904144
0.17575744 0.5985868
0.78084564 -1.0138097
1.1906389 -1.2328297
-0.256563 0.36880386
0.5912937 -0.9845512
0.22222719 -0.5625418
1.2903626 0.761847
0.33982757 -0.942045
0.28034166 0.27085316
1.1889684 0.13462438
0.4632978 0.324058
-0.8035171 0.84519315
-0.77917063 -0.407004
0.5856234 0.4774506
-0.641708 -0.116765
0.44444886 0.7549076
1.5656009 -0.29524297
0.87787604 0.80874896
-0.17665555 1.4713444
1.3923106 -0.43178397
0.5601809 0.30868495
0.041254252 -0.84319067
-2.544611 -1.9188156
0.9707955 -0.44717014
1.4602938 -1.1303651
-0.16119123 -0.2002018
0.13877556 0.5004877
0.9540992 -1.3168684
-0.7074858 0.22325443
-1.0049696 1.2803906
0.5233586 -0.032218546
0.05836487 0.37890285
0.6892637 -0.28127795
-0.6784848 -0.06388776
-1.0292822 -0.53612846
-1.761362 0.29196012
1.2251886 -0.81560075
1.806918 -0.42630526
-0.75375473 -0.055671588
-0.49127585 0.63198
0.87154317 -0.4596132
-0.22707695 0.55028635
-0.56353426 -0.6068298
0.6434716 -0.1611263
-0.012359992 0.83516586
1.027616 0.74506414
0.35966745 0.35996795
0.8010876 0.31486565
1.218069 0.722184
-0.79748607 -0.061955974
-0.121095344 -0.43861628
-0.76034486 0.41358405
0.872887 0.8152715
1.6815691 -0.48625582
-0.013478443 0.49297875
1.196983 0.7738123
0.6487119 -0.7297052
0.20047548 -0.15571618
-0.063489765 0.4308288
-0.91246486 0.7012
-0.3801384 -0.7543037
0.51855993 -0.41164276
0.41665342 0.41028297
-0.038413554 -0.19841623
-0.06074114 0.9419353
-0.30287632 0.9141376
0.9492328 -0.14592487
0.18422136 0.67335016
-0.83293545 1.1117955
0.157058 1.4411038
-1.4221646 0.7740617
0.8470627 0.14661397
0.013645768 0.68385595
0.9417691 -0.47563833
-1.080304 0.1989278
1.1566721 1.2465253
0.23860553 1.0548811
0.6642921 0.061395094
-1.1191336 0.97290874
-0.76124537 0.47205645
0.21184528 0.86723816
0.15502298 1.0733387
0.22607613 -0.6991832
-1.1502349 -0.16830534
-0.872033 0.6884448
1.3939419 -2.1756694
-0.38333118 0.2994902
0.270483 0.25015837
-0.055207863 0.25040817
0.4668683 1.3259301
-0.1644837 0.13494621
0.7940494 0.05036737
-0.22417662 0.34233284
-0.65546846 0.17722471
-0.43314177 -0.5147505
-0.29891986 -0.4972083
0.3735461 1.0274287
0.8773607 -0.3702492
-0.8459083 0.062394902
-0.27382088 0.07042988
-0.33635938 0.5209995
1.1226561 1.301781
-0.88249743 0.88269126
2.3628364 1.0639238
1.5819235 -0.39000833
0.55767703 -0.48108995
0.28303894 -0.38625795
-1.3852443 -0.25144094
1.7429614 -0.8365877
0.14698735 -0.14321482
-0.033314824 0.75869083
0.44119152 0.89227235
0.24446633 0.30889344
0.92160094 -0.3992918
-0.19878525 0.63775986
-0.117815495 -0.13396102
-0.22330724 1.661102
-0.319193 0.36569065
-1.7095416 -0.18561846
-0.93315625 0.30903357
0.03054297 0.7126107
-0.26123947 0.797526
0.729805 -0.46970832
-0.9756658 -0.40581292
0.026220173 -0.021805659
-0.009983808 1.5844972
-0.46416247 -0.87456274
-1.8705591 -0.46619588
-0.06883301 0.25025082
-0.46891403 0.22281606
0.6956669 -0.1593471
-0.46223527 0.84812665
0.22224924 0.54594433
-1.8364762 -0.11209017
0.18713868 0.16093169
-0.010327339 0.44915128
0.23482639 -1.0136625
-0.2287836 0.92852116
0.5632682 -1.180481
-0.30993673 2.029174
-0.69724524 0.34773886
-0.07402116 0.6391544
0.04556343 0.24922292
-0.51153743 0.56751865
-0.7619113 0.8284553
0.21411046 -0.027889997
-0.49873066 -0.3981205
0.71310174 0.3587225
0.55422294 -0.41073823
0.34894457 0.00092841685
-1.4190836 -0.2533927
0.1806984 -0.32011232
-0.47836876 -0.10055508
1.8808657 -0.19024244
0.73694074 -0.029336378
-0.17688544 -0.7911561
3.9351046 0.041865215
0.6072358 0.84146845
0.26354453 -0.53991956
-1.1654086 -0.69317687
0.32340887 -0.04922287
0.97248816 1.1961414
2.3510144 0.09225766
0.15988967 0.20515357
-1.6562726 -0.18326354
0.1352579 0.44355392
0.7290416 0.41031307
0.2970865 -0.98951256
0.8382832 0.54454446
-1.0582616 -0.2738665
0.56186545 -1.3266886
-1.4856968 -0.74821854
0.2241706 0.48430985
-0.048973218 1.136654
-0.37238932 0.25874627
0.5499755 -0.688486
0.070100754 -0.23815912
0.11292437 -0.028157234
-0.8287182 0.9746022
0.49704 -0.15195343
-2.336848 -0.88875335
-0.46112862 0.74362344
-0.76616216 0.5104047
1.1337322 -0.6784734
0.30369863 0.6020927
1.5747224 -1.0761306
0.3407695 -0.43046546
-0.24437124 1.9471114
-0.24186806 1.0944394
-1.3519684 0.20767663
0.31193748 0.047564283
-0.17888501 -0.07194972
0.30418035 -0.27320206
-0.48604292 0.60902536
1.5761063 0.3233568
1.1786326 -0.30720156
0.66377974 -0.37685555
0.2759039 1.2958143
-0.19433632 1.3413624
0.31950858 0.4430673
-0.8363974 0.44417357
1.9428324 -1.1604035
-0.42149144 -0.23971137
-0.43024814 1.1394078
-1.529338 0.43368042
0.7166283 -0.39592838
1.5668969 -0.5561518
0.53671634 -0.7306716
-0.6908381 0.2927665
0.14020929 -0.48527735
-0.23908214 -0.3017003
-0.45711875 1.245133
0.41140047 0.4006117
-0.103982925 1.0023112
-0.61383116 -0.019635245
1.2762259 -1.1047308
-0.8984997 0.9618273
1.1573832 0.73550636
-0.4030403 0.3000825
-0.3564976 0.3149737
-0.011530206 0.32037807
1.8015822 -0.081294715
0.015385389 0.26339418
-0.25823253 0.059533402
0.045126587 -0.5130468
-0.37869382 -0.1402722
-0.074249655 0.23211639
-0.4952731 0.18332835
-0.30278116 0.37563944
0.061459452 -0.41069573
-0.62781584 0.056637898
0.8073659 0.72407264
0.2840654 0.41059613
-0.19910157 0.46895683
0.32433835 -0.50722975
0.94134045 -0.5207331
-0.90439785 -0.33762258
-0.8220036 0.6465542
-0.29094842 0.25391692
-0.5337336 0.67073387
1.3827504 -0.58298045
-0.27447665 0.7473888
0.2756404 0.67589325
0.8651236 0.10205485
1.919195 0.57261485
0.91123307 -0.3196523
-1.1255535 0.45310032
-0.07819396 0.1973549
-0.37250167 1.2448552
1.0909377 0.25567174
0.35077444 -0.3370641
1.6214932 -0.5218437
0.1774551 -0.0426839
-3.507112 0.57590926
1.0451653 0.21964921
-1.335036 0.19985871
-0.012183726 0.71024525
0.046884567 1.066189
1.2625101 -0.45719752
0.121322155 -1.0138984
1.0071397 0.28141546
-0.46923667 1.7078413
0.81626546 0.11636518
-1.2070494 -0.3266523
0.116981655 0.52401006
-0.21251926 0.7084016
0.11514416 1.1277767
0.18201023 -0.1331625
-0.16459414 -0.14367495
0.7468817 0.55637103
-1.1853665 0.7995255
-0.28095526 0.32464594
-0.39392602 -0.4444328
-0.45507252 -0.21556228
0.43287554 -0.06986982
0.77910554 0.25388825
0.014002085 -0.21815276
0.4705951 0.020749673
-0.47521287 -0.3162182
0.10697132 1.3677411
0.22159624 -0.24878423
-0.32251862 1.1521113
-0.21839005 0.24956642
-0.35221556 0.42924732
0.96132886 -0.16939187
-0.91370714 -0.0340344
-0.41213894 0.47130567
1.8924652 -0.14184882
-0.2900748 0.16509663
-1.5029156 0.08267383
0.32997635 1.6088047
0.5855001 -0.30865914
-0.80753815 -1.0794683
0.5362437 -0.020529643
0.28753045 0.095565125
-0.85539246 0.86048424
-0.013502374 0.87347853
1.4040769 -1.2850628
-0.49354482 0.21889351
-0.8746053 -0.1838986
1.5884318 -0.68738556
-0.8906851 0.1578101
0.15928218 0.3752805
-0.6028799 0.05951388
1.4436475 0.3062082
1.2569175 0.103793874
-1.014062 0.6336786
0.7515192 0.20258154
1.2690737 0.30684137
-0.5440698 0.62098247
-0.52301913 -0.23329848
-1.3573724 -0.32608265
0.57228386 0.7867197
-0.26046428 -0.35451713
1.5842156 -0.6367794
-0.8516228 0.36564112
-0.035522923 0.6827883
-0.22355978 0.29020613
0.00024536252 0.71719843
1.2122468 -1.1773742
2.549773 0.84590256
-1.3188437 0.41416293
-0.6007838 1.8098147
1.0234525 1.3971268
-0.69589067 -0.5283171
0.056947917 -0.4287104
0.48789683 0.45430672
-0.5952214 1.0487188
-0.93869805 0.3379807
1.4549809 -1.049805
0.48432782 0.3898152
-0.82418704 0.5128964
-0.10273774 1.3896313
0.11792499 0.65546656
0.057270855 -0.2925679
-0.31025207 1.1736497
-0.13791749 0.6514111
0.059384584 -0.13945055
0.27332243 0.58453405
1.4623767 -0.0111542195
1.0673305 0.5974493
1.416323 1.2989223
0.61216366 -0.13177074
-0.30776152 0.25306636
-0.65654266 0.2616865
3.361384 0.81088257
0.545339 0.18474756
0.0047372878 -0.08727412
2.1334937 -1.2790267
2.2663603 0.25704807
-0.4094904 -0.67115176
-0.4421665 0.8724159
0.28470704 1.0721267
-0.95507264 0.2962799
-0.10079582 -0.4196853
0.48974577 -0.5826139
0.05132529 0.5351452
1.0806817 0.35894465
0.32904872 -0.009782016
-0.45352194 0.6746801
0.86191475 -0.40260684
0.101352304 -1.3873359
-0.8689897 -0.4680334
-1.2790416 0.59879667
0.63035846 -0.4989378
1.2326782 2.5485287
-0.1912778 0.963766
-0.7876085 -0.025088295
0.65239835 0.3822369
0.5568795 0.36548978
1.1722747 -0.5516234
1.805669 -0.572654
-0.16485824 0.69712776
-0.86356664 -0.082580045
-0.4528178 0.30841732
1.5612019 0.49881363
-0.04729557 -0.8138986
0.6054622 0.59838367
0.3810481 -0.6096605
1.3005899 -0.5282842
1.6368887 -1.0295161
1.0416838 1.691877
0.08357331 -0.27719778
0.0050359666 0.52202874
1.1286821 -0.0005017519
-0.9128283 -0.3729787
0.5384619 -0.5908852
1.6442622 0.78003454
0.5535971 0.06528954
-0.13780156 0.72583586
-0.6439259 -0.53813237
-0.1265868 0.06497909
1.727717 -1.451511
-0.26154262 0.70927125
0.40274987 0.40288705
0.9638144 -0.12004306
1.0262533 -1.0450794
0.5270809 -0.21811324
-1.8152428 -0.2606715
0.62335205 0.4749356
0.8096757 -0.97807467
0.4307216 -0.5986938
1.2452868 0.34937423
1.9434508 -1.0249381
0.074688315 0.04698263
-0.64235836 0.59342897
-0.3804267 0.37860423
0.73567617 -0.19840652
-0.4731704 0.7913265
-0.37588763 1.196234
3.1023738 0.51130027
-0.53364384 0.508023
-0.23836212 0.10803117
0.20598415 0.1760514
0.19881806 0.33835095
0.49067208 0.76790607
0.68883383 0.44526798
0.40793148 0.4118306
-0.32637486 -0.47911066
1.1702017 -0.26564053
-1.5566399 0.07070799
0.27721104 -0.70092094
-0.4894617 -0.0062106997
-0.2216777 0.5535331
-0.5831891 0.3659224
0.72531116 -0.3979913
2.0081887 1.4938291
0.2716811 -0.33256608
-0.39988017 0.49349934
-1.2553306 0.59151405
-1.3168383 -0.19347975
-0.33371824 1.445045
-0.5317801 0.9383118
0.93401504 -1.9995954
0.025811344 -0.6130277
1.6779163 0.43557227
0.94219756 -0.4707357
-0.11196864 -1.9298067
0.02918771 0.72915196
1.6280996 -0.21886438
0.70258546 1.1742603
0.3626106 0.3146379
2.015307 -0.366685
-1.4883175 -0.4345218
0.28943208 -2.3912945
0.19922894 0.25963998
1.1880943 -0.4822259
0.21710223 0.2612493
0.3851463 0.50469947
1.5971777 0.33237875
0.6991422 -1.1651366
0.82972324 0.9460319
-0.53297675 -0.2434236
1.5611131 -0.49673998
-1.056874 0.66319036
0.2501838 -0.7777302
0.51406777 -0.8476583
0.053418666 1.0647981
-0.48784924 -0.13009015
1.6055954 -0.37680802
-0.2313923 -0.17486413
-0.024891704 -1.7141305
1.097086 -0.13902457
1.4421659 0.07313432
0.019353092 0.07257189
-0.6211527 -0.07750149
-1.6355859 -0.9350551
2.443991 -0.5698355
-0.738044 0.32136357
-1.1948472 -0.009395361
-0.53149104 0.1262105
-1.4526439 0.27617717
-1.0682409 0.64085996
-1.1785245 1.2556852
2.6083207 -0.47715563
1.5355045 0.235779
-0.96442413 0.68174064
0.8844539 0.34132445
-1.1681998 -0.6489887
0.067605674 -0.505727
-0.40023524 -1.1051196
1.5371913 -0.19968848
0.36127934 -0.084994406
-0.71083784 -0.63274914
0.71487 0.89722407
1.0823511 0.5005077
-0.41865802 0.18715344
1.2536033 0.07335128
0.120987475 0.47809255
-0.20987523 -0.43130165
0.14941373 -0.9453411
-0.16781749 1.3721088
0.8400775 0.95825064
-0.3884713 0.32490146
0.36369374 0.38176358
0.1204153 0.32458764
1.080108 -0.13273568
-0.18925397 1.4000498
1.0663666 -0.7658192
-1.9188828 -1.1653603
0.46059301 0.43288922
0.15566748 -1.1387838
0.78120375 -0.009822398
0.08715573 1.264333
0.4967006 -0.77493817
-0.01844123 0.17603914
-1.1878958 0.27605796
2.1547356 0.04040371
-0.7382006 0.73455435
-0.036846206 0.54080737
1.0177184 0.38748866
1.646132 -0.8715628
-0.551261 1.2784396
0.4816729 -0.56056625
1.6694849 0.42413372
-0.4713298 1.6453288
-0.81772435 -0.37253088
-0.021566302 0.7017547
0.7960553 -0.24518642
-0.23727071 -0.07670236
-0.7629899 -0.2284393
1.680549 -0.18116829
2.362954 0.0022552907
-0.37079883 1.1736857
0.40224507 -0.09778836
0.049591035 -1.2737052
0.6903497 0.14831339
0.7824147 1.0699402
0.8958242 0.7209512
-0.39572978 0.8564689
-1.0406356 0.31476498
-1.6060874 -0.33018872
2.1272902 -1.4696394
0.16860917 -0.16106915
-0.50216186 0.34954524
0.55033994 0.23662363
0.7958007 0.17723317
0.826849 1.3958184
0.6665356 -0.31489247
1.9616061 -0.59424573
0.416711 -0.26150063
0.042804867 -1.0758182
0.07271671 0.8172915
-0.6533718 0.27461064
-0.10265693 0.87589383
2.9746892 0.7530836
1.1891893 -0.67877364
-0.3083133 0.62929314
-0.8512057 1.2996174
0.16859522 0.611471
1.1756257 0.13236453
0.2872624 -0.019707844
0.019174904 -0.35832238
1.5456032 -0.102754116
1.3521882 -0.64927405
0.85968256 -0.7516923
0.44177422 -0.9561022
-1.2820224 0.8898034
1.1151544 -1.0163316
-0.44574624 0.47893417
0.03176084 0.24191718
-0.09965947 0.7252602
0.98383415 -0.3507414
0.6932616 0.20836289
2.673641 -0.5030042
-0.3217587 0.41062152
0.47093418 0.6510524
-1.4412119 0.02089791
-0.9411392 -0.058159843
-0.07466166 0.3069799
0.99235284 -0.17556353
0.66240954 0.074687734
0.14589837 0.365264
0.1967262 -0.13252676
1.1286044 -1.3225595
1.62035 -0.57476455
2.475189 -0.34597093
0.17234802 1.1626112
1.7675675 -0.20633525
0.1142773 0.74408597
1.2110468 -0.3767862
0.66215837 1.2978488
0.0044612586 -0.07383914
-1.8335037 -0.7225372
-0.28121954 1.4099916
-0.6495366 0.14460345
-0.37746948 -0.96859473
0.6386461 -0.5545958
-1.695788 0.57624733
0.39262703 -0.36494282
0.27262744 0.50403124
0.633062 0.1206121
-0.2572594 -0.11370544
-0.7512437 0.6766229
1.5106546 0.3136021
1.0474762 0.28992766
0.71304107 -1.0971248
0.44490442 -0.70101213
-0.34444082 0.5681223
1.3494399 -0.6273062
0.37506834 -0.8760462
2.1718137 -0.52739686
0.8180865 -1.3800875
-1.1413803 0.20404242
0.17112145 -0.2890908
-0.07305418 0.26744854
0.25724694 0.2769332
-0.046847433 0.11825688
-1.105379 0.28123212
1.0183702 0.084224
1.8585428 0.46300673
0.17695811 0.13209124
0.29005894 0.9930742
-0.6495511 0.8630024
-0.75477636 0.75519645
0.3103777 -0.4262703
-0.27080825 0.06183575
-0.8133104 -0.78450155
0.23544583 -0.3155883
-0.25255412 0.7071567
0.22024116 -0.10247305
1.2493591 -0.0627096
1.0840355 -0.68863416
-1.067401 0.7484537
0.3364456 1.0273887
1.2276193 -1.0682728
0.4961038 0.31357694
-0.7354063 -0.1996861
1.6063122 1.4138445
