0.40761858 2.0389414
2.5056527 0.14292476
0.4507451 0.49709588
0.16522546 0.526312
0.92967343 0.29011017
-0.15476337 0.19105339
0.749034 -0.23169082
1.2598327 0.40722746
0.3312357 -0.27164528
0.10102163 -0.287265
1.3406634 0.17913345
0.31932026 2.0351057
1.1829131 0.7603281
1.1042107 -0.0706723
0.079447016 1.2185256
-0.37039742 0.80607784
0.7139863 0.70021766
2.3876057 0.12210736
-0.11282548 0.98659706
1.3510549 1.0950631
0.70845336 -0.35016528
0.7801434 0.35148066
0.7509675 -0.75285065
0.9374964 -0.99377793
-0.6077583 -0.045264184
0.17258818 0.3488409
-0.90815306 1.0067862
-1.0512109 -0.9440504
-1.0780057 0.9433379
0.63674873 -0.16190085
-0.03778793 0.6596013
0.5247451 0.44040948
1.6161689 -1.8436332
-0.1129843 0.7490875
-0.8516639 0.2585693
1.1168642 1.0062268
0.46788865 0.17914194
-0.30446887 1.1088048
0.731645 0.55287653
0.25276035 0.33270591
0.16481455 1.1735437
1.1092337 0.5019541
2.1049821 2.358437
-0.61808455 0.35613889
-0.11009556 1.824778
-0.08827075 0.21190694
0.660279 1.6568464
0.63578105 0.76060367
-0.2837971 1.7211866
-0.36477116 0.104365796
-0.2122677 0.5441001
0.43045056 0.045836747
1.4803225 -0.46510506
1.7035984 0.3915379
0.45506442 1.0593467
1.7252303 0.32062668
1.7579789 0.19451576
-0.6989539 0.051523
-0.20276198 0.58673084
0.47998565 1.1193341
-1.1163579 -0.18754077
-0.41716617 1.3808677
-0.06700723 0.022224396
-1.4027326 0.40878534
0.8534745 0.40456504
0.6400662 0.94154906
0.99718344 -0.42187527
0.28471994 1.4610249
0.50806797 1.4430552
3.0197244 -0.42776877
0.6646407 0.637437
2.2877786 -0.9859663
0.49332738 -0.9416951
-0.2146613 0.663959
-0.020858243 0.8826965
0.8870306 1.360584
0.70050037 0.18594825
0.7172554 -0.49446526
1.0418669 -0.031972274
-0.1026054 0.7909578
0.8295187 0.49272162
0.5198943 1.9946679
2.0884933 -0.78206325
0.17228861 0.6919462
0.21571727 0.11137745
-0.8337662 -0.27355033
0.48535156 0.573374
-0.7030209 2.003108
-0.083974525 1.1226109
1.6979702 0.22135907
1.0948348 1.2195492
1.3722186 0.27776116
1.6279025 -0.22584382
1.0797845 0.0160909
-0.9929 0.2780524
0.16125505 2.049521
1.2509352 -0.9951194
-1.0560877 0.20658022
1.1776938 0.75420153
-0.17204565 1.550347
0.06972404 -0.28686595
-0.5811213 0.5400069
-0.00023238361 1.058379
0.40800524 1.3534627
-0.5263343 1.9543544
0.18026103 -0.40431887
-0.3405788 1.5094186
0.78809166 0.7487783
1.105497 0.28731877
0.22138403 1.3393531
-0.97859657 -0.38706183
0.06514375 0.003100589
1.2003773 -0.43007144
-0.32834002 0.8179841
-1.1507576 -0.46345344
0.5256267 -0.08726816
0.360547 0.6352718
0.75547934 1.0424193
0.75362504 -0.7937829
1.1601998 -0.36499867
0.20204772 1.4261693
1.5734105 0.62005156
-0.4027415 0.4744445
0.7914698 0.8970846
1.8805664 0.5763923
0.8410202 1.2267029
1.4112612 -0.33019945
0.6818966 0.38288337
1.2729167 1.0445204
0.35241508 0.017740935
1.5159793 1.004153
0.9904188 -0.13002354
-0.99975985 1.6097693
0.9110986 -0.38429022
0.9115813 1.0847572
1.1057203 0.0975475
0.47203934 -0.32396483
0.021385238 1.5808523
1.1680975 0.56682765
0.51358545 -0.22466266
1.0956244 0.857229
1.4080545 1.4069574
-0.09938116 0.07915351
0.628393 1.8305944
1.44353 0.66067725
1.4002568 -0.55922747
1.4269712 -0.46371025
1.3147897 1.035416
0.10940795 -0.7815066
0.8106797 0.12488997
0.45487648 1.9700536
1.2425553 0.8744627
0.2859525 1.4554572
1.63784 1.0465127
-0.03544414 -0.7069717
1.4383221 0.9486996
1.0564971 1.0235925
-0.76946074 1.530128
-0.29514843 1.1940368
-0.264195 -0.28836146
1.772552 -0.67160296
-1.1001849 0.4124716
0.3867429 0.06298351
0.5602577 -0.5547005
0.48546392 1.2428693
1.5783565 0.05781281
-0.5708021 0.5424431
-1.1487188 1.0123107
0.18539499 -0.048884526
1.9534917 -0.6894157
-1.1564845 1.0473975
0.33155102 0.383075
1.1212025 0.7991024
0.92594624 0.6928101
0.39512885 1.5064578
-1.1597102 1.0779647
0.7536305 -0.1603135
0.14016826 1.7390618
1.318347 0.32904947
-0.06703515 0.6301811
0.5818261 0.6760218
0.023575261 1.1897275
0.21169661 0.21238446
0.84539187 0.25731707
1.622718 0.41188222
-0.0103505105 1.4622314
0.8488972 1.7323167
0.41505468 -0.4392376
0.19225328 0.039607257
0.95034075 -0.18988073
0.84535515 0.43266517
0.18788575 0.18529826
0.20950799 -0.21874534
-0.368913 0.7982701
0.3084486 1.228175
-0.14444506 0.7794237
-1.2915419 0.6008698
-0.46091354 1.5425869
1.4634128 -1.1379144
-0.52062345 1.5443531
0.7766907 1.2400469
1.259686 0.7864257
0.88154316 0.98594034
0.3700416 0.6506787
0.57823086 -0.0253724
1.447819 -0.002697438
0.27380455 2.5326114
0.77744865 0.12551415
1.6895616 -0.11281833
2.8108358 1.2919904
1.4869815 0.63114953
1.010948 0.104408234
1.6426349 -0.1933721
1.390336 0.62903637
0.21732809 -0.50598586
-1.0529481 0.39031434
1.3718827 0.19612113
0.5268324 1.4887913
0.38985807 -0.4290168
0.7079713 0.95883405
-0.2084801 1.8351189
2.1144352 -0.11539981
2.0851083 0.8324305
1.0331037 0.45672256
0.43210095 0.7555842
1.7041032 1.0072552
-0.7152615 1.386236
0.18187304 -0.086330846
1.4196857 0.16807127
0.6725298 0.29256368
-0.08211921 1.0040624
-0.8900261 -0.53100103
1.2287613 1.509969
-0.22256029 0.9322212
0.9658618 -0.0036863238
1.05675 -0.31285563
0.7546301 0.16104922
0.040973946 -0.40199018
1.1499346 -0.083571956
0.2806492 2.0314174
-0.047476366 0.97884107
1.0701263 -0.618127
0.42653072 0.46133024
1.1504123 1.208165
0.9517597 -1.5593259
0.35780054 0.84248185
-0.6476005 -0.6761476
0.44709128 -0.061714515
0.48952883 0.29662764
-0.60602295 -0.49214104
-0.035194427 -0.34544724
-1.0186977 0.8112571
-0.17938054 1.8181864
-0.016708314 0.44244993
-0.9407121 0.4396485
0.027900234 -0.1198053
0.24885292 1.9212247
0.26954472 0.7254315
-0.42882168 1.043702
1.7601194 -1.3664912
-0.8378204 0.89293396
-0.1510092 0.090640664
0.87748885 1.1297961
0.81387246 0.95597386
-0.51720524 0.31816542
-0.51727957 0.017315596
1.0422689 -0.29544407
1.4128 0.9679016
1.8117127 0.088035375
0.21004479 0.7899033
-0.43744415 0.952865
1.1035651 -0.15545812
0.5030922 1.0142783
0.0022587925 0.27096486
-0.3425455 -0.38379365
-0.110945985 0.4334414
0.65406126 1.0282273
0.9276544 0.101317614
-0.55681294 -0.8063027
1.1897296 0.27168655
0.77231634 -0.47584867
0.97106135 1.110929
0.7848172 1.7662143
1.5793326 -0.543105
0.42374974 1.2426606
0.347108 -0.27916127
-0.6892322 0.91566443
1.7008448 0.17715797
-0.045792207 1.5058775
1.0070046 0.71528935
-0.085091144 0.7484485
0.49374342 0.7661383
-0.21531123 -0.061824054
-1.033177 -0.98071253
0.2541141 1.5803957
-0.45242298 0.7310764
0.31397885 0.57578456
1.8836815 -0.6373445
1.9488244 -0.047695607
0.56626254 1.1208129
-0.09194489 -1.5068802
0.7096719 1.1231176
1.6543612 -0.9345629
1.2285782 -0.75870657
0.49700087 0.081116885
0.880466 1.2299831
-0.68856484 0.3114822
0.8868003 -0.57592726
1.3198483 -0.35470542
-0.15893054 1.8355623
1.0137424 1.0006441
1.0144734 0.48173743
0.35336858 -0.23803796
1.3896003 -0.6384125
-1.8702725 -1.2102907
0.7419444 0.5218589
-0.079854816 0.3675009
-0.2616452 0.42064488
0.72432435 0.62113404
-0.74139404 -1.0667267
-0.07060702 0.29287583
1.8873897 -1.0572169
1.7424588 0.7092258
0.55521184 0.83693206
0.68046975 0.42937273
1.9756994 -0.97095966
1.2515666 2.333619
0.5708742 0.47836316
-1.6334208 0.33730876
0.8886857 1.768149
0.26526362 -0.24227919
0.5918281 -1.0681998
-0.013301328 1.0921526
1.4552971 -1.1101199
0.1225992 1.1041512
-0.06155862 2.3607645
-0.26112258 -0.46871334
-0.36280346 0.25790226
-0.49266678 0.112662196
0.79779196 1.1690403
0.83927083 -0.4542274
0.22449784 -0.2184533
0.32323867 0.7813784
-0.37342378 1.073634
1.4687526 0.5697843
0.7156891 -1.1912295
1.2225376 -0.004556924
-0.6919113 0.16227028
-0.117184296 0.9404979
0.23238294 -0.939702
-0.0689438 -1.1768695
1.7043093 -0.15791838
-0.015174001 0.23879519
-0.25893244 1.1062835
2.2229092 -0.21518606
-0.56750596 -1.1857729
2.372504 0.9957061
0.8754569 1.0141889
-0.766528 -0.79834706
3.724748 0.30718374
0.48606598 0.59898573
-0.6770847 0.6065634
1.3899646 0.73638725
1.9571998 -0.17260084
0.16630773 0.03603041
-0.0552963 -0.18563509
0.13336603 -0.07543382
0.6265806 -1.0380039
1.1400256 -0.0699624
0.3062693 0.59101444
1.5131793 0.57326317
0.63030875 0.79972184
-0.29196513 -1.1629064
0.78879774 0.0113450885
-0.35364428 1.1393999
0.15002583 0.64121836
-0.07482122 0.4579587
-0.14665043 0.41827422
2.0403855 0.110366166
0.6555559 -0.61122084
1.8587544 -0.80322754
1.8680012 -0.65116096
1.8077595 0.3756259
1.4447783 3.065094
0.55981874 0.24953267
0.5120016 0.2987932
0.5116267 0.4636963
1.3086516 -1.9116683
0.3552785 0.33897042
1.6293383 -0.19301936
0.20289911 -0.5190717
-0.26571193 0.76919043
0.14400275 0.32605827
-1.4089657 0.04370874
0.66916037 0.40247363
0.36732548 0.65943503
1.6306028 0.74609375
1.2623057 0.42477095
-0.40566605 1.352394
-0.75517017 0.14674392
0.7293879 0.83375645
0.24655224 0.51349765
0.043166324 0.93274534
1.2683074 0.27351654
-0.08309366 -1.384917
0.9849688 0.81843114
-0.8655331 -0.2987471
-1.0384704 0.30832064
1.0396807 -1.3643215
-0.060568184 1.280972
1.1567626 1.5444714
0.5314039 0.19100595
0.46997225 1.1046693
0.22130384 0.94675183
0.43811744 0.56671613
1.6150342 0.7489915
-0.6965141 1.6439407
0.14391263 0.11639595
0.49668556 0.7377864
-0.70806503 1.0557618
2.2459161 0.109157294
-0.17801912 0.8462771
1.5254817 0.7882618
0.7585491 -1.0568976
1.884181 1.9377173
1.0454242 0.14339933
1.3933324 1.6011417
1.2604619 1.6682056
0.89768124 -1.0502484
1.1724871 -0.6537812
2.2652078 0.5247962
-0.054609746 0.5194706
1.2667352 0.93422806
-0.107010305 0.677878
3.2371693 -0.077491105
0.42884338 0.35503405
1.3293548 -0.5353669
1.9268675 -0.00327985
-0.7242696 1.0463207
1.4470825 0.21535352
0.93109834 -0.013720468
0.11639856 0.63994455
0.8561952 0.8324417
1.0050038 -0.5131595
1.3513676 -0.5957346
0.17819862 0.78534174
-0.3028003 0.25102186
1.2996509 -0.18772984
0.20555617 1.4598807
-0.6185063 0.46402675
-0.6755839 -0.48367506
0.64226127 0.4477185
0.49678636 0.5180847
0.03841825 0.67251736
-0.4296617 -0.15911844
0.5067993 -0.52136874
-1.1816117 1.0824144
-0.05981031 0.324578
-0.3303582 0.39346427
0.12605785 -1.3099155
1.4482112 1.2891144
-0.4816636 1.7546098
-0.7709325 0.58735394
-0.75056964 0.23417497
-0.5350941 0.76420105
0.89332855 -0.008280262
0.8746065 0.72860545
0.88426447 0.30375838
1.2677885 0.43701345
1.7117082 -0.5687617
0.060202852 0.5709935
0.19059439 0.12703738
-0.71148694 0.31381303
0.69896495 1.0330875
2.021077 0.24001405
0.24020018 0.5872048
2.673886 -0.3119521
2.3486247 0.21110973
-0.53300554 1.1231514
1.3170067 -0.090962365
1.4576764 -0.64431405
1.057445 0.77104294
0.89769995 2.3011856
1.8257446 -0.13501552
0.5909122 1.4989613
2.1855836 -0.19462086
1.8553123 -0.91967815
-0.23211151 2.1811094
0.20826958 1.9122695
1.6782253 0.76776946
1.0450037 -1.0491807
-0.6105386 0.4680959
-0.09668806 -0.10565902
0.49031705 0.7869656
0.83712184 1.8878602
0.546802 0.05712682
-0.2941068 0.51337886
-0.38073367 1.6627738
0.7033703 2.2529097
1.0868751 -0.3611885
2.202359 0.30256563
0.98855746 -0.24388182
1.2342764 0.8243258
-0.20229791 0.47097617
1.3033704 -0.65867686
1.8201113 -0.20764716
1.1978858 0.92948747
1.3146546 -0.20722762
1.9868383 -0.29470268
0.53176016 3.1399126
0.45279837 1.6058571
1.6278362 0.5212505
0.35374588 1.6320305
0.046505585 0.82193434
0.95014274 0.048042655
0.35077393 -0.096531406
1.3885286 0.76637995
1.2600485 -0.132036
0.0063131005 1.3160594
-0.037165537 1.5813555
0.26117545 1.1782562
0.68941385 -0.2517395
0.19573142 -0.2522628
0.27550673 0.39502722
2.0485108 0.07881194
0.27014267 0.6131564
-0.18374702 0.3644446
0.5398718 0.1439713
1.3659755 1.0845312
0.61109394 0.4068879
1.5685977 -0.07690953
0.42498773 0.40123826
-0.7274962 0.72367406
0.315706 2.0124068
0.3485338 0.9712472
1.0045491 1.1803373
-0.84974587 1.3563849
1.8334324 0.423863
1.0146896 0.33617324
1.5686402 1.6404631
-0.014829636 0.43454444
1.1762341 0.4356923
1.6928619 -0.060342744
0.37550908 0.8869461
1.127092 2.381558
1.113593 0.44902545
0.23354898 0.7268644
-0.69871646 1.0213572
0.079578176 1.0275707
1.2775111 0.48432565
1.4547771 1.1529783
1.3198994 0.5389785
2.0078604 -0.26907188
-0.1631394 1.4385636
0.8894694 1.072468
1.5049196 0.54248625
0.8284786 -0.6488244
0.6803516 1.2914481
0.036849305 -0.054238185
0.93426895 -0.0134228915
1.4129256 0.35606658
0.37928003 0.36756593
0.32844013 1.5718427
0.39998835 0.7364178
0.24818231 -0.38382635
0.06386109 -0.8850004
0.565788 0.4889686
0.25234258 1.8361222
1.1609071 -0.033302113
0.69405663 -0.22885884
0.53434587 -0.25652555
0.88485646 1.03364
-0.6373807 0.8823035
0.6653495 0.42693454
0.0136998445 1.026739
0.4072271 1.2551689
1.004372 0.81845427
0.57049215 0.15085483
0.087759 0.54063123
0.4958322 -0.37530375
0.9463625 1.3582497
0.68009603 0.58005977
-0.6760886 0.76897395
-0.1962465 0.8924781
0.9604831 0.03438002
-0.88641405 0.63923407
0.9024596 -0.13221505
0.94134915 0.5509572
2.4246838 -0.7726009
-0.01871489 1.1819422
-0.016893491 1.5792495
1.4546943 0.637891
0.17150466 -1.8761477
0.07590334 1.1581845
1.0816113 1.5222423
0.6310484 1.0094441
2.1788232 0.4177183
0.37141556 0.1730412
1.0526745 0.66655385
-0.09396863 0.039701402
1.024506 0.26231056
1.9598649 0.59188294
0.8829473 0.25991586
1.7968569 0.3503126
0.7569444 0.11566338
0.29110807 0.1134859
1.0403225 0.006711051
2.6599953 0.6950648
1.0479814 1.9279836
1.0509734 0.47271436
0.90306735 1.5522771
-0.08678129 0.8289089
1.0114793 -0.3921454
0.35714996 0.03635639
-0.01108177 0.55063564
1.2892905 0.37232232
1.2714298 1.1308935
0.9649043 -0.19439986
1.3115859 -0.6304741
1.8792739 2.356063
1.2774502 0.28757256
1.2987912 0.7430193
0.083810076 1.8149573
1.5586133 -0.5368711
1.0080202 1.1945043
0.113415495 0.8040854
0.16432862 1.8275329
-0.29112202 0.86403143
0.060853615 0.98713183
1.3197623 -0.07872598
1.5217711 -0.82290936
0.21567442 0.6531066
1.1580938 2.077735
0.67179036 0.013671845
0.98649764 1.0600433
2.2502952 -0.05760953
1.6366044 2.3831239
-0.26792648 0.7505159
1.3359132 0.71708757
-0.06291504 0.7911831
-0.11115247 0.18011001
0.37618995 2.1022348
-0.19259787 0.67819536
-0.07816222 0.50363874
0.15509684 0.76954854
-0.93740904 -0.74528944
2.9096649 -0.7641928
0.22188784 0.050338358
1.9092891 -0.69601166
-1.2133842 0.9048077
0.51767606 2.2768955
0.25678885 0.6123021
0.35473293 0.503332
0.8274425 -0.26848793
-0.060909122 0.14983618
1.4781867 1.0324638
0.5823127 0.5947472
-0.018244386 0.027338415
0.58755994 -0.38766015
1.0227393 -0.15797716
0.8001834 0.07692292
0.43649095 1.2523066
2.0153732 -0.9099939
0.19999488 1.4513178
1.2746158 0.44575834
0.27862352 -0.41698533
0.5040025 0.7091264
0.89760816 1.3197209
0.4805414 0.09236407
-0.61474615 -0.019369408
0.5313045 1.1146996
0.48060685 -0.43882605
1.7694318 0.8310548
-0.041655645 1.9427022
0.22913127 1.3080394
0.5194823 -0.44396603
-0.045968577 1.2371607
1.9424295 -0.27350008
0.96053684 -0.32930237
1.9738748 1.2404112
2.468461 -1.286558
1.2344459 1.1780475
-0.3791303 -0.13194998
-0.6460375 0.14858511
1.8722124 0.65446705
0.9903377 0.5116353
-0.03205377 0.13564345
1.3218732 0.66013545
0.8205632 1.3324788
0.24485253 1.1602471
1.1031576 0.06324074
0.3351596 1.1956927
0.11960311 1.7521533
-1.3795261 -0.92243165
0.07973431 0.9049541
0.08276649 0.8346807
-0.33360332 0.03624326
0.4944669 0.48933202
1.2856518 0.95540977
1.5369267 0.4248166
0.87373435 0.5632959
0.85204697 0.35463607
-0.8805261 0.8866602
0.16858004 1.2618667
0.28018475 0.841316
0.48463368 0.053636193
1.829983 0.49076158
0.3557533 -0.59340763
-0.61584795 -0.18851379
0.95867157 1.687455
0.16489236 0.1721198
-1.5402375 -0.06201285
0.1999162 -0.9138598
-0.07315493 -1.3575072
-0.5419788 -0.69425154
0.059913382 1.9038645
0.09565069 1.4819205
0.38566494 1.4866316
0.10255806 0.3486973
0.47215158 0.6508955
0.45708257 -0.7965379
1.2329787 -0.46656215
0.14633454 0.121602595
2.8432279 1.2451073
0.6844522 1.0697716
-0.8645689 0.65449375
-0.38374257 1.0664864
1.1593844 -0.20663722
0.94621813 0.7549091
-0.22457947 0.86982226
1.0888709 -0.05815853
-0.10706478 -0.5667303
2.1606102 0.26024053
-0.95943505 1.1231164
2.3665419 0.98878706
0.79797554 0.800676
1.3080059 0.31465602
0.089014724 0.054630846
0.58909196 0.7101682
0.91401017 -0.17261347
-0.030040756 0.8711828
-0.3989081 0.45212382
-0.16268066 0.56818396
3.2577083 -0.52604556
1.2222016 0.6292242
-0.18505135 0.44165552
0.44726032 1.7472105
-0.6803464 1.1316936
1.3120025 -0.07250884
0.6430175 0.053994894
-0.32730937 -0.3020867
0.3620391 0.26394665
1.1926745 2.4087725
-0.42770344 0.76669645
0.61103415 0.9929205
0.12969722 0.67317724
0.9824145 1.363323
1.3247182 -0.3315531
-0.9942749 1.1545485
-0.62009287 1.3448607
-0.5375248 0.09041947
1.4816979 -0.22446902
0.14496918 1.290026
-0.12384465 1.7416855
0.9890816 -0.9572003
0.67461306 0.11899507
1.3448888 0.6425625
-0.17273194 0.21675059
-1.2932358 0.47662705
-0.99780667 1.8197325
0.49147022 1.0226932
-0.38304192 0.77598345
-0.20603397 -0.61643016
0.5878958 0.41001183
1.1781499 -0.95417756
1.4633892 -0.49741048
0.5516939 -0.2593116
-0.8685131 -0.15643065
-0.19259584 -0.26867518
0.10359557 1.4305568
0.24122111 1.0683842
-0.3186772 0.8378931
1.8267059 -0.09505132
-0.75238836 0.07676229
0.19228183 -0.5526525
1.7049159 -0.52945787
2.7050135 -0.1603578
0.85520244 -0.56659925
0.28758258 0.5958643
0.2925884 1.9761668
1.0340867 0.53771305
0.08755939 0.028528243
1.0890492 -0.15586343
-0.7472726 1.0505091
0.21607463 1.06681
0.27673745 0.7227389
-0.5966896 0.7415105
1.1219555 1.5670687
0.012617692 -0.89576715
0.81776905 -0.42638254
-0.2027731 0.33143485
0.07017954 1.598946
-0.028517291 0.4840095
-0.05038452 0.720868
2.3801532 0.18993181
-0.6820895 0.40089715
-0.13715875 0.48691946
-1.3108432 0.50190187
-0.042976364 1.5125945
0.05238457 1.471999
-0.65874404 0.14507094
1.195846 0.46570522
0.13629578 0.90166414
0.6306001 1.9057735
-0.39725587 0.9688864
1.4464133 -0.6556098
0.68248427 1.3568347
-0.89426005 1.5120689
-0.02496177 1.336772
-0.18559176 0.79988897
0.9880545 0.16776356
0.6592456 0.88483214
-0.30294952 0.41416848
1.2305636 -0.36773723
0.8573364 -0.80516666
1.0077083 -0.9731226
1.6000345 -0.53908765
-0.0010294765 0.16312215
2.1506062 -0.1733132
0.3863458 0.36597776
1.293887 -0.22081888
-0.15642759 0.97348154
-0.3659127 0.7827765
-0.47250545 1.3568364
1.3402883 0.16035274
-0.13031664 0.15628779
-1.433015 -0.71694773
1.2904958 0.17668971
1.1945256 0.057401627
-0.36883065 0.7575587
1.6378676 -0.7993269
0.8878199 0.3782512
1.3295552 1.5419877
2.3043575 -0.11198661
0.5430412 0.2431365
-0.6703767 0.87569153
-0.67589945 0.4584998
-0.10951714 0.71662056
1.4313788 0.038511693
0.28007674 0.4439062
0.180914 -0.3126313
0.91826653 -0.22181691
3.1141925 1.1345122
0.3017252 -0.010842562
0.4429232 0.2997133
0.1442677 0.0015509427
0.6046366 -0.09670156
0.19289123 1.0711238
0.88933456 0.81202185
0.6714049 -0.87662435
-0.49565226 1.5943993
-0.5190569 0.8758559
0.21735646 0.39471638
1.0225949 0.66483575
0.63860536 -0.8360285
0.76299095 -0.4599647
-0.9234345 -0.06450878
0.5373205 0.0309228
1.7196064 0.5940497
0.54333013 -0.37976703
0.5122889 0.23341411
1.3022666 0.323924
1.174914 1.2789851
0.5789252 0.78131306
-0.8931185 0.9065095
0.22335277 1.447128
-1.0245833 0.6895156
0.9313774 1.6112866
3.4504743 0.46992272
1.2710791 0.49765956
1.167473 0.09691757
0.102747574 0.706814
0.76032865 1.0693197
-0.17592984 0.24407172
0.47566414 1.5769011
0.31153816 0.6167221
-0.83106923 -0.5454052
-0.9262678 0.8800217
1.813354 0.0337947
1.3532326 0.092665166
2.8704545 -1.2538668
1.3898779 -0.026433274
1.3461509 -0.6722832
1.8186996 -0.081540495
3.0474212 -0.18194395
0.576537 0.67982674
0.0071080476 1.7942394
0.7312096 -0.74392575
0.08170535 -0.3778553
0.37012982 1.3693097
-1.0596485 1.6805131
0.06632711 0.2828141
0.93567586 0.84732735
1.3123599 0.34956354
-0.08000116 0.21417543
0.20932849 0.21473089
1.740649 0.9825218
-0.33879462 -0.34491545
1.5667758 0.7527233
0.39070028 -0.30128452
0.9899242 0.16809323
0.96074986 0.30103368
1.3725667 -0.09593846
-0.16853972 0.40199548
0.5606457 0.16070706
-0.7928148 1.1110289
0.3081414 1.4375479
0.9856415 1.2239933
0.5436572 -0.45889497
0.5291858 1.6440897
0.6151583 0.54700077
0.7765715 -0.18523431
1.0057602 0.9382585
-0.3276552 1.4076446
0.66606337 1.0611371
-0.26241982 -0.21597423
-0.48231664 0.5083501
-0.54262954 0.94038415
-0.6694952 -0.6200131
0.7703297 -0.73228633
0.26203626 1.2309227
2.3271642 1.0866327
0.5722503 -0.10333319
0.03097044 0.20373833
0.034203276 0.75495833
0.08588256 0.8866279
2.597936 0.52606374
0.37700886 1.4648137
1.6951605 0.29479742
-0.076917425 0.9670423
0.3909819 -0.7918671
0.2151771 -0.038695112
1.2702843 -0.32343733
-0.52246517 1.2223259
-0.08721779 -0.5125475
-0.51652724 0.92296505
1.374785 -0.20346081
0.3601364 0.026349396
1.213193 0.63592505
0.6481518 2.237515
0.048951462 -0.74789387
1.04754 -0.7186631
2.3867116 -1.3550057
-0.24888259 0.74522704
0.32692653 0.85519457
-0.9486632 1.0614733
-0.26568258 -0.53999555
1.1026282 0.53832346
0.6043589 -0.46557474
1.107851 1.4054507
-2.4238536 -4.284596
1.1034045 0.5853928
-0.20744908 0.32945716
-0.4259835 2.105454
1.7011887 -0.42499888
-0.02638498 0.82748103
2.1306622 0.98568034
1.9597328 0.816412
-0.15271303 0.9275949
1.1213136 0.6155171
0.5596494 1.4129934
3.2114453 -0.8901983
2.4029343 0.099280775
-0.19336082 0.8774409
-0.409118 -0.7065164
0.5692204 0.32396525
1.6386603 -0.8913881
0.7865013 1.0932283
0.42518818 2.188445
0.31800777 1.1858883
0.18599842 1.4284703
1.6697426 -0.6226045
0.18516128 1.2369199
1.0750453 0.903587
0.85050035 -0.9571271
0.59051627 0.79009736
0.9577174 0.017976344
0.27724105 0.93794155
0.5021857 1.2256618
-0.29158714 2.1476078
0.9562551 -0.10343318
-0.08585358 -0.13808167
-0.38906443 0.5656252
0.4682606 0.044321477
1.4725417 1.668535
1.3222749 0.43526626
1.1014526 -0.24999446
0.17452838 1.3208108
3.5663118 -0.475761
2.5139391 -0.5633881
1.0322852 1.4718927
3.0363252 1.027994
-0.29388115 -0.083855405
1.0086428 -0.2152093
1.359348 -0.9966095
0.342794 0.07349506
1.7305331 -0.07461277
0.05983801 0.27562803
0.51357394 -0.11008063
1.0566455 0.36829603
1.3378315 -0.3306899
1.0203886 1.3925133
1.1367162 0.56549025
1.9117904 0.34709984
0.6018484 -0.14747292
1.2335124 -0.6373015
0.40167117 1.4629737
1.5309138 0.4515676
1.1775477 -0.9079163
1.9290464 -0.30165103
-0.068431795 0.08971664
0.116776064 1.724663
2.0985322 -0.6907611
1.1382748 0.6858243
1.821152 -0.5562365
0.44762212 0.7819674
1.6621665 0.29775226
0.7310444 1.6306223
1.0862387 0.76075435
2.2522128 0.9129944
1.5674425 0.036603123
0.12545516 -0.18765375
1.6264983 0.15026096
-0.026379466 1.0679126
-0.12145977 1.6184467
-0.91020596 -0.6438926
2.064301 0.8870343
-0.12735479 1.5212632
-0.3774848 -0.54179263
1.1963177 0.6800021
-0.34055018 0.73020047
1.1573846 -0.23896933
0.76039433 -2.0196047
0.24469091 0.25710303
1.2831675 -1.3403162
1.0988357 1.1416836
1.4539828 0.3262053
0.5280701 0.09657207
1.2795546 1.164583
0.7399721 -1.2209302
0.30798185 1.7546848
0.8021529 1.0149554
3.2532663 -0.3970157
0.5794487 0.044422507
3.0529416 0.50027347
-0.17240068 1.1600327
-0.53852046 0.8510133
1.1992123 0.50227475
0.14515866 -0.060041934
-0.97036046 0.8697691
3.5530279 0.41558456
0.10814728 -0.99273497
1.9318669 -0.7086222
1.824326 -0.11388658
0.720348 1.3569425
1.8495598 -0.95649797
3.3745484 0.5187406
1.1871563 0.12222272
1.1181127 -0.78847325
0.5012996 -0.31907743
0.95197284 -1.3729391
1.4368569 0.8489077
0.2320271 -1.1314542
0.003383264 1.2531114
-0.15905872 0.055008948
1.3115648 -0.67914796
1.3140465 -0.3492168
1.5880837 1.188019
0.7957984 0.7358422
-0.17960909 0.78100634
0.71146697 -0.17592622
0.81909883 1.4822536
0.8244008 0.11780587
0.29411554 0.12503293
0.60932976 0.8271967
0.3777281 0.15571684
-0.5008521 1.2595994
0.779143 0.21677732
-1.560763 -1.7815552
0.4946503 1.8192033
1.3010371 0.8790895
-1.1191059 1.4043274
1.2054262 -0.5349419
1.5506132 -0.15613636
-0.044647425 1.5173218
-0.8004407 0.4721285
1.5716258 0.2752568
1.7967086 -0.90032524
0.9053526 -0.2995935
-0.48320448 0.64261067
0.071569785 0.038836002
0.7087487 1.1026913
2.2683473 0.6992859
1.7925575 -0.27683896
1.484016 -1.1374516
0.98211193 0.7997339
0.52977204 0.8059174
-0.3215633 0.38062614
0.9019829 0.40504044
1.3901389 -0.70608366
0.5943043 0.93959725
2.075857 -0.89553714
-0.9572628 -0.06291886
-1.5177082 0.3662225
0.67518723 1.2609273
0.8091067 1.1913115
-0.6005838 -0.41526997
0.15393652 0.17724341
0.93997335 1.1804358
0.96146214 -0.43803218
0.02359502 0.21746534
0.40507525 1.1844844
0.47318816 1.4314744
0.068206534 0.97576594
0.66855055 0.8669479
3.0363517 0.2854641
0.72645867 -1.2016497
1.0934979 0.48798442
-0.09458049 1.7025938
1.8623219 0.26646668
0.5555319 0.18452731
-1.1783025 0.83310926
-0.46997488 0.7083872
1.5797851 1.4779656
0.024525687 0.047969997
1.1738447 -1.2314837
-0.8716712 0.95590544
0.35764503 2.4194803
0.36787593 0.6581019
0.15762387 -1.0880986
0.43010616 1.6488013
-0.17916316 0.42072845
0.55192685 0.8591111
0.4498511 1.0993189
0.37008005 1.3308924
1.3143839 0.057348788
0.64092594 -0.19425312
0.24881731 -0.4880879
1.949863 1.1650912
-0.42207164 -0.5028573
-0.7315302 -0.59692246
0.16858916 -0.38500386
1.2251111 -0.9290799
0.6332229 -0.37054753
1.0693674 0.74114853
0.8739761 -0.57955426
0.0069017857 0.53264827
-1.0723344 1.3456527
1.2202004 -0.2253407
0.9672793 1.2696203
1.6880993 0.076277316
0.7979368 -1.7518129
0.46555024 -0.32889548
2.634415 0.13056955
0.6142385 2.1653585
1.7920675 -0.7083777
-0.74333924 0.502341
1.271762 -0.9371886
0.8649905 0.428392
-0.7611417 1.3630742
3.3655708 -0.081796855
0.48871434 1.3114187
-0.3149597 1.1747292
-0.7961789 0.97144675
0.27248847 2.5953326
1.3500704 0.32984197
-0.13782603 2.1375675
-0.4366914 0.7010724
0.96622396 1.4060948
-0.0035764277 0.16179067
0.5271974 0.36725718
1.3395346 -0.111104056
0.9033334 1.2791495
0.2125084 1.2647078
1.6650761 -0.8835194
-0.36196136 0.28538066
1.7526033 -0.92140573
2.1440322 0.5320245
-0.19488072 1.4085687
0.17125686 1.4671317
0.5311328 0.82912636
-0.4826362 -0.13102593
0.58864284 -0.17228173
0.3429287 0.19784245
0.2624675 -0.0011748224
0.8758086 0.2267159
0.13478978 0.55761516
1.5012988 -1.3963771
0.9170325 0.4323454
-0.22218908 -1.23037
0.6812465 -0.86649853
-0.3100745 0.65312487
1.2672067 1.641887
0.22493552 -0.41848052
-0.4164514 0.9770541
-0.30716714 1.2678622
-0.4906888 0.066681504
0.40251493 -1.0259833
-0.5821362 0.43635893
-0.25579637 0.982476
1.8519356 0.57054603
-0.32097846 -0.62252206
-0.36145258 1.3972921
0.03406827 0.5743759
0.36765116 0.56400627
0.7862489 -0.85175824
0.23991804 0.7526286
-0.39452457 0.07292214
1.3908079 0.64277375
0.1904035 -0.049387068
1.3491795 2.2462049
0.13854723 -0.46575418
0.30873644 -0.033181235
1.1729846 0.40592396
-0.19689323 0.4501323
1.6141042 -0.6415063
0.11101939 0.6338033
-1.0785615 0.44826776
1.2051605 0.93187106
0.9326341 -0.63398933
-0.6248319 1.1742166
1.1806009 0.99849916
1.8697948 0.10740271
1.0993671 0.7255295
2.3758347 0.033557862
0.027690753 -1.209646
0.24109425 0.52415127
0.491027 0.25578842
0.759104 0.5589054
0.04151465 1.8291456
0.47157133 1.1614825
0.49327916 -0.056863174
1.4776397 -0.104163155
0.29523295 -0.7677049
0.2036845 -0.19979744
-0.40885246 0.8786632
1.3015292 0.29432893
0.6172287 0.48281646
0.7925049 -0.05280617
1.1772618 0.5452007
-0.5988671 0.30314267
0.6279325 0.7280279
-0.13101879 -0.15403265
0.54225755 1.1703829
0.8191389 -0.23428315
0.28858435 0.9324862
0.36455518 -0.55889606
0.4040202 1.3898698
1.1302968 -0.11415967
1.8240564 0.003982097
0.54892725 0.10947645
-0.13496523 0.59505135
-0.77110654 0.94294083
-0.23176938 0.6094307
0.20608486 1.8033823
0.12679581 1.451757
-1.2783921 0.6369768
1.00883 0.75026053
1.2439758 1.0606196
0.22150953 -0.11278634
0.023228183 0.98786557
0.03360848 -0.5605301
-0.22329974 0.5100306
-0.14702581 1.8626987
-0.04700774 -0.32471725
1.1834099 0.25580302
0.10675864 -0.6977612
0.94052386 0.58445626
1.2756948 -1.0847014
-0.109097496 0.21828601
1.1816231 -0.7001505
-0.05196725 -0.4641162
-0.27110648 0.3497094
1.5154129 -0.47823352
0.6790929 0.15477622
1.4671767 -1.7405914
1.1736392 -0.79152167
-0.018304065 0.29707056
0.51734436 0.3214864
2.0958202 -0.86024076
2.187045 0.51654553
2.0752814 0.5759553
1.2758151 0.8328942
0.008090034 0.5060288
0.40844268 -0.35238832
-0.91888964 -2.0740323
1.5145805 0.35623914
-0.46304387 1.0763974
-0.94532233 0.39393914
0.50404716 0.2950309
0.34568608 1.5614158
0.23132192 0.4161209
0.7284552 1.0255854
-1.1776631 1.1584355
0.49291408 1.0526404
-0.50347185 1.2808815
0.07675396 0.27469695
-0.64050215 2.1650434
-0.16332166 0.1851916
0.66474533 -0.18790033
0.6809769 1.3265282
-0.019410208 0.24449983
0.63646555 1.6051686
-0.20099488 -1.1618178
0.95768595 1.380127
1.0830024 -1.0240276
0.48120487 0.042354703
1.898202 -0.76884973
1.7663345 1.6026125
0.09652604 1.4709172
1.3382849 -0.73882246
-0.15676636 1.0379725
0.17424367 -0.15682617
-0.31022578 0.35468262
1.8993773 -0.5342575
1.1347682 0.57225776
1.8734901 0.8345183
1.2627383 -0.4787538
0.33176363 0.2197426
1.1689872 2.124323
-1.0000014 1.3383214
1.6455302 0.72325534
0.095219806 1.6244919
1.0660659 1.1358538
0.94117904 0.564091
0.20190053 0.7954093
2.3547218 -0.15231504
1.507546 0.44418103
1.8275938 -0.81347466
0.5326389 1.042673
0.57247305 0.111483276
-0.9298823 -1.0935225
0.9843769 0.363002
0.6881871 1.4455421
-0.37653223 -0.16480878
1.9089537 -0.6153353
0.7318386 1.2190422
-0.20703354 0.8054831
1.0621246 -0.1582382
-0.22111954 0.15928957
0.8140831 0.20241326
-0.3783566 0.105689466
0.49047428 1.2735498
0.19509391 1.0147327
0.54849815 -0.62881804
0.8352796 -0.46612957
0.18579821 0.087956816
0.8524426 -0.29517365
0.36663502 0.3095714
1.2612542 -0.3911953
1.852145 0.77532315
1.6477591 -0.41942897
-0.4499676 -0.22595045
0.45477647 1.9316977
1.7227628 0.037804097
-0.28900287 0.5042233
0.39945728 1.3693445
0.53766954 -0.37582594
0.052079633 -0.08217867
0.6355237 1.4070755
1.6166503 0.16403797
-0.16883028 1.9396766
0.7920253 0.1319322
1.0167066 0.98628175
1.5816491 0.9616442
-0.08213793 2.7427425
0.13587253 1.0725516
1.0034525 0.051745117
0.1696267 1.9598957
0.45154476 0.030305594
1.3220801 1.6569095
1.4792892 0.2081111
0.62856036 -0.623765
0.26808602 0.21738523
0.4050138 -0.3403326
0.23745163 1.032182
0.7426783 1.1577735
0.3540879 0.13552707
0.2985562 0.0660283
0.8053349 1.3289316
-0.012719303 -0.56218076
-1.5680573 -1.3065671
0.5626609 -0.59666556
2.6009128 1.9811538
0.19831 1.3125006
0.18751214 1.207553
1.5955199 0.020750403
-0.057193637 1.165594
0.92385554 -1.5523298
0.019190684 0.41325146
0.26177788 -0.14009437
1.433189 0.04837379
0.36084116 -0.8394219
-0.8693918 0.61572003
1.5227197 0.24102557
0.8448669 0.6809668
0.7747345 0.3431576
1.6779523 0.38935453
0.071874484 -0.1556502
0.54992163 1.4932249
-0.696215 0.017969728
-1.8919265 0.68788624
0.85515344 -1.3496898
-0.31222045 0.75559956
0.42622715 0.22380319
1.1316963 1.2932886
-0.6526788 0.2132552
2.2405865 1.3192761
0.10701023 0.5625247
-1.0151615 -0.119726814
0.9889189 0.19760674
-0.014325455 1.1475422
0.6289547 0.54550844
2.2690039 -0.95210403
1.474216 -0.51989293
0.7961545 0.2127291
-0.15855038 1.2898815
1.4096909 -1.0270636
-0.16798517 0.22266078
1.3538822 -0.35238108
-0.29791152 0.73599255
0.9757415 -0.012592033
-0.13597341 1.3994544
-0.14243516 1.5294418
0.35340255 -0.76487917
-0.13747874 1.2480016
0.3782627 -0.029349059
2.0531244 1.1647549
1.2435424 -1.1119877
0.7555566 -0.7668696
-0.5254131 1.1853245
1.6163045 -0.54698676
0.49607992 0.6371235
1.3732291 1.5533842
0.66636646 1.4873914
1.4869952 0.61903983
2.5082335 -0.6507346
-0.3166189 0.8069025
1.8646114 1.2822627
-0.25482228 -0.20168787
2.2016082 -0.3969658
1.5028199 -0.8901693
-0.28998747 0.65310043
2.1194525 0.053621948
0.42232186 1.3343954
0.3641296 1.2393804
0.79443395 -0.7252227
0.4065609 1.3208768
0.9608985 1.2469065
-0.48343545 0.8344101
2.440499 -1.1475153
0.7617152 0.8383994
0.14620118 0.360384
-0.6489133 -1.9560082
0.70710534 1.188345
-0.9172886 0.30187047
1.8795457 0.4747271
0.09472801 0.56529605
1.4985217 0.46897137
2.3528774 -0.06903906
0.57100666 0.15560475
-0.77391654 -0.1498306
0.9754615 0.19294995
2.6024344 0.016878694
-0.4209224 0.84072995
-0.934667 0.76852
-0.6806106 -0.10704444
1.1852176 -0.37408656
1.1820062 0.54676265
-0.68670774 2.1322422
2.2698832 -1.1123216
0.12772961 1.3106825
0.23446901 -0.2892147
0.07495348 1.8160454
-0.18452388 0.8905411
0.9735279 0.9909352
0.6443378 1.4106338
0.27344584 -0.542355
1.0326092 2.4461694
-0.23160152 0.40597552
2.8514626 0.8247411
1.7354566 -0.50403106
0.23112397 -1.1313491
0.30720997 0.573359
0.49306226 -0.036710188
1.6269542 -0.0712046
-0.48672134 0.6184954
-1.4300336 -0.16631737
0.6855529 0.99725854
-0.7189594 0.70505846
0.67879695 1.9684023
-0.17809865 -0.05936323
0.117680535 -0.05147007
2.3371022 -0.04065831
-0.9708487 -0.51416576
0.14277063 -0.08846676
0.24457403 1.3640399
1.0835147 1.5234807
0.76867044 1.1232525
0.768288 0.22334611
-0.18152055 0.15214288
-0.08009049 1.686094
1.266953 1.935551
0.0644093 -1.1296798
0.63151085 0.7824178
0.6606152 -0.2772617
2.7711182 1.4451101
-0.838898 1.8316404
-0.8426873 1.1028186
0.40136486 -0.13949192
2.1295688 -0.7206931
0.4039572 -0.5146346
1.3036896 -1.7145889
0.7811121 0.45741755
0.2911299 0.45195633
-0.34367633 1.2027104
0.210497 0.71541667
0.043957338 -0.04864368
0.44739062 1.3436528
-0.9240797 1.3619949
1.1636882 0.28706664
2.5401702 0.92556965
-0.21611571 1.1401306
1.7179493 -1.0280794
-0.22762662 0.39260966
-0.25238842 1.385252
0.5639856 0.16234395
1.5349311 0.9550936
2.4158692 -0.043927833
1.3503026 -0.3521397
0.6590093 0.025607705
1.0402558 1.3507116
-0.009979978 0.39684087
0.89529514 -0.1896252
1.0152125 0.9947727
-0.3539061 -0.039962396
0.40135735 0.91875005
1.8708365 -0.049502745
1.3392828 0.35697734
-1.2355796 2.1829681
-0.45209205 1.9984263
0.9111341 0.8499304
0.75537884 0.9200362
-0.29438 0.32812476
0.15149637 0.849885
0.8031397 0.17762041
1.3137554 0.1398668
1.4067672 1.8513385
-1.4320447 0.93125856
-0.5270663 1.2138708
0.6678732 0.17240736
0.42071146 0.9671912
1.0232975 0.2624786
0.6746838 -0.019457996
1.4076039 -0.5889803
-0.23629163 0.16191429
0.10350259 2.2666516
0.06655203 2.192834
-0.7925944 1.0107042
0.82152474 1.1021757
-0.09559147 2.097034
-0.5054303 0.3829652
-0.25457036 1.7645606
0.18726583 -0.76013774
0.88321817 0.72234464
0.45865917 -0.4439003
0.55752903 0.7137107
-0.45748973 -0.6656971
0.07400517 1.0737286
-0.1350494 0.75871456
0.42863846 0.5781884
1.7579267 -0.3756822
0.7671418 0.172854
-0.74377835 0.88679254
-0.6501955 0.33683133
0.89555085 2.074863
0.7191441 -0.48445833
1.2389416 -0.25263578
0.61544913 -0.5898532
-0.3950002 1.9966999
1.0667948 0.72493464
-0.9031108 0.44263357
0.30864805 0.6692696
0.54289013 1.2072244
1.7017666 0.8757932
1.8457842 -0.22015423
2.333452 0.62428206
0.120605335 -0.11242652
-0.886905 1.259479
-0.06612666 0.8378762
1.4549351 -0.08165102
1.1488246 0.7874104
-0.15997472 -0.065110385
1.2597597 1.5367539
-0.46088296 1.0180106
0.6050128 -0.25381735
-0.119459346 -1.188602
0.5487584 -0.49059734
1.8813131 1.9299291
-0.26037192 -1.2749212
2.0094337 0.25112435
-0.58868366 -0.16449028
0.4147519 1.1227897
-0.46984082 0.5827451
0.1532097 -1.3345808
0.42303604 0.5395752
1.7012651 0.7729876
-0.17763923 -1.4725513
1.6540456 0.36493915
-0.23245667 2.0933824
-0.18483749 0.47871035
0.47536975 0.5133756
1.3151519 0.9878727
0.9171593 -0.28340936
0.99279165 0.42249995
0.43947458 -0.42902958
1.4032048 -0.4377483
0.26451427 1.2112046
1.0905603 -0.36750633
1.5889117 -0.89851403
3.3011448 0.16076455
-0.35253805 -1.4672017
0.16561957 0.6088595
1.7437555 -0.36201108
0.15398191 -0.33981597
1.0415136 1.2643292
-0.47860733 1.1130761
0.58364534 1.5814259
0.33495545 0.49877626
1.2497026 -0.9906787
-0.79382616 1.1466047
1.4621987 -0.872818
-0.36785424 0.57348186
-0.25884297 1.3368255
1.0945499 0.31079054
-0.757413 0.542411
1.0846821 0.56632096
0.72303855 0.31309068
-0.07484706 0.031971425
1.1713014 0.15607071
1.3301609 -0.06325185
-0.5613486 -0.8047667
1.0431516 -0.15885365
0.60414 0.2379108
-0.28214684 0.70541865
-0.8613541 0.7148817
2.1074893 0.54377097
2.0747123 0.19665158
0.44292593 0.28379053
0.6641303 1.1487767
0.18967398 -0.5037916
-0.40989244 0.84087014
0.36665052 0.35344642
2.055294 -0.81987965
0.78806174 0.29644454
0.24676652 0.4701339
-0.624624 1.3475733
-2.0600839 1.6590053
-0.2720795 1.7116289
-0.14183429 0.16649702
0.79110575 0.42470032
0.9404695 0.68891495
1.2775726 -0.22955644
1.0674955 0.59287626
0.060867354 -0.49948844
1.7231402 -0.34837064
0.7416348 0.9184023
-0.14749967 0.6859286
0.31855297 1.1616303
-0.7293693 -1.4686114
0.27478278 0.035910875
0.028649583 1.4440689
0.038381085 0.02747628
-0.36299866 0.6836493
0.9339539 0.20978817
0.6315622 1.0440093
0.7723675 0.46246415
2.5626154 -0.71784365
0.7198687 -0.5392205
0.7202032 -0.07620089
0.16356225 -0.11598293
1.4236832 0.14778337
0.9471873 0.9137453
0.6693259 -0.09136085
0.39512438 1.1459407
0.45616257 0.6848894
0.89293075 -0.012709752
0.8859019 -0.4251544
-0.42655239 0.5244076
-0.2195809 0.38596034
0.84067774 -0.10010485
0.6961621 1.0507017
0.82111037 1.15145
2.3802495 -0.033593222
-0.08754447 1.768035
0.47488803 0.08477634
1.0609026 0.1790914
1.5487356 -0.8680911
1.0254093 0.2912228
0.66809785 0.9137454
-1.4282742 -1.7404418
0.31672788 0.86276984
0.6943349 1.1837099
-1.6910295 -0.9564576
2.6300168 -0.58702946
-0.7450054 0.36867672
0.8664324 0.7355896
1.6973399 0.11821127
-0.37254873 -0.050205216
0.9878812 -0.6925509
0.029540285 0.63882816
1.601731 -1.1816486
-0.21619269 -0.90038186
0.3703258 0.19999346
-1.1650945 1.4249208
0.8233495 0.2890057
0.23721711 1.896546
0.36221635 0.7708502
0.57464194 0.4889487
0.9919505 0.5633097
0.2039498 -1.3714935
0.94738567 0.69263154
2.0518048 2.2012768
-1.0782914 0.6253613
0.041314796 0.4473545
0.49498826 -0.5992997
0.56597006 1.3726444
1.0982124 2.0135665
-0.18776526 1.2124645
-0.30697712 0.923741
-0.7116669 1.4414613
0.19803144 1.1630628
1.32954 0.13790941
0.08300291 0.5567208
0.83570933 -0.44325182
1.787041 -0.32815626
1.4281907 0.63592243
0.8081858 1.0989648
0.36305934 0.007374093
1.0478927 -1.7302833
0.5537024 0.6144156
1.0067638 0.4475631
0.7619215 -0.08775054
0.021146938 1.5216742
-0.96040154 -1.1552722
1.306318 -0.448658
-0.56698436 0.25846216
2.1291473 0.682872
1.7930877 1.962794
-0.78174025 1.127299
0.80324984 -0.06456323
-0.21976855 -0.94067335
1.3185589 -0.3279448
0.902022 0.2554225
1.4657683 0.4723475
0.1815144 0.47155172
0.6948156 0.68416613
0.7632973 1.1406742
1.5851053 0.75957173
1.3111682 -0.28878817
0.45678395 0.9529102
0.2072799 -0.4774546
-0.2495062 0.76950467
0.8839313 0.22282615
0.1948912 0.536968
0.81657207 1.1556726
-0.9881954 0.82319117
1.706865 0.24675995
0.23730706 0.21758422
0.93390834 -0.48129112
1.4727439 0.8866279
1.8727367 1.1237783
0.37252706 1.032216
0.9880099 -0.551113
0.2043208 0.7986556
-0.6937853 1.5832763
1.1554114 0.24822265
1.0679986 -0.15628657
-0.67257017 0.4829129
1.0413488 -0.013727248
1.2222472 1.3944747
1.0236826 0.5974744
0.57808506 1.2254894
0.08121751 0.78050375
1.795058 -0.23910618
-0.32201868 1.6778326
1.2936579 0.5876926
1.2248036 -0.9497176
0.5698007 1.1407118
0.95662117 -1.0934142
-0.021977887 0.3502164
0.18660165 1.346004
-0.1260938 0.9209901
1.117712 1.1707244
1.4109278 0.6607259
1.0582293 0.14345309
-0.0816111 -0.042188942
0.13005008 1.289797
1.9457159 -0.28155443
1.6472672 -0.7209021
1.5049682 -0.13195966
1.1051748 -0.88213116
0.94997585 0.50665265
0.14935072 0.4183395
0.392268 0.7300496
-0.18359789 1.4015402
0.19329028 0.5962423
-0.25555542 0.22129223
2.1618779 0.2814744
0.8717978 2.0255957
0.7339298 -0.6216401
-0.6656813 -0.82202363
0.052855477 1.7183733
1.5373205 0.75131845
1.0281156 -0.3956765
2.2558157 -0.10483506
-0.8504018 -2.073682
-0.16461071 0.69321537
0.8515488 0.6422187
-0.05011165 -0.68888664
0.9680495 0.906417
1.8102772 -0.2573968
1.7860196 0.904014
1.9681768 1.0532703
1.137102 -0.69132185
2.0565617 0.49276042
0.87971187 0.5550196
1.0359929 -0.48147714
1.6178886 -0.6781517
-0.020517409 0.10706249
0.23870598 1.1623734
-0.45568198 0.4342242
-0.22080983 -0.57942057
0.081176415 0.73847187
0.42968857 1.4530236
0.47696882 -0.43266666
1.4167435 0.45277405
0.18008555 0.08362362
0.77686596 1.0015466
-1.0627253 1.1074811
1.7643332 0.39679563
1.7195096 1.6160829
0.5247061 -0.50997305
0.5985724 1.7301123
1.090492 0.98596466
-0.94033945 0.870945
1.9020569 -0.3786338
-0.5214657 0.7825047
0.9301233 -0.5213967
0.7094338 0.73855823
1.8062692 0.8619927
-0.27818114 0.24217764
0.123517886 2.4537454
2.0803246 -0.2922639
0.34936428 0.56143653
0.44246733 1.6946809
0.95660627 -0.2703446
2.069918 1.0154976
1.3709487 -1.5335147
0.44359463 0.9030266
-0.55258906 0.65978
-0.30619836 0.88031197
0.7968762 0.6287776
-0.11456925 0.6775535
-0.2358454 0.378865
0.17109449 0.8544153
1.1337837 -0.0031953305
0.23277365 -0.7545944
-1.4477227 0.50640625
1.3804581 -0.3848553
0.48869252 1.4260236
-0.8187697 0.6636759
0.002384171 -0.2678811
0.01578392 1.2711645
-0.067111954 0.072482914
0.4047752 1.89806
0.31665975 -0.46641535
0.6326373 0.88409185
-0.010090455 1.567147
0.9551885 1.0751288
0.7520728 1.4212381
1.601926 2.2577338
0.061470315 1.147512
1.3275985 1.2384635
0.97837806 1.1527928
-1.521428 -0.575678
-0.3682935 0.3842178
0.47282654 1.1589881
-0.25687185 0.032832623
-0.09286995 0.9374399
0.23803647 0.2873597
0.011652753 1.1063443
0.25388962 0.8580626
2.433107 0.6610954
-0.011325464 0.27343976
0.8226303 0.7262193
0.2671405 -0.34531215
0.6080416 -0.75357115
0.9555578 -0.2829901
-0.7522253 0.7131463
-0.4707294 0.351308
0.11845271 1.0522972
1.1015854 -0.60949445
-0.0013401508 2.1206408
0.5720457 1.1826013
0.65081036 -0.9145238
1.463826 0.45705384
1.5404292 0.15580279
0.114199564 0.7641989
2.1653986 0.4445477
0.20458819 -0.44109565
-0.37886915 1.4109153
0.43130875 0.6182357
1.1667329 0.8296673
-0.7871177 0.5457192
0.570933 -0.1354241
-0.36256492 -1.6951487
1.1936845 -0.3958465
-0.21386854 1.3018346
0.97886455 0.10169378
1.0404762 0.24256673
1.127107 0.86814237
-0.71058834 -0.9027126
1.3848598 -0.19347253
1.6847098 -0.97372663
1.4577744 -1.1859772
0.8379363 1.0625378
0.030502185 -0.47050694
1.088531 1.3193636
0.21939819 1.4517404
2.1465163 -1.1712531
-0.62816435 1.1670663
1.3380158 0.25782812
1.1315528 0.7269174
1.7427806 -0.0048198104
-0.25558585 -0.10159463
0.4054479 0.62466437
0.0065600723 0.94043887
-0.7978767 0.25610903
-0.9760096 -0.6356667
0.89749396 0.617748
2.8337505 -0.5838834
1.1105534 1.2726499
0.13550799 1.1742762
0.9866971 0.8938211
0.30721802 0.89235926
0.13646226 0.6095476
2.2131174 0.4096576
2.1718957 1.2771653
3.2850308 0.1636317
0.8495865 -0.96329373
-0.7198937 1.2638015
0.78011596 1.3615483
0.7744175 0.97969306
0.66856 -0.13613917
0.95469093 1.918193
-0.20042111 0.39746732
-0.82151556 1.0733961
1.4539428 -0.39688843
1.1364352 0.9661236
-1.3213519 -0.5769684
-0.632492 -1.2370899
0.27686888 -0.37855357
2.2441733 -1.1898301
0.809005 -0.78092676
0.48205554 -0.24746594
-1.2393792 -0.89280945
0.5427044 1.451458
1.7418575 0.35561132
-2.5608149 -1.0048883
1.3785275 -0.19040947
1.5195576 1.3008105
0.24509342 0.56521845
0.056027755 0.63666916
0.27097952 1.3272061
2.6107528 -0.4626624
-0.73529387 -0.18974183
1.3058041 1.664637
0.601124 0.71621346
0.32478273 1.047761
0.9039568 0.16769478
2.426197 3.003633
0.15970208 1.1755573
2.1729896 0.17254743
-0.11295602 -0.40943515
0.33278722 0.30012715
1.5898511 -1.4548672
0.25444448 -0.4030025
0.5456664 -0.5044513
0.7765292 1.0637428
0.19655712 0.64990735
-0.3988201 0.65127677
0.8823199 0.81959236
2.142705 0.5593766
1.563309 0.10610211
-0.11947687 0.6466922
-0.18332934 -0.5081934
-0.1743298 -0.026281029
-0.63876694 -0.10820857
0.984547 -1.0841198
-0.32529217 1.2512008
1.6759577 -1.1363254
-0.0794072 1.7674137
2.0824552 -0.5541009
1.1219344 0.6108511
2.299022 -1.5304852
0.07825993 1.3557702
0.48984766 -0.68798065
-0.92033726 -0.80083364
0.5950446 1.8952321
0.042062894 -0.062546596
0.46877885 -0.20693327
-1.2230057 0.6724776
-0.020482719 1.874395
-0.36731306 0.7593163
0.68504506 -1.8522428
1.9722319 0.4042117
2.0933907 1.0611137
0.8734443 0.6511909
1.3898107 -0.7313113
0.8474051 -0.23689902
-0.03484252 1.1925057
0.2052957 0.7097111
1.0814588 0.7979994
0.9035741 0.2566216
0.7543043 2.0064197
-0.53764963 1.8169807
-0.18923219 1.6333901
0.5712661 0.8721129
2.7744462 0.40818524
-0.020917103 1.5198236
-0.5389217 0.42703182
-0.7532111 0.9217268
0.5781184 -0.21768719
0.28570694 1.259658
1.9991937 1.3094198
-0.53909254 1.0005294
1.0472112 0.12737247
-0.34203035 0.69693863
0.12259905 0.53064317
0.021947965 0.065879494
0.5663961 0.53067714
1.3443954 -0.2330515
-0.6143748 1.2168901
-0.053623736 1.0632652
-0.642093 0.5891917
1.7523 -0.3701589
0.9845964 -0.0032185018
2.062547 0.67071944
2.3302422 -0.8787314
1.0105171 0.1623548
1.4189253 -0.10978399
0.12320052 0.15913182
0.7827493 0.39610696
0.9275811 0.8460648
-0.28150538 1.8488537
1.8068936 0.83227336
0.07006149 1.3257936
1.00568 -0.7542124
0.85363173 0.40223545
0.871338 -0.45093864
0.49022144 -0.29478347
1.6632853 -0.88741636
-0.30372542 0.69576854
-0.64397687 0.53349036
0.49473476 1.0349551
-0.35840195 -0.09386912
0.028297946 0.55819404
0.0012811273 1.1706902
0.47151852 0.34298456
0.1984713 -0.5849416
0.7532611 1.078309
0.93649805 0.1887171
-0.41733724 0.1742023
0.18631236 1.6029751
1.0832074 1.4788518
-1.4269131 0.11831212
0.002105847 1.5194818
1.2939876 1.0667111
-0.20846625 -0.20576689
-0.11162853 0.42863894
-0.67410666 1.1811569
2.363998 0.3110746
2.0393016 -0.40896344
0.4563306 0.6211139
-0.22078674 1.6531293
-0.07678349 1.6710889
-0.5390237 0.46033537
1.3359423 0.27156353
-0.47866017 0.5938616
1.004247 -0.18674229
0.28437895 -0.17872614
-0.5541602 0.7982385
1.0811223 2.5295672
1.8706667 1.5474863
-0.12812221 -0.020580858
1.4367865 -0.3116259
0.5372031 -0.09284498
0.3821733 0.67343354
-0.30348 0.85990095
0.059961066 -0.42317382
1.4481589 0.76836586
0.9875046 0.6051645
1.0172453 0.36211014
-0.6451925 1.5341164
1.0967776 0.6479523
0.4044385 0.7106466
-0.41692063 1.7634116
0.80888975 0.44521964
-0.1703803 0.46074873
2.2412574 -0.43255144
0.68231326 -0.088392556
0.3780291 0.50318676
1.5174786 0.60685915
-0.12694281 1.6404356
0.7778771 1.1144687
0.28488606 0.907025
0.45075637 1.0035975
-0.055878073 1.1563983
0.52474177 0.84454894
0.1471241 1.7543164
2.6442924 -0.19341275
-0.6974764 1.0425112
1.0010601 0.5917924
1.0321969 0.29508668
-0.38545012 1.6097372
0.3186649 1.5423021
0.5259995 0.36435544
0.34823602 0.065726995
-0.28126302 0.6842657
-0.277882 2.4381366
0.380534 0.43391222
1.3948072 0.5647692
-0.12821314 0.13115945
0.89883614 0.44329482
0.1924129 0.009227812
-0.2647831 0.22278866
0.7189577 1.2365911
0.87610304 -0.885191
0.69245034 -0.44291782
1.2434363 0.714691
0.9870695 0.4746676
0.5308519 -1.1337959
0.6413558 1.3321252
1.446123 -0.7278712
-0.92609847 -0.2295177
0.83827436 0.9275907
0.45653713 -0.10963805
0.27739555 1.6412423
-0.31900504 1.1056392
1.8116701 -0.028387278
1.5746399 1.5428501
0.8502352 0.61358386
-1.4501092 0.4182409
0.40556985 1.4870597
0.535616 0.7073573
0.029193893 0.3815884
-0.4754902 1.029444
1.3034276 0.97066
0.4493972 -0.18479371
0.2533509 0.8476788
1.5107638 0.49592447
0.3106357 1.3668054
-0.18230373 1.478984
0.80051994 -0.09435557
-0.42538893 0.7588355
0.83664525 -1.2412747
1.0414306 -0.69680274
0.14131804 0.8627665
1.5306274 0.11215609
1.8862488 -1.208925
-0.32618237 1.8167254
2.0135815 -0.24660107
-1.1730182 0.25093699
0.15935557 -0.515997
1.685567 0.83156466
0.37587237 1.0272714
1.2825829 0.46659374
1.6286609 -0.644027
0.12608732 -0.354897
-0.5782696 2.1206303
1.0215828 0.19485131
1.0196443 -0.9425675
-0.34791046 1.1687117
-0.85156333 -0.85035974
0.41201323 0.053088903
0.25767565 -0.87979656
1.513512 0.04017538
0.41924798 -0.22258711
1.7522252 -0.2120684
-1.016329 0.7345015
0.359528 0.91144276
2.1620486 1.0879865
0.097684965 1.8333908
0.04078637 0.103507936
-0.28517738 0.4053365
1.1904932 -0.22304064
2.1808362 1.294088
0.04524745 0.2757358
0.15882294 0.18688077
0.5996931 -0.05030729
-0.89817756 1.6558309
0.88388777 -0.74729884
0.034964517 1.0204335
0.86303294 0.22174668
0.088119134 1.4085757
-0.42083085 -1.15628
2.0474648 -0.05417289
0.7821505 0.41659468
1.4467082 0.35720366
1.2872002 1.4703498
0.69180167 -0.5709404
0.7399318 2.0215373
0.7992072 0.17914727
2.1922972 0.33549857
0.44385332 0.0016235709
0.26678187 0.18956509
0.14209335 1.3767397
0.90476453 0.652958
0.73833 0.58755755
0.8587388 -0.8349326
0.0132535845 0.056645215
0.01515393 0.9391538
0.0012068003 1.8897024
0.8008038 1.4521824
-0.6735028 0.8544314
0.31691188 0.679516
0.8068249 0.59153634
-0.036653906 0.025752068
0.06740935 -0.12382795
-1.7934362 0.29928708
0.6323555 0.79923785
0.032971248 0.8930142
1.7177898 -0.057418555
1.6114272 0.8330543
0.16533907 -0.03386332
-0.36365843 0.33203065
1.7589161 -1.050308
1.0123721 -0.0880332
0.6661673 0.9247271
0.43626451 1.8280503
1.4032086 0.8275205
0.047905818 0.8752011
0.4791367 -0.21033987
-0.791162 2.1715941
1.3754992 -0.11845839
0.12049143 -0.02084431
0.103430286 -0.040813923
0.95777273 -1.0292699
0.16439311 1.2011852
-0.2713059 0.7929758
0.66179806 0.15880483
0.7900337 0.5633577
-1.6376201 0.06202665
-1.326873 0.4351641
0.12006082 0.5586016
0.24880646 -0.04787454
0.936424 0.20836544
0.7624049 1.1965095
0.17187019 -0.18082796
-1.1645964 0.80877066
1.3166262 0.49960214
0.19426946 1.0733489
1.6514173 -1.4338282
0.7006882 1.579275
0.22563837 0.5377762
0.6488949 0.113672495
-0.25940272 1.3258721
1.2699059 0.6615463
0.16376765 0.85857487
1.3463224 0.4537744
0.6169852 0.18755102
-0.13214941 0.14889053
-0.293919 1.508006
-0.4917498 1.0295123
-0.092192575 0.7141283
-0.38890284 -0.6654113
0.2531215 1.5142295
0.23428659 1.2363932
-0.688367 0.4316635
1.9650576 -0.52373827
1.5399373 0.04052767
0.49111688 0.31178874
0.65692705 1.1035298
0.76536214 -0.17984076
-0.19200012 1.8670725
1.2606283 -0.71597946
1.8840849 0.22453049
-0.17729068 -0.3595919
0.89353013 1.0078719
1.8547289 -0.06822872
1.6065139 -0.01214312
-0.6438622 0.36266094
-0.8746789 1.18993
-0.5517241 0.61955464
0.90314794 0.39860797
1.5304434 0.9867991
-1.2670935 0.982885
2.5602124 -0.15590292
-0.5785146 1.2142931
1.875911 0.15084389
1.2692953 0.5307039
2.1753783 2.1054654
0.7197778 -0.108226165
-1.7293591 -0.20119222
0.68522894 1.4126675
0.44996136 -0.3490921
0.3942806 0.41342664
0.4952445 0.43173122
2.0905623 0.642005
0.97949755 0.50256014
2.400371 -0.40483013
0.43095452 -0.61695796
-0.12476379 0.57043767
0.6087833 -0.46897373
1.5719424 0.014967114
1.1448048 0.5476108
0.9812349 -0.62424755
1.0584388 -0.49658048
0.660655 -0.07395287
0.46567994 1.7941638
0.051351383 0.89037514
0.25440407 -0.38224787
-0.5661383 0.4348142
0.17301987 1.8231226
-0.6510377 1.4073611
1.2282498 0.92915237
1.1016121 0.79095745
0.22000878 1.5379112
0.2345727 -0.25206202
0.39685947 1.1741862
0.12175147 1.9801005
1.4057047 1.2294772
1.4451209 -0.36734876
1.5954834 -0.73995084
0.24390902 0.4122067
1.0903542 -0.37109667
0.32986188 0.5795356
1.2258531 0.6265389
0.8463645 0.68258077
0.4398725 1.0112206
0.075919315 0.86809945
0.7118917 -0.44142765
0.3871659 1.7528752
0.96408796 1.0376663
0.24759273 1.0944196
1.3111584 0.74964523
-0.23105985 -0.43277672
0.83743584 -0.16895434
1.3521203 0.6903541
-0.5311987 0.87209284
0.970567 1.8368229
0.41718674 0.42165804
0.72768897 0.71501815
0.4860801 -0.48067254
-0.3945263 -0.3754514
0.34695762 0.5527003
0.9476868 -0.19517028
1.3725666 -0.50617504
1.1713179 0.15765387
1.5888329 0.14611036
0.5665121 -0.014392689
1.0904155 0.6657923
0.22858892 0.50472164
1.0399635 -0.21566379
0.3960756 1.215795
1.5149908 -1.218622
0.28953612 0.53883433
3.0950885 -0.019086689
-0.24102831 1.5958445
-0.116443574 -0.29027298
-0.13945636 0.31655788
0.74058366 0.2931261
0.5892838 0.12169731
-0.7060008 -0.5665481
1.0409743 -0.58185554
0.5779117 -0.59865355
0.33735937 1.1513288
0.0527602 1.097395
0.9541426 0.40951747
0.04989548 0.3053478
1.0660627 1.0438068
0.049989626 1.4911842
0.34684432 0.8535241
0.674396 1.2876033
1.3677907 -1.0342363
1.9257205 -0.4495587
0.88129306 -0.8798407
0.44334167 -0.57621336
0.19465347 0.008717194
1.359109 -0.19561863
0.21842389 -0.0007645041
1.289233 0.22966331
1.5331396 0.69781655
-0.12490466 -1.3902179
0.90370345 0.840682
2.2855885 0.5231706
0.47794908 0.8394351
2.2097685 2.4735022
0.975175 0.54905355
0.40399748 1.2787352
0.41424805 -0.10676116
0.39511603 0.74922967
1.7228051 -1.4572984
2.5242465 0.19425824
1.0955831 0.47434413
-0.16958669 -0.38120317
1.5952276 1.6278692
0.3685794 1.0444685
0.9898124 0.0991472
0.8199407 1.1763271
-0.7897014 0.04096937
0.631111 0.53304607
-0.69301546 -0.30019003
0.96430635 0.59478676
0.7599324 -0.68758297
2.2301447 0.70489246
0.76903224 -0.031833082
-0.14116004 -0.02993673
1.7811892 0.23808515
-1.7278411 -0.39569575
-0.026697412 0.022395015
1.1159325 0.8873888
0.24652012 0.66695035
2.2272215 0.113790184
-0.49138886 -0.19594705
-0.56552595 -1.6460854
0.86387277 0.5475312
2.2235694 0.69800067
2.733791 0.49867094
0.6255791 1.3974091
0.118012235 0.60841244
0.3786081 1.1665115
0.0044513196 0.6545423
0.42085236 0.09079757
2.7169013 -0.48461595
1.1455101 1.0460782
1.847611 0.21330696
0.3698417 0.39526677
1.9380903 2.2094274
-0.40030432 0.4684996
1.5229393 0.25649914
0.7519331 0.77121687
1.5016941 0.77859366
1.1200197 0.4361654
-1.0543828 -0.8320044
1.2120392 1.1561586
0.3648535 0.6699852
1.4761747 -0.10090944
0.082294926 0.5680164
2.4238353 0.11522916
1.693834 0.66915196
-0.6593158 0.67276937
1.5867217 1.301935
1.2956351 0.39291948
1.2076892 -0.347861
0.8899747 0.955421
0.41179526 -1.0379905
-0.35910568 1.5270985
1.440273 0.28414112
1.650589 0.70192426
-0.49970508 -0.6203515
0.36586368 1.1079398
-0.971862 -0.056200445
1.4704515 1.1349119
1.6500612 -0.031499133
1.588052 -0.675465
1.3588454 -0.11229035
0.79638696 0.2935415
0.14010702 0.62744594
1.1954292 0.34664625
1.57588 0.34875828
0.0063462406 0.7277813
1.6153488 -0.6100762
-0.573908 -0.04720743
0.32023025 -0.4757691
1.3682157 -0.7932336
-0.9221627 1.2077986
0.54114425 1.0171717
2.7302017 -0.11098325
0.8570118 1.2536193
1.8562026 1.1627234
0.5960799 0.72533995
0.32773614 0.088676006
1.1298684 0.58942956
0.5766608 1.4063157
0.18053456 1.3917143
-0.690804 1.9946011
0.3135177 1.3134466
-0.3870684 -0.030953154
-0.026442751 0.30319774
1.1881292 -0.13444975
-0.22369204 -0.2704819
0.717241 1.8412348
0.96910524 0.82181954
2.9931371 1.4000466
1.2666485 0.09362173
1.4181867 -0.2639744
0.52587414 -0.92451686
0.7712705 -0.25022307
1.9186363 0.50864875
-0.18871044 1.9172326
0.177166 0.55468
0.88776016 0.03011629
0.54262835 -0.30300105
1.7905631 1.268646
-0.12820867 0.6969108
0.16750364 0.44028687
2.3569763 0.01537168
0.53148687 1.3429515
0.74160695 1.5202856
0.010164037 0.46591282
0.64395297 -0.5550828
0.3605405 -0.25378805
-0.48378718 1.3052888
0.24383236 0.06534189
0.73384124 -0.22777858
1.0197054 -0.58600724
0.35173523 -0.10249151
2.2830834 1.6185272
0.29853296 -1.2875317
1.5391215 -1.1565895
-0.59297246 0.82749677
-1.2422539 -2.1642818
2.215807 -0.07444504
1.202707 -1.0957499
0.8894757 0.8335587
0.714729 0.8138819
0.8169719 0.9236064
-0.888417 -0.2598182
0.40009636 0.8036823
-0.19670624 1.2507021
-0.22375266 -0.62695324
0.7345964 -0.15638544
0.87953615 0.9326831
1.6551547 -0.41740757
-0.19644484 0.42706865
1.821022 0.35625178
0.4427833 1.8271383
-0.3334031 2.6079302
-0.28817287 0.6444257
1.274789 0.41542393
0.448193 0.4629057
-1.1139851 0.13734478
0.79188955 0.16265357
0.9971887 1.1135253
-0.6551229 0.22357851
1.3785592 1.8602649
2.6941507 -0.38871565
-0.45038816 1.2089117
0.3283354 1.3304478
1.121995 0.43483412
-0.9904662 -0.53283584
-0.05080089 0.90794456
-0.3151037 2.3037515
-1.0565712 0.2681141
1.0608999 0.12682757
0.43342048 -0.48440915
-0.5461236 -1.3478949
-0.024801284 -0.3899048
0.53074926 1.5482817
-0.58489966 1.4161912
0.89523363 0.23880032
0.449646 0.3060748
0.735398 -0.12306506
1.5061728 0.008907914
1.00776 0.035425305
1.2935419 0.6199779
-0.30560273 0.60356325
1.3676609 0.6326698
-0.02400349 0.5529694
-1.211254 -0.23267902
-0.24458535 0.66874456
-0.15284568 1.4399021
0.1597328 -0.44099212
-0.06219837 1.1411407
-0.67208344 0.14963976
2.3717213 0.18485335
-0.6069901 0.42707318
0.9516332 0.25647104
-0.8255621 1.0415437
-0.9733346 0.71247643
1.1534214 1.8667613
0.60923624 0.557231
1.793648 0.556999
0.176082 1.4540548
0.825464 1.2431355
-0.9814999 0.7217934
0.9944967 0.15363508
-0.8219722 0.8541745
0.5116276 0.22315875
-0.58407027 0.5229787
1.1000277 0.3663543
0.27628493 1.1504681
0.18671058 0.9377197
0.924575 -0.14961113
-0.0019040406 0.004807785
0.7229747 0.38969314
1.158003 1.9731418
0.73160774 -0.3420716
1.036443 1.2367834
-0.20599249 1.5603275
0.48650151 -0.0714934
1.1572633 -1.2441738
-0.4143176 0.15286243
-0.07177967 0.17105296
-1.6587725 0.58904314
1.0183495 1.1329317
-0.0164105 1.790999
0.11872263 0.54956156
2.5675128 0.5328224
0.5386061 0.07286185
-0.0024783015 -0.933201
0.8411044 1.3964827
0.51329017 0.06446165
2.6881669 0.6668972
0.5914107 0.91792786
0.03486781 1.0443622
-0.25771248 1.1792728
0.6214767 1.2756001
1.8138843 -0.22858255
-0.1302828 1.919444
0.6501907 0.43566096
1.4896798 0.47511172
-0.27062652 0.2238096
0.56126237 1.0583174
1.2079887 0.22737935
0.7094222 1.4815727
0.7023172 -0.3533696
-0.11310165 1.0608866
-0.48930123 0.25609976
1.6137722 0.46813703
1.6493125 1.5313944
1.0255443 -0.109261274
2.1249535 1.7943298
1.16402 1.0916281
0.5164294 0.44026047
-0.4747358 -0.19689617
-0.054430157 0.5875209
0.5629236 0.33587945
-0.5298357 -0.80572253
0.6316225 1.7427946
2.1704044 -0.5731499
2.1607463 -0.6250962
-0.94354594 -0.16387951
0.89787424 0.3712173
-0.15984724 0.13679057
1.5753381 -0.5175252
1.3133624 -0.9444879
-0.33116356 1.0004749
-1.2554625 1.2937446
0.77797306 -0.55803454
0.9138671 0.15128487
0.53402215 0.1483149
1.5951972 -0.6699985
2.1563056 -0.116190664
0.8428283 0.13849232
-0.09805931 2.1283631
-0.55621976 0.72363305
0.66163903 -1.0930278
0.78525126 0.5697887
0.60537076 0.89527404
2.354604 1.1073006
1.0854863 -0.8275667
-0.5434122 -0.30174223
-0.22175947 0.67405427
1.8103304 0.12675995
-0.4114831 1.0322832
-0.36813277 -0.04266976
-0.22742526 0.41175306
1.0482148 -0.87083143
-0.715655 -0.1505534
-0.82178366 0.76720893
-1.2891722 1.4738209
0.49513304 0.8852016
-0.015470877 0.16821223
1.185067 0.024080455
-0.18946213 -0.599682
-0.2649376 -0.40907705
1.6023055 -1.0555649
0.21703972 0.64322615
0.04923381 0.7137246
0.77354026 1.2280949
-0.09417197 1.1046404
1.1411881 1.4494714
0.8101791 0.6137282
-0.8913163 0.87273467
1.0153139 0.3738681
-0.2655123 0.6588759
0.78182316 0.036798388
0.61787176 -0.15769416
0.15448497 1.0507582
-0.20616323 0.7923856
0.2483264 0.6454617
0.17041822 -0.24970202
1.7462982 -0.09625453
0.4921481 1.4136244
-0.41804534 -0.07728012
1.3169672 -0.4629282
-0.0029535443 1.0479405
0.35283267 0.2910148
1.706837 0.9676423
1.1679627 0.68177336
0.11043714 -0.6746878
0.81194806 1.5245379
0.6208893 -0.37894425
0.2678581 0.7128312
-0.5528612 0.6548196
1.4167752 -0.36042523
-0.6925961 0.1619845
-2.384067 -0.55222094
-1.8633568 0.05429855
0.5765681 1.98695
-0.40925196 0.40977103
1.994 -0.894991
-0.2003648 0.89982843
0.9941895 -0.50962156
1.4495252 0.7905017
-0.49993336 0.96352375
1.9694352 0.31056893
-0.84283406 -0.7495883
0.60015976 0.3034001
-0.094579294 1.2693064
2.549452 -0.42483085
-0.8521807 1.212149
-1.5953324 -1.5749518
0.19657753 1.2638179
1.5485417 1.6770427
-0.24685594 0.20191759
0.53930235 0.14931798
1.7521274 -0.3087921
1.1211283 0.32656425
1.3139243 1.216174
0.7660408 0.75532824
0.7610328 -0.34809747
0.3779235 -0.160521
1.6948645 -0.3775097
0.28142846 1.0865403
1.4556481 0.95061827
0.77258086 1.454917
1.3848766 -0.025578454
-0.37072372 -0.34444043
1.5268829 1.3415518
-0.596526 -0.19346794
1.2545229 -0.81087863
1.0802547 -0.7333983
0.7758311 1.2452233
0.015252247 1.1660837
1.2752242 -0.4842879
1.1849555 -0.7889098
0.28044456 0.9905349
1.5285878 0.35101253
0.9826883 -0.39893407
-0.32685673 0.27786642
-1.3616486 0.42987972
1.9005775 -0.06236446
1.7524817 0.74478555
0.7564181 0.14048052
1.9286692 0.1753617
3.0285337 0.9653597
1.1035326 -1.38007
0.86717963 0.9117918
0.27221096 1.0170746
0.906765 -1.395168
1.230037 0.6076413
0.5432761 0.26007992
1.3624512 1.1746068
0.040120468 1.6362233
1.2941008 -0.69781053
1.4731427 0.86558235
0.8966981 1.7958454
0.45545465 1.0976003
1.0802332 1.1873695
0.2794565 0.92871356
-0.058457255 1.1791822
0.41606003 0.30805475
0.3673054 0.24236491
1.1401792 0.6928855
2.4321406 -0.15491447
0.98041224 -0.07505086
1.118511 -0.6447584
-0.5376855 0.20282128
1.3180026 0.62364346
1.0721021 0.959255
0.11606021 -0.14134559
1.2569386 0.45756578
-0.2814845 1.664016
2.1846263 1.3847044
2.9245794 1.8817672
1.5602282 0.7545867
0.18379603 0.17506719
2.0750442 0.02550757
0.6673273 0.7694788
0.9120287 0.3168739
1.2700969 1.7084111
-0.6185548 1.710163
-0.8535086 0.12027988
1.8800435 0.7083954
2.0050578 -0.7771048
0.22571404 -0.438098
-0.15777242 0.28747404
-0.50373256 0.89067423
1.4982365 0.20043969
0.86481345 1.5189637
0.38700366 0.93374074
0.59737414 -0.9197984
-0.8227456 0.6882877
0.39334476 0.18887424
0.80155396 -0.17763151
0.507831 1.7636331
1.1888174 0.018705815
-0.3748266 -2.040288
2.9606366 0.03472072
2.202926 0.61156774
0.6166308 1.5547113
-0.31462345 0.753786
1.9933677 0.6079623
1.4194986 0.50481236
-0.44900477 -0.104769364
2.7925384 1.3823549
0.880782 0.73642135
0.86244667 0.19294253
0.3215679 0.82728946
0.27370536 1.4997652
0.17374925 0.62558675
-1.4223452 0.4194466
1.2477304 0.5622815
1.8950171 -0.28068882
-0.6042799 0.8276408
0.7194448 0.4964661
0.19820668 1.3651013
0.9998741 -0.58929586
0.43166786 -0.6083136
2.7371776 -1.4463816
1.2260658 -1.5485672
0.8498038 0.71167636
0.3915006 -0.3026342
-1.0444324 0.840364
0.54175675 -0.8733361
0.14474158 1.1525141
-0.07870838 -0.0268019
-0.010176465 0.9382932
-0.9530272 -0.14574203
0.41865885 0.7062093
-0.24699818 0.89650905
1.8238149 -0.6671769
0.17186068 0.83352315
0.44102043 0.59690285
1.3297871 0.5135131
-0.05708231 1.1016939
0.09556721 1.2692717
0.90252805 1.0162977
-0.12690729 2.2246985
0.6629707 1.4190176
0.7144546 0.9956788
0.7667637 -0.18828985
0.06771825 1.3758414
2.2764022 -0.40937588
-0.9596055 0.18598849
-0.2660162 -1.0452
0.3935554 1.1093944
2.6457572 0.18691829
-0.7847424 1.2074652
0.8217236 0.16657355
-0.1507841 1.47871
1.643261 -0.038243175
0.36468512 1.3650937
1.321087 -0.40076238
0.29157007 0.53675294
0.2090139 1.6407547
0.79343534 0.849882
-0.1280383 0.70343846
0.6509941 0.790766
0.5704117 -0.20496604
0.9758153 0.18140683
0.28127617 0.81377935
0.68463236 -0.9282236
0.9105872 -0.98992467
-0.55088395 -0.27041668
0.30655575 1.0337166
-0.04470867 -0.08296658
0.73082614 2.364923
1.9808736 -0.20712666
1.745128 0.1754115
0.3379165 0.8161125
2.2579403 -0.16900757
0.6763131 0.75339156
1.112862 0.4342463
0.4520771 0.65599895
0.27274346 -0.6848049
-0.73599094 0.91567016
0.70711446 0.9718374
-0.028273389 0.042180866
0.37268835 -0.74357986
0.6100598 0.31058455
0.58831567 1.4861548
0.09528388 0.022121578
1.1964478 1.3222835
-0.88354796 1.8457488
1.7949998 0.10471627
1.8656807 0.42173797
0.80250764 0.42160624
-1.4742106 0.9173223
0.3072183 -0.65899205
0.4899401 1.1033342
0.8155056 0.66105396
1.0027149 1.7427276
0.45536804 0.39240968
1.1449155 0.47267073
2.2567692 0.58435225
0.56091064 0.23085383
2.5290024 1.9755965
1.1196829 0.74929047
1.8878133 0.6221798
0.75985587 -0.827506
0.3411157 2.1503963
2.7657719 0.9322084
0.37359512 -0.6900158
0.42343843 0.21497393
0.7392372 1.0735302
1.2699418 -0.058320656
-0.21987513 -0.22517726
1.2371035 -1.0152488
2.0263846 -0.2006294
0.9082658 -0.45988464
0.5648098 -0.036362246
1.6219559 -0.9631447
1.1738282 0.65555817
0.2992313 1.2905569
-0.20010786 0.036630005
0.51009274 1.4418784
1.0740743 1.3435916
0.31998277 0.9882765
-0.2754678 -1.9125714
0.26666373 -0.26541397
1.2613099 0.70551753
-1.1367922 0.7654755
2.5607786 0.49124157
0.44589335 0.864874
1.2514218 -0.13104406
0.13207237 1.0507927
0.08277394 0.59277284
0.79458773 1.6701784
-0.25128302 1.509473
0.634469 1.3588835
0.36486375 0.6686211
-0.4309613 0.70542634
1.0054922 1.9202255
0.036010846 1.5731841
0.3026005 2.0587087
1.7733147 1.85125
-0.26540646 -0.06751217
0.61818415 0.28041732
0.9892185 0.7779591
0.96592295 -0.4182002
1.2003756 0.044988036
0.73180664 0.4775145
-0.23638913 0.35475504
0.71047556 1.2173468
-0.8867486 -0.8733031
-0.7018616 1.1345273
0.41378552 1.2772412
0.8841542 1.0231667
1.1756625 0.8288486
-0.08536409 2.2528615
0.3985446 1.2852252
1.2295388 -0.43830034
-0.60164243 1.2888831
0.8074335 2.413127
0.862437 0.40539253
0.59355235 0.4905833
-0.11303669 0.12326661
0.4462654 1.2569888
0.23408522 1.6743217
0.47017485 0.52050245
-0.63774055 1.9436303
0.56336546 0.657703
0.4706967 0.9932351
0.526724 -0.08475581
-1.0110679 0.6073223
0.7195215 0.380387
1.7628355 0.6694933
0.15827866 0.2514378
1.621929 1.3585799
1.5916952 -0.05376269
-1.1374133 0.78434503
1.475239 -0.8316214
0.90944266 1.6665998
0.79697907 0.1798087
1.0555111 1.7162306
2.9120364 -0.3677262
0.14733492 -0.8125326
0.5580332 0.51469725
2.9203522 -0.5040668
0.8147404 0.39241487
0.33414978 -0.83261514
0.6753125 0.10425013
0.44317752 0.11861619
0.7759098 0.12585843
1.5051509 -0.65018594
-0.16862881 0.8878473
1.3123074 0.63004506
1.4983121 -0.021149307
0.29217136 0.05649221
-0.77331346 1.056364
0.16968955 1.2179317
-0.37209702 -0.72865015
-0.561253 1.0562526
-0.5864346 1.8614796
1.0181264 1.0312957
0.6093388 1.1887872
1.2746043 -0.047296733
0.17332844 1.1468323
0.16705732 0.030528069
1.0732845 0.8634268
2.191464 1.1838073
0.4202295 1.6615405
0.33490753 0.81989014
1.8610737 -0.40831155
0.792995 0.44384432
1.4055656 0.8580531
1.8250601 -2.0223253
0.6842122 -0.5363545
-0.76519746 1.1649609
0.19590239 -0.75358903
1.1991988 0.2839377
1.3106521 1.3859733
2.0959234 -0.96083593
1.6884195 -0.68628895
0.52686757 0.8305814
0.71746135 1.1264143
1.3250676 1.8526126
1.2030672 -0.09682028
2.0591555 1.5125439
0.16457276 0.7477078
0.30067235 -0.902332
0.46448398 0.46002227
1.4938767 -0.31405395
0.64204925 0.17180815
0.025937334 0.9154674
1.693957 0.079116225
1.9226892 1.0680553
0.45354712 0.22557518
-0.5923028 -0.43443415
0.43632096 0.499758
0.16832654 0.14596504
-0.39187494 1.1134231
-1.1423694 1.6883061
0.9801105 0.8647357
1.0662028 1.6487447
1.1551616 -1.1918977
1.4096726 -0.51644546
0.07392581 -0.33243763
2.2190144 -0.17218006
-0.68626875 -0.9031532
1.1460116 -0.02586916
0.72478414 0.41718644
-1.1297504 -0.32128996
0.45275474 0.0050452203
0.5754407 1.2563401
0.57743365 0.4997716
0.9131222 1.7955023
-0.21387613 0.21673858
1.253257 0.52145314
1.3511548 -0.40232927
0.5495017 -0.08688301
-1.4580762 -0.666856
0.7685919 -0.26049137
-0.022596061 1.1398379
0.25922447 0.7386024
1.2209594 0.18271348
0.67804456 0.72064745
0.2597168 -0.41186863
-0.53942233 1.5456536
-0.8490697 1.4369282
0.97513103 -0.095154524
1.1465749 0.6743662
0.9366038 0.6420911
-0.6536405 1.3352757
0.36674666 -0.37946236
1.3615878 1.6308514
0.9269154 0.47183812
2.3697426 -1.6417226
0.24850129 0.036106944
0.5649149 0.691738
0.3415488 0.29035342
0.8852985 0.71326935
0.58019626 1.3446432
0.5400587 -0.20608713
0.3099218 -0.33385813
0.84053826 -0.5703797
-1.7941865 0.62898225
2.0187733 -0.9059557
1.0003029 -0.096212536
1.5320057 0.52603656
0.7848171 1.5311148
1.1032512 1.8650004
1.372146 0.023243159
-0.61646867 1.1270562
0.090603426 1.1837196
0.33050036 -1.0509032
0.64082503 0.7185269
0.91438746 -1.0139992
0.95404387 -0.17511001
-0.74430543 0.91625714
0.29919356 -0.5233425
0.46539116 -0.8219165
-0.5401921 -0.3422893
-1.3278886 -0.7433992
0.81381047 -0.2377846
1.9504092 -0.21501164
2.6371384 -0.7508169
0.045498267 2.612216
-1.081596 -0.59547484
0.07666288 0.4076143
0.44027197 -0.09821774
-1.1054109 0.849998
0.09375276 1.4036075
-0.34385985 0.559926
0.44529945 -0.13823873
0.98525286 1.4551957
0.6005814 0.9619174
1.963068 -0.5520694
-1.0436906 0.13408083
0.68073386 0.24165913
0.17612402 2.0416183
0.047692105 0.6212112
1.2731338 -0.16627097
0.5148837 0.6032425
-0.41143978 0.3498007
0.2898748 0.5208688
1.060787 1.0954622
0.72031003 1.258772
1.0127907 0.37226373
-0.6997979 1.3446932
3.3011448 0.16076455
0.85163045 0.25150996
0.33309245 0.24127936
2.3031635 -1.1642497
-0.013770267 1.575693
1.6850842 -0.90446365
0.848982 -1.0826323
1.5927538 -1.0179019
-0.30237088 -0.5022247
0.19919206 1.2894324
0.7472968 -0.58866614
0.9198016 -0.4071615
-0.45368367 1.6286753
-0.38242954 0.7403119
1.0362008 1.0020163
0.62293947 1.0223973
0.9351599 0.80215144
0.40618622 0.6398008
0.04777105 0.023833096
2.4499989 -0.58156806
1.7764962 0.91162395
0.5974246 -0.52993226
1.0821308 1.1582109
-0.20340489 0.33704746
-0.14668746 0.2994517
1.6529266 1.0396492
0.015369698 0.12516695
1.9069653 -0.121638365
-0.7888054 1.7641612
0.9649987 0.24088976
1.3662561 0.7985859
1.9180417 -0.11049934
-0.08817141 1.873598
0.7350603 -0.21929017
-0.48449114 1.3317441
0.0212266 0.9725727
0.30625045 0.87940204
1.9153266 -0.5146823
1.3851753 0.8974948
-0.24499375 0.5725438
0.5499323 -0.13610119
-0.57864434 1.6978605
0.49067557 1.878924
-0.002226457 0.28327292
1.9877021 -0.61819565
0.73430663 1.105202
1.2197906 -0.06461038
0.07825993 1.3557702
1.3505518 0.16394255
1.8735714 0.50325686
0.8890178 1.4014271
0.19785832 0.9212222
1.169696 1.5717266
2.474557 1.7619497
0.5914877 0.4922288
-0.13594356 1.4277864
0.22351803 -0.684552
-0.5313093 -1.1978629
0.1576824 0.95406246
-1.3721861 1.5087674
0.71705174 0.22335628
0.5208895 -0.29345796
1.9175417 -0.4892692
1.4243293 0.88255906
0.4271431 1.7643098
2.5492067 1.7341295
1.5990009 0.04000199
-1.0435895 -0.6271212
0.55167013 0.007246718
0.503185 2.8896894
0.33166403 1.1690006
0.22434424 0.37403172
1.0070597 0.043412328
1.3495891 0.4654376
0.38177323 -0.13715728
1.0034418 1.2970054
1.9711249 -0.5569986
1.2057592 1.408845
-0.04922594 1.234937
0.9422003 0.9060544
0.895159 0.59099483
1.1035895 -0.83473593
0.25273114 0.20807564
0.41587132 -1.0467758
1.6246271 -0.9425926
-0.16797292 1.1725519
0.993744 -0.4076263
0.687049 -0.26386502
1.5783643 0.3372156
1.2636639 -0.3372285
0.1727366 0.36882704
1.1549598 -0.39800006
1.0088842 1.0598868
-0.9719874 0.5916409
-0.14489952 -0.08849122
1.4018657 0.5709391
-0.23984857 0.084478766
1.0509001 1.0140108
2.7326853 0.9310962
1.0735651 1.2702754
0.013513282 2.0511022
1.3404946 -0.86112106
0.59712684 0.85777867
0.20041244 -0.9504505
-0.89412916 -1.0252066
1.755012 -0.025012225
1.9893067 -1.0244315
0.14118125 -0.15749678
0.70431405 0.9711348
1.2035307 -0.97282255
-0.80239034 0.979501
-0.4236812 1.5050473
0.9354787 0.6095994
0.5507952 0.97361314
1.1407075 0.09534043
0.023571476 0.7122626
-0.1340661 -0.19585541
-1.0978097 0.785378
1.2524201 -0.85574883
2.0305026 -0.43039066
-0.205304 0.1839292
-0.33941925 1.1653954
1.3293533 0.3474595
0.35791177 0.9533106
-0.41818136 -0.1651136
1.1534292 0.049301475
-0.078751415 1.5875732
0.8199916 0.59972584
0.23009051 0.9370928
0.9732667 -0.08239563
1.4580182 1.0839685
-1.1750286 0.15123525
1.3197073 0.58433735
-0.111969545 0.8208072
1.6017914 1.2295471
2.2603838 -0.3847201
0.056971267 0.6821528
1.6867043 1.3199872
1.6028122 -0.76438534
0.8311647 0.3536995
0.9741168 0.78403354
-0.38386488 1.0048429
0.72282773 -0.29431504
1.272347 -0.30963022
0.7914649 0.72361064
0.71893734 0.36907685
-0.018696427 1.5918394
-0.048126936 1.2978758
1.1583743 0.8295851
0.36115068 1.278173
-0.45337194 1.5271235
0.8956815 2.398682
-1.2546326 0.77841496
1.0151963 0.5385347
0.19391175 1.2572513
1.3353587 0.021686226
-0.55875766 0.6623929
1.716137 1.6771165
0.324507 1.8295242
1.08916 0.3630498
-0.9020955 1.2269707
0.043030605 0.99987423
0.5408641 1.5740207
0.24601828 1.7185197
0.99044204 -0.41273427
-0.009949908 1.0075952
-0.3865791 0.7911775
1.5637301 -1.6017112
0.15701045 0.6021684
0.21286638 0.37108457
0.8835304 0.6080525
0.9717847 1.9884802
0.06972079 0.44163394
1.8024783 0.62526566
0.42629772 0.7487113
-0.38726294 0.340899
-0.0042627007 0.0005046725
0.19766112 0.27359092
0.79267025 1.4185065
1.4290558 -0.43403667
-0.43152297 0.5673646
0.29749346 0.75293505
0.19293354 0.67274517
0.8106998 1.5284529
-0.993034 1.2691225
2.4371567 1.4634348
2.011885 -0.22328876
0.7140144 -0.34533012
0.30889344 -0.17274716
-1.0909494 -0.13350719
1.9283485 0.009601474
0.05058284 0.067799926
0.3868487 1.0533504
0.06669809 1.0977298
0.39031917 1.0546836
1.1284051 0.27357394
0.33948344 1.1741383
0.4079867 -0.015362948
-0.084071964 2.4834838
-0.2564089 0.762998
-1.4854602 0.16909662
0.40080905 0.5746944
0.58213186 0.7798418
0.011428133 0.4044997
1.1293414 0.10822809
-0.45175377 -0.93905014
0.48582977 0.2715485
0.49482852 1.5999157
1.6013002 0.28098667
-1.711168 -0.9753114
0.13417657 0.8601228
0.4908594 0.37135518
0.79502976 -0.1830767
0.023453131 1.2597426
0.8801373 1.195127
-1.3424932 0.032344192
0.46218485 0.44898182
0.012609169 0.32471603
1.1234602 -0.66605955
-0.06483254 0.9887278
0.52014077 -1.1769098
-0.25910634 2.6928635
-0.52185595 0.8142445
-0.27397588 1.4151711
0.71746355 0.64757824
-0.1680485 0.9590448
0.45882273 1.4923549
0.59661835 0.25322706
-0.19014686 -0.4163344
0.8208053 0.5808084
0.7562084 -0.38215488
0.77797973 0.32366002
-0.5425347 0.8005184
0.62275815 -0.6025095
-0.459408 0.35320407
1.9891341 0.25992212
0.741991 0.1648964
0.46298492 -0.69598573
3.1947675 -0.42940915
1.3958389 0.77130806
-0.03804773 -0.565797
-0.78468025 -1.3432833
0.7967173 0.12180814
1.369269 2.0019841
2.8139122 0.6027704
0.6055327 0.5760025
-1.043518 0.17340133
0.12207587 1.0600518
1.0002998 0.93383
0.85949564 -1.2591034
1.6994305 0.7526693
0.33898205 0.25061852
0.84916437 -0.36614352
-1.131295 -0.37400034
0.84415734 0.7514716
0.1663893 1.6447707
0.03971435 0.42430407
0.8669088 -0.29176438
0.20503284 0.11801678
0.8704369 0.27947235
-0.4970762 0.9722953
1.3221605 -0.10198726
-1.0654027 -0.1689811
0.5672714 1.4320948
-0.26951942 1.0188041
1.6832289 -0.63578856
0.40943778 0.5531495
1.0902897 -1.4081979
0.53585917 0.23505661
0.32164395 2.5670867
-0.04711339 1.0533787
-1.0561794 -0.20831294
1.040369 0.16575119
0.6685951 0.3755563
0.97061884 -0.24617018
0.043456987 1.2700336
2.1577668 0.60403395
1.3171315 -0.6774742
0.7437522 0.34340656
0.7675803 2.1948924
0.045867875 2.0526433
0.7542503 0.6529493
-0.36773032 0.66457766
1.9359019 -0.5641004
0.44385296 -0.15043145
0.71409774 1.9500846
-0.97992283 0.9837712
1.1625149 0.082152694
1.9809353 -0.23389226
1.167698 -0.28145906
0.122192696 0.7955928
0.50457734 -0.52813244
0.48484784 -0.13491806
0.15726967 1.6632742
0.6428752 0.42267734
0.7345519 1.8801802
-0.76009923 0.66831416
1.3745544 -0.97952515
-0.54142874 1.1252146
1.9352858 0.78591645
-0.11099504 0.7300462
0.17546873 0.34259212
0.37621266 1.0322547
1.6453043 0.44055516
0.8369144 0.97408104
0.34663814 0.56853145
0.20177798 -0.20900977
-0.21673441 0.24343842
0.6493806 0.478557
0.3995362 1.1929518
0.30087745 0.9420018
1.024295 0.102383405
0.23387553 -0.26516828
1.35866 1.6285559
0.530643 1.0138936
-0.11585955 1.698659
0.43011886 -0.109887406
0.76059973 -0.3293461
-0.670321 -0.26004115
-0.69595414 0.5099681
0.092620775 0.36433786
-0.16346449 0.7737669
1.637577 -0.48299614
0.21872811 1.2327877
0.7706679 1.2403586
1.4347007 0.4557137
1.8188279 0.34919316
0.8795545 -0.12431717
-0.8688707 0.9335114
0.52901095 0.4515599
-0.2695013 1.955227
0.75238967 0.06826469
0.30624026 0.019572526
2.155951 -0.05600521
0.47864407 0.0037706494
-2.9857006 0.6117687
1.1563518 0.27993214
-0.5648441 0.6342385
-0.24314788 1.2671809
0.3640049 1.2963306
1.1616018 -0.9162133
0.54425955 -0.88090414
1.2128834 0.22500902
-0.42437306 2.0053482
1.2181764 0.50586194
-0.585649 -0.06928606
0.7906209 1.3845581
-0.1599454 1.0839481
0.2177851 1.3099017
0.57914406 0.5175835
0.24341364 0.08516088
1.1545035 1.4612931
-0.58345354 1.1861752
0.77387476 0.38867575
0.36404276 0.22226131
-0.032790765 -0.27533352
0.70611984 0.65093064
1.119824 1.0222474
0.44597453 -0.032505646
0.7784021 0.4218765
0.26205748 0.30009162
0.7079777 2.0118732
0.44309765 -0.34597608
-0.079393536 2.0143905
0.057288274 1.188753
-0.33849236 1.0591658
1.6266416 0.3647912
-0.7957952 -1.0453899
-0.251514 0.93983793
2.1871588 0.11736956
0.017327532 0.28038102
-1.0865186 0.56173545
1.0650051 2.4032516
1.0294365 -0.024992168
0.5008617 -0.29402578
0.6406961 0.46246588
0.91939867 -0.6364401
-0.20890278 1.0039284
-0.19859543 1.6050091
1.6536382 -0.9311795
-0.26969516 0.6135986
-0.21051052 -0.07389176
1.8380396 -0.5869502
-0.4120538 0.51264167
0.19642825 0.4299479
-0.18449083 0.23763466
1.0444583 0.5099128
1.0158036 1.0069093
-0.7372292 1.5011821
1.190957 1.0003214
1.2286419 0.7490617
0.36216474 0.86376226
0.17616005 -0.2044633
-0.9965493 -0.6486486
1.0000811 0.8685962
0.3690545 -0.24092694
1.6707854 -0.44557697
-0.5930312 0.67487985
0.161534 0.89
0.3450263 0.93350077
0.65338904 0.87346697
1.4221958 -0.84257597
2.7342548 1.4052589
-0.19001248 0.38135296
-0.19746669 2.6388588
1.5844395 1.7022107
-0.1226196 -0.5197112
0.62107056 -0.43232417
0.09910174 0.73715246
-0.53603286 1.3435205
-0.6210552 0.23308319
1.4462312 -0.7458928
1.256762 0.8714316
-0.1945279 0.3630681
0.3874246 1.8787187
0.31968802 1.4187979
0.9195117 -0.21958368
0.4002543 1.8561839
0.5392848 1.0655897
0.7233914 0.019293755
0.70093465 1.0692843
2.2480032 0.55842483
2.165355 0.34115404
1.9687214 1.6804961
0.71434265 0.029159099
-0.5250764 0.31092548
-0.023981676 0.7125816
3.1842763 0.40950626
0.4751234 0.34151995
0.26337546 0.17243645
2.1010592 -1.2543563
2.703321 0.9695846
0.18022569 -0.45861682
-0.1829838 1.3091027
0.63338774 1.8566965
-0.62300205 0.4244519
0.8362024 0.20107034
1.3155824 0.017537415
0.012972668 0.6138638
0.7341535 0.73261243
0.56577384 0.7945819
-0.0462901 1.0216942
0.86690056 -0.46011692
0.6998445 -1.3780582
0.0129095465 0.07070878
0.123328164 0.78958976
0.965546 -0.15206967
1.8209021 2.6465416
0.34759843 1.5081671
0.06580545 0.09030858
1.2085322 0.71239734
1.222812 1.3073581
1.544282 0.26288134
1.4579098 -0.579818
0.22583412 1.1038144
-0.46299705 0.5049603
-0.8114601 0.0965032
1.4816657 1.0593519
0.49725336 -0.29088932
1.3776612 0.41565335
0.08576758 -0.09412126
1.4603571 -0.10511275
2.1761851 -0.6160253
2.0793757 2.176165
0.56338465 0.1772024
0.636032 0.91331816
1.1314288 -0.46800113
0.2230648 0.09212005
0.79330075 -0.693213
1.9597418 1.6247691
1.110395 0.38578707
0.3757192 0.69382113
-0.13531053 -0.09300226
-0.08319105 0.2897629
2.0125744 -1.103322
0.18377067 1.5921609
1.0713855 0.8212104
1.4824648 0.31163973
1.4268754 -0.63632977
0.79233 0.16071111
-1.0867327 -0.38374647
0.7986469 1.0616627
1.101128 -0.6673301
0.80270183 -0.5928786
1.5426133 1.2796026
2.5586834 -0.69367075
0.5013416 0.41918075
0.24780984 1.0306774
0.2263198 0.40950686
1.2651888 0.4925657
0.03466691 1.7873496
-0.277189 1.8798326
3.759527 0.8972306
-0.81211746 1.3018651
-0.04555559 -0.22133476
0.6336967 0.17299837
0.68551767 0.5473681
0.72893345 0.73700064
0.66032773 1.2142053
0.61985004 0.75039864
-0.09361705 -0.7737656
1.0525523 -0.27420056
-0.98529965 -0.3078001
0.61071 -0.45978862
0.6699012 0.4507509
0.0022867173 0.79420817
-0.15871128 0.6562599
2.0863423 -0.2976281
3.0600064 2.352748
1.0777333 0.04037419
6.787479e-05 0.92675805
-0.42235124 0.6187678
-0.2785209 0.2899347
-0.07449368 1.9588052
-0.19683859 1.5407157
0.2253548 -2.0813303
0.17723502 -0.10216878
2.1382816 0.5674531
0.31999433 -0.3380795
-0.030121014 -1.9116576
0.8243741 1.03956
1.2886767 -0.2729941
1.2264473 1.1450208
0.63640654 1.0118362
2.5556357 -0.14269443
-1.3241261 -0.44358736
1.0111499 -1.5928276
0.69947845 0.8885236
1.404578 -0.26232716
0.86693966 0.4219455
0.94350576 0.812822
2.3520114 1.0901349
1.285856 -1.1259447
0.820217 1.7399999
-0.03681679 0.068873286
1.9426095 -0.11348854
-0.64604276 1.3056092
0.32850778 -0.32162905
1.0883199 -0.53562677
0.5276473 1.9247054
-0.32719272 0.059502155
1.3996354 -0.09471086
0.12405042 -0.22036089
0.93314004 -1.5175529
1.2748603 -0.344083
1.8182282 0.19974205
0.6811645 0.38666612
-0.07028839 0.10572755
-1.2292087 -0.97700703
2.796758 -0.20685837
-0.46674418 0.88723886
-0.25814185 0.592093
0.052658126 0.6942954
-0.58261317 0.4942652
-0.046360686 1.3165513
-0.4694729 1.226202
2.2119157 -0.9549718
1.7656543 0.76303995
-0.38819522 1.4505254
1.0683548 0.91247225
-0.39100394 -0.5334519
0.5882025 -0.53168
0.9194987 -0.27742314
1.8840902 0.18445972
0.7636646 0.33606094
-0.30383784 -0.1310693
0.56590617 1.4092268
1.2016174 0.54347956
-0.10488516 0.4116776
1.4768602 0.56845194
0.42644167 1.1029004
0.6391463 -0.023700222
0.88590336 -0.6231853
-0.059161857 1.7556881
0.8815551 1.3514093
-0.011410385 0.83354497
0.7566644 1.0805547
1.022353 1.1785331
1.6481849 0.4564342
0.41636586 1.9139692
1.0245026 -0.68987936
-1.297717 -1.1752338
0.8853303 0.71251285
0.31870198 -0.93368936
1.1779369 0.73106736
0.26232576 1.7929012
0.40851772 -0.8160851
0.405608 0.69428796
-0.80386794 1.0573587
2.3917873 0.6284485
-0.6902825 1.1737552
-0.1245473 1.1571264
1.5344692 0.31451142
1.915987 -0.77572757
0.059774086 1.8070723
0.72287315 -0.004684463
1.8668494 0.19196078
-0.57963043 2.2451239
-0.6794068 -0.35469532
0.8623607 1.7172061
0.96890116 0.14002341
0.36317557 -0.25191945
-0.25751272 -0.22174042
2.1846151 0.30143845
2.6177473 0.15312663
0.36019915 1.6278043
0.644487 0.4424575
0.55576277 -0.9983244
0.6237903 0.83113575
0.63072765 1.4649949
0.98654926 0.9770036
0.14568008 1.6257802
-1.1480945 0.23165077
-1.4091994 0.18210933
2.6382604 -1.171588
0.5508533 -0.18864381
-0.43608522 0.26408744
0.9290205 -0.093341336
0.7144311 -0.32144165
0.39447314 1.8518385
0.5139854 -0.37982318
2.1880999 0.27252787
1.3436097 -0.20624357
0.65217686 -0.8477143
0.17208247 1.0831462
-0.2790039 0.80535424
1.0432339 1.4346098
3.3721886 0.6909223
1.1791574 -0.24428786
-0.011689886 0.50242794
0.09252851 1.7074043
0.41858405 1.2824774
1.3480077 0.18853942
0.56517476 0.27334958
0.28596383 -0.028083041
0.83690786 -0.53370047
1.8482456 -0.16421303
1.3552583 -0.008068517
0.8792738 -0.8335338
-0.74428934 1.5216372
1.1789851 -0.6211717
0.14121158 1.3576285
0.030271545 0.987182
0.48016644 1.1915905
1.5821205 0.19989857
0.998757 0.5580069
2.481463 -0.8094849
0.02036731 0.4864729
0.73096615 1.4547691
0.072061434 0.46238315
-0.21784535 0.67670774
0.7228002 0.75371134
1.3059468 0.31662047
0.60505736 0.43386376
0.7502899 1.2364714
0.8937584 -0.25234407
1.4100195 -0.6836246
1.3331558 -0.8736222
2.5071533 -0.3518684
0.8343078 1.5615414
2.014347 -0.1765869
0.7052688 0.4036544
0.95155334 0.6513235
0.6972465 2.2992425
0.23923825 -0.6659091
-1.2214525 -0.66793406
0.41924375 1.6558012
-0.30402538 0.89289665
0.5860097 -0.19926374
0.77591276 -0.10563704
-1.7175128 0.9760424
0.74393404 0.13781896
0.027148202 0.7335499
1.0318431 0.5634881
0.069005266 0.59133023
-0.1659843 1.0257436
1.6532286 0.8365716
1.1923535 0.9346309
0.36217302 -2.279975
1.0009385 -0.2853256
0.98797846 0.6732542
1.3621243 -0.37148643
0.50004274 -0.8225197
2.4069438 -0.09605569
0.8707223 -1.0433521
-0.42376277 0.3800345
1.0123187 -0.15746157
0.123579845 -0.1455814
1.0389197 0.97119224
0.38663483 -0.18312058
-0.36271152 0.26815397
1.0943363 0.43489254
0.93464315 0.069364846
0.72497743 0.5790729
0.5097667 1.5271035
-0.13970064 0.4489895
-0.40851665 0.68885314
0.6460308 -1.0949996
0.5605061 0.779807
-0.13644473 -0.8579219
0.60503644 -0.5517161
0.17708068 0.737332
0.82118976 0.27379775
1.3131003 0.11511558
1.2931591 -0.38116693
-1.2367402 1.549853
0.78465724 1.4143997
0.84261775 -1.2609935
0.80471635 0.86193514
-0.49150988 -1.225287
1.7857931 1.7179502
