-3.0362992 -1.8165011
-0.6461761 -2.1697373
-1.8422884 -1.711427
-1.9634703 -1.6136065
-0.9582621 -1.664871
-2.1770797 -1.56266
-1.7653033 -2.0804188
-1.4367191 -1.5098033
-2.3489928 -1.9962518
-0.6467151 -2.7754345
-0.28421426 -1.8429134
-2.2195485 -1.3511872
-1.3267909 -2.46519
-1.264856 -2.5025358
-2.8583202 -1.6359594
-2.7883272 -1.8670115
-2.2228568 -2.00881
-0.4364792 -2.984026
-2.4786196 -1.8031821
-0.18265736 -1.6305265
-1.2819151 -2.5369751
-2.6213431 -1.9475
-1.3376447 -2.2326264
-0.5695648 -2.6089213
-2.916432 -2.1802883
-1.1931872 -1.8560867
-3.270237 -1.6195037
-1.2956665 -1.6810203
-2.8774848 -1.1624724
-2.006968 -2.8826177
-3.1240673 -2.257214
-1.3594277 -1.9928021
-0.6223725 -3.5024557
-2.1629138 -0.7725866
-2.0318365 -1.2049457
-1.0495399 -1.4593482
-1.3999672 -4.3456306
-3.5975664 -2.230618
-3.1360228 -2.7271812
-3.339783 -1.6577656
-1.9379399 -0.9953163
-0.73516786 -2.1701357
-1.0736859 -0.99189353
-2.9620357 -1.8708131
-2.7149737 -1.2748086
-2.5175898 -1.9110944
-3.1501133 -1.542598
-3.0104163 -2.8453865
-3.3320603 -1.6541641
-2.8304493 -2.0133383
-2.167635 -2.1233168
-2.38588 -2.169291
-0.52088374 -2.4925134
-0.9960872 -2.1788924
-2.3688989 -1.5464656
-1.8475544 -4.0128727
-0.819098 -2.0492194
-3.1504552 -2.1030874
-2.887162 -1.5218251
-2.5559175 -1.9678671
-3.3616161 -1.5586598
-3.4679496 -1.9195058
-1.8119464 -2.1649454
-3.932422 -2.345915
-0.88000995 -2.252324
-1.9198908 -1.7654717
-1.0324459 -2.5819714
-2.1139507 -1.3423073
-1.4968785 -1.0053439
-0.1944548 -3.655525
-1.9962566 -1.6611073
-1.451452 -3.4511628
-2.0329554 -3.1079574
-3.129373 -2.5730658
-2.8285184 -2.1638067
-2.1243885 -1.3842554
-1.2328178 -1.732548
-2.3743784 -3.2621927
-1.277268 -1.4586284
-1.9857852 -1.494142
-1.1988556 -1.5981791
-2.7081366 -1.5795157
0.0035814792 -2.2958724
-2.6766448 -1.9796839
-2.103868 -2.0067813
-2.0699584 -1.9910302
-1.4235078 -1.8225281
-2.8724515 -0.73799026
-3.2594926 -2.3248484
-1.0005448 -2.369279
-1.5054935 -1.8959205
-0.34433484 -1.8962979
-1.0577554 -2.086596
-1.5130656 -2.100659
-2.4973712 -2.5772862
-3.9678771 -3.028333
-1.8919933 -3.214543
-3.5912952 -2.4952123
-0.5141217 -1.4216037
-3.115888 -1.2844553
-1.8147359 -2.6787658
-2.7517648 -1.40557
-3.157047 -1.026375
-1.4206847 -1.340735
-3.1351452 -0.98093545
-3.4499195 -3.5129783
-2.877494 -1.7501955
-0.9136494 -2.102364
-0.7241576 -1.6726813
-2.2921383 -1.1869831
-3.135083 -2.106501
-1.5479169 -2.499018
-1.0092893 -1.6829867
-3.5424385 -1.5301032
-2.9817216 -1.853956
-1.8115414 -2.150983
-2.5512714 -2.7868483
-3.002427 -2.2017603
-1.2773992 -2.0726743
-1.9163933 -2.87846
-2.7575412 -1.9399054
-1.6572012 -2.5693166
-3.0147278 -1.8875163
-1.5315912 -1.7482259
0.1714591 -1.8045876
-1.5940992 -1.3432033
-0.30550262 -1.2169541
-3.1130044 -2.266176
-1.1395789 -2.0654445
-1.6532035 -1.9289074
-1.6700683 -1.3146927
-1.1167029 -3.031414
-2.808993 -1.0047821
-1.4065391 -2.1469357
-2.156808 -1.7330799
-0.9320073 -1.9716263
-2.0815818 -2.9435132
-3.7015996 -2.3101628
-1.9016898 -2.3696308
-1.1217961 -2.1421692
-0.25359395 -1.0613296
-2.0376446 -2.0021474
-2.349698 -1.8123739
-1.732333 -0.6534855
-1.2145789 -1.40961
-0.97584873 -2.600605
-3.2034788 -4.5047398
-1.5196272 -2.7265468
-1.121945 -2.288422
-1.4508346 -2.1116438
-2.0656564 -1.3259876
-0.29548714 -1.5979133
-2.546209 -1.444459
-0.76558757 -1.0497651
-1.7030954 -1.8203261
-1.2224624 -1.9077272
-0.9658381 -1.5800397
-2.4659894 -0.9641678
-3.238076 -1.5342147
-1.9052802 -1.3614378
-0.37607014 -3.3126478
-3.008847 -1.8248253
-1.7984583 -2.6172707
-2.5171256 -2.5657299
-3.2977824 -2.443014
-0.013852537 -2.4258738
-3.1982353 -1.8487463
-4.114956 -1.9935281
-0.6106595 -0.9902694
0.23277752 -2.6197882
-2.8571513 -1.7414262
-2.1391282 -2.508172
-1.3592105 -1.7219093
-2.0573652 -2.292704
-2.4114442 -1.2029364
-2.882601 -1.7807646
-1.1224034 -2.0066743
-2.3911397 -1.3254807
-1.6986969 -2.1322868
-1.8186561 -1.0936706
-2.1860192 -1.4065125
-2.7753751 -1.5346022
-3.1153374 -2.6759868
-0.62988484 -1.7747166
-0.74091184 -2.3106558
-2.9547322 -2.20987
-1.9827379 -1.2713449
-2.8893406 -2.9585917
-2.3079817 -2.0541756
-1.096767 -2.433396
-1.7312773 -2.7113748
-2.0564249 -2.0566478
-3.0050545 -2.9354155
-2.8756075 -2.1949792
-1.7548318 -1.6825745
-2.9499874 -1.6623585
-2.5503721 -2.3856416
-3.3354018 -2.0725172
-0.18043083 -2.8499155
-3.0273113 -1.57832
-1.6960019 -1.2663198
-1.1297256 -1.4336121
-1.4714776 -1.036406
-1.9517546 -2.88404
-1.9377527 -2.7927346
-0.83526844 -3.0701303
-2.6650743 -1.0795695
-0.86941516 -2.3023503
-2.2831492 -3.526382
0.1787069 -1.6788623
-1.3187128 -2.0498562
-2.4346309 -2.3851845
-1.4574142 -3.5275252
-1.9008391 -3.601236
-2.2862642 -3.0540853
-3.7845843 -2.7773025
-0.25124148 -1.8594325
-2.6445363 -2.0618734
-2.12763 -2.9829683
-1.765001 -1.5207131
-3.2026236 -1.1736095
-1.0296718 -3.5026002
-0.9661956 -2.1688373
-1.5382899 -2.3894224
-2.2058656 -1.3622892
-0.31267607 -1.9579725
-3.6292949 -1.4374278
-1.3828197 -2.535964
-0.38016337 -2.4224503
-2.0628684 -1.4321413
-2.2204287 -1.1459378
-2.2589421 -2.161105
-1.2337207 -1.5380077
-2.5543609 -1.1996797
-1.2694256 -2.2575562
-0.46507126 -2.0220275
-2.0777826 -2.3889525
-1.3139111 -1.8710477
-0.78542984 -2.2703931
-2.8531845 -0.99565727
-2.9222877 -1.6253839
-2.4720542 -3.836653
-2.445829 -2.6681614
-1.4851133 -2.1738906
-1.576932 -3.6776283
-3.0715718 -2.2969248
-2.2683494 -2.9873145
-1.3090062 -1.6847231
-1.3057001 -1.6388795
-3.1697679 -2.8477073
-2.6221502 -1.9506059
-3.3813105 -1.1315084
-2.700035 -1.6285958
-3.1573207 -2.3635833
-2.360205 -1.9898586
-2.5771043 -2.3036468
-2.5607388 -1.6702456
-1.8019277 -1.7192221
-3.250632 -1.7433186
-1.671604 -4.193866
-3.2117407 -1.6070273
-1.8015922 -2.1208208
-1.4190259 -1.0535772
-1.3826569 -1.9402728
-2.5872674 -1.6974065
-2.9534504 -2.003345
-2.0788996 -2.58484
-1.2503563 -1.4426119
-1.235719 -3.0645058
-2.353438 -2.9407604
-2.619466 -1.625932
-1.7128059 -2.2137594
-1.7941366 -1.1548517
-2.1148684 -3.024116
-2.3892934 -3.3968537
-2.5277557 -1.7973695
-1.5588472 -1.8936684
-0.9664246 -1.6969774
-2.8897974 -2.2895641
-1.8956486 -2.690014
-2.086803 -2.7451763
-1.1150457 -1.5591564
-2.1495452 -0.8712281
-0.37578195 -2.6625767
-0.5336618 0.2721786
-1.1077911 -2.5559294
-3.402738 -2.08787
-2.1015975 -3.1216846
-3.1630018 -1.0543379
-0.8159857 -1.2251389
-2.0941389 -2.1896687
-1.9759678 -1.104635
-2.5553896 -1.8397658
-2.9898314 -2.734563
-2.7295525 -1.4950612
-3.122898 -1.2943163
-2.4734998 -1.7531073
-1.2705742 -3.6330986
-1.500175 -2.5955927
-1.5275564 -1.7311227
-2.2761056 -2.839382
-1.1616031 -0.73539984
-1.5273641 -3.379792
-2.2648764 -2.782172
-2.8306754 -2.351666
-1.3268129 -1.2796321
-2.5774522 -2.2386615
-0.90459836 -3.0642953
-1.9303479 -2.8044853
-2.3133247 -0.8371944
-2.3237405 -2.242985
-0.3574543 -1.8373151
-1.2838991 -2.1576736
-1.2003204 -2.843506
-3.2106347 -2.578311
-1.4810426 -1.7043917
-1.924384 -1.7137525
-2.84087 -1.9618556
-1.6513284 -1.9372911
-3.1362495 -2.532034
-2.2201867 -1.9420676
-0.41552502 -2.8210888
-0.8353161 -1.7233207
-2.0584006 -2.1256988
-2.614506 -2.2720644
-1.0477275 -3.891716
-1.3720684 -0.607723
-1.7192819 -1.7666173
-3.347441 -2.2594852
-1.93367 -1.4901545
-2.2350388 -2.4295094
-2.092089 -2.633593
-2.4841049 -1.6407776
-0.63523096 -3.580379
-2.9390552 -1.7673221
-2.3761785 -1.155533
-2.2316701 -1.0813624
-2.3074834 -1.8885226
-3.2574975 -2.8138692
-2.253745 -1.8503134
-0.88141674 -1.912895
-2.1259916 -1.9302204
-2.5504553 -1.934082
-3.335431 -1.7526023
-1.3115383 -1.7225046
0.086872146 -2.1424682
-1.7836626 -2.364777
-3.5063596 -2.5600545
-2.4404118 -1.2832515
-1.5464306 -2.7599773
-1.8568356 -3.5405316
-0.9649088 -3.3604703
-1.6670042 -1.4731455
-3.258737 -2.406634
0.12973051 -2.7797716
-2.4394467 -2.3138933
-1.3791941 -1.8438034
-1.2813568 -1.5755565
-2.297152 -2.4060206
0.5625339 -2.9818697
-1.6436121 -2.396571
-2.1702075 -1.96293
-1.5365508 -1.6093912
-0.36633953 -2.621909
-2.346431 -2.2487204
-3.5875711 -2.2645216
-1.8369033 -2.422628
-2.4622698 -2.8783433
-1.1790907 -2.0417392
-3.0207772 -2.46492
-1.9571542 -1.7532592
-1.1697391 -1.4273369
-2.3185441 -2.7823648
-2.5965035 -2.6146543
-3.4789116 -2.0565088
-2.529453 -1.3761065
-2.6430516 -2.1062853
-2.2616594 -1.9016175
0.0250168 -2.316057
-2.552194 -2.221923
-0.33660817 -3.772139
-0.8502781 -3.9000459
-0.74886703 -2.2743585
-1.7505393 -1.3460715
-2.8583012 -2.5981083
-2.6945474 -4.121208
-2.2379844 -2.5929298
-0.79590094 -4.1593094
-1.3483768 -2.0918314
-1.4628396 -2.1285949
-2.223133 -2.7131507
-1.50109 -1.654603
-0.94288033 -1.7919865
-3.9287 -3.0113895
-1.2263128 -2.0224514
-3.5197449 -1.9824483
-1.2212011 -2.3345854
-1.3729708 -1.9476974
-3.069454 -2.1196337
-3.4789348 -2.213708
-1.5876206 -1.4785864
-3.2109249 -1.834991
-3.2130835 -2.4410207
-1.0661669 -1.9426982
-3.083384 -3.304541
-1.5167869 -1.1443067
-3.0747101 -3.2155447
-3.6131008 -2.695885
-0.7928795 -2.8715386
-2.6685627 -1.4664714
-2.3939264 -1.5963097
-2.3385751 -2.5386345
-1.9986837 -1.8476634
-3.1761467 -1.8314586
-2.5119812 -2.1018243
-2.737452 -3.3513074
-2.646327 -2.1240003
-3.7691805 -3.230972
-2.1073234 -1.9466057
-2.9781592 -1.5332861
-1.0746701 -3.241199
-2.78894 -2.2971745
-1.9705056 -2.207341
-1.1009772 -3.4148715
-1.3345009 -0.61528134
-1.8439112 -2.3456912
-0.965167 -1.5344415
-0.29103586 -1.0736754
-0.31723982 -2.3196375
-0.54800415 -3.4499924
-1.4204853 -2.7526398
-2.9347358 -2.1621356
-2.9353685 -2.4587345
-2.7489374 -2.2198942
0.829225 -3.2912571
-1.7252395 -1.9609869
-1.0135722 -2.2468684
0.119242 -2.5173094
-2.7062187 -1.5204401
-1.1553277 -2.0234883
-1.3759569 -2.958329
-2.2478545 -1.3079743
-1.4144055 -1.1206112
-2.1290064 -2.7230184
-0.8665572 -3.1965644
-2.5686522 -1.7880933
-2.6082776 -2.1588922
-0.58543456 -1.3144782
-2.5525508 -1.1510487
-2.7180505 -1.6640942
-2.6647813 -2.3062205
-0.86863637 -1.64978
-2.8747616 -1.2779243
-2.322378 -1.6685319
-2.784468 -1.9966435
-2.6393714 -3.507385
-3.021362 -1.6523156
-3.7728035 -3.403094
-3.3296664 -2.2056649
-0.9360247 -2.7782807
-1.8553541 -1.7602794
-2.997157 -0.82352054
-3.6251245 -2.2326484
-3.2225752 -2.3307595
-3.0004313 -2.0744147
-2.9168568 -3.983319
-2.0906405 -2.906025
-1.4084979 -2.6067412
-1.4854527 -2.2775211
-0.38967746 -2.9828017
-2.843035 -2.2163005
-1.6800947 -1.474303
-3.6466568 -2.80441
-2.1449668 -1.8251202
-0.25095546 -3.0224605
-3.1512213 -1.8676963
-0.30781916 -4.122364
-0.3987655 -2.834762
-2.9466124 -2.0308104
-0.7737542 -2.7458248
-2.037659 -2.5717752
-1.2728827 -1.128674
-1.5763894 -1.0311817
-0.9048538 -3.8584745
-2.0461848 -1.9544439
-1.4421656 -1.4584653
-0.030844495 -2.899622
-2.4319453 -1.1617799
-3.055679 -1.5575788
-0.9899535 -2.4865932
-1.1057221 -3.5460253
-2.6882868 -1.695215
-3.9335823 -2.1404886
-2.1345797 -1.6645422
-1.0842997 -1.2386968
-1.8663056 -1.8524041
-2.9621832 -2.7450893
-3.6163273 -1.3735142
-2.2945278 -1.0630374
-1.288582 -3.5616906
-0.3726164 -1.980156
-2.2678623 -4.118484
-2.7422287 -1.8032176
-2.7606864 -1.5954757
-0.35704803 -2.4678197
-0.6008651 -2.598484
-1.3114542 -2.458585
-1.103045 -1.8244746
-1.5758175 -3.1224077
-1.5312831 -0.8993303
-2.1369886 -1.0575554
-1.2675563 -1.7194791
-2.44103 -1.7905014
-2.7566614 -1.6153996
-1.6466413 -2.103753
-1.1485265 -2.3070846
-1.3744298 -2.637441
-3.4806328 -3.8691823
-2.8668816 -1.7873521
-1.8825172 -0.90436643
-2.0969992 -1.4324653
-2.8273208 -3.4451244
-1.58298 -3.7488728
-2.1434858 -1.5908453
-0.9557455 -2.962069
-1.942782 -1.6150527
-3.0474143 -2.1703532
-0.9053396 -0.91828305
-1.273533 -3.4573832
-2.0421655 -2.0975878
-0.5962332 -3.351326
-1.7999276 -2.2910237
-3.293266 -1.8655324
-2.8975215 -1.7104607
-1.0045418 -0.8880425
-2.442943 -2.0133626
-2.4735699 -1.5421009
-1.4030678 -1.6042402
-1.6841762 -2.0767095
-1.1244704 -1.3637431
-2.254661 -1.5359714
-0.6010789 -2.079888
-1.7351917 -2.7805667
-2.8611014 -1.8859696
-2.071943 -1.1356997
-0.5746422 -1.6165197
-3.0763116 -2.3682792
-2.6754372 -1.361362
-1.7783482 -1.6661022
-0.78138715 -1.5461471
-2.9250662 -2.7826788
-2.0393634 -2.521594
0.34031588 -2.7904713
-1.7257214 -1.1374159
-1.5608846 -1.3821349
-1.2800738 -2.2332978
-0.2630904 -2.5817645
-2.1303194 -0.95891744
-2.5159385 -1.7231064
-0.40397432 -1.8949461
-0.9807187 -1.1626418
-2.9743662 -1.6475587
-2.0412629 -1.3719783
-3.1373763 -3.0730054
-2.4425664 -2.3113046
-1.7946714 -2.5515938
-2.5167928 -2.505005
-2.3493798 -0.9669193
-0.77636975 -2.68497
-1.9754863 -2.6428897
-2.146228 -1.9934113
-1.2684152 -1.1288737
-2.4479775 -1.3410771
-0.8692774 -2.2856069
-2.1283903 -1.9494789
-2.5444338 -1.793561
-0.66958135 -1.2092073
-1.5551301 -2.0159528
-2.4661162 -2.1057708
-1.7016708 -2.7125888
-2.3053453 -1.8517499
-1.2286221 -1.9120371
-3.3228683 -1.7447782
-3.4972599 -3.1046603
-2.2271478 -2.5089853
-2.6879299 -1.6438172
-1.812826 -2.5776668
-0.8363284 -1.005317
-1.4875703 -5.136104
-2.0717704 -1.2473531
-2.74505 -1.4581652
-0.35269743 -1.8277662
-1.6721188 -3.507036
-2.2197104 -1.6624663
-1.0793655 -1.0578151
-2.1029603 -1.407038
-0.8768025 -2.6891108
-1.6793617 -2.2166102
-3.2704952 -2.5860424
-2.2557068 -2.0533571
-1.3249174 -1.9700894
-1.443477 -2.2330687
-2.0270178 -2.4198556
0.64532286 -1.4392164
-0.08937524 -1.3943312
-1.9553517 -2.4353473
-3.5473971 -3.976394
-0.20002982 -2.3789608
-2.187046 -1.0787753
-2.261723 -2.3348827
-1.9789102 -1.5172935
-2.6392562 -1.8979449
-1.21209 -3.0717309
-1.7369004 -2.3998759
-3.7849154 -2.8144245
-1.3692523 -2.7110274
-1.7900779 -1.2749391
-0.638868 -3.0605683
-0.95115435 -2.0707507
-2.2187083 -2.3941588
-2.133085 -2.2922583
-1.2953492 -2.1383677
-3.1443667 -1.1905413
-1.8269848 -2.7985525
-1.0924133 -1.4273882
-2.096573 -1.9235506
-2.9098713 -1.3063848
-2.5622008 -1.2694798
-2.2551746 -1.2851245
-0.7362719 -2.61024
-0.41008186 -2.5836117
-1.6553885 -1.7751715
-1.5967368 -0.830652
-1.4033709 -2.1795173
-1.554994 -1.7529907
-0.67790693 -2.3463776
-2.2621012 -1.0060104
-2.6288543 -1.8514271
-2.1472664 -1.7346182
-2.6080935 -2.3226707
-3.023375 -2.1970177
-3.0315022 -1.9800236
-2.9133024 -1.8897362
-3.435646 -2.2485044
-2.8591871 -1.8372741
-3.6676533 -2.693274
0.74190605 -2.961922
-2.0788372 -1.5054345
-1.0346142 -2.5104878
-3.6260402 -1.8413432
-2.2185967 -1.4367387
-2.9411705 -2.7838173
-2.666202 -2.060398
-1.2242488 -3.122654
-2.3791559 -1.9706762
-2.2895236 -2.9608326
-2.482219 -1.505264
-1.318494 -1.9673274
-1.9007566 -2.1492648
-0.8053775 -3.3411067
-1.1448929 -1.2866449
-2.2702208 -1.2884142
-0.55354136 -2.8609283
-2.1873124 -0.9402522
-2.2736294 -2.338546
-2.286347 -2.899169
-2.7917705 -1.6137817
-1.3830212 -1.4866755
-1.3210973 -1.4919214
-3.3063362 -2.2400439
-2.3509357 -2.283266
-3.3572097 -2.2273414
-1.3703578 -1.7316647
-3.3265214 -1.7911012
-2.1605108 -1.8035336
-1.566177 -1.8273301
-3.0949686 -1.8168008
-1.228306 -2.295693
-0.8221991 -1.865407
-0.40015984 -1.4871938
-0.1927406 -2.30268
-2.6954446 -1.6097186
-1.9781946 -2.043699
-2.4689062 -1.7439301
-0.6422702 -1.5924699
-2.3266144 -1.9706457
-1.8945926 -1.876852
-0.032083496 -1.4703245
-1.7111493 -1.7017972
-1.8130186 -1.0462742
-0.90262073 -2.2444339
-1.8367385 -1.4982781
-2.824705 -1.6048784
-3.1539648 -2.4448547
-2.692929 -2.7831552
-2.9474714 -2.8153856
-3.5751724 -2.6871176
-2.7498524 -2.404585
-1.6217562 -2.0169272
-0.9758781 -2.6543655
-1.1749451 -1.906632
-2.406752 -2.0986814
-3.5581167 -1.7745807
-2.5381684 -0.6040795
-2.11189 -2.2086189
-2.3798857 -2.4690933
-0.827719 -2.9778228
-1.830292 -2.3133898
-2.5419502 -2.1418252
-1.0612524 -0.79229033
-1.5037122 -1.7193167
-3.2406697 -2.5967932
-1.3106315 -2.3887973
-2.3029997 -3.0576472
-2.197489 -2.4622972
-2.6751494 -1.6356406
-2.6281006 -1.4451349
-1.9616319 -1.3968868
-2.6149476 -2.304264
-0.8675558 -0.6794924
-1.2817098 -3.1818936
-1.0638837 -2.3862982
-2.5794613 -1.6563993
-0.6689869 -1.9357479
-1.593889 -1.743231
-2.5245597 -0.9824458
-2.486288 -1.7048476
-0.20987174 -1.9180257
-1.4934133 -2.361703
-3.3777754 -1.9007335
-1.5286924 -2.4000092
-2.625011 -3.4483373
-0.55001533 -2.5696077
-2.763117 -1.5050747
-0.7075386 -1.7937434
-1.617852 -2.1808164
-0.39337474 -2.4269524
-1.8355404 -2.0013607
-3.290583 -3.459313
-0.52873117 -2.9019718
-2.6291034 -1.6068971
-2.4950402 -1.2475696
-3.111497 -1.4888589
-0.34937254 -4.6865087
-1.6018512 -2.1599357
-3.5068069 -1.6924465
-2.9115598 -1.7882009
-4.0032687 -2.0186255
-0.80198705 -2.1054401
-1.3393263 -2.174628
-1.337982 -1.02044
-1.1016575 -1.5708077
-2.2140276 -1.2957575
-3.4678671 -2.2421222
-2.627784 -2.773962
-2.1811826 -1.6503477
-1.2014114 -0.8767484
-1.9569376 -3.8395746
-3.7539163 -1.6249235
-3.036945 -1.2116406
-2.5323615 -2.2951818
-1.205175 -3.7302136
-2.6387773 -1.6419106
-2.3320122 -1.5629554
-0.99402916 -2.8547952
-1.8372424 -2.2561238
-1.9287626 -1.8906887
-2.2309399 -1.2884274
-3.1247349 -1.7344289
-2.7243242 -0.8098966
-2.18371 -1.8370485
-2.706731 -1.1437451
-1.198464 -1.2953699
-1.4560586 -1.5566826
-0.4476466 -2.9947295
-1.4102136 -3.1705291
-2.787835 -3.0763307
-3.2948246 -3.128968
-1.4810531 -1.5561469
-2.55172 -1.5726254
-2.5626993 -1.5410814
-2.9994802 -1.7358148
-1.0166348 -1.557296
-3.187716 -2.307759
-0.6850564 -2.095627
-0.6477945 -2.583099
0.21266837 -2.4479327
-0.96785134 -2.5709853
-2.6936378 -2.0393963
-3.2923567 -1.4004214
-1.3159164 -1.6192915
-2.390204 -2.3151355
-3.3293607 -2.9798455
-3.4107354 -2.0326192
-2.625781 -2.1295497
-1.9103563 -1.3352456
-3.1382787 -2.7252157
-0.8302615 -1.5199354
-2.8305635 -2.350983
-1.7679957 -3.2979255
-2.297527 -1.5760369
-3.2683773 -1.6841087
-2.3567674 -3.0777507
-2.6620498 -1.6833267
-0.39078137 -2.5257444
-2.0089781 -1.9324303
-3.4230576 -2.336398
-3.4553041 -2.1461499
-2.1190605 -0.7600124
-3.2489846 -1.8772488
-3.708169 -2.5078132
-2.254362 -1.5050151
-1.18666 -1.1759652
-2.14941 -1.0610391
-3.8199263 -2.2254145
-1.5943059 -3.1706362
-2.5699785 -1.0924165
-3.1932929 -1.264091
-1.3040757 -1.0248921
-3.0863805 -1.6175442
-2.4690142 -3.21051
-1.6169955 -1.5766315
-2.4414017 -1.9154856
-0.9690052 -2.5404377
-0.79804015 -2.7792659
-1.1576058 -2.620138
-1.456302 -2.8187382
-1.21935 -1.9276581
-1.1038749 -4.259607
-3.3533864 -2.1220145
-1.7966545 -2.4558554
-2.7643533 -0.9233792
-2.5961206 -2.2639663
-3.1119263 -1.9144235
-0.5670887 -2.7845745
-1.7765241 -1.4289925
-3.1098676 -1.1442893
-1.6278346 -1.8983872
-1.141276 -2.046296
-3.250743 -1.8342662
-0.7749243 -3.7906373
-0.9257461 -1.5829277
-1.1044034 -1.1128073
-0.082714826 -2.7378664
-2.4962072 -3.1168687
-3.4950225 -2.5017698
-2.9535716 -2.0441666
-3.2336056 -2.2651837
-1.3234118 -2.75782
-2.4910977 -2.5803642
-2.9717607 -2.446781
-1.0202415 -1.7698021
-0.08824623 -2.30842
-1.0517837 -2.3568873
-2.092866 -2.906249
-2.5453305 -2.745229
-3.3379366 -2.6258495
-1.3830212 -1.8430593
-1.5114315 -2.0650687
-2.7307594 -3.038896
-2.8882005 -1.2460911
-2.7054844 -1.8309281
-2.217177 -3.223885
-1.6823874 -2.1871858
-1.3370715 -3.028379
-1.7788256 -3.3509746
-2.659738 -1.4740367
-3.1539872 -1.9988933
-0.686726 -1.9441464
-1.8780193 -2.5371542
-1.5495659 -1.953105
-1.0668005 -2.3926022
-1.9939764 -1.8311508
-1.7014266 -1.3924258
-3.4835484 -1.7891364
-2.331813 -1.1877152
-3.1609452 -1.6856127
-1.3185145 -0.7556923
0.56673944 -3.0256417
-1.4258037 -1.5941949
-1.460349 -2.096849
-3.1709082 -2.0681312
-2.4898229 -3.1955726
-2.1326783 -1.4744952
-2.2839746 -1.5374975
-1.3446621 -1.8637109
-4.313753 -3.0505779
-3.5824766 -1.9763358
-0.54682004 -2.39952
-1.0861354 -2.7419696
-0.0132595 -4.427523
-1.211555 -2.1858966
-1.5666325 -4.0483775
-0.5043489 -2.2924795
0.6494056 -3.1893342
-2.1787927 -1.7924173
-1.870852 -0.7729363
-1.1766629 -2.297772
-2.0621562 -1.6968224
-2.7044358 -1.2103341
-3.2892854 -1.225244
-1.678404 -1.5104442
-1.2653863 -1.388303
0.2689705 -2.10714
-3.2270427 -2.5669777
-2.1611435 -1.8927059
-1.5578403 -2.0427363
-2.6638808 -2.1605237
-1.3538198 -2.5612109
-2.4947438 -2.0010903
-2.3841836 -2.5045161
-3.0101469 -3.6253104
-1.438745 -2.450556
-3.0653772 -2.5163443
-2.4907625 -2.5709515
-3.1554585 -1.7518706
-1.8972322 -0.66556776
-1.2322471 -0.91355187
-2.9299624 -3.1001956
-2.3271887 -1.1049526
-1.5378622 -1.1821299
-2.5902538 -1.4664865
-2.5528386 -2.1558776
-3.1949716 -2.0266743
-2.6267884 -2.4000356
-2.4758291 -1.6863265
-3.1888337 -2.1055977
-2.87994 -1.9633782
-2.468692 -2.425503
-0.88556564 -2.8124094
-2.864072 -1.9077587
-1.8882564 -4.433165
-2.760025 -3.5128884
-2.6149886 -2.3741698
-3.0764177 -1.7784321
-2.26322 -1.3777056
0.057980523 -1.7123938
-2.5965502 -1.3011553
0.0102327615 -1.5460775
-2.6416488 -2.0737767
-1.6382358 -2.7092466
-3.153781 -2.1726012
-1.8999046 -3.1842172
-3.0550716 -1.527
-2.7527654 -3.3574817
-2.8549552 -1.2299864
-1.7285609 -3.4795856
-1.3860986 -2.1902282
-1.7087644 -2.7222917
-2.2974296 -1.3252208
-3.05468 -4.2395825
-1.0399488 -2.625036
0.056100473 -3.6221998
-2.336015 -1.8765559
-1.8490598 -1.1590987
-2.8593848 -1.8137715
-2.8759239 -2.5383239
-1.9618298 -2.0850723
-1.7714124 -3.692698
-1.4233925 -1.6111019
-0.5550712 -2.9399972
-2.5786192 -2.6972637
-2.7031841 -1.7239826
-2.6080723 -0.7745056
-1.1850461 -2.3469048
-3.3379443 -2.1426528
-1.0682744 -1.7428527
-2.112589 -2.4864383
-3.057425 -1.7697303
-2.0313537 -1.6846266
-2.6008837 -1.2779388
-0.11143991 -3.8388681
-0.36322355 -2.8312175
-2.7058299 -2.1246207
-1.7997795 -2.821167
-1.9385842 -1.780807
0.02129881 -3.3337681
-3.2568803 -2.2918086
-1.9906458 -1.3732684
-2.7077117 -1.7394855
-2.3913326 -1.3025277
-1.3713156 -3.1890142
-3.125692 -2.2360444
-1.8916998 -2.2166085
-2.9862304 -3.378224
-2.4836683 -2.6022274
-1.7380373 -2.3896353
-2.5981526 -1.5277433
-2.5039256 -2.4748769
-2.2918932 -0.71456826
0.116383 -1.4076228
-1.785057 -1.9405656
-2.5702038 -1.1813514
-2.2648363 -2.1021504
-1.7274225 -1.3168643
-1.8938098 -2.9990077
-1.4133124 -2.9709651
-1.2068449 -0.6633445
-0.2065638 -4.4396644
0.035395876 -3.2450733
-1.5785359 -1.6250615
0.4818859 -2.0137787
-2.5832722 -2.3264964
-1.428772 -2.6735764
-1.1946079 -2.8845828
-2.2378764 -2.618497
-1.1349645 -2.621732
-2.5284126 -1.7499502
-1.1746678 -2.0386975
-0.2713312 -2.0061631
-0.039081946 -2.172086
-1.252235 -1.4776106
-0.8066136 -1.7326751
-0.042067036 -2.9180884
-2.019679 -3.0667825
0.09678088 -3.1851308
-1.5510685 -1.3383126
-2.7990775 -3.1943386
-0.74709994 -2.6498811
-0.8249405 -1.9264133
-1.9043306 -2.2421625
-2.4375272 -1.5840869
-1.4880685 -3.3513286
-0.9790483 -1.900955
-1.1188693 -2.2645578
-3.6152103 -1.609473
-0.34098414 -2.2896872
-3.0899065 -2.18123
-2.1736283 -1.4389472
-0.00449574 -1.7953796
0.3348629 -2.5664415
-2.2083807 -2.6317432
0.48085117 -1.2678382
-3.5715833 -2.032202
-2.734579 -1.4491928
-2.0625396 -2.3195696
-1.7832283 -4.068821
-2.3732426 -1.1728725
-1.1147176 -3.2282193
-1.9836895 -2.573431
-2.9844542 -2.5419044
-1.9052323 -2.242008
-1.6511555 -3.451521
-0.9467827 -1.645138
-1.6216514 -2.7084212
-2.471421 -2.8311727
-1.5638937 -3.0350053
-2.2245195 -2.0585427
-1.4698294 -1.968755
-0.7713875 -3.4880936
-1.938897 -1.0470574
-1.1696417 -0.68902105
-0.368707 -1.7343736
-1.0695896 -2.9091494
-0.4815731 -2.1885304
-2.7147002 -1.5425878
-2.555885 -1.8408182
-1.5838476 -2.765529
-2.4925082 -2.648085
-3.452439 -2.1560218
1.0091774 -3.1164834
-1.9547184 -2.7625253
-0.36630437 -2.7623918
-0.8042049 -1.6843665
-2.5697536 -1.5204813
-0.16829 -3.086926
0.42105782 -2.4038522
-1.0833675 -1.8728099
-0.94688356 -3.5137365
-2.106165 -3.11864
-1.3044237 -2.941338
-0.71973467 -2.400287
-1.763386 -2.8334708
-2.351539 -1.5087268
-3.0854094 -2.6592402
-1.9054502 -2.8350554
-2.4355228 -4.523033
-2.0165982 -2.373657
-2.1684594 -2.1167095
-1.9766916 -1.1493127
-1.5339626 -2.0304613
-2.4336066 -1.7542918
-1.9817945 -2.658226
-2.5381277 -1.7456329
-2.4561899 -2.064764
-1.6255249 -2.0341237
-3.7657225 -2.487492
-1.7088416 -1.9917724
-3.2367053 -2.5566568
-2.6254234 -1.3370612
-1.5388582 -1.3580048
-3.864453 -1.7119873
-1.6359507 -2.6394982
-0.330732 -2.6483424
-2.391201 -1.2519007
-3.025045 -2.8962224
-1.1137751 -2.2358646
-0.5553394 -1.9496658
-2.1994283 -1.7981272
-3.2871659 -2.010775
-1.8746128 -2.024577
-2.4555075 -1.514219
-1.357772 -2.6081355
-1.4037808 -2.3453074
-1.339741 -2.9831927
-0.53601044 -1.8164847
-2.3874955 -1.1673917
-3.1013482 -1.2995248
-1.9813805 -2.2465394
-0.8028788 -3.9815888
-1.1435047 -0.53955734
-1.1968435 -3.1680517
-3.18899 -3.0558558
-3.8377929 -2.9551733
-1.9687417 -1.200004
-1.6739528 -1.37481
-2.0445988 -2.0284355
-2.0211663 -1.876265
-0.979902 -1.4659936
-2.1141505 -2.5458899
-2.070337 -1.6696169
-2.0116346 -1.091569
-2.3106666 -1.7763441
-2.7202008 -1.7709646
-2.3208969 -1.3993635
0.16108747 -2.9309912
-0.23861036 -3.25641
-0.22990821 -2.9143527
-2.3738353 -1.2111839
-0.0670829 -2.6112165
-1.1978352 -2.2328997
-3.387852 -1.3066826
-2.4542372 -1.9552026
-1.0067486 -2.7336476
-1.8893088 -2.0013473
-0.45728987 -2.929934
-1.9938985 -1.1432514
-2.2307253 -1.1285611
-2.697687 -1.763839
-1.9829249 -2.6204057
-2.3444424 -1.7925916
-2.4565384 -2.5654721
-2.658325 -2.5519774
-2.2019293 -1.7701309
-1.496577 -0.89844495
-0.3223161 -2.4039617
-2.464997 -3.6481462
-1.7822884 -2.0757158
-0.7541587 -1.628381
-2.3247912 -2.267117
-1.6282282 -2.354305
-2.4157605 -2.3486326
-1.9520707 -3.1315448
-0.83042717 -2.2218275
-1.150046 -1.4917428
-1.5895878 -1.9577332
-1.1745567 -0.80638087
-3.901191 -1.4884276
-1.0029718 -2.1180828
-0.691532 -1.2609015
-2.2095509 -3.8590498
-1.6032286 -3.032212
-1.150258 -1.9210851
0.02414836 -2.6604335
-1.8659904 -1.2383473
-1.1614718 -3.577575
-3.502724 -2.0408416
-0.4378298 -2.9672992
-1.52165 -2.0377882
-3.254155 -1.6610138
-0.21869354 -3.6997368
-1.848002 -1.0280628
-3.129862 -1.5401993
-2.7226927 -1.5608213
-2.2660017 -0.5937117
-2.275682 -3.00114
-2.961548 -1.0787151
-3.2677207 -2.5994003
-2.5988078 -1.5085309
-1.7361078 -1.4880741
-0.961672 -1.1487436
-0.35438934 -2.0994089
-2.6670115 -2.5952692
-2.2204177 -1.7229421
-0.56352735 -3.5040722
-3.1918533 -2.2981417
-0.62287086 -3.5248346
-1.5850785 -1.9990251
-3.060555 -1.0402627
-2.6500533 -1.433541
-2.505087 -2.0734472
-2.3246963 -2.1533
-1.5866584 -2.5713866
-2.2482743 -2.422227
-1.6683731 -2.0194638
-1.8241048 -1.6458428
-2.1415176 -2.0531883
-0.28230444 -3.4829974
-2.0245454 -1.7612152
-2.0898688 -2.565805
-1.0296615 -2.6723561
-3.356481 -2.2886007
-0.8998992 -0.9118866
-3.1016145 -3.0000129
-2.9940991 -1.8613591
-3.2242854 -2.001033
-3.4753544 -1.5703423
-1.3800635 -2.3646479
-2.7420104 -1.5094619
-3.4041553 -1.8232958
-0.91888446 -1.976572
-2.9905043 -2.2714512
-2.9264834 -1.4883862
-2.662257 -2.5362532
-1.6087099 -1.3341813
-0.32725984 -3.3852406
-1.2009773 -0.2839
-2.1761272 -2.2570946
-0.55619687 -1.5395427
-1.0388882 -2.1778493
-0.82757527 -0.54906356
-1.0219947 -2.0473526
-1.2731327 -2.1388054
-2.0253627 -2.2207549
-2.4927385 -2.0511315
-1.5561973 -3.1663134
-2.2860563 -1.978168
-3.6102636 -2.7868047
-2.2002685 -1.6317763
-0.98645765 -2.303054
-2.787937 -1.039409
-1.1643568 -1.3252177
-0.6576899 -3.2122834
-2.2563534 -2.3499773
0.8696614 -2.099847
-1.2844955 -2.4243557
-2.9063954 -2.4705334
-2.1772387 -2.754182
-1.102028 -1.9743373
-2.1261272 -0.44830555
-2.3582325 -1.6539731
-1.3266896 -2.0913713
0.57729346 -2.3683033
-1.7098461 -3.3873663
-3.8592026 -2.781435
-3.8411424 -1.9010963
-1.4279606 -2.4344635
-2.0660646 -1.6783667
-0.2056837 -2.4660442
-1.8645287 -2.00644
-3.0604446 -1.3908439
-1.0503948 -1.9875932
-2.3958511 -2.033616
-1.9295665 -1.3762121
-1.7470541 -3.3085997
-1.5999755 -1.4192386
-3.1419218 -3.2470887
-1.4176328 -1.691911
-1.3944569 -1.9519398
-0.3511888 -2.816893
-1.6718278 -2.5112193
-2.3896663 -1.2059525
-3.239996 -2.1141467
-2.0692215 -1.6861904
-2.4963987 -0.80026853
-2.648688 -1.1456726
-2.4204926 -1.1419444
-2.2423122 -2.0543768
-0.8969488 -1.5358322
-1.9287869 -2.71157
-2.3388157 -2.253647
-2.860708 -3.442204
-2.4995968 -1.8069303
-2.6096182 -1.5400369
-1.2038797 -2.624196
-1.2748872 -1.8977089
-1.1694213 -2.4040527
-1.6058744 -2.3727443
-1.4261009 -3.2076442
-1.495109 -1.5322368
-1.241573 -3.2224839
-3.0425503 -2.7877285
-1.982421 -1.3978984
-1.9786335 -3.4809232
-2.255743 -2.5177023
-0.6759232 -2.500717
-1.6350181 -3.0044215
-1.0782243 -0.43151158
-2.1279905 -2.3188539
-0.38448334 -2.8606732
-0.11164343 -2.0262716
-0.95753294 -2.2743
-0.72697836 -1.7358711
-2.0873532 -0.9162756
-1.8071604 -2.6849267
-1.3469672 -2.337644
-1.0593667 -2.55352
-1.9546561 -1.3093519
-3.189918 -2.0603068
-1.943876 -1.7369707
-2.95597 -2.179599
-2.3872619 -2.1316125
-1.4380013 -1.6816266
-3.5454042 -1.4389901
-1.9995335 -1.3942211
-2.8298488 -1.6294794
-1.5115936 -1.9737208
-3.7414494 -1.0302914
-2.276171 -2.3166695
-1.609423 -2.5590422
-1.2311106 -1.1243658
-2.284728 -1.8459268
-2.8741362 -1.3504791
-0.8586827 -1.9965413
-1.1213101 -1.1958429
-1.1450119 -3.5184245
-1.6463554 -1.7311265
-1.3474352 -2.8177185
-1.116115 -1.5577204
-1.955157 -1.0906675
-0.820658 -2.5053096
-3.393058 -1.444119
-1.456413 -2.7073345
-3.3849564 -1.8924081
-0.15642053 -2.4950573
-2.109167 -2.2969327
-0.985164 -1.9609015
-0.9393139 -3.1217353
-1.6067275 -2.7104836
-2.841644 -1.737673
-3.1953921 -1.535398
-0.65374225 -1.6418543
-2.146077 -1.368155
-1.240339 -1.2250022
-2.212943 -2.307314
-2.1607177 -1.2944963
-0.3982827 -3.4528563
-1.6823305 -2.5709221
-0.866969 -2.5210114
-2.8837612 -1.7973235
-1.1481483 -2.2691875
-3.265112 -2.7798908
-1.2346525 -2.1690917
-1.9757309 -1.2825534
-3.3356378 -2.6892748
-1.3696954 -3.1375515
-0.7682926 -1.055362
-2.6982634 -1.6886237
-0.7755101 -2.1470978
-2.3762753 -1.449429
-2.5045092 -2.6555464
-3.2092125 -1.9346538
-1.7960993 -1.193939
-2.3451846 -1.1190891
-2.430012 -2.8097076
-1.367424 -2.8643444
-2.10793 -1.095756
-1.3153805 -2.8758912
-2.4200523 -3.3043308
-1.4331756 -3.2345166
-0.56154066 -2.5320532
-0.9546856 -2.1942494
-2.5875514 -2.4105623
-2.1846242 -3.3905008
-1.1454577 -3.0363383
-2.861838 -1.6267209
-1.8838462 -0.72246194
-0.80081135 -2.965365
-2.6258817 -2.206181
-2.0914397 -1.6474721
-1.2925212 -2.4816785
-3.2702968 -1.5659876
-0.973428 -2.8073902
-1.6009912 -1.4530742
-0.96185505 -1.7994504
-2.9148479 -0.31166303
-2.0940888 -1.817421
-1.0488924 -2.639405
-2.5015724 -1.469171
-1.5695066 -2.7772229
-1.5663137 -1.2511218
-0.84937125 -2.1813731
-1.943945 -2.6103067
-1.6435993 -2.9261115
-2.376172 -3.125326
-2.5106165 -1.3090639
-1.568264 -0.8295441
-2.8005204 -3.3783362
-1.5553893 -2.7562685
-1.4533937 -1.4226239
-1.9916662 -2.3904235
-1.4184899 -1.0014825
-0.6830051 -2.004353
-0.10384488 -1.1414064
-2.188902 -1.2540786
-2.1267848 -1.5236864
-0.32882664 -2.4193122
-2.725454 -2.5957603
-0.9103252 -3.765234
-2.1623673 -1.876082
-2.810458 -2.731339
-1.5074352 -1.8384409
-1.1729829 -2.3221471
-2.2544441 -1.5735719
-0.8814572 -2.1131897
-2.041128 -2.6269996
-2.9973557 -2.9077408
-0.11928198 -2.1815095
-1.2037212 -2.000754
-2.3282907 -1.6269176
-2.4904134 -1.6245234
-4.030592 -1.8148105
-0.7776729 -3.5368836
-2.9084313 -2.4852266
-2.8493273 -2.331791
-1.8241718 -1.1908476
-2.6113136 -1.1714163
-0.045766994 -0.8326266
-1.5037035 -0.9592447
-3.3457077 -2.5555465
-1.5301046 -1.9243681
-2.4759972 -1.5886965
-1.7705333 -1.284626
-0.30693763 -3.3334286
-1.8233993 -2.4961314
-2.1397712 -2.1946912
-2.2112503 -1.0374415
-1.0206246 -3.1246607
-2.808591 -2.1178849
-1.1077968 -3.877356
-3.1225152 -1.7309773
-1.3380921 -1.9806504
-2.578019 -1.5523093
-3.0366368 -2.0056307
-1.5059 -2.5373254
-3.4419024 -2.150818
-1.909567 -2.758964
-1.0800412 -1.3638105
-1.0306207 -2.2419043
-1.1772364 -1.6822529
-3.0888314 -1.7597091
-0.048868105 -2.5318797
-1.1800629 -2.4573362
0.1423953 -0.055311337
-0.5998015 -1.2054472
-1.7004321 -3.0110807
0.27105308 -2.940325
-1.8707434 -1.6507585
-0.96968275 -1.200433
-3.4081004 -3.1611416
-0.38911325 -3.4149704
-1.2646068 -2.9628077
-3.4526985 -2.595856
-0.044208005 -2.7019315
-2.89773 -2.328528
-1.971297 -1.2518256
-1.451333 -2.3636112
-2.332221 -2.4015226
-1.6440873 -1.4809635
-2.1524734 -1.2758746
-0.8098474 -4.4852176
-2.1887712 -2.4090195
-2.7563639 -2.3379397
-0.8319886 -2.336366
-1.6685852 -1.6707067
-2.6897416 -1.9610679
-1.2386023 -2.1688051
-2.3888714 -1.2461979
-0.61779594 -2.1766655
-0.93093926 -2.1227863
-1.6006527 -2.3695915
-3.5513544 -2.397195
-0.70415413 -1.9928217
0.2367522 -2.7737565
-2.4328253 -1.4098854
-3.6570594 -1.896616
-3.235403 -2.4155684
-0.414245 -2.8626354
-1.2630037 -3.3929422
-2.6669433 -1.3415136
0.103627935 -3.5443335
-2.787011 -1.4054711
-1.9404593 -2.487063
-2.83263 -1.2392948
-2.7779253 -1.4999967
-1.355401 -1.1480165
-2.8762739 -1.4783506
-2.7120306 -2.280032
-1.8268449 -1.0961804
-3.0542083 -2.1453674
-0.71782774 -3.332143
-0.32878524 -2.411925
-1.5188626 -2.709717
-1.6178284 -1.8329606
-1.3721056 -2.077419
-1.2796701 -3.205283
-2.8046424 -1.9778895
-3.4623687 -2.2729254
-1.5925355 -1.7009234
-2.3464887 -1.6218181
-2.2294977 -1.4953411
-2.5983138 -1.9148731
-1.0947185 -1.1184186
-0.09875098 -1.6867273
-2.6501613 -2.3145607
-1.4706689 -1.3158214
-1.8385713 -1.5731983
-2.1476398 -1.4477315
-2.596512 -2.072359
-1.5259575 -1.7552316
-2.4716542 -1.9754589
-2.636428 -1.1562202
-2.2238638 -5.18881
-1.3258057 -3.3539112
-1.6004914 -1.3401589
-1.104045 -3.214563
-0.8055499 -2.971603
-3.4088914 -1.2451193
-3.0967848 -1.5840816
-2.7913876 -2.3460336
-0.73679596 -3.2684155
-0.53438336 -1.1060543
-1.2263734 -2.9052203
-2.0319993 -2.0169008
-2.1298594 -1.8097241
-2.2451425 -1.9056263
-2.8118083 -2.7454035
-2.6391423 -2.3201666
-1.6082653 -1.355952
-3.5972283 -1.728939
-1.2827313 -2.1987932
0.91515106 -1.1071498
-3.0494998 -1.881607
-0.4536214 -3.3717523
-3.0830224 -2.7482283
-2.9476388 -1.4909654
-1.3294976 -1.5133877
-1.1767429 -2.098895
-0.59073615 -4.1728086
-1.0155705 -2.0011241
-3.4981046 -2.8366501
-0.97398245 -1.1016796
-2.3676596 -1.9987075
-0.7559625 -2.016814
-1.2733121 -1.6864102
-2.194002 -1.9255295
-1.7401837 -1.9981067
-0.34829152 -2.5525913
-1.2616001 -2.5196896
-3.4369893 -0.956903
-3.6839652 -1.3136773
-2.23472 -2.0523078
-3.1058948 -1.8485703
-1.690408 -1.2952833
-2.8929353 -1.5894973
-1.2222486 -1.2591207
-1.8907226 -3.4052267
-1.7928058 -1.2127979
-3.5913928 -1.4432895
-2.8867767 -0.9926705
-1.2667854 -2.5831466
-2.934755 -3.0045416
-2.1234756 -1.94925
-1.7980232 -2.438177
-1.2787205 -2.8534791
-2.5223 -1.7310381
-2.4966605 -0.9739594
-3.1602073 -1.1680278
-4.1726656 -2.9821243
-1.8594856 -1.8947558
-2.3615 -1.081483
-2.1282656 -1.5738304
-2.784414 -0.8803924
-1.2971246 -2.6825013
-1.3539177 -1.2537434
-0.86611086 -2.6279325
-1.7264308 -1.4699972
-3.04707 -3.6213522
-1.7873788 -0.94125843
-2.5610495 -1.8795276
-1.8459679 -1.9197624
-1.1883302 -2.8147159
-2.0709534 -3.0894656
-3.3657546 -2.341187
-2.6396832 -1.4929931
-2.27638 -0.61245173
-2.6300914 -2.7032
-0.657021 -2.3017886
-1.9350966 -3.0002503
-2.1749258 -1.1865847
-1.6329703 -1.7905865
-2.6194398 -2.1522322
-2.6265805 -1.6291957
-1.24441 -1.8989737
-0.9658853 -2.2627769
0.7101778 -2.9500334
-0.5792238 -2.8670647
-2.1875818 -2.0136633
-2.798943 -0.94704294
-1.7990113 -1.985816
0.15166892 -2.3419895
-1.8675436 -1.9780545
-3.5024226 -3.3672092
-0.13588578 -0.8865036
-3.3427994 -2.2044616
-1.7539289 -3.1283932
-1.6961911 -2.507793
-1.4117256 -2.7736466
-0.7043774 -1.4427576
-2.6775556 -3.8208063
-1.2219357 -2.2288911
-4.1305566 -3.00895
-2.3883073 -1.2520585
-2.4641974 -1.1562634
-1.4712461 -2.7186286
-2.4208992 -2.115841
-1.7026871 -2.2131753
-1.7470232 -2.6037493
-0.5261047 -2.3966906
-1.4354655 -0.7521899
-2.7407434 -2.308804
-1.9133302 -1.47072
-2.0666866 -2.640297
-0.9953389 -2.4245753
-2.2031095 -3.1105647
-2.0632482 -2.5101764
-3.0838952 -3.0945253
-3.1137972 -2.141603
-1.1777322 -2.3813767
-0.66248775 -2.7862163
-0.28529322 -3.7354321
-0.97855186 -2.1382132
-3.5351264 -2.5421994
-0.3812099 -3.3643684
-2.5787368 -3.2339096
-1.4403422 -1.1663618
-3.268283 -2.4560409
-1.8084037 -1.0536923
-2.722635 -2.2481978
-0.6800246 -3.41762
-3.256494 -1.5724967
-0.2345087 -3.3111968
-3.46942 -2.0516171
-2.8939302 -1.4672647
-2.2339296 -2.3159628
-3.7136433 -1.2397077
-1.1031456 -1.6732407
-1.6189996 -2.776955
-1.9065356 -1.8792095
-2.0842912 -3.246614
-1.0122622 -2.90799
-3.0822864 -3.3208513
-0.9194912 -2.508312
-1.8689325 -2.322321
-0.94113535 -0.95160764
-2.956977 -2.4800026
-0.29339764 -1.6096158
-0.72305673 -1.88694
-1.9867109 -2.1215026
-1.5622385 -1.157971
-2.1277406 -2.1510992
-3.2222419 -1.6846497
-2.149969 -2.848977
-0.45299673 -3.196865
-1.8170544 -1.8362589
-2.2587786 -2.0597093
-3.0970697 -1.3649726
-2.6436865 -1.1383858
-3.0255117 -1.0926538
-1.8523914 -1.6682374
-1.9607437 -2.0551312
-1.7320838 -1.3531058
-2.1200647 -3.710676
-1.0218393 -1.9248664
-1.4977441 -2.0566542
0.17606296 -2.3616061
-2.2837036 -1.493864
-2.7923474 -2.7050047
-1.8582065 -1.5427384
-2.0930748 -3.0128896
-1.2582328 -2.2543511
-2.6658747 -1.5463593
-1.5797297 -2.5996141
-2.2056668 -1.1326461
-2.074699 -1.6489191
-2.7599978 -1.7607555
-1.9869105 -2.2908666
-0.18873064 -4.018807
-2.25848 -2.7695725
-2.316289 -2.8244534
-2.3098714 -2.1155908
-2.024658 -2.1736574
-1.7391359 -2.1077147
-1.4853404 -2.562822
-2.431134 -1.7344491
-2.4452472 -1.449151
-0.3931073 -2.2469265
-1.3679683 -2.4202921
-3.2536652 -1.6371365
-2.4410532 -1.570499
-1.1286316 -2.5832503
-1.7025212 -1.7086844
-2.1779282 -2.9939687
-1.1443572 -2.4984546
-2.5308144 -0.97788143
-2.6849525 -1.8012316
-0.92116785 -1.112672
-1.4478924 -2.6457775
-0.2925962 -2.2416902
-2.4283876 -1.7131698
-1.3097099 -2.371031
-2.3371763 -1.55162
-1.8527455 -1.7490728
-2.9780521 -2.0634284
-0.7031626 -4.0463195
-2.6324453 -1.1678236
-2.5094872 -2.3474846
-2.251765 -2.833984
-2.5036929 -1.8882952
-0.35560906 -2.8019843
-2.3768766 -1.6440203
-1.0040802 -3.0653493
-0.12752706 -2.22476
-1.8235933 -1.4147577
-2.9695988 -1.3347354
-1.3639921 -1.2445498
-1.3039428 -0.7013083
-3.8231232 -2.3925292
-2.5001059 -2.006682
-1.802747 -2.8290305
-1.5448507 -3.1508262
-1.5228686 -1.6579275
-1.4708194 -0.10747872
-3.2526486 -1.7176933
-2.0287185 -2.2347176
-2.449714 -2.235685
-2.1157105 -1.7289534
-2.1932127 -1.3862615
-3.3349147 -1.7280235
-3.0416853 -1.7293601
-2.7534487 -1.8959024
-1.4955348 -1.1484087
-0.9891586 -2.006262
-1.3121345 -2.0392947
-1.2374614 -2.2297451
-0.9839599 -2.5354002
-1.2102528 -2.6053753
-1.3910019 -1.7361789
-1.5964609 -1.9597816
-1.5546424 -3.1033788
-1.360484 -1.3367527
-1.2056049 -2.0442348
-1.3922673 -2.2256968
-2.7443807 -1.5504801
-1.005161 -1.5843322
-0.69840467 -3.5034611
-2.6619942 -2.0767019
-0.8764589 -3.2132528
-0.6600574 -0.9609491
-3.5523336 -1.5964355
-0.3099279 -2.073401
-2.455883 -1.9858215
-1.1206008 -1.4038608
-1.9527845 -2.6160536
-1.5772043 -2.6753669
-1.9071313 -1.874285
-1.8983799 -1.8282189
-1.8746217 -1.665622
-1.9159875 -2.8608415
-0.629317 -2.6632602
-3.1774573 -2.5930934
-2.2642407 -3.4261353
-2.7013946 -2.0055907
-0.7073101 -1.4826226
-3.108357 -2.5140243
-1.2607987 -1.6391528
-3.3610203 -1.7327561
-1.6894193 -2.5325525
-1.0545977 -1.9013658
-1.2903928 -2.5607152
-1.3578516 -1.3296001
-1.1474698 -1.624989
-2.5035706 -2.1541958
-1.0374293 -1.8860817
-2.4843843 -1.5872233
-2.8719485 -2.4501946
-2.4922824 -3.6554022
-1.4824528 -1.8915212
-3.404508 -1.4414077
-0.3919835 -1.9086094
-0.7491793 -1.7624593
-1.1535761 -1.0918733
-2.3884783 -1.3650277
-1.6548933 -1.3114109
0.4124564 -2.3113787
-2.3639636 -0.94548786
-0.6426076 -2.019116
-0.5728863 -2.62075
-2.0069263 -1.7477317
-1.521365 -4.0007763
-1.6923773 -0.574286
-2.3598473 -1.741112
-2.4324298 -1.8228242
-2.7684073 -3.3388095
-0.20948985 -1.4391968
-2.0697083 -2.9434314
-1.5484653 -1.7086306
-2.8131723 -1.7931004
-2.226916 -3.817234
-0.96924484 -3.2791984
-1.0469171 -2.7681193
-1.8344903 -3.2124312
-2.1549737 -2.1945388
-2.5837512 -1.7563467
-2.0177422 -1.3551788
-2.5695121 -0.96870565
-1.8246946 -1.5989387
-2.189695 -1.6912591
-1.1189451 -3.6211262
-1.9228246 -1.0294278
-1.2128172 -2.6358654
-2.2868414 -3.2078621
-2.0298173 -1.1063149
-1.8104674 -2.2413497
-0.6004334 -2.3357058
0.14523284 -2.2925718
-0.9641588 -2.5038817
-2.6927538 -1.8081107
-1.7018683 -1.6298754
-2.1891322 -3.1536844
-1.4256228 -2.0697796
-0.12567785 -3.28169
-1.7402506 -1.7061913
-0.63903224 -1.8803868
-1.095939 -3.3153353
0.08856703 -2.2384825
-1.4999344 -2.020439
-1.5972546 -4.448213
-0.7422072 -2.150314
-2.0134869 -1.8076024
-2.3692884 -1.7462361
-2.704606 -1.9909761
-1.1090997 -2.764063
-1.4253918 -1.1723554
-2.4035635 -1.9625535
-1.9009776 -2.7515242
-1.0500287 -2.1326456
-3.0598967 -2.1877258
-2.4663646 -1.7360783
-3.1010926 -1.8460491
0.112630084 -1.2871511
-1.6786579 -1.2413454
-1.4351113 -2.4234288
-3.1450691 -1.2781677
-0.9627335 -1.5458093
-3.3992875 -2.1134186
-0.59307134 -2.5920556
-2.7099667 -2.34488
-1.2055129 -2.8517509
-1.1777763 -1.2289171
-1.4755358 -2.1203403
-3.269955 -2.6484718
-3.0209482 -1.190757
-0.86349744 -3.2453423
-2.3588767 -2.1859167
-1.406965 -0.3507583
-1.2676361 -2.7401934
-1.349989 -2.4374852
-1.2087555 -3.5158246
-1.8436695 -1.5032203
-2.7976778 -1.9812222
-2.0553093 -0.7402888
-1.8413191 -1.9391785
-2.7271194 -1.8306532
-2.7276874 -2.2461593
-1.9386244 -1.7368369
-1.7552447 -2.3027906
-2.5417528 -2.7255712
-3.986533 -2.376999
-0.09689161 -1.9387352
-2.7141948 -1.2226903
-2.913779 -1.0893883
-2.8129547 -2.3421128
-2.810883 -1.6637154
-3.4005892 -3.3149076
-1.8027312 -0.9847267
-0.31313893 -0.7432246
-2.8150454 -1.9676864
-2.367122 -1.4200563
-1.5533457 -1.5306864
-2.8220882 -1.7651215
-1.755215 -1.381943
-2.703856 -1.746182
-1.6522286 -2.271723
-1.8633317 -1.2179776
-3.5431147 -2.254654
-3.1368928 -2.5620475
-0.80457634 -0.38524973
-2.706981 -1.9696021
-2.6834702 -1.7267237
-2.305676 -3.1761525
-1.3960328 -0.5508772
-2.534129 -2.4115667
0.23863788 -2.3024957
-2.5811462 -2.389628
-1.5029631 -2.2288315
-1.9560778 -2.1508875
-0.85394806 -3.1499357
-2.339949 -3.8358061
-3.153215 -2.121295
-1.8499682 -1.3301034
-2.9319363 -1.1921927
-1.1551838 -2.6295688
-1.245397 -0.8491658
-2.6505125 -1.6155944
-0.73091114 -2.4925833
-1.0010686 -2.1643794
-1.1005064 -2.084444
-1.6268113 -1.806598
0.57030964 -2.663301
-2.141383 -2.3441756
-3.3377976 -1.9585879
-2.3378925 -2.0574436
-1.6536503 -2.6085372
-2.9862416 -2.0499237
-1.9139428 -2.2040474
-1.525641 -2.9615395
-1.2893748 -3.5906432
