-3.028243 -1.640612
-1.1714791 -3.2302392
-3.5582426 -3.1086612
-3.4355829 -2.962461
-2.9750004 -3.5151947
-3.621296 -3.2388566
-3.0364065 -3.7201843
-2.520933 -2.786519
-3.5276484 -3.3952484
-2.738924 -3.758577
-2.0848815 -3.28336
-3.3435235 -2.29088
-3.033181 -3.4393818
-2.0024178 -3.4530616
-2.8674753 -2.1685739
-3.5204482 -2.1022975
-3.3764787 -2.9288177
-1.4979825 -3.8034973
-2.7997196 -2.5756376
-1.8102877 -2.9146583
-2.9336963 -4.2113547
-3.1162145 -2.2866018
-2.392129 -3.9365196
-1.5417297 -3.9048305
-4.55229 -3.2456226
-2.9901145 -3.6012313
-5.062793 -3.3530173
-3.1539 -3.56593
-3.7747405 -2.4492204
-2.627593 -1.991798
-4.1379986 -3.1910093
-2.5310106 -2.70409
-1.8343277 -5.237357
-3.7939374 -2.144725
-4.1417804 -2.2300532
-2.9546614 -2.7723272
-2.229153 -2.4081585
-3.58043 -2.5601118
-4.0546527 -3.9276488
-3.2954767 -3.342953
-3.1936543 -1.6871233
-2.2499487 -2.8996964
-1.6900344 -1.4766083
-3.6570747 -2.6868284
-3.3556945 -1.8370315
-3.9297888 -2.658753
-2.5408373 -1.0941509
-2.8671727 -3.0492568
-3.43789 -1.8890082
-4.2923803 -3.466949
-3.3668928 -3.2297225
-2.6226196 -3.2006598
-1.9275346 -4.30743
-3.0835865 -3.3160744
-2.2525022 -3.1003191
-1.9984219 -3.6660273
-2.3212256 -3.0758042
-3.2317016 -2.3030477
-4.7859344 -2.973225
-2.7953312 -2.6531696
-4.1149144 -2.3356116
-4.3320117 -1.6746799
-2.5068145 -2.355773
-4.407756 -2.5571904
-3.2951016 -3.4552922
-2.7642357 -2.7746418
-2.0998154 -3.9874876
-3.002972 -1.8508592
-2.2271104 -1.6291384
-0.11604038 -4.2292657
-3.3445377 -3.2765453
-1.402091 -3.995415
-3.32533 -4.045438
-5.5333533 -3.60481
-2.9828646 -2.7033741
-2.6756048 -2.7523699
-2.2717118 -2.5822828
-3.1847742 -3.531197
-2.616473 -2.8180854
-3.1751182 -2.4900582
-3.162869 -3.0471296
-3.0311208 -1.8067902
-1.7533882 -3.9622555
-2.648478 -2.4586425
-3.0610135 -2.93626
-2.7489252 -3.144307
-3.1258073 -3.0531416
-3.9307904 -1.5877087
-3.301523 -2.7875323
-1.8800054 -3.538906
-2.5732307 -2.7448144
-2.51975 -3.7099426
-2.533911 -4.178502
-3.1073353 -3.469835
-4.1488185 -3.3680682
-3.6967409 -1.9241939
-2.8718069 -4.7075677
-3.8883803 -3.0602317
-1.7130287 -2.2852578
-3.375239 -1.3718207
-3.921405 -3.8674984
-4.1324306 -2.7354558
-4.3671694 -1.9910779
-2.6903129 -1.8010591
-3.2786255 -1.4962
-3.4777913 -3.8993425
-3.6261592 -1.8435886
-2.58076 -3.0622303
-2.3754847 -3.1024325
-2.998347 -2.1713629
-3.3250701 -2.7388973
-2.5789194 -2.7931428
-2.7379658 -4.0358315
-2.9769535 -2.470359
-3.9688904 -2.811439
-3.161349 -3.3486056
-3.399603 -3.3091347
-3.0988688 -3.1255388
-1.4706683 -3.5152044
-1.7104435 -3.0534914
-3.072781 -2.5189707
-1.070935 -3.3533256
-4.4740734 -3.0541162
-2.8710501 -2.9046729
-1.8777843 -2.6232557
-2.9049282 -2.5413888
-1.4090095 -2.151492
-3.1079862 -3.392354
-1.9688349 -2.6397183
-3.1765733 -3.0483325
-2.8265283 -2.635718
-2.028741 -4.2609763
-3.7557163 -1.6480507
-3.0073533 -3.8644388
-2.3948903 -2.8721542
-2.8550303 -3.5221758
-3.4125125 -4.1997895
-3.1759768 -2.3638542
-3.0134223 -3.4399006
-3.6482985 -3.6215017
-2.2882466 -1.9523063
-2.5594792 -2.2427206
-3.51622 -2.7649689
-3.2110133 -1.2358353
-2.2577293 -2.802934
-1.8906868 -3.6158466
-4.2462306 -4.5210795
-3.7341468 -4.549752
-3.1995857 -3.7703452
-3.025677 -3.9251442
-3.3171465 -2.1031778
-2.585236 -3.356155
-3.129164 -1.9127976
-2.1725552 -2.531101
-2.89982 -3.1889012
-1.5245762 -2.5082562
-2.2831342 -2.2684615
-3.0174625 -1.6065352
-3.6986403 -2.2926183
-3.321786 -3.0279703
-2.3318079 -5.169457
-4.1551394 -2.8502874
-3.4452367 -3.8961086
-3.115456 -3.4065993
-4.4404616 -2.9620755
-1.9039922 -3.6411028
-3.7463071 -2.9454577
-4.482359 -2.1282442
-2.1610692 -2.648511
-1.1326754 -4.7318916
-2.7857046 -2.370727
-3.470008 -3.241893
-2.4574568 -2.5065222
-2.1102777 -3.6728191
-3.755658 -2.0114021
-3.4564707 -2.0006664
-2.4669561 -3.75331
-3.4214284 -1.4604671
-2.8202493 -3.865184
-4.1766124 -2.2950344
-2.6297095 -2.6420221
-3.7103963 -2.4644458
-3.1572218 -3.0637283
-1.9328024 -3.6143954
-2.4424605 -3.837998
-3.1120274 -1.8044914
-2.6036997 -1.8797342
-3.5766943 -3.1768248
-6.135925 -4.8015184
-3.393564 -3.7833655
-1.6702242 -3.2726605
-2.3737547 -2.7564263
-3.8648038 -2.7068684
-2.6852078 -1.7639894
-2.3861487 -1.8137298
-3.4235475 -1.895236
-3.4543905 -2.0820868
-3.9661648 -1.7780138
-2.2488399 -4.237479
-3.9142516 -1.7678622
-3.4757617 -2.747642
-1.9068916 -2.9259772
-2.6163232 -2.3878162
-1.6168525 -1.8779914
-2.8946245 -3.7390485
-2.256273 -4.249771
-2.7676513 -1.0365901
-2.257163 -3.7350175
-2.0746412 -3.5949657
-0.93479514 -2.6401606
-1.664134 -2.862442
-2.667611 -2.6691322
-1.5602558 -4.0516148
-2.3176618 -2.502539
-3.1997988 -4.096606
-3.8029613 -2.7137005
-2.3253284 -3.549172
-3.2944546 -2.5161107
-3.4131444 -4.11306
-2.934616 -2.6090758
-4.6090493 -2.003892
-2.594102 -4.493689
-1.6061778 -3.030514
-2.2502248 -3.8181193
-3.0193818 -2.06466
-1.4658618 -3.0237222
-4.661013 -1.9804904
-3.1159499 -3.9344385
-2.1421788 -3.6621475
-2.791845 -3.013488
-3.675898 -2.5590627
-2.7965128 -2.6931899
-2.7666163 -2.4855518
-4.0988092 -2.1292822
-3.0987556 -3.998754
-2.6434028 -4.206318
-2.8494601 -3.578147
-3.5384338 -4.355351
-1.8478389 -3.280177
-3.46788 -0.7637296
-3.759759 -2.420744
-3.5811555 -4.2064757
-4.108628 -3.0525947
-2.355895 -2.9009128
-2.241979 -4.915036
-3.489623 -2.4604359
-2.9103644 -3.551697
-3.2687447 -3.178178
-2.8477821 -2.9665504
-3.911733 -3.9436686
-2.9709008 -2.2000554
-3.9641945 -1.148356
-3.7440906 -1.6698551
-3.5601244 -3.0614686
-3.4079664 -2.1357822
-3.0259082 -3.6472876
-3.47313 -1.971373
-2.6103768 -1.7596731
-3.5612366 -1.9269322
-1.6076927 -4.37073
-3.7360113 -1.942916
-3.9391024 -3.6972487
-2.9594893 -2.2731764
-2.84915 -2.4495811
-4.457887 -3.9494107
-3.895637 -3.3816237
-2.3651085 -4.0975637
-2.7318504 -2.5012991
-1.4262328 -3.9339309
-3.275117 -2.9722962
-4.0457563 -2.4284244
-2.4506154 -4.050285
-3.2752612 -2.4714775
-2.046214 -3.029034
-2.966351 -4.0835495
-3.084744 -2.7348146
-2.6126192 -2.6213143
-2.9926977 -3.034711
-3.737565 -2.9624321
-1.9253197 -2.1100347
-3.5013657 -4.6459293
-2.3095922 -2.2492895
-3.568722 -2.1988132
-1.858865 -4.5257726
-2.8365335 -0.88956326
-2.414503 -3.7500327
-3.8738174 -3.0979087
-2.1155176 -3.0087352
-5.938581 -3.563176
-2.5500944 -1.8194474
-2.8482554 -3.0304077
-3.712201 -2.5954814
-3.6061177 -3.150686
-4.4770737 -4.160531
-3.0067422 -1.8769096
-4.2951546 -2.154913
-3.420425 -3.3319638
-2.3909843 -4.876764
-2.0671492 -2.7060115
-3.2044175 -2.930294
-3.6916947 -4.5973163
-2.4205585 -2.216454
-1.4962316 -4.318534
-2.2246864 -3.6203604
-3.5185697 -3.1654196
-2.1579142 -1.6398726
-3.0133765 -2.746103
-2.1711967 -4.005327
-1.8433435 -3.0351942
-4.1285486 -2.1670156
-2.4290493 -2.5974321
-1.8132029 -2.9019225
-3.0302343 -3.6653037
-2.8217041 -4.2934933
-4.1604867 -3.352801
-2.968644 -3.2966821
-3.1250134 -2.3991866
-4.0505767 -2.8929083
-3.3918033 -2.447752
-3.2292876 -3.400662
-3.909594 -3.4131742
-1.8891878 -4.406918
-1.2344863 -2.7641504
-2.7385836 -2.6962237
-2.4691823 -3.231176
-0.70027906 -4.522195
-2.770368 -1.6608125
-2.4661973 -2.6840494
-4.375773 -2.548956
-2.4978275 -1.741251
-3.6022453 -4.0509205
-2.6915486 -3.9848287
-3.8647583 -2.9084523
-2.552603 -5.4068017
-4.7212605 -2.860154
-3.124025 -1.6325408
-3.6009712 -3.048488
-3.417704 -1.769473
-3.6462257 -3.051429
-1.7748015 -1.691415
-2.7101207 -4.0412197
-3.2936358 -3.6674325
-3.6099007 -2.839313
-3.7883048 -2.3664937
-2.733301 -3.1412177
-1.7591126 -3.6803436
-3.4189281 -3.9529865
-3.3024745 -2.8886259
-3.4982102 -1.9875852
-3.1691756 -4.1074743
-2.6361644 -4.2558765
-1.8682644 -4.138057
-3.3265069 -2.7285028
-2.9017832 -2.4967594
-1.9309614 -4.212333
-3.4516168 -2.8964162
-1.9631133 -1.8185791
-2.070445 -2.6711917
-3.198949 -3.9569833
0.045390606 -3.5221565
-3.128396 -3.4532537
-3.1970522 -2.0683882
-1.7848966 -1.2353923
-0.6310308 -2.9264927
-3.749593 -2.7189262
-3.653724 -2.5500996
-3.639888 -3.6282287
-3.2512085 -3.2698078
-2.0955846 -3.9039738
-3.5049784 -3.102675
-2.700555 -2.7486923
-3.107359 -1.9135916
-2.8877778 -3.4450552
-2.9735303 -3.7675757
-4.143122 -2.6145315
-3.6517372 -2.589209
-3.3125293 -2.7220128
-2.878134 -2.4962296
-2.1189568 -3.5798118
-3.4385 -3.374601
-0.7447609 -4.1954727
-1.3627961 -4.0514956
-1.195309 -2.816078
-2.8581352 -1.9470732
-3.1144867 -2.6155052
-2.0953548 -2.6011531
-3.4097297 -3.2116015
-2.134374 -5.5537624
-2.9372175 -3.1852179
-2.4963498 -3.4320188
-4.735273 -4.3999033
-2.949899 -2.480777
-3.8240013 -3.370656
-4.472929 -3.568792
-2.5310411 -2.8192708
-3.61131 -2.0947285
-2.5933504 -4.194469
-2.298404 -3.2748828
-3.954292 -2.0958676
-4.1124897 -2.535694
-2.73208 -2.7092957
-3.660375 -2.1348217
-3.7180023 -2.3230677
-2.65123 -3.7029917
-3.2805808 -4.378348
-2.9879696 -2.3106978
-4.2785163 -3.263092
-4.0318604 -3.014839
-2.3961542 -4.729642
-3.209419 -2.268795
-3.1090586 -2.2290654
-3.7831466 -2.686391
-3.00455 -2.454004
-3.1743796 -2.1262233
-3.3136947 -2.441699
-2.1566615 -2.8022137
-3.299162 -1.3021753
-4.024122 -3.5366404
-2.5944748 -2.4689834
-4.1236305 -2.8708184
-0.9797329 -3.9640996
-3.27756 -2.2994628
-2.2790487 -3.1752253
-2.4895108 -4.342278
-1.7183983 -1.5307882
-2.2933195 -3.4294136
-2.147124 -2.1228218
-1.2159345 -1.9175379
-2.8808835 -4.0418706
-2.3815722 -4.09075
-0.6035048 -3.115666
-3.1214895 -2.426145
-3.0208313 -2.9501991
-3.4042366 -2.892528
-0.5775776 -4.516602
-3.0897064 -3.0789235
-2.0283222 -3.5116699
-2.0535243 -4.6065187
-3.673854 -1.9941422
-2.6871402 -3.210599
-2.7213306 -4.2028723
-2.6769567 -2.9812462
-3.333698 -2.7606359
-2.7895958 -3.6040235
-2.2929454 -4.432637
-3.1613064 -2.4676185
-4.071967 -3.1769097
-2.084854 -2.5117924
-3.0577946 -2.195537
-3.9850013 -2.5772364
-3.6660435 -3.1361341
-3.3105516 -3.1256402
-3.798804 -2.5855885
-3.0967429 -2.4928033
-3.7493968 -3.260596
-3.7963994 -3.2911172
-3.4704757 -2.4722164
-4.466797 -3.492766
-4.424848 -3.191451
-3.021944 -4.001513
-2.8009725 -2.7857988
-3.0590575 -1.0642953
-4.112185 -2.9143379
-3.520717 -3.2041597
-3.7588592 -2.6258767
-2.5544343 -2.3499062
-1.9352269 -2.6796236
-2.6572301 -3.227922
-0.9378478 -2.717116
-1.6570964 -4.541438
-3.5610847 -2.4029121
-3.429319 -2.9796596
-4.165204 -2.6563475
-3.140552 -1.955961
-1.1088071 -3.080059
-3.8871567 -2.7460873
-0.34604555 -4.3636203
-0.47528064 -3.2401197
-3.3020082 -2.2549582
-1.5555215 -3.964414
-3.1211705 -4.2395663
-2.099381 -1.5562274
-2.4846885 -1.5655801
-1.1492008 -4.394623
-1.9669363 -1.9540308
-1.5906079 -2.7646873
-4.2901473 -5.5019994
-3.2454784 -1.933569
-3.4896946 -2.2642689
-1.6860061 -2.9927917
-3.1940663 -4.5732245
-4.0371785 -2.72698
-3.1279836 -2.383454
-2.6157804 -2.2897494
-4.112665 -3.1462777
-3.3737106 -3.5173006
-4.2173767 -3.1123
-4.203504 -1.9454936
-3.074466 -1.6398444
-3.1173792 -4.406697
-2.0871441 -4.0604815
-2.4524484 -3.331828
-2.9295573 -2.631971
-3.894803 -2.8299382
-2.2356133 -4.460708
-1.5244327 -3.9734352
-0.8860869 -1.8988074
-2.305214 -3.7577362
-1.5848804 -3.5870821
-2.5724585 -2.1096466
-3.7443988 -1.9733869
-2.9643192 -2.4872441
-3.247968 -2.0065231
-3.7427306 -2.915643
-3.4728503 -3.496378
-2.8613753 -3.5114465
-1.7597799 -3.4609818
-2.7656472 -3.4015992
-3.095106 -1.7240127
-2.9615362 -1.8382157
-2.9177523 -2.4342432
-2.8310003 -3.5057492
-3.2651346 -3.0781245
-3.0926304 -2.9152274
-1.511183 -4.211872
-3.3488724 -2.525247
-3.1707246 -2.5372672
-2.4254026 -1.9645216
-2.5744033 -2.5969424
-2.6055934 -2.9888444
-1.7980483 -4.3099427
-2.6660075 -3.3202803
-3.438827 -2.5837443
-3.8346155 -1.9511209
-2.832046 -2.0364957
-2.300115 -2.1712153
-3.3977792 -1.8227386
-2.423654 -2.5311317
-3.293747 -3.7450073
-2.6434584 -1.9870834
-3.514537 -2.5541942
-1.8872228 -2.6792653
-2.3525977 -3.4796886
-3.8973773 -2.660526
-2.7433403 -2.0489542
-2.6758988 -2.8177252
-3.1039999 -2.3709824
-3.433549 -2.4550474
-3.1931758 -2.5253797
-1.194324 -3.2657764
-3.3989346 -3.2933874
-2.7243185 -2.4539914
-1.2282863 -3.7920277
-3.3093145 -2.5252435
-2.9230225 -2.7158527
-1.8269937 -3.2276883
-2.6869695 -4.4007015
-3.4469275 -2.4415581
-3.102481 -2.2626143
-2.6264675 -3.355515
-3.411754 -2.6440296
-2.5168114 -2.3463233
-2.8895082 -2.3125405
-3.1202328 -3.3523562
-3.1170676 -3.1212847
-3.0101824 -3.8865325
-3.3990908 -3.6223986
-3.9081135 -2.450495
-2.1808627 -3.702571
-3.0542555 -3.781593
-2.2291803 -2.2785456
-2.9514077 -3.1056821
-3.2722793 -2.0586054
-2.8559146 -3.5279028
-3.2032936 -2.778242
-3.471661 -2.9359837
-2.2358 -2.7907314
-3.2612 -3.1904793
-3.5469513 -3.1095386
-2.504946 -4.4555144
-3.7246938 -2.8997524
-2.2291715 -2.1820345
-3.5398605 -3.177119
-3.281777 -2.6237876
-2.8339603 -3.1598978
-3.3698835 -2.0948417
-2.5622764 -2.8690677
-2.547061 -1.9381744
-0.9104566 -4.6782055
-2.3684957 -1.5972075
-3.032263 -2.2982237
-2.0319295 -3.943808
-3.098014 -3.989582
-2.9133215 -2.252487
-2.2720017 -1.6877457
-3.3183148 -2.1652443
-2.1545694 -4.3959246
-3.1348233 -3.214038
-2.910581 -3.1621673
-3.843245 -3.1240814
-3.1103358 -3.512474
-0.9629509 -3.2509048
-1.9839077 -2.3350232
-1.6158102 -3.5802784
-2.2110398 -3.4225922
-3.5010068 -3.5543282
-4.029312 -2.5304556
-1.4766779 -3.3030496
-2.4851716 -1.7436992
-2.7247102 -3.5874417
-2.2314603 -1.7177001
-3.447196 -2.3435764
-3.0554752 -4.3387656
-3.5943542 -3.9001892
-4.185182 -2.9713712
-2.7513807 -3.5373416
-2.7040377 -1.6219559
-2.7302797 -3.9965599
-2.072623 -3.4922261
-2.9478414 -3.5339134
-2.7382433 -4.032165
-2.113589 -3.2313998
-3.4537685 -1.8581396
-2.793644 -3.7663174
-1.7754872 -3.0310056
-2.8218734 -2.316353
-3.9425619 -1.8303916
-3.783127 -2.6235657
-3.1909482 -2.3333368
-2.168143 -4.728451
-2.263651 -5.0176845
-2.8469853 -2.6476297
-2.7684593 -1.7808214
-3.041602 -3.4251761
-2.4385507 -2.4563375
-1.0706344 -3.5443406
-2.80558 -1.5274862
-3.3919842 -2.2902644
-2.790442 -2.9945679
-3.5605876 -2.5015028
-3.9136677 -3.2662866
-3.3448129 -2.3801527
-4.0798383 -3.2036653
-3.662627 -2.6197214
-2.8442147 -1.815782
-3.8096154 -2.3824487
-1.0692023 -4.360031
-3.741029 -2.887429
-2.0741334 -4.4283824
-4.0934362 -2.2196584
-3.025128 -2.0198545
-3.0521271 -3.0053833
-2.830708 -2.8196876
-2.7432995 -4.204182
-3.0898392 -2.9774282
-2.486602 -2.202658
-3.649953 -2.7513502
-3.3641012 -2.877622
-3.4835582 -3.7229776
-2.6308763 -3.8874285
-3.1242201 -2.4628024
-2.578486 -3.0638804
-1.3858047 -4.0054817
-2.8723228 -1.6981479
-2.8156817 -2.6869955
-3.400353 -4.009633
-3.055409 -1.5179063
-2.0502372 -1.9422662
-2.950638 -2.5895019
-3.5002296 -3.0632954
-2.7005363 -2.4886284
-3.026268 -3.2815373
-2.4439194 -3.2980232
-3.6949558 -1.6121875
-2.939281 -2.2874365
-2.9488153 -3.1969135
-2.654862 -2.1865966
-4.87671 -5.8485312
-2.056536 -2.6934812
-1.4509447 -2.4428234
-2.8132095 -5.811795
-3.4024513 -2.3785818
-3.468582 -3.1048648
-3.613332 -2.80254
-1.0326651 -2.7682378
-3.0114944 -3.3911827
-3.058886 -2.9715292
-1.4533849 -3.0025933
-2.1666002 -2.1531332
-2.6627235 -2.279854
-1.5568027 -3.5011485
-2.197207 -1.4938691
-2.932929 -2.1984103
-4.3423586 -3.7371185
-3.704093 -2.8044028
-4.8991127 -3.0448914
-3.9882984 -2.9023705
-3.9964192 -2.4664836
-1.403667 -1.8165622
-1.5053895 -3.6837838
-2.9307113 -3.365275
-3.3017766 -3.1643627
-4.133881 -2.2538178
-3.9151375 -2.630163
-2.2639673 -2.651743
-3.4062643 -3.467685
-0.88546336 -3.5433133
-2.6615796 -3.5743237
-3.705928 -3.244606
-2.2130406 -1.623584
-3.1132677 -3.0168145
-3.9471226 -2.9971094
-2.231418 -2.8769794
-3.6766136 -3.375254
-3.4805071 -3.40382
-3.5196211 -2.077101
-3.6336403 -2.3817
-3.043314 -2.1579478
-3.5661392 -2.9361794
-2.5535362 -1.9785196
-2.1227481 -4.0976334
-1.7771788 -3.8717136
-3.5652273 -2.777425
-0.81850857 -2.6503856
-3.3165495 -3.464806
-3.4833896 -2.305556
-3.9813056 -2.7994676
-2.18677 -3.200397
-2.3517816 -3.6813455
-3.3251104 -2.4398465
-2.9359734 -3.6355376
-2.4721365 -3.3421998
-1.1351919 -3.4847016
-4.1494203 -2.743463
-1.0340631 -3.0323794
-2.9161246 -2.9175575
-1.6307814 -3.6825485
-3.3078675 -2.906191
-3.5723464 -2.9809527
-2.2745984 -3.999267
-3.3623393 -2.4610713
-3.4408998 -2.5462632
-4.337263 -2.9559472
-0.49676237 -5.009366
-2.8934276 -1.8593148
-3.5230389 -2.8067102
-3.3406987 -1.7343674
-3.8267157 -2.241794
-2.9544713 -3.9619095
-2.9363286 -3.6870196
-3.1467552 -2.3882332
-2.181792 -3.1061978
-3.2470546 -2.2777154
-4.0837517 -2.7879927
-2.5088332 -2.9992325
-3.2547624 -3.081433
-2.3387508 -2.143919
-2.8617084 -3.3209527
-4.64635 -2.0203052
-3.9137957 -1.874659
-3.5831418 -2.9862342
-2.4379737 -4.7437663
-3.2726314 -2.4674134
-3.102278 -1.9488429
-2.3213387 -4.2314973
-2.083014 -3.069576
-2.7503994 -2.905112
-2.9165428 -2.2946782
-3.3250997 -2.291731
-3.8992832 -1.4378176
-3.4277554 -2.2910101
-3.47633 -2.0493648
-2.4729254 -2.7112782
-2.3384922 -3.0273378
-2.9033895 -4.0913377
-1.7732489 -3.9751568
-3.0680106 -3.5292168
-3.4574432 -3.452456
-3.047967 -2.3983164
-3.085819 -2.1546497
-2.9024017 -2.3640196
-3.6636603 -3.3894753
-2.185411 -3.1035485
-4.339897 -3.5611312
-2.533446 -3.4326937
-1.370163 -3.4131708
-1.7517796 -3.9981246
-2.4099972 -4.139825
-3.5821884 -2.1138442
-3.8476505 -2.2185035
-2.2938797 -3.5656517
-3.6383712 -3.238984
-2.6624782 -3.5869992
-3.8834336 -2.8215666
-3.329517 -2.5240545
-3.567436 -2.2176259
-3.645969 -2.9055486
-1.5950992 -2.0867124
-3.071164 -3.1752408
-3.0027404 -4.0116835
-3.1919482 -3.043291
-4.2043138 -2.2984304
-3.1589565 -3.4723115
-3.1640785 -2.9635718
-0.9485939 -3.583251
-3.0042489 -2.3832803
-4.415327 -2.770952
-4.487419 -2.6715176
-3.7245545 -2.199193
-3.801528 -1.7697088
-4.621976 -3.4647403
-2.8006163 -2.5575712
-3.6084943 -2.3410408
-3.6417844 -2.1019158
-3.8810155 -2.211606
-2.0410492 -4.078781
-3.6855044 -2.5809567
-4.062835 -2.1903386
-2.3347702 -1.824828
-4.3625326 -1.9433321
-3.3753066 -2.6845973
-2.3078928 -2.4234216
-4.130589 -2.823389
-2.2378943 -3.9336154
-2.9998665 -3.83842
-1.2884955 -3.1868193
-2.5512156 -4.3111625
-2.5060256 -3.350897
-0.9477639 -5.7866344
-3.2591236 -2.7931476
-3.147529 -3.6502829
-3.710066 -2.2857397
-3.186809 -2.8393264
-3.565872 -2.1840293
-2.7897165 -3.5705884
-3.020545 -2.7296684
-4.0671153 -2.2688718
-1.4119 -2.8285017
-2.8546119 -3.7846997
-3.9843194 -2.2211342
-1.7229979 -4.6738043
-2.5173352 -3.1419697
-1.9946902 -2.5774012
-0.42958072 -3.4895976
-3.1502275 -3.2787714
-3.6813922 -2.288946
-4.4789147 -3.0267072
-2.3900673 -3.1318347
-1.824456 -3.834232
-2.8005846 -2.9742773
-3.3099546 -3.1006978
-2.510943 -3.3021865
-1.063357 -2.6842198
-2.913628 -3.1822093
-3.10313 -3.4817529
-3.4311397 -3.3075097
-4.1887794 -3.34568
-3.660649 -2.4118316
-1.8860884 -2.5592139
-3.294681 -3.0984306
-4.4951334 -2.5807102
-3.5126727 -2.7061422
-3.0884283 -3.0879729
-2.059614 -2.5318098
-2.4445102 -4.488904
-3.1563575 -4.0130625
-4.681146 -3.2220244
-3.8749645 -3.007702
-1.2381532 -2.7784877
-2.882934 -3.8938072
-3.5563965 -3.868826
-2.6246934 -3.158931
-2.2442863 -2.6649272
-2.9130814 -2.8583448
-3.2997491 -2.2532141
-3.3688211 -2.1514642
-3.5327272 -2.5741308
-1.7699301 -1.123388
-0.39564574 -4.2053733
-2.782764 -2.189905
-3.567157 -3.9770443
-3.521082 -3.184938
-2.465552 -2.3309302
-4.2598653 -3.1349728
-2.905171 -1.959614
-2.3909512 -2.829731
-3.8871403 -3.1207876
-4.4540277 -2.3787029
-1.8940568 -3.225716
-1.3185298 -3.2054098
-0.7005147 -5.241211
-1.2555196 -3.1112845
-1.5323203 -3.904122
-0.977908 -3.2262847
-0.5633348 -4.0491023
-1.8287566 -2.3292954
-3.2920125 -1.4704963
-2.8175068 -4.092874
-3.541271 -3.173203
-3.782824 -3.023264
-3.4263527 -1.2763004
-2.9739287 -2.4616537
-2.967873 -2.6961148
-2.7170553 -2.848835
-3.534319 -2.995114
-3.3065844 -3.1134794
-1.561728 -2.1831102
-4.2222075 -3.680322
-1.9706147 -2.905289
-2.8760495 -2.979997
-2.901492 -3.310578
-3.34156 -3.016985
-1.9120553 -3.3053365
-3.2787106 -3.4488688
-3.1986225 -3.3338408
-4.188964 -2.5700934
-3.0692987 -2.2438874
-2.7498925 -2.178892
-3.2566886 -3.5206027
-3.2749295 -1.9432691
-3.3723476 -2.8702843
-3.602262 -3.5560505
-3.0541072 -2.819086
-3.3333101 -2.2209167
-3.3423033 -2.7777753
-3.322449 -3.1233385
-3.9217758 -2.6003456
-5.73653 -4.1380887
-3.8397374 -3.3266816
-1.4453833 -3.1055584
-3.8907514 -2.6062264
-0.73665917 -2.4827995
-2.5664976 -3.950118
-3.3032098 -2.6218321
-3.4169552 -2.7612288
-3.7686625 -2.5262964
-1.5317175 -3.3514984
-3.282546 -1.7324817
-1.2010105 -2.8869295
-3.4010825 -2.6859326
-3.0249856 -3.7774367
-4.6741743 -3.5712352
-2.9682796 -2.76485
-4.1668916 -2.8048255
-4.2859154 -4.337551
-4.3205686 -2.8576803
-1.6009841 -3.601123
-3.2938104 -3.4771352
-2.1533682 -3.3566508
-2.5443566 -1.9711927
-4.0702906 -4.141341
-1.7822053 -4.086073
-1.0266714 -4.9512653
-3.2656097 -2.1020315
-3.074891 -2.5155356
-3.7555525 -2.1645615
-3.1412957 -3.1853728
-2.7520292 -2.656386
-2.1790085 -3.7886841
-1.7495975 -1.4125614
-2.1146348 -5.749877
-3.0663495 -2.769112
-3.480594 -3.2178512
-3.4045095 -1.0850548
-2.319232 -4.5617986
-3.543394 -2.4097164
-1.3864663 -2.314557
-1.7496123 -2.2236953
-4.18089 -2.7043595
-2.4497826 -2.5515413
-3.5558279 -2.600648
-1.6844089 -6.145841
-1.0007029 -3.4858706
-3.232042 -3.249563
-3.906321 -4.531911
-3.7386482 -2.7174034
-2.1781898 -4.9476523
-4.4842134 -3.3665662
-3.3458228 -1.9477143
-3.5493166 -2.6942146
-3.384989 -2.3675401
-0.61637104 -3.7584221
-3.3364933 -2.27979
-2.4077063 -2.5467937
-2.94501 -3.6458733
-2.5332477 -2.6470964
-1.4576726 -2.4370878
-3.5891755 -2.9053652
-2.4757314 -2.2617795
-3.113728 -1.2678661
-1.0479553 -2.8625085
-3.5323765 -3.3401368
-4.21575 -3.0919495
-3.2237232 -2.6097617
-2.2590299 -1.6106952
-2.5858157 -3.0470555
-2.9476244 -4.053387
-2.1264656 -1.3127896
-0.6849828 -4.582149
-0.6879591 -3.8193552
-2.8876524 -2.9327803
-0.29553702 -3.088064
-3.9826734 -3.490192
-2.6562843 -4.1805487
-2.3965418 -4.009907
-2.704578 -3.534192
-2.7786932 -4.7899017
-3.25684 -2.8899884
-2.7571993 -4.040915
-2.2904444 -4.0173073
-2.0864594 -3.880014
-2.4293551 -2.511271
-2.748611 -2.9306183
-0.55103886 -3.6750143
-2.9069123 -4.0017147
-1.4749031 -4.442639
-2.8780253 -2.818362
-1.4809237 -3.2925713
-1.9229665 -4.1201024
-2.0480022 -4.399852
-3.264844 -4.2218094
-3.0160162 -2.0021155
-2.71108 -4.575004
-1.6178935 -2.109301
-1.83459 -3.7506347
-3.4190242 -2.4852853
-2.3030257 -3.7060354
-3.796075 -2.521177
-2.1691015 -2.0989313
-1.6160436 -3.1562517
-1.6483538 -3.8462398
-2.5456831 -3.0139472
-1.8344686 -3.0384264
-3.7051322 -2.2704666
-3.221647 -1.8294455
-3.1802857 -2.8685954
-1.5408468 -2.7337933
-3.044109 -1.9614487
-1.4858866 -4.0361214
-1.8001082 -2.926119
-2.5270004 -2.5991347
-1.5929532 -2.6918962
-1.9654043 -3.8167186
-3.4606626 -3.0860107
-2.0743628 -3.6158614
-3.2434676 -2.4581478
-2.3921149 -3.2549036
-3.0580444 -3.4289148
-2.731916 -2.064245
-2.4778597 -5.4073267
-3.315409 -1.5409085
-2.5570257 -2.4648736
-1.8095868 -3.9571276
-2.854942 -2.9496374
-0.89986587 -3.1870403
-4.1236954 -2.601034
-2.744597 -1.9666404
-1.5177779 -3.9635985
-3.4898329 -3.7646325
-3.8611715 -2.650552
0.38001078 -3.486865
-3.1520634 -4.500698
-1.891129 -4.124207
-2.4649255 -3.3780022
-3.6503816 -2.77252
-1.885622 -4.793051
-0.65817857 -3.2500923
-2.0434642 -3.343276
-2.4549882 -5.4041643
-3.5585074 -4.63862
-2.2969944 -4.469281
-1.9142106 -3.4282963
-3.3581705 -4.474234
-3.5084822 -2.3672788
-3.253089 -3.064467
-2.660382 -3.1968417
-3.0932813 -5.2546115
-2.110538 -2.876135
-3.7005444 -3.4503264
-3.115379 -2.9112973
-2.6039975 -3.0415323
-2.5977204 -1.9470494
-2.27461 -2.9434383
-4.0157557 -3.21836
-3.6938365 -2.8859317
-2.978275 -2.9465451
-3.745092 -2.5549867
-2.8742948 -3.5402021
-4.238126 -3.3180285
-3.2694452 -2.0940382
-2.5678463 -2.603661
-4.097116 -2.1568754
-1.7445123 -3.6989114
-1.0649369 -3.1970425
-3.663804 -2.3593066
-3.620157 -2.8313677
-2.2443643 -3.5574791
-0.6973976 -2.8546882
-3.260529 -2.9528499
-3.9189281 -2.830274
-3.8867126 -3.7527943
-3.6843834 -3.3722749
-1.4633687 -3.8823133
-1.3515353 -3.3457637
-2.4647827 -4.225098
-1.2480924 -2.035991
-3.170708 -2.7922952
-3.8448725 -2.4471917
-2.8723774 -3.7063324
-2.5742307 -5.365276
-3.2838728 -2.7721016
-1.1946895 -4.4201064
-3.7150695 -2.8369906
-3.4550724 -2.4300642
-3.3417575 -2.1566162
-2.596856 -1.6497542
-2.6829867 -3.4164717
-2.8870633 -3.0290685
-2.738997 -2.8327703
-2.828934 -4.5961604
-3.2961488 -2.6976953
-3.2841396 -2.1955788
-3.7098904 -2.3081615
-3.9411988 -2.5237792
-3.21052 -2.8251538
-0.7525512 -4.0300274
-2.6517057 -5.338168
-2.025755 -3.6983445
-3.168431 -1.9777919
-1.2261667 -3.5194545
-3.5476363 -2.5525477
-4.2903996 -2.0559063
-3.378534 -2.2002325
-2.0358584 -3.0453432
-3.9498603 -3.3791494
-1.666595 -4.6318016
-3.5853395 -2.0043416
-3.2938294 -1.5068471
-3.6941252 -2.4168625
-3.0662427 -3.5386345
-3.0060408 -2.0148957
-3.0529027 -3.0375621
-2.951117 -2.7590733
-2.4418688 -2.0859056
-2.702255 -2.5657377
-2.6498737 -4.149195
-2.4210002 -3.014702
-3.0934205 -4.23337
-2.8134227 -3.9727602
-3.4932253 -4.0666122
-4.0413218 -4.332653
-3.5075412 -3.547098
-2.6056793 -4.012678
-2.331789 -2.970849
-2.3849592 -2.2860518
-2.532857 -3.8054492
-2.8896933 -2.051252
-4.399629 -1.6509061
-2.785032 -3.2714589
-2.8075597 -2.3814864
-2.0939665 -3.7107644
-1.8501637 -3.9451957
-2.935018 -3.9002397
-0.6775583 -3.109535
-2.3988948 -1.5503134
-1.978533 -4.7158427
-3.8870344 -2.7828698
-0.3316474 -3.5902252
-2.6036956 -2.8476129
-3.4508207 -1.4857279
0.074995786 -3.4384537
-2.6974795 -1.9105344
-3.6820657 -1.9758829
-5.5956187 -2.7392838
-3.1350522 -1.4740486
-1.9018581 -2.9957418
-3.9841242 -1.6860913
-3.1464443 -2.8459501
-3.423975 -2.5840461
-3.6924582 -3.1314251
-3.1576104 -3.3975594
-1.8609121 -4.0073667
-3.3875813 -2.4524772
-3.0458114 -2.6249363
-1.8239868 -4.985741
-4.118473 -3.140747
-1.9266844 -4.4296665
-1.7084787 -2.6538851
-4.0201387 -2.0879655
-3.4698493 -1.4608896
-3.0949275 -2.641321
-3.1121 -2.1816711
-2.4954774 -3.6124833
-2.9987097 -3.0581956
-2.5142734 -2.8799863
-2.1767557 -2.6986833
-3.0503685 -2.561831
-1.7241952 -5.663597
-3.134693 -2.9518826
-3.2054737 -3.4951296
-2.0722547 -4.369657
-4.2720017 -2.8359766
-2.1059616 -2.0903566
-3.4017713 -3.7262037
-3.8869216 -2.2415202
-3.7938309 -2.6424956
-3.9161913 -2.6748412
-2.7632537 -3.6951208
-2.8874903 -2.3876307
-5.322388 -3.0842922
-1.9880548 -3.3692076
-4.0727854 -3.8751507
-3.889737 -2.3406312
-4.327994 -3.4561696
-3.079082 -2.6523795
-2.6953602 -4.88763
-3.3567774 -2.4859042
-2.8894174 -2.0861664
-1.6135726 -2.9218965
-1.7134743 -2.961815
-1.8556883 -1.7111745
-2.7171247 -3.853728
-2.616438 -3.040612
-2.7457004 -3.5975688
-3.6949995 -2.57483
-2.5359805 -4.3351736
-3.8266568 -3.0403605
-4.47643 -2.484667
-2.5310953 -2.9167361
-2.1011813 -4.355491
-4.7514014 -2.1230168
-2.2680502 -2.026496
-1.0724002 -3.1596298
-2.4826703 -3.4248874
-0.5159435 -3.3618562
-2.8124392 -4.3694177
-2.9015763 -2.678728
-3.426598 -4.226868
-2.9319987 -3.4021013
-3.8013992 -2.0999098
-3.5519013 -2.3248982
-2.0431461 -3.033788
-1.9269061 -3.702646
-2.5936036 -4.16753
-4.0147614 -2.809778
-4.185248 -1.8033737
-1.9591417 -3.475833
-2.6917279 -3.0313942
-1.1414076 -2.4629376
-2.8046184 -3.11418
-3.4023104 -2.260905
-2.6455276 -3.2012837
-3.0115917 -2.9657645
-2.8943224 -2.500043
-3.2483866 -3.880786
-2.1288419 -2.3318634
-2.9914074 -3.8969254
-3.3083005 -2.7912939
-2.3205001 -3.8565998
-1.601953 -4.5647826
-3.06672 -2.5165212
-3.2192245 -2.6608913
-3.9268281 -1.9262422
-3.3747268 -2.7396672
-2.6930788 -1.4805553
-3.561641 -1.9544852
-3.4290214 -2.3936644
-2.8393989 -2.9327636
-2.330114 -2.7783232
-3.5782208 -3.786906
-3.6471527 -2.5529225
-2.948953 -3.9931262
-3.6022372 -2.206624
-3.9412296 -1.53273
-3.1487446 -4.3388696
-1.5863085 -3.056533
-2.7529893 -3.8269613
-1.9593546 -2.9699192
-2.4915957 -4.1981134
-3.2100925 -2.7439172
-3.1708791 -4.5021553
-2.7831254 -2.7966237
-3.211097 -2.3876042
-1.695849 -3.7452686
-3.123049 -2.7662215
-1.890661 -4.7084117
-2.561708 -4.01107
-2.5894017 -2.1595755
-3.0609245 -3.4600708
-1.9559159 -4.8233595
-1.1220803 -3.1749651
-1.1070924 -3.0727563
-2.2874794 -3.5791082
-2.9646366 -2.079039
-3.0083187 -3.3801436
-2.361717 -4.145482
-1.5532782 -3.4413383
-2.8840442 -1.9627023
-3.719368 -2.590574
-3.1519382 -3.3961716
-3.537354 -2.2196078
-3.2294226 -3.2336063
-3.0217984 -3.1508303
-4.817506 -2.598979
-2.374318 -2.2373247
-2.985789 -1.5246007
-2.649918 -2.9080322
-4.538533 -1.6759998
-3.7987041 -2.899838
-2.932919 -3.334272
-3.1869628 -3.1937094
-3.4520614 -3.8976574
-2.7168353 -2.457604
-1.739156 -3.7813215
-1.9322531 -2.351446
-1.0386853 -4.234395
-2.6484284 -2.376616
-2.0288417 -4.233266
-1.9507217 -2.5550137
-2.4487562 -1.6700358
-1.8293288 -4.3328643
-3.9465132 -2.1856444
-2.8427289 -3.6189482
-3.9432263 -2.4023538
-0.7694491 -3.4269087
-2.8115103 -2.998257
-1.6951284 -2.1932573
-2.4804156 -4.4603124
-2.5717154 -3.2934618
-3.6453094 -2.1536274
-3.8805068 -2.0799756
-1.5900624 -2.061702
-2.7622068 -2.3654644
-3.5459318 -3.0596762
-2.2835064 -3.0032055
-3.2799444 -2.714055
-0.83085513 -3.6860807
-2.2095697 -3.1700032
-2.5647378 -4.7687287
-3.2880359 -2.690581
-1.6091363 -2.7082956
-3.0304189 -2.9783394
-2.7719913 -2.7759185
-2.92343 -2.0431306
-3.7066429 -3.0811434
-1.7839503 -4.4075284
-2.2544613 -1.9663471
-3.2976046 -2.300964
-1.8003421 -3.1314757
-3.6316273 -2.8629658
-2.3873844 -3.3702853
-3.9759948 -2.4489713
-2.5951478 -1.9247704
-2.4084337 -1.5649896
-3.711475 -4.0916667
-2.186162 -3.461311
-3.5093694 -2.5297835
-2.5920737 -3.1137927
-3.0127668 -3.4409733
-1.3738363 -3.62815
-1.6357949 -3.087748
-1.9381936 -3.6435423
-3.3356793 -3.042329
-2.017873 -1.8002843
-1.1369792 -3.4989285
-3.1564124 -2.1631327
-2.6782463 -1.4644173
-2.1636605 -3.6219356
-2.9630952 -2.9327009
-2.4958162 -1.4856887
-2.349223 -2.5458083
-3.7234123 -2.1964664
-1.8937962 -2.7732341
-2.557338 -2.826282
-1.9274344 -3.720459
-3.8484085 -0.9421563
-2.6697679 -2.2638388
-1.7915976 -3.5005283
-2.9267778 -1.783391
-3.3710146 -3.5411816
-2.4552722 -2.0131185
-2.4341512 -3.4024131
-3.2287 -4.742968
-3.0326245 -3.2029154
-2.7626877 -3.980675
-4.2383113 -2.7630048
-2.9618762 -2.369362
-4.3426695 -3.495028
-3.2067566 -3.7634764
-0.480592 -1.8950663
-1.6810102 -3.0058255
-3.0699296 -2.9263904
-2.2375765 -4.3371015
-1.3659346 -1.9702977
-2.929793 -2.1003544
-2.9742358 -2.5890586
-1.2313166 -4.114115
-3.3844337 -2.261801
-2.2219734 -4.7845197
-2.7491062 -2.770506
-2.9372005 -2.694726
-2.4748087 -3.138107
-2.9737012 -4.090281
-3.888049 -2.5308552
-1.4960036 -2.9518805
-3.0161154 -3.589509
-3.2569046 -2.772366
-0.5757303 -4.1446514
-2.6595278 -3.125333
-3.1139576 -2.3604949
-4.4860806 -3.213073
-4.546264 -2.0325973
-2.2310536 -5.0812855
-3.2829337 -2.7267516
-3.3876207 -2.6426084
-2.254103 -1.7432382
-4.370606 -2.6639736
-1.8315651 -2.2959433
-3.8253381 -2.5187135
-3.6966033 -3.1843638
-2.7766156 -3.3839076
-2.7651026 -2.0300431
-3.4753823 -2.8214607
-1.5358207 -4.666669
-2.6273537 -4.435159
-2.5152683 -2.904424
-2.881553 -2.225387
-1.7179923 -4.7296634
-3.7086363 -3.3575313
-2.200632 -5.3648596
-3.929541 -2.6346943
-2.8974473 -3.6763697
-3.1042697 -1.8685186
-3.6191242 -1.6992512
-2.5421236 -3.9133296
-3.3837876 -2.3142254
-3.3713465 -3.8114498
-1.913414 -2.049532
-2.2711473 -3.6946983
-3.0298655 -4.004976
-3.5697556 -2.0414784
-1.1595044 -3.8033295
-2.2145488 -3.1163096
-2.016666 -1.9151685
-2.0277333 -2.468105
-2.1435168 -3.7644665
-1.0938253 -5.0310836
-3.4188304 -2.9330416
-1.8271675 -2.5884447
-3.3406785 -3.578776
-1.4728408 -4.5343795
-1.4991453 -3.8030937
-3.8875883 -2.2248151
-1.2901413 -3.9564905
-2.7425034 -2.6089218
-2.7547307 -1.9553674
-2.7841678 -4.265345
-2.7631874 -1.436695
-2.5528755 -2.1489124
-3.3754492 -1.9458802
-2.5362341 -5.753291
-2.8985915 -2.5946753
-2.9124885 -2.4960637
-2.796583 -4.779478
-2.3728006 -2.2157435
-4.0559163 -2.1743672
-0.9685962 -3.0057776
-4.168806 -2.805933
-2.2455022 -2.9780176
-1.0535951 -3.6330078
-3.099304 -3.387574
-3.9167747 -2.584846
-2.2388403 -2.9420006
-0.46590236 -3.2775512
-3.3504481 -2.4055781
-4.5750318 -2.400971
-3.745156 -2.7871127
-2.2018929 -3.9637508
-2.4510977 -2.8525047
-3.1447172 -1.858426
-1.34604 -5.7919307
-3.391375 -1.9157777
-3.4175289 -3.0257764
-3.573123 -1.9958689
-3.481339 -2.2102895
-2.0325336 -1.705127
-3.8981423 -2.7085176
-2.8275793 -2.9211996
-2.2679923 -1.1751498
-3.3703206 -2.8218038
-0.75204694 -3.3990932
-2.2954516 -4.08882
-3.305781 -3.6850898
-3.0855875 -2.9905913
-2.7735705 -3.9119854
-1.934166 -3.6032274
-3.672184 -2.0225077
-3.387073 -2.5985346
-2.0638568 -2.7544427
-3.616514 -2.0849998
-2.904025 -2.2906342
-3.0327816 -2.940412
-2.5715294 -2.7492516
-0.9183143 -3.210256
-2.953682 -3.0416985
-3.328057 -3.1450124
-3.074157 -2.1104224
-2.9697368 -2.134142
-2.9185617 -2.006402
-3.045532 -3.7449574
-2.7645845 -2.6941302
-3.3740716 -1.4841532
-2.403784 -2.2700863
-3.0175996 -4.158505
-2.168437 -2.1033783
-2.914027 -4.7353764
-0.6581697 -2.397618
-3.965066 -1.490915
-3.8900342 -2.138142
-3.282257 -3.3151677
-1.6538894 -4.410182
-2.107325 -3.11748
-2.4573283 -4.6070347
-3.9695697 -3.0753431
-3.308813 -3.1879623
-3.0812502 -2.4031763
-4.5931344 -3.0319908
-3.0581899 -3.1491454
-2.5128734 -2.0817533
-4.04519 -2.2495437
-2.2851243 -2.4770768
-2.1537168 -3.1237276
-4.4403663 -2.4243453
-2.3208137 -4.9173794
-3.6002028 -2.3572628
-3.6489007 -2.1226585
-2.380059 -3.2577794
-1.226882 -2.2913446
-0.5388055 -4.478747
-2.0579324 -2.4646406
-3.4598846 -3.4848742
-1.958802 -1.472647
-3.5077083 -2.5761156
-2.6101155 -3.6577175
-2.1054716 -2.337026
-3.4116938 -2.6507704
-2.6910028 -2.9525347
-2.1686535 -3.6157694
-2.0237894 -3.4597726
-4.418091 -1.3602103
-3.5365686 -1.3544728
-3.0042355 -2.6369653
-3.400899 -2.7147114
-2.6346653 -2.2630353
-4.086698 -3.080756
-2.7964754 -3.1085663
-2.5078588 -4.0268564
-2.141428 -1.847023
-4.3092203 -1.4736431
-4.180076 -2.4857023
-1.6594095 -3.5061707
-3.9365644 -2.8238816
-2.9385216 -2.5360968
-2.643505 -3.208919
-2.1132977 -4.1574526
-3.9519126 -3.0937352
-3.5839674 -1.470276
-3.571606 -1.519788
-3.7459872 -2.6831892
-3.017332 -2.9866617
-3.431123 -1.3423388
-2.707793 -1.7368491
-4.0689664 -2.1616433
-2.406535 -3.687979
-3.200274 -3.0286875
-2.0320787 -3.7256374
-3.3844864 -2.5630188
-2.874394 -3.2499418
-3.3585105 -2.0232332
-3.452593 -2.6930394
-1.7719388 -2.357744
-1.9494181 -3.9594226
-3.1083643 -3.8018641
-4.3455777 -2.957253
-3.9597473 -2.609314
-3.4310405 -2.0686688
-4.0870614 -4.0078382
-2.676872 -3.959368
-3.041952 -3.8813117
-3.3348153 -1.2673734
-2.3471794 -2.696003
-3.2491953 -2.7177107
-3.8719563 -2.9410076
-2.4725642 -2.4069214
-1.3003945 -3.0074897
-0.8824157 -4.499035
-1.1324626 -3.891338
-3.1591754 -2.9396067
-4.0926743 -1.7601258
-3.2947578 -2.8491278
-2.4929707 -4.0037766
-2.2794414 -2.9882216
-3.7040303 -2.9992611
-2.194733 -2.3772397
-4.3069963 -2.2659297
-2.9569778 -3.63591
-2.8778594 -3.628393
-3.2632825 -4.2149787
-1.7871675 -1.895681
-3.3465166 -4.4031534
-1.73629 -3.4470475
-4.059816 -2.8109405
-3.1027853 -3.0446594
-3.7396963 -2.637228
-1.1811213 -4.060088
-3.227609 -2.30864
-2.0155857 -2.3529873
-3.0591657 -4.011802
-1.2141747 -2.335548
-2.8950076 -1.8152027
-4.0013947 -3.3826861
-2.6533418 -2.4653883
-3.0949624 -2.404494
-2.055164 -4.0698543
-2.2765226 -3.3618848
-5.368602 -5.0603404
-2.6345232 -3.2536771
-3.4591424 -2.3978014
-2.2813504 -4.361846
-2.2754555 -4.6517935
-1.1865467 -4.002416
-3.040015 -3.9120376
-3.5423043 -2.4965727
-1.6669767 -4.426818
-3.7149417 -3.8385322
-2.181468 -1.8444277
-3.7841198 -2.4873152
-3.5213912 -2.0737991
-2.8998284 -2.7406626
-1.7655823 -5.16812
-4.618264 -2.5712645
-2.0728648 -4.655359
-3.4994273 -2.8905702
-3.6886075 -2.3123617
-2.6084707 -2.9708426
-4.8689213 -2.884227
-1.762811 -2.6444108
-2.8027458 -3.1989508
-3.3118062 -2.8849082
-1.9686456 -3.3470829
-2.34639 -3.7484457
-3.9828825 -3.519958
-2.6802921 -4.052217
-1.8984523 -2.9712496
-1.5310555 -1.9912605
-3.5337868 -3.2604806
-1.0784016 -2.2108922
-2.0560663 -3.247037
-3.080568 -3.0914552
-2.256457 -2.1394143
-2.8290024 -3.5018766
-3.5944505 -2.1132934
-3.2464359 -3.8434799
-1.226907 -4.444948
-2.880469 -2.8030558
-3.2572856 -3.0364246
-3.6118155 -1.70297
-3.2864404 -1.3773134
-3.7740343 -1.2371321
-2.6999876 -2.758375
-2.7424998 -2.707202
-2.218037 -1.6544392
-1.957854 -3.2093692
-2.066213 -2.8793697
-2.429056 -3.504027
-1.9195967 -4.018564
-3.6119492 -3.1923118
-3.355981 -2.516065
-3.1832316 -2.7956002
-2.8622136 -3.9267228
-3.251106 -3.6336794
-2.7334898 -2.4316337
-3.4958255 -3.493949
-2.968777 -1.754063
-2.8884664 -2.882141
-3.827699 -2.9771736
-1.9996884 -2.488481
-0.69842637 -4.5066586
-3.5903876 -3.5872784
-2.6463003 -3.6562047
-2.4314556 -4.0573945
-3.0763135 -3.5034704
-1.8150222 -2.281813
-2.8682883 -3.9581928
-3.0391548 -2.7306747
-3.2858386 -1.3010954
-1.7346013 -3.7837431
-2.8790672 -3.6728384
-3.779014 -2.3708966
-3.3745327 -2.5722368
-4.177352 -4.281798
-2.3154242 -2.2691321
-3.4969807 -3.0088372
-1.3313835 -3.656062
-3.0490785 -1.5093471
-3.1065526 -2.5989978
-2.7513425 -2.7229202
-2.3485358 -4.8893027
-2.456788 -3.7455435
-3.190432 -2.063703
-2.9657183 -3.2695186
-2.951183 -2.8353598
-2.7573357 -2.6447587
-3.9226663 -2.6255643
-0.94786465 -4.7391167
-3.6635845 -2.388963
-2.884417 -3.2243104
-2.8898396 -3.7210784
-3.553883 -3.0781872
-2.936371 -5.218133
-3.657219 -3.236921
-2.4599679 -4.916846
-2.0598063 -3.9617996
-3.4122894 -2.6612089
-3.5671506 -1.9116473
-3.398511 -2.884316
-2.8174856 -1.9324028
-4.556015 -2.997235
-3.1969986 -2.738424
-2.9626896 -3.498066
-2.4482424 -4.52986
-3.1456645 -3.2356343
-2.5061312 -1.5478412
-4.4005804 -2.5524395
-3.9327953 -4.1116767
-3.7784257 -4.0071964
-2.5892284 -2.4289804
-2.5443094 -1.1711518
-3.8006706 -2.187501
-3.3270977 -2.1644769
-4.929374 -3.2644782
-2.5585673 -2.0976512
-2.1624823 -3.5431504
-2.530987 -2.2888117
-2.4951503 -3.3405092
-2.7347162 -4.4801283
-1.7476044 -3.4072278
-1.5833652 -2.3824232
-2.6660464 -3.1581805
-2.1631346 -5.01084
-1.9905705 -2.647005
-2.8826609 -3.5697842
-2.8164337 -3.8154573
-2.9350195 -1.875174
-2.6838856 -3.4609914
-1.4090345 -3.8859015
-3.5754213 -3.0561404
-1.3662338 -3.9593444
-1.6512215 -2.0285537
-4.1672735 -1.70259
-2.1136024 -3.4891365
-3.32065 -3.3215215
-2.8088303 -2.0751245
-1.8155942 -3.2569065
-2.0268128 -2.6021705
-3.450493 -2.9320807
-3.1895556 -2.6017985
-3.7547393 -3.1928735
-2.3448796 -3.6914432
-2.091987 -4.0485125
-3.3814924 -2.0609477
-3.2205145 -3.6500788
-3.7518437 -3.2416134
-2.3791163 -2.6533995
-3.2014055 -3.1199548
-2.3884742 -2.3668005
-3.7146893 -2.3568404
-1.6836069 -2.2602174
-3.1599154 -3.5373483
-2.7250967 -3.5864484
-1.6481111 -1.7919447
-2.9248927 -3.0422678
-3.5858068 -2.368987
-2.6742125 -2.5435007
-3.6397781 -2.4502857
-3.3997679 -2.2186553
-2.8384557 -3.6297197
-2.1323879 -3.0531929
-3.9451265 -2.4163542
-2.973005 -3.6749017
-2.2180371 -2.981665
-3.134058 -2.855367
-3.3030357 -2.0652037
-2.7367284 -2.4900215
-1.6703541 -4.268078
-4.029334 -1.7877012
-1.7246861 -3.7279723
-2.2530568 -4.4321866
-2.4120517 -2.5864394
-2.619847 -4.6827497
-3.2034338 -1.686893
-3.1695566 -1.623238
-3.6827233 -2.6841717
-3.8249094 -3.13972
-2.0662024 -3.0887916
-2.5633674 -2.7917466
-3.5557022 -3.0200222
-3.0601099 -1.7786214
-1.7551918 -4.271084
-2.5089004 -4.5535803
-1.2017937 -2.9757166
-3.240026 -5.10501
-3.044023 -3.3199596
-2.902827 -2.1993196
-3.499465 -2.5102108
-3.7148387 -2.1771083
-2.4454737 -1.8809533
-3.8165522 -3.033546
-1.4191995 -3.8298094
-2.51326 -1.457431
-2.4861925 -4.7012143
-1.7534492 -3.6568727
-3.8247485 -1.7844543
-2.446953 -3.2300985
-2.2827337 -4.038547
-1.5264516 -4.405115
-2.432961 -4.5342402
-4.188237 -3.3836145
-2.1081223 -2.4820244
-3.301272 -3.7744157
-3.073176 -3.0520864
-1.7658613 -4.27293
-1.9307106 -3.029596
-1.5704131 -2.9615371
-3.2716923 -5.2429113
-0.13438126 -2.7868342
-2.5674164 -3.1114707
-1.2951984 -4.8062453
-2.3698592 -4.165547
-3.6565118 -3.6205113
-2.9741595 -2.4950933
-3.6021228 -3.4588046
-2.961295 -4.1237307
-2.5317116 -2.1127198
-3.0763602 -2.469636
-3.5125985 -3.4939017
-3.2224672 -3.3634083
-3.7112122 -2.4249582
-2.0681741 -1.7656871
-4.3626137 -1.8700143
-0.93896616 -2.9470284
-1.7159026 -1.8829433
-3.309974 -4.3792715
-3.6219862 -1.6588132
-2.2705889 -2.6692584
-3.6563883 -2.3411546
-1.7955 -4.2759185
-3.0666625 -1.3675934
-2.2437422 -3.6829412
-0.50530833 -0.5013307
-1.8584001 -3.8411942
-3.9466095 -2.8203022
-3.450593 -1.7952822
-1.0491558 -3.548586
-2.7901735 -2.7972147
-2.7615397 -1.4241763
-2.7427597 -4.257651
-2.3820653 -2.66382
-2.1492407 -5.2542634
-3.28199 -3.0434213
-3.5090272 -2.2920337
-3.5768898 -2.091657
-3.5435944 -3.1445236
-3.3610055 -2.9130335
-4.115917 -2.835348
-3.330462 -2.9367328
-2.3739357 -3.8100305
-3.1425095 -3.890518
-5.6843686 -2.618953
-1.4682677 -3.2619472
-3.477538 -1.9069767
-4.08522 -2.29594
-3.3445747 -2.9764612
-3.670954 -2.2718375
-2.922686 -3.0866005
-2.526802 -1.8618981
-2.2614367 -2.7904553
-2.805758 -3.0218606
-3.1936104 -1.3629385
-2.6084588 -2.7428625
-2.8603325 -2.5490956
-2.5507245 -1.6308889
-3.5701756 -2.6116812
-1.6875687 -1.9810003
-3.0892649 -2.5475404
-3.7265384 -2.8988616
-3.7942586 -2.663327
-2.073054 -1.2675107
-3.4586403 -2.7953546
-3.8822927 -2.8040771
-4.194338 -3.7988286
-3.1266255 -1.5046972
-2.8375869 -1.9425664
-1.1681777 -3.7138448
-3.7940626 -3.3883414
-2.728256 -3.1426573
-3.1699696 -3.7132773
-2.4139912 -4.768225
-2.2879386 -4.513834
-3.412297 -2.528512
-3.1123216 -2.4441347
-3.9980721 -2.6309922
-2.5298793 -4.2875886
-2.9684958 -1.1417358
-3.361996 -2.3390474
-2.318314 -3.6944163
-2.29224 -3.3453562
-2.0253608 -3.5507073
-3.0736732 -2.8672416
-0.6155411 -2.762967
-2.8289165 -3.2245228
-4.1137805 -1.9616703
-3.788925 -2.6810503
-4.521882 -3.6942177
-3.4890947 -2.6281443
-3.1724696 -3.243723
-0.88919455 -3.1886892
-1.4961729 -4.127391
