-2.5929463 -1.6663264
-1.0962516 -3.3154194
-3.044499 -2.8683376
-3.0511222 -2.9898918
-2.7854815 -3.3144488
-3.279035 -3.4978044
-2.7700865 -3.1485817
-2.0724056 -2.8228962
-3.0131567 -3.1426916
-2.6371663 -3.4943366
-1.7419286 -3.0589519
-2.9946408 -2.0141134
-2.8858178 -3.5087924
-2.4454048 -3.5696669
-3.1106107 -1.7545736
-3.6308787 -2.0135822
-3.3010404 -2.8774724
-1.0908364 -3.6616828
-2.7395525 -2.333101
-1.538875 -2.961833
-2.8441699 -3.4890037
-2.8315406 -2.2706466
-2.2711098 -3.8074858
-1.0777482 -3.7789028
-4.1732163 -3.2712665
-2.445629 -3.3674037
-4.6257877 -3.1667476
-2.864342 -3.3670328
-3.1399264 -2.2948253
-2.5445542 -1.7032942
-3.6913228 -3.183169
-2.3588374 -1.9057891
-1.5284796 -4.767305
-3.538807 -2.352149
-3.5219328 -2.6547263
-3.0225482 -2.6740623
-2.4018323 -2.6049693
-3.7236583 -2.1248674
-3.8733392 -3.4158742
-2.7225177 -3.1137686
-2.772828 -1.6913145
-1.8361003 -2.6384885
-1.6282977 -1.6061138
-3.6567724 -2.2933774
-2.9270563 -1.6390871
-3.579713 -2.732201
-2.2426918 -0.7902247
-2.7567508 -2.7840528
-3.4187155 -1.8896631
-4.3592806 -2.8560538
-3.191151 -2.8142292
-2.2266839 -2.7822402
-1.5629408 -4.1778083
-2.7881744 -2.7631555
-2.0651202 -2.7432425
-2.1016972 -3.4342928
-1.8609273 -2.979237
-2.9075074 -2.5906703
-4.44194 -2.6782453
-2.3979247 -2.5794253
-3.9630363 -2.5039742
-3.9316604 -1.8328319
-2.3153977 -2.4232695
-3.833688 -2.1644855
-3.2329497 -3.225898
-2.0611458 -2.357995
-2.2301407 -3.8006172
-2.8519025 -1.7574394
-2.0424485 -1.8480618
-0.47813419 -4.0327473
-3.0044038 -3.1795287
-0.85301757 -4.0375915
-3.3952982 -4.017272
-5.0754714 -3.437917
-2.1737103 -2.9856198
-2.2221525 -2.4616754
-1.76078 -2.7790341
-2.760043 -3.06072
-2.4836924 -2.5805411
-2.9296787 -2.5880919
-2.9080048 -2.684541
-3.0193658 -1.9171143
-1.4663984 -3.629902
-2.6574159 -2.3043563
-3.2104847 -2.895456
-2.7299995 -2.947651
-2.7358198 -3.112496
-3.6537788 -1.4571909
-3.1637645 -2.8042831
-1.5861824 -3.470454
-2.275495 -2.6667566
-2.2053647 -3.569638
-2.5947535 -4.135382
-2.5535116 -3.4659462
-3.9056509 -2.8226264
-3.4157665 -1.9471118
-2.4758363 -4.1107063
-3.6148713 -2.8565655
-1.5958867 -2.6149962
-3.1581314 -1.503319
-3.389187 -3.680416
-3.7168233 -2.6964815
-4.499417 -1.6098964
-2.5781758 -1.9133555
-3.0840356 -1.1369067
-3.1439629 -3.6061091
-3.2497287 -2.0807333
-2.5411084 -2.9528542
-2.1291642 -2.9979172
-2.8612514 -2.421214
-2.8258698 -2.4465828
-2.6496696 -2.6628184
-2.4197924 -3.6836143
-2.6513042 -2.0817451
-4.069397 -2.3686495
-2.9829247 -3.1536899
-3.2868452 -2.788193
-2.2737434 -3.2850397
-1.413472 -3.5818617
-1.2491428 -3.1048927
-3.0386343 -2.1827974
-0.91610795 -3.4345055
-5.009489 -2.888147
-1.8414377 -2.9273512
-1.5040824 -2.5827274
-2.8827512 -2.549146
-0.88151115 -1.8138275
-2.1562862 -2.779815
-1.8120161 -2.782516
-3.1087263 -2.9161367
-2.5665922 -2.6684704
-1.9227479 -4.2104416
-2.956072 -1.7808044
-3.1486256 -3.4917414
-2.5521712 -2.582861
-2.6563962 -3.355919
-3.9542542 -3.7999482
-3.0753622 -2.6477897
-2.7699735 -3.3498225
-3.3842564 -3.264702
-1.6633149 -1.8407573
-2.3806446 -2.2319422
-3.0194783 -2.4446244
-2.752723 -1.4734854
-1.9467043 -2.5425158
-1.3260323 -3.2014527
-3.7070088 -4.584965
-3.137307 -3.995609
-3.7822611 -3.6175838
-2.646796 -3.1767623
-3.0455954 -1.7952579
-2.4340146 -3.1440446
-2.5041714 -1.9752043
-1.8255328 -2.4346228
-2.0538545 -2.94152
-1.6821796 -2.5767386
-1.7765137 -2.5575035
-2.9887793 -1.884877
-3.3839605 -1.7271749
-3.5298133 -2.819779
-1.9432291 -4.7969832
-3.8038783 -2.7134001
-3.3860009 -3.4165134
-2.7148995 -3.3310428
-4.264152 -2.5486844
-1.31929 -3.7212627
-3.8882194 -2.5931444
-3.6221073 -2.287427
-2.160838 -2.7866092
-1.190608 -4.3160405
-2.17522 -1.9493014
-2.9907186 -2.946451
-1.8558393 -2.0933285
-1.6379795 -2.6646729
-3.3043299 -2.0896623
-2.910108 -1.6717571
-2.2663283 -3.6003604
-3.0126336 -1.5264491
-2.921282 -3.9021716
-3.4683657 -2.2187552
-2.4892218 -2.7392704
-3.4943435 -2.214865
-2.832395 -2.7065618
-1.9817392 -3.1149204
-1.9985169 -3.420077
-3.0027578 -1.946206
-2.9712012 -1.9902328
-3.0642128 -3.1455543
-5.457815 -4.2645426
-2.5064986 -3.634615
-1.5198437 -3.0808291
-2.233652 -2.710683
-3.676017 -2.953506
-2.3019218 -1.8849663
-2.0534458 -1.8323046
-3.097062 -1.8106089
-3.5675051 -2.556546
-3.6973126 -2.0836642
-2.4415135 -4.0072184
-3.8517985 -1.7943863
-2.5321183 -2.78601
-2.1809995 -2.9308298
-2.6644797 -2.0237582
-1.653499 -2.1220682
-2.8731856 -3.3300617
-1.8600034 -3.7906098
-2.398988 -1.0698365
-2.3901458 -3.7310355
-1.9311544 -3.3633556
-0.56780165 -2.5105255
-1.5291667 -2.6395175
-1.9859627 -2.572083
-1.5161703 -3.7593522
-1.8870306 -2.087454
-2.8424594 -3.7820723
-3.1746838 -2.4424288
-1.9751656 -3.2263854
-3.465443 -2.4780908
-3.236665 -3.6444695
-2.6095347 -2.525156
-4.3381977 -1.9016225
-2.3813052 -4.0495644
-1.8845562 -2.7382529
-1.5032059 -3.3114884
-2.5150814 -2.0421138
-1.8709664 -3.0624092
-3.9000673 -2.088006
-2.8013198 -3.6114202
-1.8084575 -3.3005085
-2.8890574 -3.0762305
-3.8736174 -2.3304052
-2.5010386 -2.383947
-2.9121633 -2.194661
-3.4233258 -1.8563129
-2.884561 -3.835123
-2.4970865 -3.8505898
-2.9150858 -3.285168
-3.8623755 -3.7571597
-1.4161581 -3.2749832
-3.2138124 -0.88647246
-3.6482048 -2.232883
-3.1545265 -4.5875053
-3.8061006 -2.8797846
-2.1025333 -2.7718768
-2.3651047 -4.662643
-3.2267375 -2.648242
-2.9479795 -3.4524775
-3.2572238 -3.2184644
-2.6714294 -2.888341
-3.6311486 -3.4322495
-2.6476936 -2.4128447
-3.9003694 -1.0747303
-3.4179688 -1.9054568
-3.2146924 -2.8080862
-2.9748385 -2.3468409
-3.1001356 -3.563433
-3.3335009 -1.7358087
-2.7204576 -1.7678847
-3.3605227 -2.320419
-1.2957611 -3.7297976
-3.7476904 -1.7131816
-3.1940062 -3.1539388
-2.5908287 -2.4505458
-2.7988336 -2.4879858
-3.1783264 -3.6527042
-4.0423994 -3.072425
-2.3406441 -3.8406768
-2.4913223 -2.302928
-1.182389 -3.4872007
-2.995785 -2.9875226
-3.756904 -2.4296808
-1.9478133 -3.5522625
-3.0647976 -2.3180597
-1.801541 -2.978755
-2.9853656 -3.5860991
-2.7476068 -2.4207685
-2.5412495 -2.4720523
-3.4087312 -3.021846
-4.1393404 -3.0156229
-1.6033148 -2.3493218
-3.275727 -4.108626
-1.6247869 -2.7151697
-3.09984 -2.1719508
-1.6825925 -4.161623
-2.2477703 -1.472668
-3.0316565 -3.6200886
-3.225642 -2.8946877
-1.6273904 -2.844375
-5.488111 -3.565284
-2.7020833 -2.0268016
-2.7374818 -2.78535
-3.6668158 -2.2447083
-3.259959 -2.934057
-3.9118996 -4.002992
-2.601337 -2.041842
-3.7778745 -2.1452854
-3.3279219 -3.018515
-2.2127461 -4.68056
-1.5583475 -2.9469109
-2.9720051 -2.7833998
-3.4570959 -3.9030452
-2.3708382 -2.5416467
-1.5388575 -4.2649474
-1.5724279 -3.430816
-3.4422624 -2.8490486
-1.7471328 -1.7199264
-2.9895878 -2.3805394
-2.0406618 -3.6900356
-1.3797655 -2.891911
-3.570122 -2.1038342
-2.6218648 -2.5090268
-1.3806255 -3.0177057
-3.1458044 -3.159068
-1.9760789 -3.656923
-3.5646813 -3.3085594
-2.7298527 -3.3719616
-2.886559 -2.2364774
-4.2530317 -2.956147
-3.3067288 -2.5133061
-3.0723577 -3.3994696
-3.2685554 -3.06918
-1.6686918 -4.099088
-1.1659923 -2.9189734
-2.024344 -3.0105052
-2.2288973 -2.7294006
-0.96768934 -4.1642756
-2.2851849 -1.3843064
-2.4190817 -2.5633063
-4.326883 -2.8119192
-2.081262 -2.1286347
-3.193183 -3.602497
-1.908141 -3.3907385
-3.9911494 -2.722821
-2.2897458 -5.3893375
-4.249277 -2.6804726
-3.3188376 -1.7795179
-4.0674095 -2.9643252
-3.4896963 -1.8501263
-4.20595 -3.0592084
-1.4107183 -1.165928
-2.7334898 -3.9144197
-3.3126166 -3.2170284
-3.380423 -2.990326
-3.1229966 -2.20084
-2.0986893 -3.2304616
-1.6496167 -3.60807
-3.432981 -3.7099152
-2.7518392 -2.4566622
-3.2714581 -1.6080256
-2.9417539 -3.7558177
-2.2285933 -3.943097
-1.7593691 -3.5582516
-3.3982863 -2.9104471
-2.620702 -2.1274009
-1.8279991 -4.4669504
-3.6067486 -2.89473
-1.5005031 -2.2337337
-1.6405599 -2.6467557
-2.5590754 -3.1575081
-0.01657191 -3.3985946
-3.2019653 -3.227693
-3.0515168 -1.9399676
-1.6939098 -1.4414991
-0.79313415 -2.9756052
-3.5917811 -2.7786913
-3.3248441 -2.40959
-3.0631304 -3.0992346
-2.9366639 -3.5835469
-2.227874 -3.3479776
-3.2072906 -2.7066271
-2.4078507 -2.8449662
-3.089876 -1.8815848
-2.5224607 -2.8277776
-2.4955254 -3.359471
-3.4762187 -2.6399658
-3.4445202 -2.51344
-3.5398343 -2.7649088
-2.6564438 -2.282454
-1.8181756 -3.802297
-3.1191034 -2.977597
-0.7071019 -3.7767863
-0.9011911 -3.4969022
-0.50684816 -2.6625097
-2.5878778 -1.7009339
-3.6532385 -2.7190616
-1.5431505 -3.0157871
-3.4832966 -2.934191
-1.969047 -4.975588
-2.8737113 -3.0561233
-2.441752 -3.4847329
-4.405755 -4.2852974
-2.6362634 -2.6760483
-3.5526273 -3.2766986
-3.837415 -3.095386
-2.33699 -2.8777697
-3.4115994 -2.3832524
-1.836784 -3.5609498
-2.1874897 -2.7368336
-3.4663715 -2.24497
-3.7335815 -2.3934906
-2.8702326 -2.8072371
-2.9317515 -2.15722
-3.4528913 -2.3088043
-2.7490635 -3.5746994
-2.5851128 -3.2518187
-2.8808184 -2.4612396
-3.5537522 -2.669438
-3.4218714 -2.8034244
-2.1106873 -4.557192
-2.875299 -2.0294914
-2.8613002 -2.166061
-3.6925573 -2.7394729
-2.7174137 -2.4262772
-3.260271 -1.6957983
-3.1059277 -2.4039905
-1.513557 -2.820246
-2.9975746 -1.5759802
-3.5363016 -3.3144257
-2.649867 -2.3606956
-4.067968 -2.166015
-0.71441454 -3.6538491
-2.8988602 -2.3116198
-2.318663 -3.3771024
-2.6198697 -4.0285606
-1.6723934 -1.6821346
-2.6209517 -2.7475753
-1.4554766 -2.5239203
-0.9513892 -1.732573
-2.9293644 -3.9600658
-2.3437803 -3.7632084
-0.48696423 -3.248362
-3.278321 -2.4301229
-3.2095304 -2.8988936
-2.5320163 -2.64086
-0.63401085 -4.1456566
-2.8984017 -3.0154285
-2.020057 -3.2978036
-1.5378784 -4.1941714
-3.3210073 -1.9295588
-2.5464942 -3.4344413
-2.1433656 -3.910348
-2.3451235 -2.8901923
-2.7377527 -2.5962973
-2.568174 -3.5402327
-1.8827252 -3.3904436
-2.9522507 -2.1590552
-4.364924 -3.44473
-1.1497152 -2.8776605
-3.0587325 -2.3367693
-4.188924 -2.2671306
-3.8778043 -2.9622166
-3.5304642 -3.0839553
-3.258044 -2.4511502
-2.9169784 -2.5567968
-3.6286726 -2.9520361
-3.4681718 -3.2730782
-3.1535413 -2.4287162
-3.7883472 -3.2141497
-4.313184 -2.7827728
-2.6156664 -3.7706623
-2.2247698 -2.168419
-3.0963304 -1.2464919
-3.8804667 -2.7887864
-2.843515 -3.1774542
-3.6520014 -2.2772992
-1.6010922 -2.1893082
-1.6741315 -2.3638947
-2.3235476 -3.0361166
-1.1399094 -2.4038193
-1.8979515 -4.050061
-2.820718 -2.341845
-2.9194727 -2.8973148
-3.6192496 -2.6787996
-3.1166074 -2.2580006
-1.0813907 -2.800204
-3.5916736 -2.0769892
-0.54392105 -3.8343875
-0.1493291 -3.1418338
-3.2160301 -2.4133966
-1.6012588 -3.45562
-3.3952737 -3.671261
-1.8229673 -1.8198224
-2.2730162 -1.7730746
-0.98492354 -3.7886758
-2.3168213 -2.0436318
-1.1367936 -2.8137271
-4.434016 -5.030987
-3.106371 -1.8301222
-3.6360786 -2.0592399
-1.5210726 -2.7320104
-2.785116 -4.679733
-4.0111933 -2.4640212
-2.840968 -2.821263
-2.5758948 -2.2756612
-3.601571 -2.784237
-3.38558 -3.5160768
-3.8953803 -3.4608934
-3.693431 -1.7389573
-2.8989706 -1.6388706
-2.5426867 -4.6085663
-1.9582099 -3.92247
-1.9942031 -3.4145164
-2.806612 -2.442022
-3.6910782 -2.8882797
-2.371846 -4.195875
-1.4677037 -4.070765
-0.97665495 -1.5335702
-2.0681834 -3.2198286
-1.2265878 -3.5357912
-2.504107 -2.0510035
-3.7440639 -1.9764961
-2.1471996 -2.359951
-2.8362288 -1.7838291
-3.0601616 -2.5411026
-3.0973115 -3.2354655
-2.2175796 -3.0496857
-1.556797 -3.1774976
-2.2734597 -3.4304912
-2.7557766 -1.6696322
-2.5269601 -1.9351109
-3.135458 -2.6859004
-2.210138 -3.246372
-2.7686188 -3.2311282
-2.6834493 -2.7304034
-1.1819803 -3.758006
-3.454856 -2.8217664
-3.0416214 -2.3867738
-1.8277539 -2.1356049
-2.0171945 -2.8609085
-2.7706902 -2.577769
-1.8462558 -3.842267
-2.3637488 -3.0009549
-3.107626 -2.262451
-3.7675533 -1.148896
-2.9961483 -1.933563
-2.3883438 -2.1225758
-3.197433 -1.7125795
-1.4874806 -2.7779381
-3.1230278 -3.6732926
-3.4034743 -2.4000475
-3.1674247 -2.5285769
-1.6359046 -2.617386
-2.518801 -3.0366054
-3.1341953 -2.0898652
-2.5461285 -1.7338598
-2.3025968 -2.9369926
-2.2150018 -2.216894
-2.7730665 -2.381687
-3.2261086 -2.538448
-0.9218149 -3.1690662
-2.7027094 -3.2131095
-2.3639617 -2.640307
-1.275977 -3.597018
-2.7060435 -2.0457017
-2.835094 -2.6648135
-1.3890153 -3.3387218
-1.4625621 -3.7676537
-3.0745523 -2.4262626
-3.0511599 -2.1193
-2.5169911 -3.244514
-2.929727 -2.7402306
-2.0156672 -2.4626915
-2.37694 -2.3812425
-2.617283 -3.1211166
-2.9295807 -2.8625302
-3.042942 -3.4037323
-2.7608707 -3.1027398
-3.522026 -2.2142673
-1.793521 -3.907841
-2.4934504 -3.2555761
-2.1792066 -2.38672
-2.9946592 -2.7506979
-2.866523 -1.8379877
-2.9231763 -3.3721828
-2.8746686 -2.3907275
-3.068337 -2.654971
-1.8201048 -2.8222337
-3.279144 -3.1692338
-3.1220255 -2.5779026
-2.9999375 -4.2163014
-3.6845865 -2.5594592
-2.168361 -2.4969468
-3.2878954 -2.776811
-3.0962358 -2.3292642
-2.285308 -3.2316635
-3.1217134 -2.223754
-2.3923771 -2.6098428
-2.1856413 -2.1905065
-0.39469212 -4.2531996
-2.7750964 -1.372853
-2.7731333 -2.6353626
-1.3838462 -3.4626243
-2.7180984 -3.8766387
-2.372951 -2.0780878
-2.087554 -1.6299554
-2.8257225 -2.1117575
-1.9601281 -4.0377197
-2.8108678 -3.188489
-2.4356325 -2.9736803
-3.1576385 -2.903933
-2.861369 -3.400802
-0.97834444 -2.9562874
-1.5468695 -2.4768012
-1.756396 -3.0843697
-2.0219076 -3.30122
-3.4648242 -3.219476
-4.1191525 -2.9315948
-0.8806918 -3.0880995
-2.936231 -1.8393376
-2.3806033 -3.5513105
-1.6646037 -1.4489586
-3.0803232 -2.1336627
-3.152972 -4.201306
-3.3228598 -4.213183
-3.9950583 -2.7615068
-2.872829 -3.1717749
-2.2740777 -1.2494849
-2.1406329 -3.5680823
-2.0203545 -3.389634
-2.9092119 -3.0978997
-2.376532 -3.4143512
-1.7139043 -2.590416
-2.9711788 -1.455612
-2.5787833 -3.7219543
-2.122971 -3.0734963
-2.7999249 -2.0606961
-3.677367 -1.7823628
-3.996317 -2.2830813
-2.8703635 -2.1420166
-2.3090131 -4.312242
-1.9448153 -4.21974
-2.554238 -2.6058786
-2.1340754 -1.7136246
-2.779276 -3.2290306
-1.767378 -2.5131505
-0.5718363 -3.857337
-2.64123 -1.5321318
-2.9954386 -2.1248167
-2.3375804 -2.4127734
-3.2718065 -2.3009098
-3.8527308 -2.907182
-3.135863 -2.9423468
-3.994925 -2.7937503
-3.274533 -2.3497367
-2.8920784 -2.1592655
-3.4200866 -2.6137738
-0.8178346 -3.9710865
-3.6409223 -3.029075
-2.0101938 -3.9210074
-3.5845819 -2.308658
-2.5777652 -1.760439
-2.4501448 -2.8954628
-2.4197059 -2.7908437
-2.7085452 -3.8201976
-2.8846998 -2.9223502
-1.805052 -2.0376096
-2.7656696 -2.5672855
-3.4256504 -2.847396
-3.4057233 -3.3967667
-2.438829 -3.4912858
-2.4751475 -2.6420448
-2.585132 -2.7132428
-1.0007623 -3.4558575
-2.4254484 -2.1116703
-2.1160462 -2.5673716
-3.3982673 -3.4098241
-2.4151585 -1.3443791
-1.890662 -1.8286769
-2.596341 -2.7179193
-3.3710911 -3.2709408
-2.8610024 -2.3405368
-2.741762 -3.1899917
-2.1564608 -3.186149
-3.6353245 -1.56653
-2.9200318 -2.1339211
-2.4350085 -3.1767092
-2.318945 -1.989833
-4.4414315 -5.130247
-2.27135 -2.8286364
-0.95625794 -2.162613
-2.3675773 -4.945701
-2.441118 -1.9494567
-3.5724106 -3.3834107
-3.2585304 -2.6366124
-1.082451 -2.5790656
-2.667136 -2.830039
-2.7489183 -2.7653906
-1.8145247 -2.9939826
-1.777846 -2.0666478
-2.0712237 -2.6835654
-1.1776539 -3.6498518
-1.9554462 -1.5752634
-2.4067872 -1.8112555
-4.0582495 -3.4031036
-3.2360225 -2.642365
-4.4475613 -2.6645782
-3.527175 -2.6674008
-3.4880393 -2.5383997
-1.4736174 -1.8694165
-1.3424411 -3.2135775
-2.5283706 -3.488594
-2.3224542 -3.000612
-3.9865525 -2.4646754
-3.6138244 -2.5582497
-2.140625 -2.395719
-3.3891656 -3.0029635
-0.48416537 -3.3464134
-2.3174362 -2.9378002
-3.5250013 -2.823458
-1.5014322 -1.8590379
-2.667689 -2.8548675
-3.801662 -2.4559538
-2.2572627 -3.1780682
-2.6896875 -3.5919945
-3.4282293 -3.3637104
-3.4939694 -2.0171714
-3.1272967 -2.5914128
-2.415053 -2.1723535
-3.3650072 -2.8392348
-2.40219 -1.8499743
-2.4637108 -3.6981356
-1.3389817 -3.8642824
-3.0807617 -2.2302456
-0.5216074 -2.7259374
-2.4255908 -2.9890594
-2.6647234 -2.5760343
-3.7498765 -2.7273664
-2.111453 -2.9902382
-2.6784995 -3.016258
-2.9098656 -2.39391
-2.7911959 -3.7305362
-2.7386975 -3.3666768
-1.2932664 -3.6023333
-3.8746793 -2.1209967
-0.5614812 -2.9615138
-2.4573596 -2.5579891
-1.7112173 -3.5223894
-3.059355 -2.4970205
-3.375666 -3.4959228
-1.9552565 -3.5379863
-3.102119 -2.3032687
-3.40589 -2.3621619
-4.452009 -2.5104473
-0.07530789 -5.002419
-2.5649948 -1.962648
-3.4825213 -2.1634989
-3.2903345 -2.1293623
-3.7942 -2.2022884
-3.027185 -3.5930226
-2.4720974 -3.2964022
-2.5880446 -2.2910845
-2.135489 -2.9942584
-3.0839543 -1.9861416
-4.5034275 -2.9038336
-2.1767154 -2.7294254
-2.9426844 -2.9094248
-2.2181478 -1.908531
-3.0781276 -3.419102
-4.0793824 -2.1581998
-3.3824527 -1.8115702
-3.179637 -2.968312
-3.1453066 -4.6694098
-2.3320212 -2.1242664
-3.0175376 -1.9943432
-2.3936625 -3.7253408
-1.5977434 -2.9120598
-2.0436964 -2.1685064
-2.6476164 -2.594789
-2.9070933 -2.1555693
-3.8641672 -1.1289982
-2.8815503 -2.5771089
-3.1407268 -2.01857
-2.6552856 -2.7318819
-2.5037572 -2.8684614
-3.1338475 -4.10303
-2.1538734 -3.7693415
-2.763078 -3.3923895
-3.1258268 -3.2589862
-2.783694 -2.4610507
-2.6191041 -2.175876
-3.081891 -2.2626863
-3.866405 -3.2858374
-1.5232154 -2.9840655
-4.1267047 -3.0891812
-2.7032259 -3.3310254
-1.6084021 -3.676411
-1.3968419 -3.9836988
-2.568344 -4.0290318
-2.912625 -2.5867312
-3.1960297 -2.4325035
-2.0299973 -3.3480082
-3.1846812 -2.9460347
-2.1320941 -3.1570756
-3.2500045 -2.8692439
-2.542207 -2.6543868
-3.5968106 -2.033293
-3.524305 -3.0233808
-1.468139 -2.2053492
-2.6854708 -2.7531183
-2.973425 -3.7769513
-3.0902526 -3.1341777
-3.9583871 -1.9870628
-3.1639137 -3.0111692
-2.6353505 -2.9999943
-0.5556411 -3.1344101
-2.956692 -2.1900983
-4.061238 -2.874991
-4.4784446 -2.689939
-3.8318813 -2.1201372
-3.580188 -1.5031096
-4.0712357 -3.1951551
-2.9063442 -2.7849002
-3.3549047 -2.341584
-3.2135978 -2.3644407
-3.5606618 -2.087561
-2.082848 -3.8356254
-3.174735 -2.310036
-3.3333864 -2.147093
-2.6942155 -1.8788489
-4.084828 -1.922414
-3.1906552 -2.9740622
-2.7203217 -2.4706373
-3.6940587 -2.6449084
-2.214181 -3.7777164
-3.0381677 -3.81829
-1.3475659 -2.6995769
-2.3955715 -3.8472142
-1.6281283 -3.3454075
-1.1389225 -5.1953177
-3.0558407 -2.4699223
-2.974424 -3.367835
-3.4388552 -2.107946
-2.7270994 -2.3731804
-3.0926142 -2.2700634
-2.112505 -3.3832486
-2.596982 -2.8678951
-4.476644 -2.2522137
-1.0605141 -2.6229467
-2.1652832 -3.5360043
-4.131178 -2.202182
-1.6595721 -4.4813104
-1.9584634 -2.7106943
-1.7435309 -2.4069579
-0.5501724 -3.2928197
-2.587807 -2.7932563
-3.358758 -2.2698488
-4.171272 -2.7385614
-1.7441463 -2.951281
-1.9052612 -3.9678853
-3.1555583 -2.7590644
-3.2717807 -2.8041906
-1.9289385 -2.996436
-0.37346014 -2.721689
-2.7571514 -3.0000913
-3.1026196 -3.279644
-2.6315966 -3.0796623
-3.0556655 -3.5452366
-3.7160177 -2.3319123
-1.4922156 -2.2288654
-3.30683 -3.2530968
-3.965741 -2.0641034
-3.4677305 -2.656026
-2.8963294 -3.4823763
-2.412724 -2.445969
-2.3441088 -3.9298494
-3.0213869 -3.4491513
-4.521031 -2.8058236
-3.4226665 -2.6913183
-0.93037516 -2.9549642
-2.7478437 -3.9679246
-3.4536347 -3.6738012
-2.6801872 -3.1267202
-1.5261402 -2.5576136
-3.0875115 -2.5992534
-3.4996285 -2.014844
-3.0921063 -2.0836494
-2.9418006 -2.713027
-1.7132341 -1.4349079
-0.8845362 -4.0237126
-2.7457454 -2.2489185
-3.053887 -3.7893586
-3.5013385 -2.6358552
-2.4994724 -2.1014483
-3.9616349 -3.0479937
-2.208779 -2.0982907
-2.0262916 -2.6880932
-3.6587932 -2.91985
-4.3229265 -2.3921313
-1.8085428 -3.1929784
-1.0745858 -2.8085597
-0.48399717 -5.131318
-0.8621894 -3.3966243
-1.2256055 -3.6283007
-0.92556626 -2.903169
-0.011865631 -3.761412
-1.3168635 -2.0196383
-2.710961 -1.69275
-3.3365216 -3.7970073
-2.7038376 -2.9569345
-3.8161943 -2.710244
-3.3153825 -1.6802255
-2.5656307 -2.767288
-2.4842126 -2.772986
-2.7302299 -2.9138148
-3.3578627 -2.7658792
-3.1275873 -2.840806
-1.6997712 -2.3852642
-3.8955133 -3.6902733
-1.3225825 -2.6599119
-2.6739922 -2.7731848
-2.9848287 -2.622511
-3.3109436 -3.189206
-1.9436756 -3.3614562
-2.944155 -3.0864618
-2.580726 -3.2677002
-4.2438107 -2.8615575
-3.2717915 -2.3991768
-1.9871187 -2.0223072
-2.9556065 -3.34944
-3.011669 -1.7616459
-3.100082 -3.0854552
-3.0667522 -2.7798352
-2.94005 -2.3959851
-3.7613888 -2.3265252
-3.170911 -2.5900898
-3.5425878 -2.62695
-4.2303166 -2.6023266
-5.305476 -3.2845435
-3.3378713 -3.104035
-1.4910698 -3.164057
-3.5289366 -2.5890298
-0.6769566 -2.3065455
-2.7734022 -3.7490947
-2.737515 -2.9434764
-3.0149918 -2.451526
-3.3983858 -2.6220343
-1.0958724 -2.8790293
-2.759369 -1.5428231
-1.1346391 -3.1379225
-2.762567 -2.1836379
-2.841885 -3.5790892
-4.0814896 -2.9684772
-2.6769753 -3.0040793
-4.122542 -2.7172246
-3.7272658 -3.7261446
-3.8992314 -2.151695
-1.583856 -2.9774992
-2.5308268 -3.184415
-2.2398732 -3.2683873
-2.346293 -1.8311466
-3.5728695 -4.0355115
-1.8723049 -3.6195004
-1.2068242 -4.4300413
-2.9350674 -2.0776455
-2.640195 -2.2026272
-3.8405647 -2.297657
-3.2729666 -3.3132083
-2.6959035 -2.6832619
-1.7505445 -3.0829506
-1.7237326 -1.2792243
-2.261322 -5.3253074
-2.5780122 -3.1551557
-2.6493576 -3.1072116
-3.3768525 -1.0375674
-1.877807 -4.1817994
-3.560293 -2.2201216
-1.2029568 -1.996922
-1.3184667 -2.3044965
-4.050583 -2.5557623
-2.1493592 -2.125448
-3.4167771 -2.359469
-1.0711979 -5.952456
-0.5465103 -3.259469
-2.7607126 -3.3615806
-3.7228673 -4.0010138
-3.5389066 -2.60661
-1.8022339 -4.18727
-4.2741632 -2.8206694
-2.9761088 -1.9636145
-3.3969097 -2.692919
-3.1842284 -1.8273691
-0.6938009 -3.5158398
-2.6640112 -2.175493
-2.04429 -2.6983342
-1.8004012 -3.677576
-2.02178 -2.6306763
-1.6382973 -2.831418
-3.5331461 -2.7442355
-2.3301797 -2.2285256
-3.0808418 -1.384197
-1.211251 -2.5287263
-3.9069717 -3.165063
-3.4523697 -2.7525244
-2.528056 -2.6316578
-2.2567203 -1.7507939
-2.657764 -3.356452
-2.9964342 -3.8045573
-2.133551 -1.2966644
-0.0870495 -4.8153725
-0.30753186 -3.6211495
-2.7072062 -2.6238027
-0.60435677 -2.9615393
-3.5352445 -2.9741488
-2.301868 -3.3305905
-1.9493738 -3.2419863
-2.344188 -3.3788006
-2.4916275 -4.6847854
-3.1842918 -2.5270357
-2.393875 -3.3741949
-2.0999377 -3.3090513
-1.8511516 -4.041541
-2.1502554 -2.4343414
-2.5775707 -3.3256485
-0.67712796 -3.5143623
-2.5044165 -3.8707542
-1.4356613 -4.1478148
-2.875385 -3.172925
-1.3425752 -3.4608238
-1.6365137 -3.7216723
-1.4433395 -3.7223272
-3.4367332 -3.663977
-2.4276438 -1.8068326
-2.293717 -4.1775985
-1.4942132 -2.177617
-1.406365 -3.4593732
-3.1263247 -2.0904756
-2.788379 -3.7072964
-3.5204084 -2.663772
-1.9202498 -2.2879508
-1.038246 -2.748543
-1.2151347 -3.7069154
-2.9468677 -2.8748906
-1.9726259 -3.276954
-3.2553797 -2.309699
-3.235696 -2.0532556
-2.7538083 -2.9174957
-1.2808102 -2.9710333
-2.58238 -2.1617284
-1.7413203 -3.2634556
-1.6244341 -2.4889011
-2.502961 -2.5363731
-1.7734758 -2.9749131
-1.8454869 -3.9499478
-3.4537206 -2.99336
-1.7408786 -3.1464374
-2.6283429 -2.384196
-1.8531052 -2.8947184
-2.7026403 -3.4310007
-2.109319 -1.9663404
-2.7810888 -5.3357897
-2.8786829 -1.6457168
-2.597994 -2.7296736
-1.1680014 -3.833961
-2.9742289 -2.9802008
-0.18433833 -3.1910975
-3.5139196 -2.4349153
-2.5957117 -1.6071051
-1.4704039 -3.5171146
-3.1910987 -3.5180023
-3.1878228 -2.4015894
0.33574492 -3.3606927
-3.079124 -4.6136155
-1.8764235 -3.8586414
-1.7669772 -3.1725
-3.3794732 -2.505883
-1.890193 -4.4090123
-0.682689 -3.617757
-1.6597217 -3.003518
-2.6795404 -4.8780866
-3.1193697 -4.1909266
-2.3445907 -4.7907395
-1.794966 -3.1643615
-3.1092508 -4.013192
-3.5277956 -2.1368458
-2.5692582 -2.8389654
-2.4962125 -3.0778484
-2.9071608 -4.9956555
-1.718394 -2.4975078
-3.0309284 -3.475713
-2.7014296 -2.504705
-2.0272028 -3.3059278
-2.259636 -2.0781207
-2.1019661 -2.9710567
-3.5672626 -3.0522482
-3.8708189 -2.635497
-3.2006638 -3.3780427
-3.8860862 -2.4381196
-1.9362402 -2.9200742
-4.1205764 -3.3920689
-2.8052971 -2.1149983
-2.4738233 -2.4726346
-4.0850406 -2.2640498
-1.3071685 -3.1895142
-1.0491484 -3.1782243
-4.1067944 -2.5248334
-3.5407612 -2.8589091
-1.9278817 -3.2241993
-0.56574434 -2.5517366
-2.3236706 -2.7474349
-3.4129531 -2.502647
-3.5249715 -3.207761
-3.7454345 -2.5751
-1.1004251 -3.5150695
-0.6613117 -3.1791906
-2.2673335 -4.032573
-0.8113014 -2.030402
-2.3767488 -2.876312
-3.6291273 -2.2482233
-2.3840141 -2.8202593
-2.5139651 -5.1404457
-2.474912 -2.736194
-0.8941982 -4.394602
-3.6178231 -2.807403
-3.499721 -2.183639
-3.3831413 -2.1055138
-1.918312 -1.9223303
-2.1656554 -2.758792
-2.6094623 -2.6862557
-2.6226938 -2.5933654
-2.160774 -4.0599794
-3.2943313 -2.444381
-2.6467295 -2.4917347
-3.1252542 -2.24615
-3.7247891 -2.3151793
-3.3624277 -2.3481064
-1.2093331 -3.867312
-2.9596345 -4.7239213
-1.4439198 -3.6184304
-2.9642959 -1.7600074
-1.1562864 -3.1267498
-3.0851011 -2.7060387
-3.959411 -2.0798626
-2.8879712 -2.3124952
-1.6220053 -3.1768227
-3.1658907 -2.8596025
-1.7526218 -4.224207
-2.8738296 -2.0409787
-2.6248314 -1.3710561
-3.3259263 -2.4817255
-3.026089 -3.667499
-2.5969694 -2.014299
-3.0790522 -3.3658216
-2.881387 -2.9081712
-1.8926108 -2.07249
-2.188113 -2.5370307
-2.1887434 -4.0292816
-2.3699744 -3.1970568
-2.693149 -4.033215
-2.6854293 -3.7441158
-3.4232998 -3.328361
-3.2763155 -3.7584553
-3.2094572 -2.9854293
-2.155827 -3.6863186
-2.7251291 -2.7897725
-2.547877 -2.3809397
-2.3357682 -3.510579
-2.4818432 -2.0600898
-4.385791 -1.8246418
-2.827329 -3.3974645
-2.1053407 -2.4403918
-1.5369065 -3.3044481
-1.8813337 -4.065289
-2.9964893 -3.783024
-0.99899024 -3.3669486
-2.47014 -1.5889043
-2.0915873 -4.300331
-4.204233 -2.4406624
-0.60582894 -3.0246425
-2.596314 -2.6135168
-3.0261705 -1.6747768
0.049353853 -3.334504
-2.2006238 -1.6774769
-3.4918249 -1.9422803
-5.362521 -2.7037747
-2.8556933 -1.4777138
-1.7936838 -3.086161
-3.4161582 -1.6082581
-2.917954 -2.3199012
-2.3359783 -2.5835068
-2.9682794 -2.660834
-3.1260173 -3.373385
-1.968153 -4.074105
-2.7110925 -2.7207534
-3.0708208 -2.4832826
-2.004837 -4.5501227
-4.355425 -3.118502
-2.0862987 -4.031667
-1.7395092 -2.5842435
-4.18831 -2.130751
-2.975947 -1.4444482
-2.39511 -2.5554285
-2.7195263 -2.0573812
-2.6796503 -3.4520023
-2.7223842 -3.096136
-2.617953 -2.6375167
-1.7867796 -2.5364864
-2.5162797 -2.4954174
-1.6098926 -5.4919405
-3.262332 -2.8730378
-3.1267982 -3.193091
-2.4188828 -4.2018714
-3.80881 -2.6374683
-1.9370251 -2.010785
-3.093869 -3.084741
-3.6557858 -2.4640787
-3.7412257 -2.3089826
-3.514327 -2.6272721
-2.5905564 -3.6671803
-2.8427582 -2.5982234
-4.6049595 -2.6387591
-1.5753036 -3.0583503
-4.0026555 -4.0097847
-3.9498608 -2.0738704
-4.0784082 -3.17794
-3.3887022 -2.6192012
-2.8991115 -4.668098
-3.403646 -2.3959517
-2.3639374 -2.2688794
-1.4977261 -2.5044653
-1.9224719 -2.858893
-1.8033509 -1.8392303
-2.6046627 -3.566641
-2.751646 -3.1639774
-2.746519 -3.1689286
-3.7333663 -2.6473935
-2.8631346 -4.046675
-3.3799622 -2.8965368
-3.8287153 -2.6827915
-2.200744 -2.8257575
-2.1106415 -3.7804484
-4.1609993 -1.9330689
-1.8337674 -1.9442434
-1.153175 -3.0723825
-1.9646823 -3.2731168
-0.74530214 -3.7239223
-2.6211205 -4.134942
-2.6004577 -2.3378525
-3.0805707 -3.6818237
-2.624869 -2.8486056
-3.6331615 -1.7202195
-3.4094708 -1.9739177
-1.8913271 -3.280496
-1.6478812 -3.8550882
-2.9941463 -4.3878145
-3.2341857 -2.5604382
-4.15137 -2.1914966
-1.4542007 -3.5021183
-2.2094038 -3.3579097
-1.3965595 -2.5469027
-3.0791633 -2.4467235
-2.9849534 -2.3130326
-2.5984473 -2.717109
-2.7848682 -2.8939037
-2.694011 -2.5770547
-2.9178472 -4.1133313
-2.0234537 -2.5609205
-2.6030724 -3.4586859
-3.0141728 -2.154672
-2.1726625 -3.5971928
-1.0205066 -4.1330466
-2.7935238 -2.2180302
-3.072237 -2.7392428
-3.2119179 -1.7559594
-2.6597996 -2.7821825
-2.3053966 -1.7552505
-3.1684084 -1.9483625
-2.8885045 -2.7649994
-2.4858925 -2.9532435
-2.2317984 -2.6918652
-3.6268954 -3.5530136
-3.4704146 -2.7022836
-2.8338017 -3.2194958
-3.3636062 -2.21571
-3.228882 -1.9423658
-2.780316 -3.966766
-1.6182766 -2.3010592
-3.1237833 -3.58976
-1.5938076 -2.8264081
-2.725203 -4.2399106
-2.7852774 -2.7618775
-3.4374633 -4.6406813
-2.6150947 -2.7368395
-2.63968 -2.431275
-1.7919571 -3.7102654
-2.2670143 -2.9918146
-1.5115511 -4.357475
-2.3178396 -3.6863174
-2.3632565 -2.1530716
-3.0472531 -3.1676345
-1.69423 -4.320267
-1.2819796 -3.2521942
-1.0676641 -2.4297059
-2.4817815 -3.6572206
-2.8108444 -2.05394
-3.4778278 -3.2937675
-2.4011774 -3.7538893
-1.5065466 -3.3479924
-2.5972028 -1.7804618
-4.026745 -2.9822237
-3.27446 -3.1108112
-3.0944908 -2.8871772
-3.1278384 -2.9442
-3.0784607 -2.8457444
-4.610571 -2.2908444
-2.4409592 -1.8438101
-2.727101 -1.7089951
-2.1261292 -3.3142462
-4.376059 -1.6698442
-3.7921286 -3.056695
-2.43211 -3.025708
-2.815256 -2.7717617
-2.8040774 -3.32447
-2.403383 -2.2195244
-1.8258883 -3.8082402
-1.8923349 -2.133103
-1.2675425 -4.001812
-2.7657561 -2.195001
-2.1183171 -4.092046
-2.2313943 -2.648384
-2.5665965 -1.5525188
-2.1323931 -4.1118827
-3.3860853 -1.8830245
-3.383691 -3.3925667
-3.781552 -2.2629287
-0.7920365 -3.4220312
-2.3037267 -2.4451356
-1.5149604 -2.428721
-2.3228085 -3.9139023
-2.3991096 -3.3455155
-3.3523154 -1.7405095
-3.6247303 -2.3566868
-1.2966815 -2.0986679
-2.2222962 -2.087603
-3.1154764 -2.8388126
-1.4738413 -3.060074
-3.1550295 -2.2055204
-0.234582 -3.357582
-1.5989195 -2.758821
-2.1667404 -4.474339
-2.4395704 -2.671236
-1.1294186 -2.5656793
-3.0512779 -3.2242017
-2.492419 -2.6206837
-2.4051793 -2.0758696
-3.3705463 -2.3301651
-1.4549396 -3.9698048
-2.39016 -2.0796392
-2.8607883 -2.3346279
-1.9230522 -2.9199178
-3.1457717 -2.6035068
-2.3264143 -2.9640713
-3.874343 -2.3855076
-2.1041975 -2.01957
-2.0407763 -1.6650215
-3.504842 -3.8819633
-1.9311391 -3.0116477
-2.7541046 -2.4427214
-2.3578959 -3.3759675
-2.7240098 -3.1081471
-1.1717716 -3.3157632
-1.4547454 -3.1224597
-1.855999 -3.3728726
-2.7956192 -2.7773252
-1.5388441 -1.6558813
-1.1568052 -3.2909513
-2.9595957 -2.446569
-2.1231446 -1.5095441
-2.4528737 -3.4309623
-2.7007735 -2.6185312
-2.6984856 -1.6443782
-1.9890808 -2.3257449
-3.6185277 -2.1116965
-1.8144985 -3.192019
-2.5224907 -2.4984527
-1.6623412 -3.430455
-4.017954 -0.9687581
-2.3195221 -2.3980794
-1.8421419 -2.8740072
-2.6856453 -1.5706264
-3.2722962 -3.423899
-2.2343147 -2.131903
-2.2634308 -3.0119112
-3.3050659 -4.3573503
-2.8329916 -3.3443272
-2.2555118 -3.568913
-3.9876428 -2.6403503
-3.069848 -2.4365156
-3.6802535 -3.309577
-3.103238 -3.6806004
-0.756364 -1.7643739
-1.4750926 -3.0437765
-2.576487 -2.757896
-2.0276504 -3.987511
-1.349078 -1.7524425
-2.293338 -2.1197586
-2.2818544 -2.4677827
-1.2798588 -3.9121912
-3.238918 -2.327903
-2.7631495 -4.457047
-2.938851 -2.8153498
-2.8823225 -3.10223
-2.53462 -3.0567534
-2.7453773 -3.9681673
-3.9660125 -2.6793995
-1.3894076 -2.8509622
-2.364378 -3.6435573
-2.4199266 -2.3805735
-0.44360977 -3.837922
-2.7623847 -3.0490375
-3.2785125 -2.449247
-4.149188 -3.0131106
-4.309953 -2.262968
-1.8333856 -4.6765714
-3.0345871 -3.0521858
-3.1728787 -2.5308006
-2.1001155 -1.693446
-4.020105 -2.1479883
-1.4343674 -2.362909
-3.2932708 -2.2490838
-3.1970842 -2.7319179
-2.7240386 -3.104346
-2.457961 -2.2099652
-2.8850262 -3.0612392
-1.449788 -4.1249647
-2.3909264 -4.4683156
-1.8233994 -2.674168
-2.4341123 -2.0004296
-1.5730823 -4.6933064
-3.9066598 -3.1648245
-2.8408375 -4.8202443
-3.8531697 -2.4456792
-2.892633 -3.2806609
-3.0156734 -1.8560917
-3.6205328 -1.8354105
-2.5587153 -3.5107281
-2.7227387 -3.096034
-3.1268141 -3.0427163
-1.1882963 -2.1234195
-1.5564636 -3.2401161
-2.7276435 -4.237784
-3.1502602 -1.8985094
-1.163953 -3.8378084
-1.6374876 -3.3356965
-1.5658644 -1.9331177
-1.3894668 -2.4279408
-1.665531 -3.196112
-1.3747287 -4.6360555
-2.816461 -2.8314555
-1.4877422 -2.7155538
-2.7945645 -3.1886714
-1.6135011 -4.403964
-1.9083881 -3.6959305
-4.025818 -2.323364
-1.0170535 -3.5132723
-2.4049284 -2.7267535
-2.358224 -2.133438
-2.9044068 -4.065721
-2.3797996 -1.8773576
-2.3756998 -2.2014244
-3.279858 -2.291992
-2.1648264 -4.8751135
-2.8951535 -2.8816621
-2.7808228 -2.4984975
-3.0676236 -4.0370164
-2.071799 -2.47833
-4.1631403 -2.7274506
-0.83050513 -3.1522992
-3.4089994 -2.6707163
-2.1651597 -3.1794899
-0.66312647 -3.1941288
-3.2683434 -3.2764673
-3.9173505 -2.743161
-2.5994263 -2.9059327
-0.5658211 -3.5968094
-3.3473368 -2.4715085
-4.3848214 -2.4801092
-3.5095587 -2.1439295
-2.242391 -3.8813593
-2.6387026 -3.1940465
-3.1359155 -1.7020799
-1.4978254 -5.153763
-3.0931318 -2.1560326
-3.6941118 -2.9916573
-3.2416558 -1.9203008
-3.4988925 -2.275196
-1.7699438 -1.8923994
-3.5864685 -2.8197563
-2.7573729 -2.6958752
-2.2562268 -1.1152802
-3.0838711 -2.6696374
-0.3965751 -3.6818066
-2.3613753 -3.5850809
-3.4899044 -3.6432228
-2.823148 -2.8743565
-2.5079005 -3.873625
-1.8029203 -3.3914123
-3.4147363 -2.2606332
-2.7250113 -2.8461738
-1.6125005 -2.8967714
-3.367978 -1.9485507
-2.8014052 -2.0956318
-2.4462984 -2.7656906
-2.506318 -2.8360362
-0.68932474 -3.5039725
-2.5338228 -3.1838834
-3.3221378 -3.4251287
-2.6586707 -1.900984
-2.4337158 -1.7997811
-2.6741083 -2.2976499
-3.035643 -3.7136776
-3.025419 -2.711492
-3.5444872 -1.2283306
-2.6186364 -2.1344025
-3.2716475 -4.15414
-2.148418 -2.3037229
-2.2621124 -4.579491
-0.30642396 -2.0426362
-4.2375083 -1.5155795
-3.5544488 -2.3992364
-2.8651066 -2.996032
-1.6602849 -4.083554
-1.9428213 -3.2432187
-2.355363 -3.8336725
-4.354408 -3.3649437
-2.8942204 -2.781534
-2.713321 -2.1153367
-4.1938114 -2.7375107
-2.8868182 -2.9428804
-2.3090594 -1.667048
-4.185538 -2.2833948
-1.6169958 -2.5564663
-1.5798618 -3.0714307
-4.691618 -2.1202116
-2.1608295 -4.341447
-3.3155544 -2.562316
-3.5203059 -2.1124966
-2.2665985 -2.9500887
-1.0355037 -2.6247864
-0.6896315 -4.18317
-1.2637914 -2.6617017
-3.0795043 -2.8259172
-1.8471559 -1.4207463
-3.3066614 -2.4642098
-2.593692 -3.4433403
-1.9038112 -2.328939
-3.4964914 -2.620266
-2.6495962 -2.7944186
-1.9708664 -3.6330023
-1.4041985 -3.3464267
-4.3665013 -1.4296485
-3.1472077 -1.4645607
-3.6731613 -2.5154297
-2.9651637 -3.203111
-2.5936604 -2.2954254
-4.106014 -2.8473551
-2.5236907 -3.1976907
-1.656782 -3.292931
-1.8699089 -1.8553649
-3.7772295 -1.8170176
-4.5029306 -2.1052186
-1.7608665 -3.5840397
-3.7262754 -2.5248778
-2.2632074 -2.6439176
-2.381276 -3.042435
-2.199407 -3.77043
-3.6383662 -2.6703715
-3.1718576 -1.6116272
-3.2196634 -1.5594699
-3.7866669 -3.0894666
-2.9140491 -2.2434995
-3.087566 -1.6674086
-2.2615724 -2.0882373
-3.6671033 -2.2401237
-2.3842008 -3.4112399
-2.591946 -2.4989264
-1.9488335 -3.2967854
-3.1015542 -2.2898386
-2.468622 -2.859609
-3.3328543 -1.9581751
-2.6557605 -3.0823226
-1.9366904 -2.4127393
-1.8699683 -3.6707437
-2.8269324 -3.2213824
-4.151211 -2.5295486
-3.4615731 -2.3521588
-3.1046958 -1.7035551
-4.2166715 -3.9793787
-2.5659654 -3.8082712
-3.2459865 -3.3858986
-3.2399483 -1.1867253
-1.8933027 -2.3927393
-3.135394 -2.3583672
-3.7773652 -2.6335328
-2.4455347 -2.6731925
-1.6682671 -3.0239303
-1.1286513 -4.3727274
-0.6001637 -3.4213378
-3.2940195 -3.1147857
-3.3891742 -1.6967835
-3.348534 -3.1328645
-2.4134774 -3.8345823
-2.1887457 -3.2632692
-3.1062088 -2.7693567
-2.203629 -2.6345816
-3.9177878 -2.4756467
-3.0667064 -3.6368427
-3.1515465 -3.488903
-2.952966 -3.8083813
-2.18477 -1.8600488
-3.207989 -4.1465783
-0.911425 -3.27007
-3.895535 -2.8101716
-3.017048 -2.9991424
-3.5483792 -2.6992273
-1.7961769 -4.0107203
-3.101892 -2.3312402
-1.4191679 -2.196725
-3.0284243 -3.6817982
-1.2849985 -2.285234
-2.3025327 -1.9533296
-3.9736845 -3.302232
-2.7370653 -2.303302
-2.9319527 -2.6661336
-2.531701 -3.666769
-2.3066142 -3.3458316
-5.1760755 -4.577237
-1.5526494 -2.884066
-3.2119453 -2.6253276
-2.275322 -3.7090776
-2.3684585 -4.7045164
-0.57848144 -3.712378
-2.9118187 -3.6048236
-3.5277774 -3.0669873
-1.7637154 -4.3205976
-3.6635554 -3.3685427
-2.2277458 -2.0054305
-3.3692627 -2.6003373
-3.530694 -2.2528827
-2.6858885 -2.81384
-2.0675218 -5.269044
-3.9547026 -2.288964
-2.1009514 -4.7100363
-2.9166877 -2.6671844
-3.3457415 -2.142031
-2.5802984 -2.996767
-4.625448 -2.4280238
-2.0794954 -2.4748385
-2.154668 -2.576151
-3.1786885 -2.8730571
-1.5638201 -3.0860856
-2.4020889 -3.5892491
-3.7648194 -3.412127
-2.4352043 -3.4448867
-1.9219472 -2.947937
-1.4620003 -2.1648076
-3.6338556 -2.9465575
-0.8240872 -2.4047704
-1.3157036 -2.7323956
-2.7277558 -3.1289291
-2.489423 -1.9891536
-3.0359368 -3.4489098
-3.0502875 -2.2430544
-3.379008 -3.7809615
-0.9870997 -4.3705635
-3.0126667 -2.6519926
-3.0546026 -2.6915772
-3.6547818 -1.6399078
-2.746484 -1.1542329
-3.2200534 -1.4543518
-2.8660085 -2.7264433
-2.1882384 -2.492904
-2.3374958 -2.0892534
-1.7142539 -2.7167473
-2.119281 -2.761493
-1.7599999 -3.6150343
-1.927135 -3.782546
-2.9630792 -2.3419135
-2.8416133 -2.4342175
-3.108003 -2.4348812
-2.9896004 -3.8247476
-2.87498 -3.6019585
-2.3722906 -2.8306897
-3.2711718 -3.107752
-2.7407851 -1.3478659
-2.3226874 -2.8695967
-3.412414 -2.291699
-1.7148523 -2.3135047
-0.69256634 -4.090908
-3.3866894 -2.7689972
-2.2881682 -3.0896606
-2.2207508 -3.1708915
-2.9830835 -3.0283656
-1.4909444 -2.8149507
-2.3814883 -4.062233
-2.5516608 -2.7316923
-2.6853747 -0.9839972
-1.7948774 -3.6971667
-2.6873674 -3.2466767
-3.886568 -2.0728657
-2.993975 -2.6016765
-3.7812245 -3.592011
-1.6757121 -1.7089342
-3.0956998 -2.8907566
-0.69785076 -3.5385551
-3.1804626 -1.3504777
-2.8525147 -2.3839183
-2.301458 -2.5416832
-2.35642 -4.5889077
-2.3513381 -3.4826508
-2.6355474 -2.1764584
-2.5594413 -3.2399518
-2.5495324 -2.8595853
-2.6799998 -2.3343074
-3.67269 -2.5931873
-0.71349114 -4.4648623
-3.6815934 -2.3996181
-2.6666245 -2.619033
-2.3552814 -3.2615323
-3.196406 -2.6232405
-2.4661274 -4.5580044
-3.7229505 -2.9121318
-1.8527772 -4.2382407
-1.991875 -3.8101263
-3.06489 -2.7075403
-3.014116 -2.1363297
-3.318337 -2.9289753
-2.825553 -1.7465316
-4.1634088 -2.8133264
-2.9383018 -2.7074928
-2.2435455 -2.6699915
-2.0484014 -3.8604376
-2.1077836 -2.8800347
-2.178048 -1.3872881
-4.1117167 -2.2741628
-3.1431594 -3.5563262
-4.39777 -3.906935
-2.3999078 -2.449682
-2.206601 -1.3133368
-3.415037 -2.40424
-2.7969387 -2.1341333
-4.587449 -2.9606833
-2.5396173 -2.0322723
-1.8564886 -3.106991
-2.3592923 -2.5785215
-2.2115948 -3.5024934
-2.3306181 -4.1301594
-1.7405727 -3.6467078
-2.0500288 -2.5060763
-2.6569095 -3.0335987
-1.9494977 -4.5610633
-1.5963846 -3.0047174
-3.0279155 -2.917652
-2.9843128 -3.3847811
-2.284567 -1.8558414
-2.6805928 -3.3505073
-1.3528179 -3.4662266
-3.5822284 -2.890322
-0.96725905 -3.200964
-1.9325024 -2.0526497
-3.9368804 -1.938736
-2.2134604 -3.1722324
-3.2765565 -3.4070537
-2.293531 -2.3965328
-1.5327164 -2.8002598
-1.3609536 -2.6060154
-3.759656 -2.6942651
-2.7045093 -2.6854784
-3.7100792 -2.5767012
-2.0953236 -3.148046
-1.8596553 -3.8126547
-2.6149035 -1.986829
-2.5051727 -3.746085
-3.1170533 -3.1812036
-2.362079 -2.795721
-3.235371 -2.8959703
-2.1608188 -2.421379
-3.2172604 -2.2859886
-1.5485637 -2.1953566
-3.2086444 -3.4477708
-2.7365232 -3.2169042
-1.1499915 -1.6139277
-2.53081 -2.5283132
-3.3033977 -2.3357525
-1.9003294 -2.6851373
-3.1294465 -2.50533
-3.2950196 -2.298503
-2.755204 -3.124871
-1.7964779 -2.6734765
-3.573596 -1.8667352
-2.8368003 -3.4172382
-2.2812958 -2.4250596
-2.687936 -2.7202518
-3.2724442 -2.0558114
-2.658478 -2.6756084
-1.5687608 -4.4715643
-3.628166 -1.9704535
-1.7597935 -3.6147184
-2.0855737 -4.4914823
-2.2783573 -2.4929695
-2.8178315 -4.5169196
-2.4306772 -1.8161514
-2.7189481 -1.5908533
-3.5171592 -2.6839826
-3.8210735 -2.7670498
-1.7830439 -2.3724902
-2.5357711 -2.9197488
-3.243694 -2.7251527
-2.5640278 -1.8145775
-1.9218016 -3.7978265
-2.488588 -4.4891596
-1.1279976 -2.774845
-3.3999572 -4.473172
-2.4135911 -3.3373785
-2.633933 -2.4155004
-3.1824791 -2.6944337
-3.388897 -2.1267924
-2.2465177 -1.9814897
-3.4727073 -2.4564888
-1.1153283 -3.5467503
-2.0250711 -1.6109633
-2.820915 -4.2170663
-1.8209754 -3.1971264
-3.2215886 -1.8775716
-2.0309503 -3.2797685
-2.48703 -3.8087082
-1.4138721 -4.01084
-2.4266758 -4.2393327
-4.0506988 -2.8226497
-1.8988482 -2.2987063
-3.1445107 -3.6048176
-2.925258 -3.1135375
-1.2527905 -4.0617175
-1.4444079 -2.854356
-2.0266366 -2.9943562
-2.990449 -4.5048738
-0.17697534 -2.3528833
-1.9118714 -3.2995455
-1.5946788 -4.2201066
-2.229361 -3.9235544
-3.6406927 -3.4710224
-3.097067 -2.5586634
-3.7828457 -3.3226917
-2.1642382 -3.3671193
-2.0944817 -2.1067274
-2.7493646 -2.395884
-3.148 -3.3591402
-3.000323 -2.8219154
-3.1604779 -2.4743147
-2.014546 -1.9841169
-4.08548 -1.9003
-0.4151835 -2.9735415
-1.4128343 -1.9374343
-2.7878904 -4.3087807
-2.8355656 -1.5115215
-1.460604 -2.605913
-3.2759845 -2.1834745
-2.2799892 -3.9593058
-2.7744334 -0.91798425
-2.1365442 -3.4719062
-0.7408742 -0.6544292
-1.6161554 -3.4402473
-3.1892943 -2.6827517
-3.657366 -2.0806983
-0.994493 -3.881207
-2.7870398 -2.4731476
-2.431745 -1.3436524
-2.3065841 -3.732683
-1.7963024 -2.9868011
-2.432375 -4.820829
-3.1735618 -2.695888
-3.2448895 -2.2129843
-3.2056427 -1.8813585
-3.002854 -2.8352864
-3.2193825 -2.6107976
-3.9449353 -2.2929082
-2.3905778 -2.8899872
-2.2584438 -3.6589887
-2.8708086 -3.1395392
-5.4478025 -2.5572064
-1.4630052 -3.2171097
-3.2321131 -1.8794123
-3.8489861 -2.2971516
-2.9032025 -3.0180323
-3.0200562 -2.1464336
-2.4197412 -2.6856503
-1.9489644 -1.9044447
-1.9944898 -2.892622
-2.3903642 -2.96525
-2.5524035 -1.3119242
-1.6481434 -2.6669083
-2.9094572 -1.9452524
-2.2108436 -1.6529013
-3.7084363 -2.39198
-1.244788 -1.8714249
-3.1902869 -2.349352
-3.0542374 -2.575519
-3.490997 -2.8766866
-1.7752649 -1.6488707
-3.2714562 -2.6731076
-3.4591537 -2.8706672
-3.902483 -3.804284
-2.630234 -1.4909422
-2.5271494 -2.3286836
-0.7872905 -3.429444
-3.6967857 -2.9846516
-2.359012 -2.9208813
-3.1033053 -3.3866007
-2.414863 -4.510185
-1.9871025 -3.8147776
-3.0025878 -2.7478929
-2.8462443 -2.2975826
-4.2430162 -2.6334965
-2.5064065 -3.9097545
-2.664035 -1.4894955
-2.5111675 -2.3572817
-2.1760364 -3.552268
-1.5116485 -3.3360424
-1.7734354 -3.0275218
-2.9819355 -2.482476
-0.44106692 -2.4959939
-2.7994447 -2.9964123
-3.9965703 -1.4822898
-3.6702666 -2.5073044
-4.715319 -3.2070816
-2.937947 -2.3181918
-3.224507 -2.8833044
-1.3178295 -3.0014107
-1.1122885 -3.7015486
-3.346396 -2.2209747
-3.3887904 -3.0441682
-2.2370493 -3.4385293
-2.6749024 -3.0555117
-3.8628411 -3.7202492
-2.4068182 -3.8049054
-1.6312721 -4.774122
-1.7082423 -4.154246
-2.3185997 -2.347142
-2.7995098 -3.5612688
-1.4085116 -1.9913601
-2.2151265 -1.8908707
-0.37434426 -3.6826544
-4.2083106 -2.7005427
-2.5132327 -3.1658072
-1.7892166 -2.8630497
-1.2764256 -3.8029754
-2.9770331 -2.8348978
-3.1457613 -2.811068
-3.676989 -2.0516722
-3.1531305 -2.7581487
-3.0177171 -3.147686
-1.7702909 -2.2696939
-0.33255446 -3.8133965
-2.1437082 -1.9584291
-4.1638365 -2.3358998
-3.2164552 -3.1545126
-3.2462184 -2.5200596
-3.0867856 -2.719402
-1.4900212 -3.1099017
-1.2559471 -2.2370493
-0.31669125 -3.1570487
-2.2184398 -4.2730503
-3.4126396 -2.1865053
-2.234865 -1.6318171
-2.6840587 -2.724928
-1.4523715 -2.876823
-2.6251857 -2.0912786
-2.751715 -1.9840736
-3.552714 -1.9243268
-1.4029458 -3.637754
-2.7234547 -2.4873202
-3.4651906 -3.1557086
-3.8913262 -4.0991583
-2.833857 -2.796284
-0.9202826 -4.615516
-2.4488232 -4.020568
-2.8171396 -3.512754
-3.348894 -2.593803
-3.5316467 -2.5068364
-1.0283462 -2.6000845
-3.0757856 -1.8330486
-1.0692126 -3.0593445
-1.8022634 -2.875596
-2.4908197 -2.2871525
-2.3195314 -2.5152674
-2.824689 -2.3508778
-1.0958958 -3.5457363
-3.9620426 -3.263272
-1.2646911 -1.6033492
-1.9048127 -2.4766397
-3.264674 -2.4127705
-1.7690943 -2.719477
-1.4677279 -0.21384886
-3.3862886 -2.2103598
-0.5136848 -3.0851772
-2.7959526 -2.7770119
-2.2802947 -2.5859272
-1.7871772 -3.9106238
-3.0916307 -3.3414726
-2.8815925 -3.1976879
-2.0694656 -1.3054564
-3.1012878 -2.5504386
-2.7890775 -2.7099817
-2.8705375 -1.7750355
-2.0441587 -3.6037757
-2.0390797 -3.135193
-3.814468 -2.4824617
-2.9240694 -2.8717487
-2.968921 -2.3801613
-3.6515243 -2.679165
-2.2379017 -4.362204
-3.921913 -1.9889988
-2.2280352 -5.2079463
-3.222646 -1.93601
-2.2268562 -4.22484
-2.1592548 -2.7055478
-1.3618976 -5.2670374
-2.7054663 -2.0543115
-3.186172 -3.6622915
-1.5683278 -1.8917227
-3.0345936 -2.3876004
-3.9027894 -3.4065275
-2.2555583 -3.10329
-4.0746784 -2.161308
-2.7426968 -1.7662908
-4.476022 -2.7007084
-2.1573825 -4.359603
-1.310157 -3.5521853
-0.80314726 -2.2826588
-2.5316074 -2.9183776
-2.6923819 -4.8609333
-2.7587829 -3.466015
-2.477364 -2.025432
-3.1437304 -3.1499085
-2.5572445 -2.5016448
-2.892338 -3.2628539
-2.193491 -1.534724
-3.7320755 -2.1343093
-3.6880174 -1.8753238
-2.8072257 -2.9949505
-1.0968301 -3.4290473
-2.138975 -1.8851492
-3.284994 -2.4952714
-3.9680493 -2.8977344
-2.9528809 -3.6810846
-2.4219952 -2.2825484
-1.3021019 -2.704435
-3.2557702 -1.7786775
-3.4662814 -3.0638564
-2.64755 -2.1379843
-2.877068 -2.4218452
-3.4520736 -2.9481459
-2.7101583 -2.4007335
-1.7958318 -3.10269
-4.095393 -1.9656733
-3.5746477 -2.8695793
-4.0214524 -2.572556
-1.4421195 -2.584605
-2.6816363 -3.1000812
-1.4243785 -3.0015929
-1.2773217 -3.620261
-2.8628027 -3.360422
-2.213028 -3.3156507
-3.723474 -3.0004923
-2.6781597 -2.615341
-2.4346642 -2.5540874
-3.7424417 -1.6860591
0.7919495 -0.25848654
-2.590962 -2.1825557
-2.227478 -3.3176522
-1.9378338 -2.7092934
-2.538125 -3.993776
-3.2545035 -3.4658804
-1.2299962 -4.514522
-3.5294602 -2.5436687
-3.9502268 -2.0121374
-2.2357342 -1.8364121
-3.969509 -2.5665362
-3.845575 -3.2810957
-3.2441406 -2.3025548
-1.8118526 -2.758016
-2.7508445 -2.6453528
-2.0608025 -2.6468773
-2.3308287 -3.2527547
-4.2592874 -3.1477442
-3.007101 -1.9141315
-2.4357715 -2.6263106
-3.7267616 -2.0568671
-2.9392133 -2.0953333
-1.5367812 -2.44128
-4.478075 -3.7701862
-5.8548203 -4.5597754
-3.7097785 -2.0212002
-1.3403084 -4.0032277
-1.0732874 -4.0445952
-3.608609 -2.9027917
-3.3070488 -1.7893203
-3.158235 -1.4595731
-3.436784 -3.2151828
-1.0740323 -2.8124382
-3.4842389 -2.5092926
-2.6372814 -2.9687777
-2.679615 -3.2401237
-2.7030385 -2.6169064
-2.0637405 -1.6867182
-1.1990365 -1.8465606
-2.1947796 -2.8335166
-1.1802403 -3.700006
-2.2196362 -3.620363
-3.065552 -2.619761
-4.3932858 -2.9068785
-2.6216326 -2.6969619
-1.3353246 -1.9449984
-2.7381003 -3.5164635
-2.1291955 -2.539895
-3.44461 -2.2216427
-2.5350726 -2.2541032
-2.6507854 -3.4022434
-4.5053253 -2.1665244
-2.282826 -2.1697087
-2.746316 -2.4004958
-0.7919375 -3.6597872
-2.1769576 -3.0659661
-1.0284293 -2.0643904
-1.5700437 -2.4312236
-2.8228393 -1.9069206
-2.9365838 -3.5062394
-3.3152578 -2.0935605
-3.6335275 -2.5284188
-2.845219 -2.5017767
-3.258148 -2.873722
-3.3865793 -2.2522092
-0.7691985 -3.3420045
-3.6767373 -2.638668
-2.000436 -2.817469
-1.8811636 -3.0025089
-3.0891314 -1.7747909
-2.706212 -1.7053889
-3.1970687 -3.460447
-2.8753548 -2.8326066
-3.7168863 -2.7912955
-2.6825542 -1.3119918
-2.8093803 -3.029998
-2.4691749 -2.8044703
-1.3117635 -1.8945961
-1.1295501 -2.4095125
-3.1953297 -3.0157871
-2.8803418 -2.7635007
-2.2267387 -2.683061
-2.4616919 -3.91503
-2.5359309 -3.638764
-1.9445335 -2.464377
-1.7703271 -2.6731167
-2.7328117 -3.0190947
-2.329165 -2.0287497
-1.5742496 -3.5168068
-3.9255788 -2.9954126
-2.3871884 -1.8174586
-1.9490689 -3.81697
-2.2629876 -2.3680131
-4.1279535 -2.2148929
-0.86782205 -3.3198202
-2.5945785 -2.1066704
-2.7802546 -3.5215373
-3.814366 -1.8235799
-2.8854918 -1.9528677
-2.9580305 -2.407101
-3.699269 -2.846408
-4.110561 -2.3881671
-2.0032718 -4.0956697
-2.3645358 -3.0609086
-3.1724794 -2.4594984
-1.8689811 -3.3127604
-3.4122632 -2.0859506
-3.3440444 -1.2661889
-3.7411594 -3.6281452
-3.7823114 -3.0032647
-2.7588873 -4.507563
-2.8806798 -4.535783
-2.8886492 -2.435216
-2.0122285 -2.2395992
-2.2077837 -4.556202
-3.0628462 -1.1636122
-2.142629 -3.321456
-3.3831873 -2.726923
-2.6268291 -3.124096
-2.234877 -2.954457
-2.881516 -2.2760317
-2.0774028 -2.896716
-1.9878763 -4.9895325
-3.1264842 -2.703201
-3.0659707 -2.133836
-2.5354514 -3.7960212
-2.7535372 -4.6836104
-3.1878731 -2.076895
-3.118111 -3.2160146
-2.0868895 -2.830367
-2.0814278 -3.1336892
-4.361405 -5.292241
-2.657612 -3.3396943
-0.6353777 -2.574301
-3.5655599 -2.286174
-3.0901155 -2.111629
-0.9724681 -3.433937
-2.8420024 -2.2343314
-2.2808485 -2.8601868
-3.4060512 -3.0398817
-3.1316605 -3.9271886
-1.8196837 -2.610509
-2.9224281 -2.954204
-2.6247547 -2.8189383
-2.2607048 -2.7379246
-4.2679887 -1.30925
-2.010207 -3.174093
-3.1219862 -2.2197006
-2.1344855 -3.2431304
-3.6522858 -1.9337108
-2.9652245 -4.0421867
-0.6215221 -3.970641
-3.181371 -3.4824085
-1.4941293 -2.862937
-1.5743747 -3.5316575
-1.9085999 -4.1957827
-2.4017255 -1.6217529
-1.5967845 -4.110377
-1.4711653 -3.5081136
-3.0487626 -3.2325287
-3.286986 -3.1777136
-2.8582 -2.3363736
-2.9331555 -2.4694996
-2.4599414 -2.971357
-1.8501265 -3.7586586
-3.1273336 -3.1178584
-2.0867298 -2.225832
-4.2827196 -1.8206904
-2.550099 -1.6827024
-3.2410252 -2.393198
-3.5874543 -2.5879977
-2.8801363 -2.5426788
-2.4925227 -3.344528
-3.0622082 -2.8277175
-3.685398 -2.1772192
-2.0638688 -1.8704553
-2.2019136 -2.0498176
-2.8232622 -4.1077466
-2.5157897 -2.7567286
-3.095025 -2.7214148
-3.540985 -3.1226733
-1.4499418 -4.024703
-2.1273704 -2.6595109
-2.4718819 -2.7227173
-2.928124 -2.351911
-2.891427 -3.1358073
-3.027957 -1.9685571
-2.033073 -2.625857
-3.301008 -1.6182206
-2.9610896 -4.1503534
-3.5837147 -3.657952
-2.9706414 -2.5874748
-3.2147837 -3.61896
-3.1457882 -1.68838
-3.1034732 -2.4529538
-2.3707519 -3.8479497
-2.755152 -2.9236672
-4.3190517 -2.98396
-3.304727 -2.0157557
-3.605599 -2.3694704
-2.300983 -3.5884993
-2.2577708 -3.3509276
-2.2210555 -2.3355184
-3.4559236 -3.8441317
-4.348807 -2.607621
-1.2012873 -3.228328
-3.1968796 -2.9100287
-1.7814864 -4.5915494
-3.6370993 -2.1665745
-2.4957614 -2.4816508
-1.9389051 -2.8301425
-2.8226492 -2.3170333
-1.7490529 -2.8677375
-3.0548475 -2.4446967
-1.9379243 -2.90327
-3.1761842 -2.913794
-2.1861422 -2.4464319
-4.272914 -1.7279805
-3.376027 -2.2751548
-2.5431962 -2.8212419
-3.4161384 -2.6083033
-2.728453 -1.7046199
-2.3430643 -2.2552454
-3.6788166 -2.6231866
-1.7284757 -3.4328132
-2.7735293 -3.7619956
-3.676455 -3.4304218
-3.3495224 -1.5876344
-3.1015408 -3.0954678
-3.5117395 -1.1892728
-2.05511 -3.7123222
-0.9059008 -2.5585825
-3.6869836 -3.5197713
-2.864058 -2.1021833
-1.7983899 -3.5648196
-1.3176706 -3.713704
-3.3202522 -1.9561511
-3.684533 -1.8257285
-3.0963805 -1.8891766
-2.8020632 -3.4236372
-1.2836827 -2.389081
-4.112866 -2.3190987
-1.0042343 -3.4124842
-4.0318866 -2.5358968
-0.41557643 -3.2923024
-1.5746228 -2.9124339
-2.569627 -1.5622686
-2.3652487 -3.4090574
-3.7707038 -1.527017
-2.8141775 -2.03665
-2.5562346 -3.2281265
-2.5824313 -2.3294523
-2.5382142 -2.5745215
-1.5383505 -3.1570048
-2.3226933 -2.9562657
-1.0123158 -3.4977458
-1.936824 -3.4708092
-2.8458138 -3.0186923
-1.9845753 -3.0596504
-1.6271528 -2.922627
-3.4034045 -2.1393738
-2.719531 -3.67331
-2.1356914 -3.789934
-2.1252978 -2.742445
-3.113157 -1.8599893
-3.512913 -2.4260721
-3.2729785 -3.2863445
-2.2798936 -2.797558
-3.1498175 -1.793698
-3.6591792 -1.5985641
-1.8440945 -2.3254244
-1.7410748 -2.975601
-2.882128 -2.2549405
-3.2629645 -2.7626197
-2.809455 -2.3762424
-3.4634085 -1.8808949
-1.4182681 -1.7901505
-1.1997771 -3.4177916
-1.6636399 -4.3526025
-2.785314 -2.4499729
-1.8450599 -3.0621507
-2.0100994 -3.1487873
-2.9795494 -2.6961832
-1.8305786 -2.1782584
-3.0331817 -2.3447595
-3.175476 -2.0235896
-2.5521479 -3.264351
-2.6446495 -2.1867986
-2.5337656 -2.561544
-3.8642964 -3.2009242
-2.5759718 -2.4582357
-3.0165517 -3.2394354
-2.2125647 -4.038684
-1.5571048 -2.9675174
-3.0488608 -2.3164585
-2.2677124 -1.9429675
-0.8553391 -1.8521185
-2.673837 -2.2763858
-2.9135623 -3.3538895
-2.6088383 -2.877989
-2.4285264 -3.386041
-2.4613786 -3.9029894
-2.3676538 -3.7796333
-3.3458736 -3.1661994
-1.5062793 -3.6446512
-3.211058 -3.6345239
-3.5051236 -3.5684643
-3.231342 -2.779421
-2.1195233 -3.4672947
-2.7967045 -2.1223807
-1.681326 -5.132891
-2.020664 -1.8153454
-0.8884567 -4.3972135
-3.4701216 -2.4745991
-1.9865723 -3.1780703
-2.7910104 -2.6400788
-2.2563477 -1.9817564
-2.3099008 -3.0843527
-3.506524 -2.567973
-1.9453127 -4.4632497
-2.1427646 -3.1609282
-2.095189 -2.1179457
-3.9620914 -2.408833
-2.3522055 -3.2477698
-3.2976897 -2.9256818
-1.5080687 -2.1597657
-2.623473 -1.8725764
-2.206113 -1.6692929
-2.0142548 -1.902866
-2.0719259 -4.9244246
-1.6123483 -3.636854
-2.6550493 -3.5376458
-3.8654888 -3.580773
-3.5096972 -3.0803804
-1.7585368 -3.658951
-2.7196414 -3.0553594
-2.6064937 -3.2038746
-2.5736485 -3.1581383
-3.1997426 -3.480966
-2.5581102 -2.9450758
-0.7318761 -2.2510853
-3.9553 -2.8417878
-2.6205904 -1.7056131
-1.6054276 -2.7632828
-1.9592671 -1.8775342
-2.82567 -3.220102
-2.5384502 -2.8782241
-1.3275455 -4.4808607
-0.73703045 -3.5578184
-3.3248484 -2.7835796
-4.338483 -3.6199198
-1.238563 -2.119228
-3.0301418 -2.3281353
-1.5593127 -2.730022
-3.1557138 -2.547697
-4.33297 -2.6140676
-2.2459047 -3.6021554
-3.6524775 -2.7934449
-2.333043 -2.726314
-3.0166712 -3.8834121
-1.1072632 -2.8429692
-2.6960976 -3.8465977
-3.2953968 -3.3304331
-2.433053 -3.310584
-4.1563954 -3.1275175
-3.520046 -2.8886938
-1.790022 -1.9141389
-2.4402966 -2.6971667
-0.6074629 -3.7121596
-2.9004831 -2.5100572
-2.1914432 -3.0238643
-2.220877 -2.9235895
-1.2957244 -3.2626812
-0.13745071 -3.4304767
-2.402156 -2.9763417
-2.814321 -2.6301816
-2.7821922 -2.3645124
-2.9521492 -2.498754
-2.709863 -3.0949569
-0.35203674 -4.676753
-2.47389 -2.457848
-2.4229352 -3.8358872
-2.9950738 -3.1328893
-1.4405464 -1.6193168
-4.257434 -2.8096104
-1.682454 -3.0896356
-1.6435676 -3.0584364
-1.276527 -2.220675
-1.6883922 -2.6440706
-2.889129 -2.5737474
-2.333079 -2.8962326
-2.8762813 -2.4025903
-1.1692462 -3.5496516
-3.024663 -2.5458553
-0.01881206 -2.8616083
-1.6363001 -2.6156747
-2.907869 -2.6125782
-2.1109278 -2.1949258
-1.5742893 -3.1202586
-2.1671684 -4.062388
-2.9660943 -2.5788107
-2.534583 -3.5053253
-4.3363056 -2.09612
-2.258126 -3.205241
-2.3022733 -2.704658
-2.8985348 -3.6882944
-2.7951 -1.731776
-4.226016 -2.7032294
-2.3817968 -2.7529042
-1.6509105 -3.900826
-2.2511086 -3.5028067
-3.1564772 -3.4104362
-2.4696856 -2.7064607
-2.7101731 -2.3911889
-1.5482002 -3.6185303
-1.1909738 -3.528652
-5.2455893 -2.865653
-1.3389547 -3.8604283
-5.4218006 -4.0127273
-2.4937022 -3.1819007
-1.7669729 -3.8139827
-4.033169 -1.559115
-2.6927571 -1.8296591
-0.19340852 -3.94368
-2.5508773 -2.2475655
-1.7880086 -3.43599
-2.6218789 -2.907658
-2.5931487 -2.6552854
-2.8060927 -3.3822978
-2.234081 -1.713766
-2.863955 -1.98032
-3.7695122 -2.1868386
-1.845397 -1.717625
-3.440866 -2.6604097
-3.0441172 -2.659978
-2.5496058 -4.0057144
-2.6925216 -2.9646952
-2.005877 -1.836739
-2.050383 -2.5462282
0.6778303 -1.6225166
-2.403083 -3.672301
-2.9429996 -5.1615777
-2.0106528 -3.162028
-3.3775537 -3.1377766
-1.4145167 -3.0682209
-3.3966937 -1.803939
-3.62535 -3.180935
-2.3412397 -2.6975274
-2.5796835 -2.6167428
-0.86853987 -3.6172307
-3.2259827 -2.347303
-2.531371 -2.6054559
-1.2635919 -3.777306
-2.761284 -2.3998306
-2.485993 -1.9855474
-3.9680154 -2.8758764
-2.9666722 -3.7796698
-2.6081607 -3.0304277
-3.1698172 -2.0283906
-2.8352332 -2.8321824
-2.0336788 -4.324848
-2.7163022 -4.2351947
-2.9302318 -2.9761548
-1.7379063 -2.027566
-2.3850029 -3.8342252
-1.8968687 -3.9219327
-4.587127 -2.2227144
-2.0554361 -3.695202
-1.0008092 -3.1394336
-3.6055841 -4.3026233
-2.018389 -2.766412
-2.8179169 -2.6107943
-1.8765794 -3.1664064
-3.0567467 -2.2086396
-1.872928 -2.5865798
-3.2998714 -2.237524
-3.6737323 -3.3148313
-2.5237226 -3.3855214
-2.9301414 -2.4313831
-0.8027921 -3.5869558
-3.3685093 -2.5275059
-1.9714881 -3.0288227
-2.2895257 -2.3961756
-2.5996258 -1.0323905
-4.857412 -2.9085176
-1.9998572 -2.9339664
-3.0580187 -2.4338744
-3.2410746 -2.385094
-1.2040002 -3.574535
-2.810581 -2.7586126
-3.3934128 -2.4394634
-2.3865378 -2.1303596
0.822837 -2.7425172
-3.2154958 -2.1733606
-2.9267926 -2.3769329
-1.6740006 -2.8566284
-3.3613105 -3.232804
-3.1183193 -2.2622352
-3.4011772 -1.8132538
-3.3533237 -1.7932944
-2.3526888 -2.8996086
-2.3432136 -2.905148
-2.8611329 -3.124648
-2.980032 -2.2745152
-2.3164637 -2.6142023
-4.034674 -2.1008012
-2.3812988 -3.1904316
-3.1860979 -3.2171986
-2.6664245 -3.3021357
-2.5791545 -3.0926578
-3.2842338 -2.8442428
-1.2993891 -3.010391
-3.63744 -3.0806723
-1.9503579 -2.544755
-3.6985483 -2.8571706
-3.820983 -2.8659363
-3.5384543 -2.2560391
-2.8386686 -2.4729767
-2.7170274 -3.7343721
-3.0241406 -2.026297
-3.6347826 -2.7609131
-1.1281179 -3.5141377
-3.6413348 -2.3760235
-2.2725275 -3.4724715
-3.4950054 -2.257629
-2.3131974 -1.4805017
-2.0872455 -3.0928388
-2.3879256 -3.064154
-0.7243551 -2.382811
-3.1185052 -2.2349818
-2.8587432 -2.3364904
-3.9248154 -2.5588555
-1.955557 -3.2283046
-3.7311618 -1.9175644
-2.3875377 -2.6288836
-3.8254144 -3.1073346
-2.1624897 -2.411768
-2.9487236 -2.453505
-3.296523 -2.2538872
-1.8666351 -3.2431388
-3.9852471 -3.0194852
-2.4425879 -3.1787841
-3.4320004 -2.6385112
-2.6826196 -3.1572638
-1.931004 -2.9155462
-2.8758192 -1.6278957
-1.7995015 -2.0914483
-1.2463679 -4.507344
-3.782517 -2.82027
-3.9015348 -3.4414353
-3.7647061 -2.6810534
-3.1797223 -2.9299378
-3.5078173 -1.973444
-2.535697 -2.5553916
-1.1446846 -3.2655487
-1.9748168 -2.4598463
-2.2080896 -3.315942
-2.4424863 -2.0352852
-1.8044878 -1.9287446
-0.9157066 -3.6286926
-1.6294277 -1.600341
-3.1845798 -2.3405716
-3.1959772 -2.2651153
-1.5320251 -2.2946572
-1.1442983 -2.9770088
-3.2776024 -2.0663195
-2.2628467 -3.358751
-1.8607277 -3.277694
-3.8800154 -2.989728
-3.3550923 -2.880757
-1.7313774 -3.4996793
-2.6165378 -1.7235936
-2.1823053 -3.1176379
-3.8391244 -2.4467304
-3.0557299 -2.2137225
-1.7820076 -3.8793128
-1.8524 -2.6364694
-2.4630446 -3.52208
-1.9701369 -2.464023
-1.790887 -1.9098169
-2.6411574 -3.2531013
-3.3385432 -3.1394053
-3.82618 -2.8215356
-3.0141702 -3.2346718
-1.7248578 -2.3998036
-2.6132095 -2.2313511
-0.64667344 -4.1700554
-1.2568163 -3.6684797
-3.013738 -3.4242826
-2.177424 -2.9065027
-3.5015676 -3.2372231
-1.4817219 -2.9747832
-1.7085149 -4.576195
-3.5790079 -2.2452416
-4.38927 -2.207281
-2.5197747 -3.6254659
-2.6314301 -2.7760391
-2.403476 -3.5139747
-2.0609767 -4.0203505
-1.0342641 -3.7738006
-2.9402921 -2.9247947
-3.360012 -1.8211879
-4.9159493 -3.3794122
-2.616044 -3.8618379
-3.5004568 -2.8157732
-2.5930243 -1.8276763
-0.7544135 -2.0725484
-2.6579342 -2.813988
-2.247327 -2.1834157
-3.6824129 -2.8845255
-3.0448668 -4.011046
-4.1792374 -2.4866612
-3.134072 -3.3753722
-6.02148 -4.215474
-2.9663649 -3.614294
-3.498853 -3.176771
-4.722225 -2.5787213
-3.4494565 -1.3125296
-3.0158145 -2.258585
-3.9700987 -2.9635282
-1.7676322 -3.128307
-3.1461723 -2.6657922
-4.1706557 -3.2681
-1.4689811 -4.3020935
-2.523398 -1.9140314
-3.0218315 -3.0303905
-2.7764041 -2.2217941
-2.8526752 -1.6468439
-2.2592933 -1.9420725
-3.3156848 -3.3669024
-3.9037206 -2.16966
-2.6541543 -2.8816235
-3.162975 -2.3504276
-2.3368556 -2.9402945
-1.8865781 -2.838362
-4.161844 -3.0498793
-2.822096 -2.5268378
-3.6265392 -2.7841828
-3.7719011 -3.4318035
-2.0098453 -4.1581116
-2.7949395 -2.1933386
-2.9091635 -2.6355507
-2.011013 -4.3834367
-3.6668224 -2.869094
-2.9664645 -2.6471715
-0.96997267 -2.2737103
-1.6439048 -2.8482344
-3.174851 -2.6010108
-2.4504619 -3.4897702
-3.230535 -3.9048254
-3.40358 -2.975935
-3.9023771 -2.5783582
-2.7352426 -4.454392
-3.823308 -3.0702014
-4.2622037 -2.1435359
-4.342844 -2.9278674
-3.6211534 -2.195166
-3.4757998 -2.6937773
-1.8258917 -3.9125223
-3.9780633 -2.459188
-1.8464206 -3.6871586
-1.6681005 -2.8365426
-3.8113308 -2.257503
-1.5475194 -3.2210383
-2.987777 -3.4854329
-3.1618044 -3.6283717
-3.6018243 -2.1159105
-0.7018753 -4.0267234
-3.7766674 -2.459277
-3.4028234 -3.2980077
-2.8771803 -2.2138603
-1.7502642 -1.9526644
-3.902463 -3.0282109
-3.5427694 -2.9247696
-1.0969225 -4.1220837
-2.4668765 -3.5274122
-2.3093166 -1.7054117
-1.4470454 -2.3739588
-3.3273444 -4.064455
-2.1283581 -3.2150686
-3.6771228 -4.393639
-2.2129807 -2.0562966
-2.023906 -2.2837062
-2.0126996 -1.9045383
-2.6471736 -4.1553683
-2.4040935 -2.326474
-1.9358492 -2.3352208
-3.3531082 -2.286195
-1.5772166 -4.629036
-0.6967286 -3.1124067
-2.5514748 -2.0465736
-3.5265734 -1.9179783
-2.4538662 -2.9798799
-1.0553334 -3.01965
-3.4969552 -2.6685898
-1.7242867 -3.2225447
-2.3780904 -3.4025497
-4.4928775 -3.5999465
-3.5502617 -2.4579217
-1.2266264 -2.8617501
-1.6730441 -2.8768635
-3.3727744 -3.7211561
-1.5110927 -4.158713
-1.2960087 -3.8726373
-1.3715147 -4.7272143
-3.3880312 -3.636203
-2.6629176 -2.4803813
-2.5906267 -3.9115157
-2.0213094 -2.8890064
-3.9320755 -2.533019
-1.1532052 -2.7046378
-2.552273 -1.9347223
-4.2610292 -4.1675715
-1.9735883 -2.8670208
-2.3025897 -1.5370144
-3.0929382 -2.4914048
-2.2143075 -2.729196
-3.2074997 -2.3229506
-3.5439923 -2.1590328
-2.6069467 -2.564628
-1.9923701 -2.7769287
-1.9340231 -2.8903863
-0.3638961 -3.3825872
-1.2743143 -2.5147603
-2.4415104 -4.723008
-3.565185 -3.093278
-2.1779788 -2.940879
-2.469006 -2.339933
-3.099189 -3.8599823
-2.6468008 -2.6785412
-4.477679 -2.4083729
-1.4974122 -1.74509
-0.6946628 -2.0795753
-1.7576902 -2.7100937
-2.8703406 -3.9369493
-2.392314 -4.534249
-2.315947 -2.718266
-2.7186985 -3.1550534
-2.0756605 -1.90828
-3.7336795 -2.0510516
-3.234869 -2.6613731
-1.0698808 -2.1430488
-0.8621551 -3.6174455
-3.3926797 -4.0989857
-3.4870176 -3.1511142
-3.220909 -2.2217393
-1.8234255 -3.007438
-2.2210789 -1.6265174
-3.4237885 -2.1599717
-3.402373 -4.1087646
-3.2805667 -2.2373939
-2.2437704 -2.8394916
-3.7221088 -3.1631393
-4.899718 -3.2452667
-1.9295006 -3.1831846
-2.199047 -4.6659303
-0.8963689 -3.8102226
-1.223786 -3.413617
-3.258164 -1.7856394
-4.6405206 -2.137539
-1.5017436 -3.0232842
-2.7061458 -3.1782377
-3.5590038 -2.5857582
-1.1002569 -2.6743684
-2.3615637 -2.4022706
-2.3429568 -3.071356
-3.07547 -2.2887511
-3.6584241 -2.1436985
-4.0506105 -2.5177772
-3.982268 -2.1093981
-1.8741593 -3.5774624
-1.8567035 -3.3238451
-1.9776226 -1.2839725
-2.361328 -3.2154946
-3.4416618 -2.3873305
-2.599092 -4.4772334
-2.180775 -3.032667
-0.5625584 -5.582045
-1.3458558 -4.769801
-3.0670907 -2.8455374
-3.0648499 -3.1594636
-2.2591164 -2.184307
-3.5466313 -3.9751983
-3.3904085 -2.2914271
-4.8795915 -3.3944871
-3.0849092 -2.2811766
-3.586289 -2.356305
-2.6246386 -2.7030735
-4.289886 -3.503895
-1.1529789 -4.736117
-3.043893 -2.6425393
-2.6471677 -2.5881362
-1.7927128 -3.095438
-2.865597 -1.9901907
-2.4825628 -1.7580762
-0.7875266 -1.034904
-2.0289721 -1.0990705
-2.4099317 -2.30014
-2.0578926 -2.1733806
-2.7183263 -3.4143896
-3.835917 -2.3446825
-0.7435503 -4.1378636
-3.5090737 -2.4623713
-2.69184 -3.5615
-2.8906333 -2.135409
-0.75293094 -3.5465238
-2.9014268 -2.1713476
-3.5301404 -3.2875073
-3.187261 -2.1572974
-2.2891498 -3.4514518
-3.2608788 -1.8479687
-2.3814204 -4.008895
-1.6543484 -2.559367
-2.924245 -2.2121503
-2.7657068 -2.2796128
-3.4341924 -2.3153226
-2.43979 -2.6401255
-2.312119 -3.1226108
-2.7744777 -3.9980621
-2.5686986 -2.5494545
-2.6654837 -4.0161147
-2.7945976 -3.3769698
-3.2197938 -2.4122944
-3.1000745 -2.50281
-2.8786128 -3.2556388
-2.508058 -1.5960838
-0.75005066 -3.8217692
-1.4758854 -4.419298
-2.2082 -2.287743
-0.5842065 -3.2461183
-2.5482976 -2.3643985
-2.4355083 -3.5407186
-2.8489578 -3.7125967
-3.2007203 -3.3519697
-5.5461845 -2.8581166
-2.476913 -2.8340404
-2.0998209 -3.3762481
-2.7774653 -3.8363066
-3.0570574 -2.706545
-2.4484985 -2.170958
-3.2040596 -2.1440566
-2.1359375 -2.2236497
-3.9460156 -2.5294352
-1.8795451 -3.1637933
-1.4393871 -3.3763614
-1.8665391 -3.6210542
-4.023737 -2.0450745
-2.5094755 -3.3178632
-2.7730584 -2.2615185
-1.603221 -2.373312
-1.7705698 -1.9161681
-2.4066558 -3.6899295
-1.6668252 -3.8009627
-0.8906848 -3.8754704
-3.08249 -2.9974582
-1.4391118 -1.4734166
-2.251159 -2.7506855
-2.5523126 -2.6851025
-2.352176 -3.523053
-2.500968 -2.0517304
-0.41777968 -2.4398022
-2.1902823 -2.5801854
-2.6506271 -3.2482226
-2.5364666 -2.5119064
-2.7759988 -3.07692
-3.8911097 -2.656153
-1.9030027 -3.5863824
-1.1841214 -3.8354242
-2.9167843 -3.2364945
-1.9935579 -3.1651273
-1.6005149 -4.386734
-1.9513234 -3.502627
-3.4869528 -2.6364708
-3.0355945 -3.2098124
-2.4459684 -1.2963213
-2.6134605 -2.118418
-4.43629 -3.4397557
-2.8591073 -3.281205
-2.5841792 -2.9334009
-2.1061275 -2.861835
-4.1907754 -2.8998525
-1.2359191 -4.013259
-4.0371304 -2.5734782
-0.32028973 -3.3813114
-3.5284362 -2.6411169
-3.4602878 -2.698839
-3.312075 -1.4335679
-3.611868 -2.2490404
-2.0708232 -1.5236081
-3.87173 -3.2303345
-3.5752208 -1.3349382
-3.3541467 -1.608325
-4.05498 -2.070148
-2.3694725 -2.0802839
-1.1004827 -1.4877199
-2.5811074 -2.7925913
-2.6148508 -3.3303745
-3.0637085 -3.640691
-2.0132635 -3.688284
-2.4342537 -3.5966043
-2.038988 -2.4038908
-2.337012 -2.5639367
-3.3768227 -2.55961
-3.313465 -2.6513035
-3.976717 -1.9501401
-2.3455923 -2.6157904
-3.0008025 -2.1242306
-2.4594133 -2.6563182
-3.0084174 -1.2929138
-2.5238602 -2.093359
-1.8746161 -2.378211
-4.101594 -2.2109334
-1.968308 -2.6425304
-2.7376852 -3.1390676
-3.0779686 -2.6118448
-3.1483226 -2.7900171
-3.735279 -2.636873
-3.4075336 -1.6886668
-2.9950662 -2.6610193
-3.7473574 -1.6316086
-3.1502182 -2.6403687
-3.1837382 -2.716469
-3.327579 -3.166528
-3.1797736 -1.9119502
-2.3425865 -2.5223396
-1.6441971 -2.7387836
-2.9854512 -2.7430506
-1.0220602 -3.0780814
-1.9217056 -3.3351552
-3.8033543 -2.2308977
-1.4889954 -2.9338074
-2.9788656 -2.4354324
-2.4930108 -2.7388952
-1.8839524 -3.0203476
0.61053413 -3.6131108
-2.8328784 -3.1723409
-2.540679 -2.6410692
0.5032837 -3.7761679
-1.7286216 -2.871187
-2.2316368 -3.1781533
-2.5759406 -2.7547612
-2.9218304 -2.6794126
-3.3400593 -3.704247
-2.1196609 -4.818814
-3.520313 -1.9862558
-2.3445294 -3.0063496
-2.3605618 -3.400215
-2.4919438 -2.72143
-3.0431285 -2.2152476
-3.5240428 -1.7674682
-3.341274 -3.7591512
-4.0133815 -1.6971604
-3.618549 -1.9944215
-1.9961412 -3.0009952
-2.933387 -2.5871785
-1.6622802 -3.3797772
-2.4547637 -2.3373919
-3.246167 -3.6284091
-2.1257892 -2.858211
-1.690303 -2.3526134
-2.9715261 -2.0906515
-3.1685767 -2.3034687
-2.119182 -4.2541
-3.2250745 -2.897304
-1.8222288 -2.6451051
-0.8958942 -4.288477
-3.4401116 -3.81408
-3.9870157 -2.733195
-2.5907247 -3.2978585
-1.7207341 -3.6229868
-2.3593647 -1.6892812
-0.7617527 -3.6692963
-0.72701895 -4.092003
-2.5735075 -2.4000533
-2.5894651 -2.4686224
-0.9530345 -1.018814
-2.6193354 -3.552814
-2.0270305 -2.6516776
-3.7507467 -2.9744785
-2.6634467 -3.1649928
-2.4993489 -3.2822802
-2.3057053 -4.059595
-2.164024 -3.8998716
-3.0591094 -2.4024427
-1.6507335 -3.017316
-1.8064198 -2.8806665
-2.524306 -2.9006388
-3.534821 -3.3603528
-2.348756 -3.527001
-3.2749555 -3.3034213
-3.815289 -1.7532243
-4.1252513 -1.6375538
-2.2877092 -2.605017
-2.3931692 -2.3417826
-2.3312485 -4.522541
-2.209601 -3.9832325
-3.4022279 -3.5530906
-0.73056835 -3.3291676
-3.4388378 -3.9710956
-1.4889673 -3.5452592
-2.6869545 -3.1102638
-3.3953984 -2.333651
-2.6580446 -2.5724714
-2.228563 -2.0324256
-3.2416303 -3.7109478
-1.8767763 -1.5030944
-3.136056 -2.6539786
-1.7870197 -3.8495939
-2.138856 -4.009226
-3.3596551 -3.4729977
-3.2537537 -2.371019
-2.680535 -4.1374826
-3.211586 -2.4468584
-3.2692125 -2.633466
-2.0529692 -3.2768316
-3.215603 -3.4756355
-3.0230975 -3.5444512
-2.8843622 -1.7492433
-3.6590166 -2.0233638
-2.4307642 -3.112246
-2.2079816 -3.0839655
-2.7103553 -3.0616248
-3.5879319 -1.4427984
-3.160539 -3.798732
-1.8355849 -1.8906924
-2.4050148 -2.928951
-0.3733555 -4.338911
-2.7085452 -3.1234088
-2.7069025 -2.6684856
-3.9720638 -2.3483107
-2.151985 -2.0673702
-4.3896265 -2.2109585
-2.891208 -3.2236478
-2.7859306 -3.2064018
-2.6185348 -3.832341
-3.3858073 -1.8428854
-2.4114723 -4.973293
-2.5871558 -3.9273634
-2.1078455 -3.51745
-2.4374764 -2.8706179
-1.7178525 -3.3118715
-2.1868048 -4.012527
-3.50702 -2.3054574
-3.5644214 -2.621153
-3.0437129 -2.9446654
-2.514011 -3.241187
-1.993643 -3.332036
-2.5737472 -3.5830183
-3.244559 -2.390497
-3.2053535 -3.555289
-2.41253 -3.8068507
-3.0369787 -2.8296833
-3.6119535 -3.3328617
-2.2618434 -3.33582
-1.9723883 -4.0808606
-0.9759458 -4.7223263
-3.2283096 -1.3315625
-3.9116893 -2.7317562
-3.1730795 -3.0156746
-2.406303 -3.8220522
-3.6724966 -2.4459264
-2.925071 -1.727943
-4.456046 -2.949057
-2.8361917 -2.9333367
-1.5143057 -2.0727873
-2.4317257 -2.3936167
-1.4479682 -4.237177
-2.830943 -1.7053791
-3.0328062 -3.4219697
-2.5693715 -1.6183798
-4.3697796 -2.6852078
-2.36211 -3.4530404
-2.3664374 -2.7747812
-3.8865113 -3.6882596
-3.3337407 -2.9724
-2.4254584 -2.641966
-3.1458437 -2.1963232
-2.2689521 -2.5750554
-3.669883 -2.3098047
-0.57848144 -3.712378
-2.8085368 -3.448974
-2.9090028 -2.4387093
-1.8573304 -4.731017
-4.123346 -2.2417357
-2.013702 -4.3025737
-1.9852812 -3.5498517
-1.3724116 -4.909942
-3.033261 -3.4601562
-1.8847928 -1.9305117
-2.3859825 -3.1581419
-3.3872988 -3.921952
-3.83291 -1.5816219
-4.0925827 -2.8273242
-2.6375978 -2.6532521
-2.2069023 -2.8497496
-1.370486 -2.1876976
-2.7154183 -2.1723244
-3.4389913 -2.9889956
-0.85627854 -3.6507406
-1.547893 -3.1659927
-2.1578293 -2.766235
-2.9315925 -2.7634544
-2.793253 -2.4712584
-3.1492984 -2.534896
-2.973815 -2.8040793
-3.133152 -2.8794541
-2.1651237 -3.2205775
-4.2676725 -2.0282643
-2.1920166 -3.0928411
-1.6791924 -2.6716223
-0.89391595 -3.3355982
-3.0082617 -2.2997706
-2.7112994 -3.4074874
-2.6011617 -1.8779517
-3.1545544 -2.2346625
-2.809147 -2.500662
-1.36712 -4.4196987
-1.47178 -2.814283
-2.6428373 -2.6039574
-2.545758 -3.2708054
-3.4364588 -1.6278462
-2.9510307 -1.692012
-2.5253894 -2.4199219
-2.1496623 -4.5413465
-1.895288 -1.577313
-2.0602477 -3.7878835
-2.7054663 -2.0543115
-1.787096 -2.9652467
-2.1194882 -3.4095368
-2.81073 -2.1541185
-2.4690912 -2.1709142
-1.9971807 -1.9937185
-0.99123245 -2.4510665
-4.020444 -3.307239
-2.4030876 -1.3888215
-3.00614 -3.6940465
-2.342229 -3.6794915
-3.2363033 -2.9344006
-4.4394975 -1.1940435
-0.8877525 -2.1063733
-2.1099803 -3.408966
-1.6168901 -4.677109
-1.8036473 -3.144502
-2.750331 -1.6501503
-1.6764083 -2.2546895
-1.5666442 -3.0803614
-3.6170905 -3.1940928
-1.836774 -2.65052
-3.2730703 -1.4918102
-3.806718 -2.3268976
-3.4360435 -3.1814852
-2.1071086 -2.9538233
-2.0087817 -3.331416
-2.7887323 -1.9428644
-2.3194547 -2.6734366
-2.1739857 -4.0843005
-2.4729702 -2.7605898
-3.568433 -2.273313
-1.1939907 -2.4304376
-3.1300445 -2.654204
-2.342664 -3.4633522
-2.834554 -2.1565611
-2.737685 -3.5158448
-2.7633874 -4.1526794
-2.7454796 -2.3342147
-2.5882776 -4.20828
-1.9666029 -3.761097
-1.5217558 -2.4349666
-1.9349779 -3.2815847
-2.9860942 -3.0064907
-1.6759225 -2.6029522
-2.1078455 -2.6119084
-3.8926334 -2.1535938
-3.4932468 -3.2628436
-2.2685106 -2.644537
-3.2685244 -2.1532962
-1.9753606 -2.0488605
-0.8730761 -2.944062
-1.9856803 -2.4960458
-2.7105353 -1.3913417
-1.1340928 -3.221608
-2.079638 -3.289567
-3.1639528 -4.475482
-3.313727 -3.3828676
-1.1855509 -3.605399
-1.8384414 -5.0213284
-2.6286986 -3.2568297
-2.7578697 -2.3313665
-2.9482217 -4.698215
-3.6929762 -2.4794872
-2.8770864 -1.7781614
-2.2777588 -3.091343
-2.6162794 -2.162916
-2.1583009 -3.892025
-2.244894 -3.8315628
-2.784381 -4.232918
-3.7979522 -1.8910941
-2.0371063 -3.9857523
-1.8217491 -3.9801881
-3.098472 -3.267848
-3.7046437 -2.0793176
-2.007388 -2.9405859
-3.7494748 -2.5943174
-3.9213717 -3.4943066
-2.218095 -3.3856897
-2.442024 -2.4441116
-2.1150062 -2.6347196
-2.1471748 -2.17931
-1.6843399 -2.328077
-1.9904618 -1.6109909
-3.7696846 -3.127196
-1.7372236 -2.4753637
-4.3120813 -3.2046735
-1.4026718 -1.9432209
-1.5112629 -3.488653
-4.1934495 -2.9671972
-1.766576 -2.7383714
-2.3095467 -3.5910578
-3.0160413 -3.0944629
-2.2065053 -2.4491713
-3.5919783 -2.5773423
-2.6750848 -2.8849504
-2.3742192 -4.620977
-2.2954884 -2.512918
-3.5158107 -3.216156
-2.2072515 -2.3255622
-3.4299974 -2.3969173
-1.9026927 -2.5253506
-2.8820343 -1.6286157
-3.1115923 -1.9002445
-2.326137 -1.5304254
-3.6955233 -1.7306443
-2.4813347 -2.9023707
-2.5685174 -2.9037232
-2.063277 -3.5082238
-3.456432 -2.838679
-1.9403954 -2.2679107
-3.661867 -2.1446114
-2.6003346 -3.5292227
-3.5055702 -2.344278
-2.888426 -1.6690114
-2.2519734 -1.8789755
-2.6261134 -2.107784
-2.8631592 -3.9311204
-2.8445132 -2.2568812
-3.4736464 -1.9861476
-1.5394385 -4.8447266
-3.7413027 -2.867343
-2.6528676 -2.4774964
-3.033652 -2.763375
-2.213686 -2.002892
-3.3953145 -2.84664
-1.714231 -2.9732985
-3.203091 -2.6247802
-3.582863 -3.8261163
-2.815803 -2.8831804
-2.6170788 -2.5434816
-2.8027306 -1.8613076
-2.2583907 -3.669049
-3.1909716 -1.9331588
-2.0874975 -2.450516
-2.9068637 -2.3303535
-1.8960398 -2.4529803
-3.1183748 -2.0607214
-0.97480315 -1.9383582
-1.3592703 -3.767994
-2.5711346 -3.4861045
-1.3532435 -3.4433336
-2.7593303 -2.8761775
-1.169549 -3.985866
-2.7708304 -3.1800227
-3.397239 -2.7777483
-2.6220636 -1.604445
-2.7514942 -2.6183355
-1.0584103 -2.821381
-4.702285 -3.5713623
-2.828114 -3.1325264
-2.9790535 -1.1066631
-2.6040626 -2.085966
-3.8112931 -2.776096
-3.1661184 -2.8073359
-3.013051 -2.8482647
-3.3708704 -2.2890954
-1.5080483 -2.460977
-2.3385234 -3.075478
-3.1592352 -3.6213958
-2.9762945 -1.249191
-1.9431112 -3.2482572
-6.367212 -4.602871
-2.6009066 -2.447789
-3.6436076 -2.5810525
-2.2943366 -2.9668324
-3.6064327 -2.1812015
-2.3650413 -2.4513564
-4.2660236 -2.6356597
-2.7637215 -3.0347333
-3.0957646 -2.4764338
-0.25621828 -3.2464995
-3.3669314 -2.2378953
-2.3864694 -4.100032
-3.131452 -1.2635053
-3.8673751 -2.4219155
-2.9286797 -1.7647642
-2.6949 -3.2634757
-3.4731853 -2.1778717
-2.9794824 -2.1347103
-2.4113202 -3.4033313
-5.311912 -4.7010713
-2.16921 -2.4663956
-2.3733904 -3.7866588
-2.4965296 -3.0715363
-2.6986573 -2.1940641
-2.891232 -3.262882
-3.6549604 -3.1521385
-1.4170023 -3.6744905
-3.1184158 -2.0863228
-2.5629294 -3.324011
0.11383401 -3.7404573
-2.554679 -2.8367264
-2.8677907 -3.6798809
-2.7736535 -2.5355031
-2.3750188 -3.2193718
-2.2695155 -2.3184123
-1.2846206 -4.195597
-3.6386666 -2.836969
-2.9117296 -2.7468436
-2.7747166 -2.898515
-2.3405583 -2.3523932
-3.5863035 -4.1961794
-2.1549947 -2.2269366
-4.279918 -3.6625545
-1.5036792 -3.7368114
-4.2647486 -2.9158955
-3.1609807 -2.7460282
-2.4940488 -2.0575874
-3.3667247 -2.5653002
-2.049347 -3.654519
-2.9151728 -3.301908
-3.2950113 -3.2063515
-4.042379 -2.5852835
-2.272559 -3.3894348
-2.661111 -1.601489
-3.3633175 -1.7045972
-4.197829 -2.5871272
-2.6138113 -4.1091537
-2.6380424 -2.7585404
-1.1516881 -3.9063616
-2.2711895 -2.8048196
-3.0100753 -0.95728254
-3.0187516 -1.9919217
-4.195345 -2.640171
-2.8662949 -3.2806134
-2.049536 -2.8391244
-3.1600962 -3.7761662
-3.8985775 -2.2753005
-0.9534492 -2.443375
-2.6543162 -3.7291305
-2.731662 -2.8395133
-2.7553132 -1.6628395
-3.4155838 -2.1450083
-3.478922 -3.4989977
-3.0489361 -2.0254514
-1.0449288 -3.6505387
-3.207137 -4.058667
-2.8274906 -1.7933555
-4.970649 -3.1349258
-2.1687155 -2.9659505
-0.9765479 -3.593288
-2.7233925 -3.5423002
-2.8080835 -1.8127722
-2.8016787 -3.4863164
-2.8383274 -3.222594
-3.3869734 -2.7096097
-2.6222053 -2.5625908
-3.1838007 -1.6878568
-3.0619037 -2.7677119
-1.7690812 -4.015691
-2.8494422 -1.6835654
-1.6796845 -2.8754847
-3.8720582 -2.81077
-3.9213963 -2.899162
-3.7609968 -2.8158734
-0.9951968 -2.5262432
-2.3579736 -2.865243
-3.1872463 -2.848067
-2.689857 -3.4314747
-3.9865298 -3.4086444
-2.6541054 -2.6897967
-2.0772488 -2.844664
-3.7741458 -2.5308805
-2.835872 -3.14784
-3.2960217 -2.7599354
-1.6246564 -2.4213538
-2.8661528 -2.2111206
-2.3640373 -1.9593941
-1.2304312 -2.7579134
-2.0059323 -3.6490061
-3.2883017 -2.7081342
-3.5698047 -2.123984
-2.6518097 -2.7626815
-3.3103874 -2.4018962
-2.12072 -4.3386106
-3.1032457 -2.6627603
-1.4858377 -1.4543198
-1.7879323 -2.7727177
-1.2189183 -2.5128715
-2.7616603 -3.8982186
-3.676343 -1.6850082
-3.0949495 -3.5385344
-2.4941616 -0.27824247
-2.511476 -3.0433557
-3.0355747 -3.414149
-0.8946714 -3.6771576
-2.4869757 -3.168223
-3.7819548 -2.3162198
-1.3205695 -1.8466898
-3.8725712 -2.3866565
-3.1705804 -1.9310642
-3.0463777 -1.9559631
-1.506675 -3.7000165
-2.5118895 -4.469205
-2.0568235 -2.5684502
-3.1706731 -2.177049
-1.9305001 -2.3927934
-2.6047215 -2.468067
-2.2415624 -1.8917419
-3.5350604 -2.5908403
-2.521824 -1.7825979
-2.2158983 -2.749636
-2.4050844 -2.83128
-1.5098128 -2.0915549
-4.092868 -2.0969882
-2.133047 -2.0400982
-3.341922 -2.5912075
-4.1512 -3.126953
-2.0959578 -2.7456467
-2.3743682 -2.5814528
-3.0973284 -3.0241768
-1.8292996 -3.0774074
-2.827744 -2.6249723
-3.460435 -1.7197533
-3.350616 -3.966833
-3.0255198 -1.2847924
-2.8173292 -1.9763253
-2.770636 -2.1876738
-1.6824641 -2.9918525
-3.5941787 -2.5521557
-3.6693547 -2.5852196
-1.4996164 -3.48957
-2.9534452 -2.3965116
-3.8998206 -1.7096126
-2.6186461 -1.3699821
-2.868325 -3.0297458
-3.4597228 -3.4862773
-2.4985824 -2.94028
-2.5239964 -2.9139614
-4.1994915 -2.4031234
-3.0262666 -2.1087518
-2.6207776 -4.759852
-3.371415 -2.9543197
-3.0742 -2.5207777
-2.1735454 -4.48358
-3.1091094 -2.4714339
-3.7265556 -2.7655995
-3.1015413 -2.4195502
-1.6942751 -2.9997313
-1.7333285 -2.4898605
-3.1097655 -1.4934316
-2.9990482 -2.4157114
-1.8294274 -2.5244927
-2.8878613 -2.0072315
-2.701692 -3.3095963
-3.7248516 -2.7918057
-1.5060617 -1.6551912
-3.6171455 -3.4851236
-1.4658084 -4.0015182
-3.306322 -2.6986175
-3.2236834 -2.6011348
-3.9737933 -2.7282522
-2.5112906 -3.062098
-1.8926853 -4.573372
-0.6697485 -2.713956
-3.1904948 -2.2074635
-2.9045882 -1.4857967
-2.260157 -2.663808
-1.4974185 -2.0239787
-2.8308527 -4.031788
-2.0095367 -3.9367232
-3.7618864 -2.4730918
-3.5148733 -2.1163242
-1.4937973 -4.072166
-3.3996353 -3.9251611
-3.8349664 -1.7832053
-3.319889 -2.5383282
-2.4365118 -1.651347
-3.031805 -3.388095
-3.013875 -2.145743
-3.6089292 -2.432416
-2.2020752 -2.634498
-2.1718988 -1.9364177
-0.8488597 -3.37653
-2.6172056 -2.2765079
-1.1001642 -2.2735765
-2.262916 -2.9701884
-3.2438345 -2.288117
-3.4091363 -2.774127
0.5968842 -2.2703073
-1.5020186 -2.361088
-3.3025637 -3.2949693
-1.0501809 -4.1217985
-1.1261011 -2.8941078
-4.0321126 -3.225253
-3.9821978 -1.7762161
-2.4558954 -2.9016712
-3.3116772 -1.9979541
-3.218672 -3.6561544
-2.6878169 -3.6984425
-2.6080534 -2.383961
-2.5443974 -2.7759006
-2.5287519 -2.4322793
-3.4260356 -2.3260968
-2.2454364 -3.8959455
-2.8895543 -3.6943607
-4.508999 -4.7096105
-2.658012 -1.9710504
-2.4977558 -3.3024986
-3.8549104 -3.9799502
-1.7188071 -1.1006907
-3.0283897 -2.746968
-2.7322867 -2.934037
-2.4130902 -2.412421
-1.4816306 -3.3338175
-2.022104 -3.8228388
-3.2567952 -1.7453748
-3.638777 -3.1698847
-3.5576208 -2.9562356
-1.6187977 -2.549226
-1.7821708 -3.1264796
-3.1236157 -3.1270845
-1.5643458 -2.9117162
-1.5873662 -4.1589646
-1.2304615 -4.3398614
-1.8692883 -1.4186901
-2.9174862 -2.600354
-3.5369136 -2.548875
-2.2156367 -3.1852415
-2.7548525 -2.5555031
-2.5031178 -4.2125955
-2.0554488 -1.9191844
-2.3861203 -2.6209235
-3.070825 -2.4723804
-3.9326377 -3.3289137
-3.5276837 -3.2902882
-1.2699014 -4.3740034
-2.3632479 -2.0907688
-2.6710443 -2.5155349
-2.2386413 -3.7080555
-2.2243073 -4.0095296
-1.7650478 -2.2533467
-3.6691275 -2.7197766
-1.9024303 -2.309407
-2.2713163 -4.47146
-2.8631613 -4.292785
-1.8078626 -3.2257442
-0.9891082 -3.3588736
-2.917943 -3.1038105
-2.761778 -2.0899634
-3.0645585 -3.319059
-1.958982 -2.792751
-3.1199243 -1.9678787
-3.3849466 -1.6438618
0.028040007 -3.7489822
-3.8592677 -2.5066328
-2.8457296 -3.2217555
-2.0883749 -3.1247163
-3.263078 -2.7862988
-2.2398543 -1.9536575
-1.9579955 -1.9407687
-2.310086 -2.3812158
-3.103721 -2.9811127
-1.5254377 -3.2836275
-3.9245062 -2.9194508
-2.1774988 -3.0239275
-2.9249947 -2.422359
-3.384799 -2.3790796
-3.504965 -2.8673046
-0.9824926 -3.3782818
-1.6284627 -1.9432361
-2.4281483 -3.1253626
-2.7611678 -2.8055675
-4.3380356 -2.544925
-2.4691255 -2.558481
-3.7514136 -1.8906598
-3.1818795 -1.9089854
-1.0741514 -4.1467834
-2.0747757 -3.6602867
-1.737653 -3.3782623
-2.261445 -3.8436635
-1.816023 -3.6984382
-2.2315083 -2.0143054
-2.0073311 -2.9842315
-1.9366437 -1.9937485
-1.926059 -3.0803325
-0.7252904 -3.6689768
-3.2519517 -3.0140064
-1.9882194 -4.354329
-2.5646195 -2.298311
-1.3341193 -2.6543972
-2.974325 -3.0001838
-2.0457578 -2.1018891
-1.8049991 -3.070309
-2.323281 -4.870139
-1.7075789 -2.0924096
-3.3303933 -2.919199
-1.8425895 -4.179687
-3.5080097 -2.4826148
-1.8276932 -2.9731653
-2.9168885 -4.0234165
-3.2666 -1.3467575
-3.956358 -2.9438412
-2.179812 -3.4407961
-3.204009 -3.4533405
-3.057365 -4.2230287
-1.334282 -3.5144088
-2.051419 -3.398341
-2.6104155 -2.7074418
-3.4027178 -2.593703
-2.1880305 -2.525512
-1.2716037 -3.8199918
-5.008164 -2.2749255
-3.43184 -2.05961
-3.0429451 -2.2987237
-3.2919173 -2.401628
-2.7909071 -1.7344716
-3.3534856 -1.667426
-0.4952645 -3.5743208
-1.8626362 -3.116581
-3.138834 -0.7237234
-1.4319544 -2.3797572
-4.4459405 -2.940831
-2.71814 -3.3654826
-2.9756947 -3.361228
-1.357477 -4.2354584
-2.034062 -2.986153
-2.6889355 -2.919229
-2.5009053 -1.8547436
-2.175742 -2.6003108
-4.0535054 -2.9459434
-2.31935 -3.3041463
-3.5901346 -2.8057954
-3.0829732 -3.644824
-2.2560759 -3.3699422
-2.8132493 -1.4692751
-2.0235856 -1.884844
-3.081163 -2.7770982
-2.4460287 -2.3746495
-1.2368801 -1.5762137
-1.2649685 -2.6503236
-3.3906462 -2.1162093
-2.090082 -3.743171
-3.3196933 -3.078983
-2.946927 -2.5839293
-2.4090898 -3.2688348
-2.143088 -3.2935479
-3.4012806 -1.908103
-2.6926374 -4.2769995
-3.2048645 -3.3212714
-4.1559544 -2.195434
-0.9757285 -3.499889
-3.2970552 -2.0893683
-2.5624683 -2.1179538
-1.531141 -2.3670986
-1.4011897 -4.0771427
-3.2641928 -1.7582057
-2.171299 -3.0348966
-0.89122874 -2.441285
-3.2286074 -1.4991753
-2.3524892 -1.9552506
-1.6500211 -1.9013036
-2.2505414 -3.8443735
-2.707537 -3.472578
-2.8129344 -3.0888026
-1.1345421 -3.0825856
-0.32122266 -2.3772771
-3.1217813 -0.98837006
-2.8124046 -3.0763361
-3.193103 -3.672083
-2.5010428 -2.766995
-2.566101 -2.4220738
-2.7690678 -3.2736685
-3.1620317 -1.9664124
-3.5402608 -2.427709
-3.6484458 -3.020726
-1.0933585 -4.8733654
-2.813493 -3.4754026
-3.4789248 -2.3522868
-1.9814758 -3.5022109
-2.388463 -3.1110795
-2.4404056 -1.4399399
-2.6067908 -2.7592652
-1.4288139 -4.4255037
-2.6940403 -3.1734734
-2.7477043 -4.341563
-2.7522898 -2.2826464
-3.4428902 -3.0819693
-3.1844144 -2.045419
0.09268816 -2.5365195
-2.0191355 -3.703101
-3.120888 -2.7990015
-3.2459135 -1.9225234
-2.8728948 -2.4158008
-0.6184527 -2.38911
-1.8293442 -3.44631
-3.092033 -3.5512161
-2.3743727 -3.442261
-2.4255347 -3.5991566
-0.8083212 -2.0697858
-3.1056564 -4.1328254
-4.0392027 -1.6515149
-1.3505821 -4.270283
-2.933325 -2.5118363
-3.1620634 -2.6110291
-3.0425386 -2.6897776
-3.202013 -4.677489
-1.6873267 -2.6468403
-1.445718 -4.3213944
-3.072528 -2.6567817
-3.068677 -2.2098303
-3.9581456 -2.626285
-3.5043795 -2.3176413
-2.346174 -2.1212893
-2.337179 -3.497898
-2.309393 -2.4483736
-1.6852745 -2.1314726
-2.4879956 -3.4022992
-2.132594 -3.7898273
-1.9778886 -4.161179
-0.78088117 -3.7433457
-3.483638 -2.0715663
-1.0171214 -3.1388147
-3.0097232 -2.135884
-1.7502925 -3.299453
-1.8532549 -1.4056625
-2.8937082 -3.345034
-2.1217103 -2.1582475
-2.62366 -1.3242029
-3.6011124 -3.1542697
-2.5153723 -3.0373726
-2.3720627 -3.5894506
-3.854789 -1.7808267
-2.5394447 -3.1108
-2.1883557 -2.7109356
-2.5618947 -3.3508258
-3.1811783 -2.636977
-3.425898 -2.9563413
-1.1658019 -2.5698278
-2.110259 -2.417526
-2.834645 -4.1514325
-1.9874778 -3.1642566
-3.3019507 -2.3320286
-2.7630532 -4.880621
-3.1824577 -3.5373878
-1.4654269 -4.394913
-2.6086953 -4.0643125
-3.3831813 -2.2757447
-3.20406 -3.3315713
-2.272906 -2.4313188
-2.149669 -2.838402
-3.1496317 -2.9926107
-3.0134938 -2.3463945
-1.122822 -3.2605686
-1.8006995 -3.0511518
-2.6566195 -3.0631602
-2.718886 -1.808052
-4.1907573 -2.6052542
-4.157825 -2.6563652
-3.5083501 -3.630156
-2.3201463 -2.0920346
-4.015178 -4.3336606
-2.5591495 -3.2869637
-3.4101322 -2.5505755
-3.1254764 -3.100486
-2.3885176 -3.585974
-2.3760288 -4.116216
-3.7173042 -2.0638576
-2.1694558 -1.646279
-1.3819201 -3.670231
-2.4776435 -2.8026052
-2.85662 -2.4320822
-1.005671 -1.3401814
