-1.0119821 0.5406039
2.6367664 -0.09249556
0.22741584 -0.069698244
0.026230201 0.083640695
0.9944652 -0.41539568
-0.5965905 -0.047124103
0.62001383 -0.21069546
0.7441452 0.12366411
-0.2564544 -0.49591878
1.1958756 -0.30800736
1.8343817 -0.30452767
0.37987745 1.1682413
1.4468539 -1.4027379
0.4941845 -1.1777183
-1.0621508 1.0017772
-1.516975 0.432952
0.9013273 0.24998787
1.3700663 -1.1713204
-1.5068395 -0.6389389
0.93954307 0.13714322
0.6518048 -1.0803014
0.028512374 0.35805047
-0.27721226 -0.9728899
2.4632897 -0.6710616
-1.2792722 0.11244455
0.219126 -0.20835485
-1.3745087 0.4392432
0.18023475 -0.094001636
-1.0552638 0.4577756
-0.18443947 -0.4433545
-0.6472204 -0.21715881
0.7285999 -0.49174353
1.6752378 -1.9210479
-0.9666669 0.20914775
-0.2672238 0.13963199
1.2135019 0.6328666
0.5416267 0.6947815
-1.4439687 -0.23982169
-0.8388924 -0.12926671
-0.9996373 0.23002082
-0.71511066 1.4283288
0.96039706 0.24785605
1.1716554 0.97215027
-1.1560982 -0.12322633
-0.6526214 0.9416602
-0.76766217 -1.0820049
-0.7277054 0.62612563
-0.5815382 -0.1423116
-1.0074625 0.3340103
-0.8054413 -0.29018325
-0.38664842 0.17927846
-0.019502819 -0.552916
0.65143406 -1.0134064
1.752129 0.3999049
-0.061164066 0.45489872
0.45076954 -1.0012283
1.1172621 -0.14872466
-1.261726 -0.23968814
-1.0778006 -0.017864868
-1.0548952 0.11835438
-0.74172044 0.030041158
-0.52603513 0.18347412
-0.01352866 -0.0313631
-1.5447819 0.25290975
0.4888081 0.12881452
0.43942684 0.10282916
0.76493424 -0.69690883
0.28752017 1.0765696
0.06832744 0.77837807
2.8764572 -1.4051075
0.1475005 0.4061318
1.5530039 -1.6986232
-0.3547163 -1.3467226
-1.5375569 -0.25520426
0.62446374 0.9033547
-0.36124414 0.5422125
0.4410621 -0.3560974
-0.60687125 -1.8215036
0.43523782 0.57763046
-0.6602068 -0.0040699393
1.210398 0.6456522
-0.29461995 1.19819
2.3871617 -1.2663417
-0.55451787 0.035627365
-0.47223386 -0.5261104
-0.11831038 -0.1851856
-0.25093773 0.30097103
-0.45950148 1.9690425
-1.0474359 -0.2579128
1.3431883 -0.5962145
0.6505849 0.43227607
1.2547097 -0.8028672
0.4649529 -0.9355334
1.1363001 -0.4607937
-0.49460864 -0.9991053
-0.237153 0.6001703
1.0222371 -1.1924852
-2.0852718 -0.5608483
0.9020371 0.45998305
-0.62980574 0.72383314
-0.07564238 -0.9789011
-1.0368105 0.27508074
-0.85683286 1.1734848
0.018863931 1.2664647
-0.45133227 1.4395659
-0.5024052 -2.0431948
-0.9528853 0.012093961
1.3814443 -0.24436273
0.23239 -0.13416055
-0.23364396 0.5062104
-1.3873365 -0.95912653
0.9637378 0.5169889
0.5591092 -0.61618614
-1.7842703 0.7486223
-0.98096097 -0.39251631
0.34459674 -0.89593464
-0.14407358 -0.38583618
-0.8749849 -0.73719937
0.54206264 -0.8516331
0.73640084 -0.8706457
-0.83072597 0.4974137
1.4456017 -0.35897255
-0.72386855 -0.032767624
0.7710896 0.4934032
1.6217426 -0.058864653
-0.606905 -0.011013389
1.7044703 0.87005705
-1.6570915 -0.5697886
0.9147913 0.1458134
0.0015824586 -0.7103256
0.9326437 1.0319333
0.5288245 -1.4636922
-0.9510351 1.1423602
0.61572766 -0.96581364
-0.14706588 0.43346542
0.5131436 -0.71630454
0.113938496 -1.3669186
-2.0251186 -0.71125793
0.3953702 -0.06372966
-0.0222179 -0.9410271
1.1549349 0.9007357
0.72481877 1.1049404
-0.4000092 -0.26090044
0.0043856055 1.5331478
1.123402 0.35766417
1.0196685 -1.3606062
-0.40648562 -0.82582706
0.5690232 -0.049528584
0.5005844 -0.6644745
0.66054887 -0.5099054
0.108681366 1.361249
0.9220304 -0.064288914
-0.24026614 1.2149539
0.42128646 0.4699679
0.17574804 -0.27592295
0.63692755 0.23724556
1.1564752 0.5930947
-0.82946813 0.7787246
-0.44448942 0.61566275
-0.92933893 -0.5655522
2.3069654 -0.88069415
-1.9666374 -0.26625562
0.19457273 -0.44872192
-0.2647554 -1.047781
-0.14929584 0.18349278
1.4893042 -0.42542142
-1.167289 -0.6333964
-1.595245 0.3670252
0.5471114 -0.0024034083
3.0884817 -0.9593289
0.16353215 -0.113256544
-0.056286797 -0.4665711
1.6787778 0.76887876
0.80075496 0.008639127
0.40294307 0.82501453
-1.308472 0.424039
1.5968498 -0.54240286
-0.35750574 1.2547672
-0.11403157 -0.3471758
-0.025324255 -0.054963976
0.3238744 0.13628703
0.082524255 0.856361
-1.187843 0.027688682
1.3897798 -0.10829292
0.706477 -0.3107475
-1.7743105 1.0989778
1.1712105 1.641633
-0.7491579 -0.70112085
0.39667797 -0.76387495
0.9532679 -0.65738374
0.15922116 -0.40081185
0.7206996 -0.22802354
-0.680052 -0.46251783
-0.66569686 -0.11814085
0.28612798 0.29964465
-0.61296874 0.15514576
-1.6958821 0.7298451
-1.0329261 0.47985232
1.5426352 -1.5220098
0.1237583 1.4244819
0.1940407 0.913348
1.3591678 0.07987362
0.65526867 0.44135988
-0.3387445 0.12279695
-0.07570176 -0.8913527
0.8370785 -0.82279575
-1.0214916 1.1118712
0.55199414 -0.7435608
1.1025336 -1.398413
2.5436347 0.3682238
0.8061448 -0.040875494
-0.27097914 0.24842903
0.9908635 -1.9315772
1.2045574 -1.0676179
-0.005655661 -1.356911
-1.082912 -0.12942336
1.4555428 -0.33314717
-1.1211889 0.42448634
0.108244255 -0.93961316
-0.1861921 0.6249354
-1.017023 1.1551068
2.3041093 -0.28520048
1.7195233 0.23345006
0.53328866 -0.74117976
-0.36137682 0.500744
2.3586895 0.2087549
-1.3768659 0.661806
0.32562447 -0.6952498
1.6216489 -0.34582043
0.017610416 0.25824177
-0.5022908 0.783474
-0.837834 -1.3496344
0.8438861 0.7077475
-1.1486977 0.7917487
1.1921844 -0.38341784
0.95633215 -0.8852085
0.3815136 -0.30729282
-0.118181854 -0.7372114
0.9303227 -1.3789368
0.27324373 1.404805
-1.2424135 0.44484913
0.3648957 -0.7453887
-0.6941977 -0.23593141
0.38569438 -0.15803364
0.5810754 -1.569421
-0.78950506 0.5597925
-0.26459286 -0.9169577
0.053413674 -0.60400736
0.4940465 -0.39567822
-1.5684534 -1.4598608
-0.41420108 -0.18304905
-1.0629704 0.82628864
-0.52258 1.0351746
-0.33717144 0.18685687
-1.1387715 -0.1752907
-0.66852576 -0.4313648
-0.37992305 1.0286622
0.16811402 0.5349211
-0.70934606 0.56000465
0.8505314 -1.9817278
-1.2936708 0.16611224
-1.0172056 -0.7941908
0.15026732 0.43351686
0.643517 0.2236183
-1.4794546 -0.4027527
-0.8337861 -0.26104578
0.6454417 -0.99856377
0.7605913 0.6442299
1.4799365 -0.8323022
-0.42742395 -0.030596316
-0.75750923 0.08146697
0.56197184 -0.44947055
0.6419469 0.55295616
-0.024121448 -0.5975796
-0.48917305 -0.6583171
-0.36362588 0.09123996
0.9667155 0.6958763
0.6107077 -0.19839534
-1.195314 -1.0227252
0.84039134 -0.3375522
-0.5576153 -0.6640438
0.4979366 0.18227237
0.044299677 0.9353692
1.0834934 -1.139214
0.086210355 1.6803935
0.04463859 -0.9055976
-1.3101416 0.243112
1.7589487 -0.78320277
-0.52438796 0.9184119
0.7828817 0.21606705
-0.3121721 0.30164605
0.057479784 0.13997507
-0.25844225 -0.1668797
-1.4528775 -1.739234
-1.1868182 0.93826514
-1.1599354 0.8843803
-0.32550332 0.6133384
1.2369188 -1.4575362
1.21553 -0.90664744
0.70643955 0.6656541
-0.29799265 -1.5464287
0.3246879 0.47133684
1.4285798 -1.4111893
1.2537386 -0.6748221
-0.063654184 -0.15862066
0.005183682 1.395822
-0.3590905 -0.30838883
0.6058805 -1.7049475
0.87340134 -0.7818881
-0.97063345 0.86676246
0.99413365 0.6235999
-0.35050377 -1.2997794
0.3346635 -0.4967964
0.6843737 -1.3223386
-1.747855 -0.41599894
-0.45601326 -1.1417272
-0.13047634 0.10396999
-0.89780796 -0.20599061
-0.16895002 0.41440904
-0.43828356 -0.48397952
-0.60049015 -1.4534523
1.7705795 -1.3086832
1.7498816 0.15591127
-0.7557999 -0.059276506
-0.17206416 -0.8694702
1.6236684 -2.417026
1.4819534 1.5651019
0.18987001 -0.13028634
-1.6217915 -0.62878895
0.5747299 0.89383096
-0.13029598 -0.65964603
1.3611842 -2.201009
-0.6172735 0.3619516
0.93100363 -1.8104029
-0.43288144 -0.5628799
-0.08479604 1.152915
-0.38850126 0.04842511
-0.67897 0.48033136
-1.0409802 -0.6638757
-0.2233769 0.5212558
1.1792231 -0.9345694
-0.0846889 -0.12105362
0.14777179 -0.21292976
-0.9292866 0.61160505
1.5950427 0.28089488
1.3121314 -0.6219077
0.80475396 -0.45813012
-1.8238176 -0.14523529
-0.78558564 0.101408124
-0.29795772 -1.7260973
0.48983562 -1.183926
1.21877 -1.1446719
0.13533948 0.118477345
-1.1200901 -0.186847
1.9993578 -0.8879709
-0.5475778 -0.5980622
2.5298607 1.2884605
0.5667784 0.16316646
-1.1450957 -1.3327007
2.7987576 -1.2410488
0.42240644 0.095614016
-0.647118 -0.081548125
0.6668407 1.2175524
2.0385518 -1.479249
-0.5536689 0.06141609
-0.8479012 -0.117828116
-0.14580281 -0.51471615
-0.08439228 -1.068016
1.1628662 -0.6369704
-0.8179095 -0.13492125
0.7968914 -0.10534145
0.39357382 0.5360849
0.11240058 -0.7871769
-0.5641311 -1.7864485
-1.0753556 0.47382796
-0.507165 -0.53346205
-0.088152856 -0.33315974
-0.8242253 -0.08872996
2.1208315 -0.48569667
-0.040468365 -1.0835148
2.7540028 -1.2464194
1.0162624 -2.7716112
1.7103992 -0.63961023
-0.35265315 0.87823516
-0.6073542 -0.49904948
1.7729856 0.74967635
0.03066431 -0.55219865
1.571113 -2.535069
0.46793586 -0.1615265
0.95277756 -0.5201034
-0.15140885 -0.8863776
0.2935676 0.81632894
0.33717394 -0.49845085
-1.6629096 -0.46989566
0.5466665 -0.17255247
-0.77172387 -0.017200977
0.32842183 -0.41567484
1.2966485 -0.16408974
-1.388358 0.28362173
-2.1464334 -0.296139
0.20158942 0.21929553
-0.5628416 0.6480735
0.060433373 -0.41215575
0.31465906 -0.26120907
-0.7707496 -1.3619175
0.19304462 0.17326799
-2.2453618 -2.06695
-2.143246 -0.160691
1.1191692 -2.0850234
-0.8704073 0.6323838
-0.39214915 0.49552125
0.22563092 -0.23677486
-0.085565925 0.28753036
-0.15582633 0.017422825
-0.097717375 0.14877811
-0.7744108 -0.024432525
-1.1821563 0.9437482
-0.8224937 -0.6225869
0.124078915 0.39212942
-0.9716534 0.5358638
1.7898232 -1.3398025
-1.1017601 -0.3462413
0.1694565 -0.32163644
0.26158488 -2.1631627
1.758541 2.0706959
0.4454279 0.07086703
1.1547695 0.61652285
1.2799453 0.78770226
0.1661811 -1.7635062
1.553819 -1.1072797
2.6619296 0.25283694
-1.2061814 -0.20664085
-0.3054747 0.505566
-0.41104713 -0.011384323
3.4306438 -1.4172478
0.48417783 -0.5439069
0.73646563 -1.3751149
1.7328122 -0.8232758
-0.04293859 0.8612557
1.3525647 0.33069116
-0.47162813 -0.92450726
-0.55973893 0.2474576
0.64291286 0.2830326
0.27805 -1.146729
0.669609 -1.4998105
0.009882465 -0.087955624
-0.8750461 -0.63111335
1.0353211 0.27295637
-0.3780812 0.7264312
-0.9560398 0.51711446
-1.5284234 -1.2479959
0.85027605 0.11716646
-0.2508981 0.6541078
-0.18376662 -0.18929113
-0.8303994 -0.9658843
-1.2808012 -0.46190092
-1.6225495 0.71102834
-1.1479887 -0.17425904
-0.65627664 -0.042868763
1.3601708 -1.6245642
0.9024175 0.8120125
-1.3504618 0.72186816
-1.297026 0.22940373
-0.62592727 -0.36059168
-0.26391476 0.31931913
1.2956406 -0.42756632
1.0759337 -0.42922765
0.16881214 -0.08019486
0.7829574 0.3691042
1.9951304 -1.1753855
-1.0412904 0.17462921
0.13401933 -0.5498351
-1.5649704 -1.2557998
0.28200263 -0.13695109
2.2240412 -0.58985436
-1.0870302 -0.0008326769
2.1949983 -1.5655994
3.4318378 -0.11670863
-1.4022228 0.040544152
1.0182652 -1.2825742
0.4122262 -1.2726486
1.1889591 0.9660937
0.21356319 0.8144464
1.2639827 -1.1308408
-0.21586062 0.21840411
1.6619332 0.4661101
1.9562389 -1.2742031
-0.7384272 1.320477
-0.8973153 0.99759203
1.0361087 -0.47512674
1.072129 -1.0769031
-1.0889488 0.12509522
0.19014306 0.78999513
-0.10587123 0.90821
0.62694776 0.71016943
-0.5838463 -0.87183845
-0.9008403 -0.2842876
-1.2420241 0.6178378
-0.3394906 1.4861603
0.9265354 -1.0135459
1.676525 -0.21830076
-0.42848104 -1.3478625
-0.018980935 0.12474653
-0.36262947 0.7970168
1.9822036 -1.1868529
1.174439 -1.6587622
1.1971495 0.83621746
1.277914 -0.39941415
1.4203923 -1.4562197
0.3710478 1.2328193
-0.57771343 0.7143095
0.30748636 0.08801165
-0.93418074 0.73520017
-0.5284927 0.51828516
0.4893856 -0.7357205
-0.03776987 -0.94315344
1.2603141 0.13207132
0.9047347 -0.55625606
-0.17774326 0.9479907
-0.3820408 0.95837086
-0.086968794 0.60603267
-0.13321899 -2.0456991
-0.6673729 -1.1245102
-0.4334058 -0.25627378
1.0737224 -1.2729986
-0.6836026 -0.18130289
-0.3879314 0.2764256
1.263607 1.0220389
0.7303752 0.409275
-0.35191417 -0.3708508
1.9411293 -1.1406429
-0.34787273 -1.1014764
-1.1815515 0.31262726
-0.59158826 0.7844555
0.47988552 0.1422866
-0.10117778 0.5926467
-0.5735431 0.9815019
0.9406176 0.2805804
1.0195642 -0.24333555
1.1201155 0.14087197
-0.14332467 -0.45132062
1.6360743 -0.09985924
1.1307898 -0.24260312
-0.5569145 0.39964384
0.119462416 0.96658534
1.3308467 0.51290256
-1.2505088 0.45374393
-1.3548383 0.6300762
0.06614642 1.2212074
0.8983988 -0.18538392
-0.46994823 0.2016967
-0.4243198 0.15828374
3.2380707 -0.47354174
-0.033941597 0.10038307
0.34778315 0.78216356
0.8793395 -0.33353487
1.6868724 -0.8211821
0.25101107 0.89813143
-0.43107745 0.5205566
0.59477544 -0.47933352
-0.17078596 -0.015824229
-0.24221982 0.17110452
0.24632804 0.7799893
-0.9197676 -1.1462033
-0.12331246 -0.41417053
0.89960796 -0.6310893
0.022233918 -0.20425805
-0.49258685 1.0232475
0.7758854 -0.6256094
0.032041058 -0.4108997
-0.16868567 -0.5896735
0.81980795 0.88722616
-0.14177743 0.88220936
0.97111374 -0.3007939
-0.42162585 -0.44495502
-0.17200527 0.06963655
1.5225887 0.12524846
0.5982271 -0.5995314
-1.0638108 -0.5429979
-0.26012024 -1.1724212
-0.12497951 0.4340785
0.835512 -0.003308326
-1.5573006 -0.0846058
-1.7060826 -0.27763504
-0.18209757 -0.8896786
-0.78946346 -0.13910003
0.9103666 -0.04130009
0.6423702 0.36218327
1.6947227 -2.058332
-0.1650712 1.0419309
-0.57295305 0.5538259
1.0044992 -0.2976915
0.7405861 -1.7280297
-0.96789217 0.051762372
0.45001465 1.0538692
0.2150449 0.52925664
1.7693285 -1.259696
0.32876658 -0.33086607
-0.5857023 0.4396199
0.10339086 0.1239948
-0.007960096 0.08636838
2.2601023 -0.091797665
-0.16873306 0.1541799
1.8196226 -0.15375628
1.0947529 -0.028621465
-0.5767371 -0.7108865
0.20886083 0.027117133
2.4346316 -0.76434547
-0.09257184 1.1447687
0.70799804 -0.33925083
0.40209216 1.1499946
-0.3772095 -0.19980246
0.6640208 -0.9719789
-0.18080369 -0.20530747
-0.7820248 -0.23305465
0.8710405 -0.6263137
0.5038193 0.85126406
0.91457134 -0.61652666
0.7926318 -0.830514
-0.6035355 -0.9902977
0.4966672 -0.59351707
0.8901784 -0.20862547
-0.4948737 1.2095232
1.1773851 -0.95202374
-0.15615559 -0.23244308
0.14778338 0.5691439
-0.65061593 1.0313406
-0.6978319 0.7701461
-0.53892404 0.8008036
1.4549844 -0.6634308
1.5238348 -1.6588209
0.040729895 -0.005526051
0.7175382 1.6653154
0.3849038 -0.75834364
0.090143606 0.5281741
0.82481617 -1.1564947
0.40866512 1.854137
-1.191442 0.44352037
1.0643233 0.4029296
-0.4827692 -0.19632705
-0.775988 -0.037708566
-0.6394332 0.31696957
-0.49573964 -0.03618674
-1.301355 -0.7832267
-0.11468345 0.35966486
-0.7392189 -0.94159013
2.999814 -1.0455422
-0.29703718 -0.42746934
1.0309372 -1.3053052
-1.4743356 0.339719
0.15163682 1.3171494
-1.1855346 -0.7335737
-0.15299788 0.43044007
0.45192635 -1.0288007
-0.32650933 0.08192441
0.9046175 0.30068624
0.22116463 1.2121584
-0.3552003 -0.46922833
0.4684925 -0.6011103
1.2839575 -0.7434135
1.1681525 0.60923976
0.06852625 0.11227161
2.081046 -1.3411372
-0.455614 0.83352643
0.22083755 -0.03305912
0.2989487 -1.271635
-0.41788697 1.1505308
0.72464174 0.43577683
0.5032015 -0.3737784
-1.9815109 -0.6600014
0.32296842 -0.8845694
-0.058861166 0.011912584
1.2989194 0.016647667
-1.1123786 0.60712534
0.8437069 0.36650848
0.14133741 -0.66586035
-0.8572177 0.88271064
1.6774595 -1.3077874
0.99001735 -1.1228089
1.615977 0.20997992
2.15669 -0.88865125
0.20236365 0.9059816
-0.450512 -0.79544723
-0.3107632 -0.3284436
2.015924 0.8925124
0.7835285 -0.4950935
-0.38096714 0.2568495
1.3186748 -0.5103899
1.0073231 0.64223415
-0.05416973 0.66704434
1.0551636 -0.2267451
0.039189056 0.7354037
-1.1360937 0.8548078
-0.96620387 -0.79402107
-0.82632905 0.2331492
-1.1856959 -0.08862688
-2.9159744 -2.0944993
-1.0541636 0.11554226
0.91057485 0.5386526
1.5331087 -0.62748873
-0.042129755 -0.43375093
0.40400058 0.5033508
-1.9364989 0.25235623
-0.6228946 0.48178
-0.29305026 -0.18621227
-0.18621275 -1.1987914
1.1151375 -0.4975095
1.2633559 -0.4197352
-0.8326569 -0.35323077
0.24730055 1.0893676
0.04939513 -0.13246205
-0.7738343 -0.67999923
0.33406496 -0.80489177
-1.2137982 -1.1703923
-0.67967314 -1.3150821
-0.28574803 1.2706869
-0.09886828 0.86910087
-0.12921402 0.8825759
-0.64242107 -0.2354625
-0.0067217797 0.38475847
0.87127715 -1.4792569
1.8934027 -0.81270415
-0.5682089 0.121576816
2.147071 0.016125053
0.45386422 0.32776296
-1.2970904 0.50223255
-0.5194109 0.6318188
0.5809531 -0.9570066
1.0909925 -0.49038118
-1.0947645 0.61531913
0.78289646 -0.7390155
-0.5660725 -1.3235226
1.8049592 -0.92488134
-1.7791985 0.2970013
2.4115734 0.25620815
0.59912235 0.10387409
1.3754373 -0.48549452
-0.037865207 -0.016810283
-0.9830975 0.047249794
0.8249145 -0.78005224
0.10187428 0.08675629
-0.299895 0.1266202
-0.6649469 0.1761632
3.1787372 -1.786412
1.3402202 0.8385549
-1.5027906 -0.32184312
-0.9743937 0.92278033
-2.5442877 -0.121667475
1.7519523 -0.25827786
0.25853455 -0.743883
-0.79261756 -0.37619436
0.13550909 -0.14499977
0.035284206 0.9686287
-1.4400816 0.09387764
-0.60694706 0.48017138
-0.6213732 0.010667205
0.7304853 0.94775444
0.3530596 0.16682658
-1.6421783 0.7220666
-0.8422837 0.87957793
-0.34786665 -0.42452538
1.4137267 -1.4941802
-0.7641362 0.7485072
-0.83619565 0.8691338
0.97424 -1.4587958
-0.45679635 -0.581227
0.6095398 0.13576052
-0.13939717 0.23301575
-1.5077238 0.13910523
-1.246991 0.86431247
0.0022814423 -0.6470257
-0.8799032 0.41961414
0.12922283 -0.38307053
0.44650996 -0.043122187
0.75039905 -1.8529961
1.2920476 -1.1929901
0.10546146 -1.2993026
-1.7474806 -1.4058831
1.1017636 0.7581766
-0.81712943 1.1067123
-0.762642 -1.1837103
-1.2885276 0.6853978
1.9765342 0.3060438
-1.260623 -0.6729728
0.5844175 -0.6440268
2.2854102 -1.2406383
1.9855875 -1.1388781
0.78237873 -1.3551631
-0.6487542 0.54967856
-0.59404695 1.4035554
0.46847218 -0.30987108
-0.73432374 -0.64083344
0.09430866 -0.63377905
-1.6609322 0.00052909553
-0.65824646 -0.3151467
0.14443265 0.1951606
-1.37864 -0.6492467
0.793461 0.61536336
-0.5168906 -0.70145464
0.85320467 -1.4048331
-0.45753324 0.15269792
-1.8469423 0.77724844
-0.6487077 -0.22398295
-0.71359706 0.27743894
1.8861047 -1.8511305
-0.07120386 0.38187778
-1.5716012 -0.40873718
-1.0284272 -0.12703654
-0.3396309 1.550626
-0.2971999 0.7926927
-0.97487557 -0.5289892
0.10615893 -0.082166016
0.13248883 0.56650215
-0.1705569 0.6689015
-1.9239997 -0.11643527
0.52250266 -1.400516
-0.30767387 0.34708017
-1.9388715 0.79847497
-0.10201301 0.69958526
-1.2083325 0.59712017
-0.3958074 0.13540474
0.72042686 0.7154131
-0.96983993 0.009373173
0.70113784 -0.63587224
0.7750327 -1.1847448
1.6970026 -1.1344309
1.4994894 -0.9084609
0.8768863 0.017436564
2.1104724 -1.2846141
0.19338472 0.21853754
0.93628174 -0.49986356
-1.111584 0.0997853
-0.42199785 0.262604
-1.4441789 0.40270698
1.6085671 -0.30310252
-0.6077322 -0.07375355
-0.88305086 -0.65480995
1.1684959 0.30721188
1.5018365 -0.13719341
-0.97658914 -0.32347822
1.38142 -1.5536282
1.3065399 0.081918806
0.992212 0.83319575
1.5512166 -1.1742868
-0.024335906 -0.77212584
-1.3872207 0.093801916
-1.5110358 0.11646137
-0.2816467 0.52687764
1.0526727 -1.3111923
-0.14210302 -0.5852052
-0.45358834 -1.21346
1.2239107 -0.7323779
2.5400958 0.37850332
0.23530085 -0.7803638
0.1277828 -0.76313853
-0.66469747 -1.3420613
-0.949503 -0.26904613
0.013294652 0.05655384
0.666011 -0.09242451
0.2201017 -0.83466715
-0.7784871 0.62454635
-1.1597074 0.27189505
-0.66576886 -0.4750322
1.4612952 0.3713624
0.6102958 -1.5367949
0.7087526 -1.6864016
-1.1838336 -0.8238901
0.5830257 0.2514811
1.5829645 -0.17705154
0.35158962 -0.43402582
0.6181459 0.13626984
0.8610293 -0.26184028
0.23883452 0.24063364
0.5079616 0.5202966
-1.8094853 0.4952222
0.14510323 1.348275
-1.6168047 0.11482254
0.16656666 1.26965
3.042225 -0.9754257
1.257788 0.7688498
0.6023748 -0.24386795
-0.8098544 -0.34757906
0.63628376 0.22585684
-0.9401106 0.21165183
-0.25430658 0.8391065
-0.31602502 -0.8885422
-2.7082546 -2.1239257
-1.2304903 -0.07332431
1.6718655 -0.6547002
0.6338237 -1.0115725
2.738046 -2.0508318
1.3817033 -0.6120455
0.8262245 -1.5304177
1.9243013 -0.38616166
4.2131395 -0.12747225
-0.32720602 -0.02090916
-0.057541564 1.8780606
0.36632377 -0.58191013
0.09995733 -0.058452725
-0.53975374 0.68523955
-1.2366165 0.90217
-0.20213974 -0.113085136
0.5535276 0.81179076
1.4897759 -0.08493993
-1.0281336 0.4189273
-0.16725904 -0.43646872
1.1072601 -0.33037022
-0.793385 -0.6497537
0.6705786 -0.34347445
0.5038599 -0.09723398
0.01945059 -0.57372844
-1.1455883 -0.35483238
0.8304778 -0.6166816
-0.75239927 0.01694557
-0.1499708 -1.0057598
-1.155664 0.6808296
0.1557268 1.1313603
0.38206738 0.68757457
0.041728124 -0.81029254
0.29136765 0.84719604
0.37587237 0.099820346
-0.3270943 -0.32270187
0.55696756 0.8300404
-1.7693539 0.33247918
-0.4240002 -0.34872282
-0.2856942 -0.71908194
-1.5461797 -0.30001757
-1.3624917 0.0034412593
-0.46502972 -0.52782273
1.5155321 -0.76097125
-0.12617086 0.18145922
1.2274307 0.3644281
-0.22617592 -0.70446527
-0.52867085 -0.35306358
-0.8376359 0.15943596
0.16527317 1.105228
2.5808492 0.28099692
-0.19146405 1.0664952
1.6220442 -0.05265805
-1.108474 -0.12612094
-0.42872605 -1.1639111
-0.7131709 -0.043697506
0.55316174 -0.60861576
-1.0604074 0.9991291
-0.7475623 -0.8087054
-0.34930807 0.5281381
1.2766786 -0.8693061
0.73803514 -0.3341696
1.0925381 -0.31630078
-0.4352795 0.70886505
-0.40518725 -1.1376803
0.0686212 -1.5541618
1.6550828 -2.4233992
-0.82746404 -0.14794981
-0.98283035 -0.13045622
-0.9572541 0.5976936
-0.3502331 -0.27558768
1.0759246 -0.19169006
-0.10517605 -1.3312776
0.07404764 0.10531098
1.7035311 -1.9062369
-1.0306793 -0.77199566
-1.2093297 -0.10525331
-0.97423244 1.1790385
1.0278652 -1.102334
-0.8271848 0.33148223
1.3309584 0.32732147
1.2682773 0.7541374
-0.18372105 0.01710856
0.035429016 0.3705861
-0.72711605 0.36321783
2.7146716 -1.815434
2.30069 -0.8851836
-0.72696906 -0.16102694
0.37143397 -0.22901142
-0.1949763 0.24951988
1.3005928 -1.3839033
-0.52536356 -0.7421589
0.16426401 1.1963482
-0.63319725 0.099573046
0.22482647 0.65318745
1.382043 -1.578074
-1.2057254 0.52043885
0.3953396 0.37911725
1.4341159 -0.97357494
-0.837279 0.023307145
1.1479243 -0.00714539
-0.50399387 0.1276078
0.7627234 0.4380803
-1.5053573 1.2996409
2.1016185 0.96294695
-0.34698582 -0.086833894
-0.56201345 0.13572067
0.26149255 -0.47148913
1.0789778 1.3779712
0.9228353 -0.2543123
0.43194354 -0.8499854
0.06257348 1.0764315
4.0428553 -1.335566
2.4154754 -0.9187604
0.4938625 0.46476364
2.9069061 0.046788275
-1.3875443 -0.62073994
0.796403 -1.3425663
1.3342867 -0.8134563
-0.237491 -1.0251007
0.9179881 -1.4345558
-0.5950718 0.09069246
0.12482931 -0.99893093
0.9116457 -0.56176555
1.6919972 -0.51127315
0.6383151 0.6734839
0.5767662 -0.14252308
1.6263927 -1.2273268
-0.17877734 -1.3739097
1.5954847 -1.5504277
0.27522022 0.5415096
1.219181 -0.50136817
1.3683087 -1.4969025
1.7477145 -0.4729839
-0.14404109 -0.45148855
-1.0055763 0.8445774
0.61398137 -1.652941
1.1282411 0.16728517
1.5700049 -0.6218183
-0.23014478 0.6811006
1.1577984 -0.05337529
0.002234146 0.7000335
0.7027934 0.43732774
2.20166 0.10944003
2.48969 -0.19251399
0.4555462 -0.23232786
0.9335435 -0.90718174
-1.0444382 -0.14861193
0.12601565 1.2101033
-0.2414279 -0.051736116
1.1879224 0.043578625
-0.6231855 0.8290859
1.6183001 -0.48461643
0.6683125 -0.22743183
-1.1553051 -0.52355164
-0.21522324 0.67556524
1.0805886 -1.1751533
0.6289011 -0.07790671
1.5407453 -0.33911893
-0.072524056 0.4730484
0.6890992 -0.68181944
0.19916438 -0.5090368
0.99336725 0.46562576
0.57972497 -2.00806
0.44914854 1.3391819
0.67462707 1.0370736
2.414351 0.13600773
0.42779046 -1.57551
2.6955345 0.28037894
-0.15588212 0.46597403
-0.97249675 0.33567655
0.60423094 -0.23521732
-0.66404873 -0.9874303
-2.1461997 -0.017214388
3.6106615 -0.3655542
-0.5564638 -0.39641836
1.347408 -0.6108782
1.1435617 0.09709534
0.20289846 0.4783457
2.0281086 -1.1187118
2.6299477 -0.49651134
0.84524053 -0.21466118
0.66711724 -1.583637
0.23447122 -0.24597856
0.23650728 -1.492691
1.4635932 -0.6490799
0.05212815 -1.5101013
-0.5487294 1.0067334
-1.6479716 -1.0315826
-1.0131 -1.4537914
0.79819566 -1.7072997
0.35296184 0.25508368
0.4403447 -0.29294583
-0.58511513 0.47246557
0.30584425 -0.8237131
-0.09439935 0.72503537
0.29335397 -1.2598605
-0.047849804 -0.13069838
-0.1465559 0.6865656
0.02038534 -0.4971619
-1.7662272 0.0049366206
0.31181622 -0.22694595
-0.8186352 -0.53180444
-0.19336502 0.6193089
0.20309673 0.014655083
-2.1463017 0.17486975
1.2185138 -0.5378834
0.94639844 -1.0677851
-0.45659804 0.6172043
-1.6922612 -0.2686571
1.4649881 -0.757404
1.3141654 -0.65670556
0.63309145 0.107203156
-1.0102339 0.022646815
-0.18475878 -0.5252379
0.3851465 0.7804219
1.251482 -0.36171293
0.60287887 -1.7504699
0.80510944 -1.9549525
1.3494849 0.39583457
-0.80397904 0.57474566
-1.0139029 0.7513691
0.7778351 -0.29505613
1.7468568 -1.1994054
-0.1569874 0.78013974
1.1980088 -1.8108232
-1.2347682 -0.83435905
-1.824108 -0.49797457
-0.39675185 -0.14149141
0.9461637 1.1979942
-0.124668375 -1.060107
-0.0774066 -0.27280724
0.83046633 0.21423599
-0.6124393 -1.0664926
0.03903441 -0.26653627
-0.5657096 1.0296781
-0.4695984 0.5530957
-0.26268184 -0.12460815
-0.099899784 0.2649048
3.6749558 -0.6008915
1.3014091 -1.6576142
1.325478 -0.89755666
-0.051306546 0.8461078
1.5771862 -1.2228887
-0.12217629 -0.9619968
-1.998949 -0.022344038
-0.4627837 -0.14360915
1.4633223 0.2918014
-0.7611204 -0.6172362
1.7813038 -1.014538
-0.53300136 1.0725639
-0.17644946 1.2651291
-0.34478858 0.46332133
-0.54298115 -1.5388417
0.3239466 1.0672834
-0.47248286 -0.7537368
-0.0693019 -0.47212067
0.31379014 0.17356673
-0.6555287 -0.23585437
1.6379508 -0.284581
-0.09328626 -1.4699478
0.22336043 -0.713961
1.467393 -0.01958415
-0.5661287 -0.7427216
-0.8659413 -1.0569767
-0.7551257 -1.2591994
0.910664 -1.1529055
1.2427799 -1.5182548
0.38551003 0.29368526
0.7782454 -0.97811294
-0.18073604 0.8488391
-2.0454159 0.17531195
0.92405766 -1.2622702
1.3132057 0.88217694
1.2819613 -0.40241978
0.9225691 -1.7456155
0.4139005 -0.8553466
2.4284708 -0.13389224
0.17935447 1.3128161
0.5420346 -1.6954379
-1.0260133 0.043142587
2.3978057 -0.71116173
0.49741077 -0.4328398
-1.2823358 0.47285002
3.2186966 -1.2453125
-0.28613222 1.0807323
-0.9001943 0.9732731
-0.58645654 0.7638411
-0.14705473 1.7308941
1.0036118 -0.5340773
-0.79826623 1.4469533
-1.6723973 -0.9373737
0.62624276 0.6061008
-0.522896 0.5537519
0.15850131 0.09133777
1.0815289 -0.7623899
-0.13687947 0.26622784
-0.9955234 1.0833628
1.86194 -1.3600206
-1.2326099 -0.47316176
1.6412013 -1.9145961
1.2023301 0.03960061
-1.2751013 1.0359173
-0.38531566 1.3802927
-0.43568665 0.07148296
-0.7932856 -0.5988945
-0.29239812 -0.9651759
-0.3557073 -0.48147124
0.113692984 -0.085361555
0.93630654 0.6745125
-0.41446334 0.26006126
1.1270308 -2.575217
0.16736071 -0.05563298
-0.4938954 -1.1269602
0.54962283 -1.6718996
-0.89658093 0.3844568
1.1526301 1.0767913
-0.004082769 -1.3914368
-1.1935185 0.36373562
-1.4642029 0.15227747
-1.5840746 0.09755626
0.23400573 -0.9124436
-1.2698313 -0.5792916
-0.8463853 0.2748214
1.4467719 -0.56620395
-0.13295725 -0.6102718
-1.0966822 0.37085456
-0.3361016 0.2805118
-0.21698925 0.017288804
1.4125009 -1.7965887
-0.41036898 0.30664766
-0.74909806 0.34483683
1.5862747 -0.39365733
0.3753795 -0.70398784
1.3422272 1.7439568
-0.028862938 -0.5572374
0.382311 -0.39894304
0.8510645 -0.2850302
-0.45046353 0.5691603
1.0098106 -1.5769081
-0.677337 0.04077372
-0.99205965 -0.43428904
-0.041436583 -0.40591544
0.5223633 -1.0091798
-1.1577114 0.2401272
0.9658583 0.8580074
1.4491371 -0.15754718
0.73069155 -0.267744
2.6256902 -0.23522672
0.24154381 -0.8539689
-0.37942013 -0.13664359
-0.12891677 -0.44261268
0.24350162 -0.23173775
-0.34138605 1.2981694
-0.06952755 1.0043247
0.83580905 -0.038303196
1.8249124 -1.0036552
0.3827818 -1.8586485
-0.39729208 -0.17513883
-1.1708485 0.10599369
0.58460146 -0.48089963
-0.4703827 -0.0216887
2.0350013 -0.16516355
1.2537487 0.0040264577
-1.3338932 0.2506746
0.98739034 -0.116360135
-0.5996951 -0.93288
0.04358469 0.66513646
-0.17895582 -0.83227384
0.25264865 0.01202172
-0.45266664 -0.7677144
0.28244084 0.9577872
0.6062058 -0.6017519
1.774057 -1.1231546
-0.04235512 -0.3322298
-0.73776144 1.0808387
-1.2195427 0.38887393
-0.08126752 0.17695236
0.23772962 1.1240101
-0.4131772 0.5154974
-1.3888443 0.8807731
0.29681998 -0.50249964
0.07909165 -0.16440217
-1.1174606 -0.58745384
-0.6019419 -0.009059086
-0.49624044 -1.7596097
-0.58362716 0.07167545
-1.2182682 0.5477318
0.49228054 -0.888502
1.6798418 0.48187584
0.29646403 -0.7199193
0.54833806 -0.15471792
1.0194162 -1.8336813
-0.26400712 -0.426639
1.4402771 -1.6628013
-0.49347973 -0.9749848
-1.0013009 -0.13418745
0.78800625 -1.7836132
-0.65657645 -1.9749341
1.2509537 -2.4597037
0.5592186 -1.4780428
-0.040152386 0.03864652
0.13283227 -0.20775647
1.8907372 -1.46364
1.3197684 -1.676451
2.4138339 0.20156744
1.0174186 0.4236043
-0.2519145 0.7819726
0.3396076 -0.60814315
-0.33368644 -1.8944821
1.8277727 -1.1213064
-0.6945863 0.51914275
-1.854301 -1.123035
-0.12046431 -0.6224269
-0.38035247 -0.03646946
-0.1527852 -0.12710248
0.36187637 0.24190459
-1.4581689 0.43439335
0.46324092 0.9810986
-0.2695721 1.238991
-0.3681241 -0.60668933
-1.5283802 1.1225948
-0.35637188 -0.0049417317
-0.3358943 -1.11393
0.06934945 0.52047706
-0.09044404 -0.1253955
-1.1679817 0.36392188
1.3406968 -0.8463168
0.5176704 0.49013263
1.17379 -1.9673808
0.66874284 -0.5763829
0.9781522 -1.1193898
1.3633579 0.11092153
-0.33230174 0.56922877
1.0266207 -0.943376
-1.484515 -0.35676253
0.04084687 -0.30094913
-0.640074 0.27952307
1.4676056 -1.3625574
-0.28544223 -0.2368007
1.5514641 -0.054970607
1.7892448 -1.541251
0.21222587 -0.31029725
-0.5618845 0.47885466
-0.97896475 1.0489233
1.5986533 0.4558676
-0.6669674 0.6196573
0.8972773 0.4332556
-0.25011513 -0.02438505
0.32655877 0.460423
2.3917916 -1.301604
1.0409558 -0.49211276
1.3558843 -1.2481704
-0.67284185 -0.31455785
0.2529754 -0.4333516
-0.6241248 -0.34495863
0.41121733 -0.5465385
-0.12593254 1.1663632
-1.654775 -1.1702893
0.85309 -1.9294589
0.59113765 1.5210168
-0.82073766 0.16428396
1.788879 -0.4307272
-0.60042274 0.40321922
0.7183931 -0.70340484
-0.952764 0.3321569
-0.43212277 0.59748065
0.14350058 0.49727035
-0.8942929 -0.78640443
-0.4590153 -1.2761993
0.39930332 1.1215022
0.6832671 -0.74017537
-0.073015094 -1.1002665
1.0557235 -1.2707691
1.590731 -1.0248781
1.0729564 -1.1747382
-1.3522536 -0.6159023
0.5761318 0.98384374
1.2146176 -0.5879041
0.08256774 0.48186976
-0.0118239075 1.5887399
0.71185374 -1.2930124
-0.31973484 -0.67556536
0.06852616 0.8594391
0.8528034 0.037098497
-1.0584252 1.1998978
0.56584096 -0.5468879
0.052379236 0.16976374
0.86036247 0.27768975
-0.9529396 1.8920643
0.36928445 0.47754455
0.88689786 -0.72774136
-0.2724827 1.5181482
-0.061753288 -1.3778751
0.121708736 0.7520107
1.0646886 -0.660295
0.24297513 -0.7888742
0.09501587 -0.33153695
-0.46502733 -1.2392213
-0.652929 0.39194292
0.19906779 0.88325554
-0.49107224 -0.3449493
-0.11406347 -0.8087972
0.25866836 0.82990175
-0.7915351 -1.1365993
-0.8923618 -0.6335192
1.7844142 -1.3128626
1.9974214 1.547328
-0.14811051 0.71659744
0.0182821 -0.07666592
1.5141491 -1.5318496
-1.1868948 -0.6946224
1.9241232 -1.7927644
-0.08848752 -0.027683437
-0.60237694 -0.7515587
0.5612845 0.35657662
-0.15446953 -1.6144788
-1.0571324 -0.1287145
1.5895506 -0.7415437
-0.68359536 -0.5307512
0.5000344 -0.5528116
1.6357312 -0.7339672
0.40811473 -0.13154942
0.03138645 0.69282377
-1.0982587 -0.43022323
-2.2034383 0.14070988
-0.17783779 -2.0609097
-1.3645321 0.12506002
0.030358061 0.13406378
0.51872015 1.3495765
-0.6341276 -0.26417083
1.1256871 0.92025656
-0.15248892 0.4327531
-1.7926849 -0.21082686
1.4699316 0.14351398
-0.2364906 1.1117594
0.33081532 0.17847404
3.062908 -1.8331373
0.41184914 -0.25230742
-0.42994422 -0.4141339
-0.4766155 0.15331763
0.8219064 -1.5916278
-0.8623622 -0.7144923
1.054718 -1.2262671
-0.7841646 0.13129684
0.44093812 -0.6064284
-0.30940124 0.9773262
-0.9826595 1.0648994
0.86806506 -0.7283525
-1.1414468 0.271596
-0.29874265 -0.64398956
2.5189931 0.47482872
2.2424176 -0.36698705
0.12082754 -0.6270777
-0.89771205 1.1005185
1.4220663 -1.0851641
0.2778666 -0.34346107
0.81209856 1.5662222
0.8963571 0.8199857
0.98439854 -0.2761307
3.5945446 -0.8421475
-0.05737698 -0.09024164
1.4902065 0.9859515
-1.9675903 -1.2645574
1.8391842 -1.401139
0.9403723 -1.6407399
-0.9898149 -0.24802567
3.2861576 -0.8923908
-0.7942608 0.37565058
0.21071745 0.29501814
0.82320386 -1.0350299
-0.38786328 1.2605596
0.64966536 0.52315587
-0.5907209 0.20579994
2.4427092 -1.9930115
-0.36515942 -0.044756204
0.033508256 -0.18969524
0.92121106 -1.2410386
-0.18290994 0.2521523
-0.8796103 0.2148517
1.7825395 -0.46926355
-0.036468506 0.098207116
1.199343 -0.21496
1.8516124 -0.84433395
-0.06984778 -0.75027454
-1.3605696 0.044288725
1.1816974 -0.4498633
2.9428244 -0.57667387
-1.0269976 -0.01839824
-2.2687535 -0.62840164
-1.9164329 -0.7140568
1.4832855 -0.60206544
0.5653958 -0.660959
-1.3376831 1.1853814
3.106457 -1.1361833
0.12796853 1.0412042
0.10319851 -0.46146315
-0.41415304 1.5122137
-0.7511665 0.6977354
0.29635048 0.56090796
-0.86237454 0.83696157
-0.2823095 -0.8548763
0.5730821 1.5606282
-1.0885619 0.17807841
2.4295933 -0.41482744
1.3324597 -0.67619187
-0.32730648 -1.3643208
0.046474233 -0.27098906
-0.5906431 -0.3551814
1.0753615 -0.68065643
-0.68348557 0.3198347
-0.6306651 -0.71006346
0.2410207 0.11898419
-0.6231037 0.44670618
0.0841565 0.53272134
-0.22252539 -0.19793856
-0.090878025 -0.37769938
1.9214352 -0.703524
-1.1659029 -0.48745877
0.08212073 0.18783453
-0.20796463 0.7275285
-0.008145839 0.5201951
-0.27802992 0.50674075
-0.30994326 0.102639526
-0.52579117 -0.020254359
-0.01463531 1.0781951
1.3229992 2.2325418
0.5042581 -1.493494
0.2472346 0.19085512
0.9908673 -0.52646136
1.6787239 0.6414394
-1.683274 0.6814439
-1.2838206 0.50463057
-0.5653993 -1.1641374
2.5014591 -0.8741107
0.39977556 -0.84252834
1.875588 -2.1137104
0.21027054 0.32181478
-0.058594376 -0.026876226
-1.0599082 -0.17559832
-0.9118308 -0.21651933
-0.9487611 -0.71571636
0.45097232 0.83477634
-1.7370774 0.3963313
0.015105769 0.3861686
2.4627907 0.84344953
-0.9529903 0.2683912
1.9002303 -2.0851812
-1.2253627 -0.36528242
-0.31047267 0.81855303
0.6436247 -0.41965148
1.6861545 0.1312257
1.8815967 -1.4602044
0.42855346 0.27602774
0.098467425 -0.61111045
1.2357783 1.2446358
-0.06689438 -0.4853096
0.7120462 -0.7084035
0.86234266 -0.21719107
-0.795298 -0.2952804
0.6394297 -0.51044226
1.7164875 -1.0056106
1.2154577 -0.8419302
-1.9367269 1.3616984
-1.2630532 1.3974535
0.004938051 -0.26374757
-0.6572422 -0.31552207
-0.06205216 1.4139669
-0.18297836 0.18995064
0.5545535 -0.51979595
0.87726337 -0.7328898
0.8211271 1.7535064
-1.5848086 0.19557056
-0.9241159 0.414419
1.0767385 -0.701426
-1.8760724 -0.8654502
-0.397529 -0.09132682
0.57709587 -0.2937504
0.95307416 -1.205983
0.095213875 0.6478971
-1.1059378 1.3026803
-0.5685402 1.0603662
-1.4938908 -0.31603146
0.2844258 0.2655561
-0.4557345 1.8035405
-0.4085243 0.3902691
-0.5225549 1.2408988
0.9381028 -1.5442243
0.58769834 0.5026484
0.6580014 -1.1226087
-0.07296394 -0.09950659
-0.62947917 -1.604212
-0.1293695 0.37353122
-0.9139479 -0.039359316
-0.016563222 0.30254787
1.7501711 -0.5874922
-0.65219176 -1.3545306
-1.4419762 0.48842138
-0.6116209 0.6582671
0.77778774 1.8584564
-0.043773994 -0.18856514
0.6875843 -0.85641706
0.44321674 -1.1701394
-0.68600494 1.6726937
1.1604235 0.35341936
-1.4882472 0.04770547
-0.78364724 0.11708656
-0.3855471 0.41997272
0.33290052 -0.43228385
2.3798976 -1.4275546
2.104616 -0.3806054
-0.8602873 -0.763188
-1.1964357 1.1461
-1.5973982 -0.949193
1.706232 -0.7512639
0.972442 0.4717003
-0.12091406 -0.3322157
1.0050575 0.44098002
-1.4468567 0.4315818
0.61927205 -0.8928293
-0.37247908 -1.7777138
0.31990296 -0.7979651
1.4271754 0.44545192
-0.9482233 -2.0940824
1.7402422 -0.025443047
-1.3522339 -0.69853973
-0.59957904 0.56619924
-0.9752541 -0.42339435
0.56984955 -1.0518117
0.026364848 0.771267
0.8669813 0.29817146
0.1621327 -1.1898016
1.6717536 -0.22183158
-0.41142505 1.1575329
-0.9711908 -0.11070706
-0.11177069 0.041559488
-0.28868377 0.49483025
0.3905455 -1.1842715
-0.20183921 -0.4039653
0.33053863 -0.67295134
0.102118686 -0.144096
-1.0906918 -0.24766786
0.8218326 -0.900703
1.9725415 -1.2490175
2.9374459 -0.9702448
0.41196096 -0.5103051
-0.7639514 -0.8164364
2.0618718 -0.77812266
-0.20958368 -1.3705771
0.73556757 1.0681586
-1.2798862 -0.4561321
-0.51580125 0.28586525
-0.1356104 0.12873018
1.0852367 -1.8877258
-1.4551303 0.9050227
2.564289 -0.94976985
-1.268832 -0.29721335
-1.151056 0.5175117
-0.48751807 -0.3419283
-1.0040456 1.0916836
1.0963687 -0.36213547
0.19084196 -0.3223908
-0.31782815 -0.5818871
0.892983 -0.1959991
1.4674306 -0.7495892
-0.9380654 -0.8949595
1.1164161 -0.122712545
0.31913924 -1.0597353
-0.2559808 0.5105993
-1.2281146 -0.58578455
2.1762395 -0.030533284
2.0677874 -0.50447506
0.056827888 -0.43614995
0.14904265 0.80781883
0.98833126 -0.42571786
-0.89533573 0.22042099
-0.5583569 -0.764791
0.9352358 -1.4452696
-0.2683055 -0.12409603
-0.033801675 0.28759962
-1.1915882 0.6737751
-0.9222348 1.1154573
-0.5457489 1.0803277
-0.22860941 -0.41949308
0.74855614 -0.09395541
0.62703866 0.61523885
0.7598569 -1.922729
0.63781 -0.16769883
-0.022326156 -0.41331005
2.456563 -1.0613215
-0.08941123 0.5672123
0.023645893 -0.040640533
-0.26238126 0.20162886
-0.21393442 -1.4410374
-0.1996713 -0.5875732
-0.3197411 0.7446925
-0.062330186 -0.5708746
-0.4300657 0.8621476
0.4160611 -0.24275555
-0.5644353 0.3320973
0.90565056 0.49908352
3.5272617 -0.9025392
0.32125914 -1.0274339
0.65219057 -0.91845316
-0.27821353 -0.77994007
0.590247 -0.05815439
0.31177807 0.47217208
1.0148896 -1.4044175
-0.051736683 0.3983668
-0.0037428886 1.14136
1.4646646 -0.78929627
1.1462756 -1.1071222
-0.9420211 0.17557773
-0.14788505 -0.4674958
0.7358713 -0.34658378
0.33276093 0.16390255
-0.06776187 0.59012616
2.2796817 -0.83068067
-0.7608818 0.92078346
-0.10295659 0.74682456
0.759298 -0.11327575
1.0670764 -0.5345246
1.0394875 -0.64893925
-0.6315429 0.3905617
0.9506554 -0.7392479
-0.30433893 0.70360434
0.8441892 0.08524385
-1.026499 -0.7240406
2.4340189 -1.831455
-1.2317069 0.6697635
-0.086834416 0.19950908
1.1333346 -0.99882615
-0.21073772 0.07431224
1.2659974 -0.6824864
-0.419644 0.28258485
1.6849146 -1.3580942
1.3321685 -1.2163433
0.9431096 -0.1476292
-1.5705149 0.9849686
-0.16213134 0.32127476
-0.09419529 1.0662789
-1.3276962 -0.36788782
-0.5031454 0.75104994
0.60338503 0.02528879
0.72862506 -0.8560824
-0.056924284 0.44561905
1.2758961 1.445065
-1.3162737 -0.35422075
-0.5624714 -0.5848311
-0.6322323 -1.1097683
0.9912866 0.91407424
0.39148176 1.3061676
-0.49508256 1.0475996
-1.582661 0.4176768
-1.0872216 0.5852222
0.0020270795 1.075458
1.0992057 -0.9265006
-0.5188052 -1.5983422
0.69493437 -0.5319985
1.2342721 -0.67161167
1.067301 0.17463109
0.28993165 -0.06049162
0.16809775 -0.3151381
-0.18268186 -2.7502346
1.1444265 0.0760259
0.55607593 -0.8226077
-0.0503287 -0.5091696
-0.71085906 0.8128329
0.040175363 -0.79204935
0.70734406 -1.3098309
-0.8994987 -0.33810133
1.1558367 -0.56078774
1.129842 1.2973986
-0.8485579 0.74752724
0.95542604 -0.41897783
-0.44177407 -0.22311968
1.3722509 0.17409536
0.3010232 -0.3496749
0.034981206 -0.037296787
-0.08917393 -0.46390834
1.2394065 0.09555727
0.0016299337 0.21405879
0.96042794 -0.43499392
1.4286454 -0.86198306
-1.634829 -0.42203683
-0.5117558 -1.1994107
-0.20708585 -0.024778038
0.49112564 -0.12706938
-1.0886806 0.0718334
1.0700232 0.41724116
-2.4567702 -0.04533024
2.0646424 0.14645037
0.33825523 -0.3585415
0.3751592 -1.0458364
0.9827941 1.416616
1.4311851 0.9864091
-0.09618944 0.97006255
1.864324 -0.102027535
-0.15584783 0.28617412
-1.3979524 0.5391752
0.5797902 -0.63740116
0.6168585 -0.7796721
-1.1949757 0.27208465
0.78056854 -0.60778594
1.4052299 0.021332264
0.5261234 -0.14959563
-0.57306653 0.24367839
-0.32927543 0.041614264
1.9055666 -0.8015807
-0.9565483 1.222224
0.70141953 -0.39651674
1.2190013 -1.0787659
0.45367545 0.22492108
0.899293 -2.00411
0.06647904 0.95425445
-0.38784334 0.66846913
-0.17814037 0.14161599
-0.3008845 -0.9051684
1.5729538 -0.1613915
0.013224974 -0.77164304
-0.17925414 -0.5027956
-0.71602726 0.55783004
0.9840527 -1.3737159
0.9704674 -1.1083682
0.46316946 -1.0934855
0.43258405 -1.2817564
-0.13882612 -0.16697855
-3.5172143 -1.4892049
0.0865121 0.30321968
-1.1320263 0.38235575
0.034310296 0.35279185
-0.49136916 -0.15208592
1.3551093 -0.85585177
0.024846002 1.2345974
0.8949414 -0.79434466
0.3382734 -0.3227965
-0.85991436 1.4004841
0.5435063 0.11080301
1.1919361 -1.0442502
2.1475148 -0.79601145
0.9843238 -0.5665978
-0.91150016 0.08780438
-0.55092794 -0.07677442
-0.24169277 -1.2256523
0.6650406 -0.39649656
1.9438134 -0.8113267
0.76413256 0.4648494
1.4259853 -0.011669576
1.1272335 -0.785418
2.3754714 -0.023112506
-0.055292457 -0.39335126
1.1030731 -1.4851346
1.8688046 -0.5603511
-0.19550951 -0.13602805
-0.02216795 0.06102386
-0.4225607 -0.59407616
0.24272843 -1.1591111
0.5749457 1.0909495
0.12682079 0.8128286
-0.5212067 -1.7513003
1.0432599 0.108623
-0.59732515 -0.01878053
-0.15321508 0.7290255
-1.634521 0.27887028
1.5027801 -0.6408386
0.8142205 0.5658728
-1.1253277 -1.7660699
0.03680758 1.7964745
0.26325214 0.5397293
-1.3210453 0.20358881
2.5067203 -0.46837634
-0.65122783 0.31170428
0.8871682 -0.9698793
1.7167821 0.895217
0.8698289 -0.5328719
-1.6509511 -1.0447528
-0.36145508 1.4773035
1.3202543 -1.3886745
-0.52645904 -0.6749594
-0.46726915 0.82129127
0.9974188 -0.9446034
0.9377369 0.60623705
0.59954894 -1.7727091
0.18757094 0.3492911
-1.2876861 0.047423154
-0.73287845 0.48504746
0.6947681 0.20630854
-1.2029138 -0.5927894
-0.886675 0.20041293
-0.42144632 0.13383767
0.80248564 -0.9088882
-0.20259707 -0.6721568
-2.5033357 -0.35205424
2.0424552 -0.60262275
-0.21132377 0.62626135
-1.5244098 0.71090573
-1.1506741 -1.0367007
-0.70649195 0.67227536
-0.8448972 -0.6104088
-0.22969565 1.7229459
0.82007796 0.38473248
-0.6077131 -1.2638841
0.039316252 1.3579278
0.20214863 0.08241558
0.48081213 0.68711066
0.38350725 0.9069676
-0.8648666 0.3753279
1.2092974 0.37506706
0.023387805 0.034158647
-0.90700233 -0.3175742
-1.4061298 0.4579625
0.8063951 1.90941
-0.76992047 -0.20704283
-1.1598457 0.4457057
-1.5519876 -0.7832033
-0.080084816 1.4400954
-0.39287803 0.47654158
2.0680008 -0.95197254
-0.9034211 -0.5462091
0.731215 -0.507709
-0.62473685 -0.86097306
0.29818076 -1.3374865
0.23822396 -1.5221691
-1.1787648 0.09348437
-0.45519233 -0.0631133
-1.0573771 0.7740148
1.147821 -1.3122013
0.23393013 1.5126951
-0.4380878 0.30583602
0.8375997 -1.606684
0.616285 -0.33181956
1.2382748 -0.6624967
-0.4016021 -0.3744699
2.2191312 -0.74117744
0.18588369 -0.9299454
-1.2224128 0.2806337
-0.43564278 -0.7762554
0.71874136 -0.9103868
-0.99889374 0.3272472
-0.053717226 -0.7852843
1.3092654 -0.987048
0.7429575 -1.2396567
