-0.8760596 0.78390104
1.1976223 -0.7206929
0.21002872 0.45800513
-0.028144881 0.038562506
1.258876 0.7033533
-0.11355744 0.59508413
0.6504805 -0.05170901
0.80377764 0.1881341
0.5102081 0.8332241
1.4106926 0.65073293
2.3318572 0.23535085
0.23195587 1.4317541
1.4858077 -0.63289297
0.7324745 -0.33394068
-0.76804364 1.1893561
-1.4713802 0.93155485
0.5938908 0.25346097
1.742234 -0.92079306
-1.0469018 -0.6587087
1.6436421 0.85021347
0.9140565 -0.84808666
-0.08575748 0.092987776
0.012983665 -0.87601995
1.3490068 -0.67278284
-0.26620096 0.59382176
0.31334484 0.5793733
-0.7131085 0.9661384
1.168322 0.7068086
-0.6469813 1.3886898
-0.46458542 -0.13149968
-1.0490583 0.14724097
1.7281877 0.76395506
1.3818557 -1.6918631
-0.46389264 1.1643875
0.25741857 0.927218
1.4611926 1.0625105
0.2432747 0.1820035
-1.309684 -0.08172274
-0.57638156 0.30819398
-0.62895966 0.75393766
-0.15810186 1.2394843
1.3579674 0.07308775
0.9661563 1.043962
-0.726219 -0.35153407
-0.6081085 1.1923633
-0.46490663 -0.5123159
-0.26258042 1.067874
-0.1912624 -0.33065116
-0.9517177 0.4279303
-0.3047132 0.121398896
-0.5741062 0.4798957
0.1427326 -0.37896422
1.1870044 -0.40445492
1.8506124 0.237201
0.051219 0.48439646
0.6057994 -0.80567527
1.2906733 -0.07512373
-0.7610684 -0.5139923
-0.30519637 0.9219002
-0.28845477 0.34359425
-0.6322055 0.52960265
-0.4352463 0.8948199
-0.39286363 0.016123682
-1.5711538 -0.22228372
1.0863922 0.62961674
0.33413965 0.14123526
0.7935392 -0.13121763
0.23141049 1.6211655
-0.1422103 0.75660086
1.9020419 -2.1671364
0.34159452 0.6545455
0.6221547 -1.8383915
0.044253215 -1.6915083
-1.3335047 -0.19272497
0.838589 1.3217485
0.29198945 1.2184186
0.65831846 0.5313527
-0.52180845 -1.6942849
0.4371423 0.40133148
0.17204098 0.27172172
0.9837422 0.58753145
-0.25583923 0.7788866
2.3154871 -0.30623692
-0.55589455 -0.006266549
-0.36332026 -0.12348096
-0.23133118 0.065574735
0.34123147 1.021081
-0.4646324 2.0546954
-1.0042917 0.16947708
1.2703114 -0.14699885
0.8048273 0.3474933
1.413368 -0.25009987
0.2995351 -1.0252162
2.0872142 0.29566455
-0.5144076 -0.3026024
0.44214594 1.1933088
0.8597161 -1.2205493
-1.4858955 -0.5233973
1.4659632 0.78150946
-0.7827726 1.1883333
-0.082363084 -0.7611957
-0.40405315 1.4798055
-0.843944 1.5792897
0.14024533 1.2974753
-0.33828038 1.533109
-0.5370429 -1.9389262
-0.8744781 0.874425
1.276399 0.08038631
1.4586116 0.6310762
-0.27268845 0.7090957
-1.6746025 -0.92066145
1.2236016 0.90226835
0.68220747 0.3018421
-1.1938757 1.3491361
-1.607714 0.20328417
0.2547449 -0.36173606
-0.11615658 -0.088469535
-0.54948205 -0.38547635
0.85667795 -0.2748383
0.026896372 -0.971621
-0.65895236 -0.13966888
1.6839006 0.027472109
-0.96033955 0.21065006
1.1337378 0.99342936
1.9265068 0.25494543
-0.20839001 0.8114689
1.5209625 0.5005591
-1.0596026 -0.66528034
0.96602947 0.9093918
0.42153722 0.6064238
0.8940298 1.2145195
0.46150035 -1.4172249
-0.8249704 1.3517358
0.47997594 0.15495378
-0.28872025 0.2512923
1.5187072 0.63433397
0.04244207 -1.0075834
-1.0732507 -0.0021428317
0.6876678 0.18663129
0.249696 -0.7350384
1.2607434 0.5069411
0.6442805 0.51196456
-0.2464758 0.5082218
0.60302705 1.255841
1.3075672 0.83865744
1.148986 -1.2933731
-0.1917445 -0.6084063
1.0977651 0.41160965
0.8728208 0.2203317
0.7624727 -0.0305423
0.049086288 1.3813672
1.5010761 0.19993609
-0.21878855 1.566122
0.5576239 0.83307546
0.3333215 0.1302388
1.1938066 1.038168
1.0864776 0.4360572
-0.92166567 1.226526
-0.0748678 1.3856359
0.18054695 0.20762455
2.095875 -0.62580526
-1.6414018 0.24231079
0.43901306 -0.33223176
0.6398975 -0.29635668
-0.12858692 0.66171896
1.5671021 -0.3912328
-0.9615468 0.31637353
-1.3291059 0.9740638
0.18754967 -0.06816532
3.2278898 -0.45199585
-0.43034574 0.5623498
-0.20395435 -0.35131827
1.2307577 0.21257043
0.29161614 -0.28676718
0.6052055 1.7511175
-0.93153095 0.41604805
1.36894 -0.17870906
0.015953645 1.2328465
0.77612203 0.8706618
-0.064368874 0.36665165
0.27079576 0.90307504
0.25994664 1.5371649
-0.32226217 0.044050843
1.6067653 0.014012277
0.8060066 -0.03130977
-0.75251955 1.2295821
0.6926207 1.6297252
-0.3085695 0.10338682
0.3931597 0.31389594
0.908436 -0.4065038
-0.39902484 -0.83202595
-0.023864955 -0.069626495
-0.42140526 -0.2635846
-0.20217444 -0.033586845
0.28042072 0.20963976
0.18853535 0.74372923
-1.1991541 0.6573151
-0.5579426 1.2140427
1.4741832 -1.06477
0.055550054 1.2175231
0.46964663 1.310746
0.9871816 0.49077135
0.82859486 0.8425395
-0.19122523 0.6966715
0.19239973 -0.19473661
1.3050507 -0.6582167
-0.11863378 1.3522027
1.1736295 -0.12712568
0.32644826 -1.5950797
2.68583 1.0122306
0.25751477 -0.34791252
0.09530039 0.78141516
0.35714442 -2.1169868
1.0165424 -1.1749195
0.19598986 -1.4226573
-1.1068447 0.2561427
1.6569104 0.059223533
-0.73026085 0.8886185
0.2502215 -1.1472747
-0.025364935 0.65277654
-0.76091206 1.2920437
2.527752 -0.6388436
0.96694237 0.25295135
0.65688425 -0.4482094
0.30427086 0.6057576
2.0923297 0.5608512
-1.4004308 0.67281586
0.5773974 -0.855598
1.8028893 -0.2916272
0.14844264 0.81204087
-0.6674477 0.7562678
-0.78304553 -0.66326994
0.8740297 1.2241018
-0.4884452 1.0511773
1.0980536 0.6213247
1.2566121 -0.33565807
0.56306034 0.83733565
0.29396397 0.008466005
1.0275122 -0.20177989
0.3410861 1.5429201
-0.75112355 0.7320307
0.057449147 -0.68034637
-0.044343024 0.3971725
0.113825455 -0.09102163
0.8019858 -1.7871773
-0.529976 0.38236213
-0.33358878 -0.67921394
0.7995098 0.29791683
0.7408677 -0.040480435
-1.2363725 -0.7651192
-0.5171436 0.022329718
-0.70541286 1.7077832
0.2178045 1.2803228
-0.16778201 0.35787207
-0.47580978 0.056916147
-0.22863755 0.5315448
-0.16164827 1.1795363
1.0193919 1.7159381
-0.98937863 1.1513832
1.399092 -1.109652
-1.0772002 0.084421456
-0.5705769 -0.6047782
0.16389759 0.6468629
0.5285472 0.6242479
-0.9617694 -0.030077115
-0.9548028 -0.32483885
0.34650236 -0.7385155
0.8800569 0.6182917
0.92929393 -1.1663735
-0.1718598 -0.16899434
-0.5934366 1.1193738
0.817447 0.34435278
0.4230681 0.6568634
-0.5155127 -0.80371416
-0.51801085 -0.13098797
-1.0939964 0.14105585
0.8169374 0.49819404
1.1645395 0.5059355
-0.76228863 -0.11342798
0.43078536 -0.4655236
-0.3070768 -0.042392388
1.0662812 1.1573949
0.45736223 1.7050359
2.002943 -0.45556992
0.40407878 1.7911975
0.021709308 0.4253652
-0.45185998 0.71422976
1.1115688 -0.95086825
-0.62787306 1.0568147
0.46555555 0.64277005
-0.28387186 0.10295999
0.5841117 1.1665702
-0.3986074 0.086089134
-1.3754956 -0.5785666
-0.37966156 1.447676
-0.914248 1.4227118
-0.19421948 0.48936296
1.3662926 -0.5742487
0.9554023 -1.0295824
0.88118964 1.0051184
-0.23359136 -0.9861718
0.89003104 1.1421161
0.73345655 -1.5345385
1.5154803 0.28846782
-0.12971663 -0.14548266
0.4772774 0.9438301
0.020131603 -0.37065205
0.8769502 -1.3285575
1.0906601 -0.9602994
-0.78453356 1.35284
0.45718807 0.7353155
0.7793177 -0.130568
1.2960302 0.4220538
0.8831865 -1.1695781
-1.5545057 0.5089872
-0.34570095 -0.7524486
0.21677072 1.1060777
-0.20536715 0.41871625
0.607165 0.5035454
0.0572104 0.19561872
-0.6322964 -0.4457201
0.98662597 -1.6175406
1.623105 0.7237549
-0.4613047 -0.27467093
0.39055532 -0.9505966
0.9899741 -2.3338077
1.1539559 1.8080993
0.18790711 0.6335652
-1.511882 -0.12549372
-0.2338469 0.6101589
0.17306976 -0.100049645
0.1186807 -2.318174
-0.07656692 0.45015508
1.3352572 -1.5273681
0.07828213 0.07327187
-0.30073223 1.765085
-0.35423046 1.3393474
-0.35770577 0.88672155
-0.26139548 -0.525218
-0.74794036 0.037079513
1.3628265 0.011912137
-0.23974195 0.0023521483
-0.2593632 0.0070469677
-0.49877656 0.82168406
2.264085 1.2721379
2.1282535 -0.10377112
0.9482556 -0.13258708
-0.968394 0.43097925
-0.22697285 1.1998096
-0.4206498 -1.0732939
0.61922187 -1.311475
1.2377849 -1.806117
0.6004848 0.90110725
-1.0931748 -0.025122806
1.7329743 -0.55322933
-0.50698894 0.11316794
1.60126 1.088512
-0.0058947206 -0.26505202
-0.9272939 -1.3799939
2.5180032 -1.1194222
0.28404838 -0.12280665
-0.52703947 -0.40004826
0.11193521 0.76297706
1.6016892 -1.2149646
-0.2141842 0.20929807
-0.5460894 0.3265376
-0.16970259 -0.4729031
0.24950199 -1.251796
0.8023911 -0.05613339
-0.7337198 0.11872056
0.5292223 0.34302068
0.890323 1.6295385
-0.03785366 -1.0937016
0.516243 -1.1032274
-1.2925992 0.16998753
-0.17269474 0.12230107
-0.5202895 -0.14614244
-0.3165654 -0.1490274
2.9360626 0.050179034
0.20693846 -0.7881897
2.886387 -0.8082423
0.81693584 -2.5579386
1.620424 0.33642447
-0.36527073 0.8381235
0.03665732 -0.54442126
0.510547 0.38145262
0.44057786 -0.2149755
1.4112252 -1.4122119
0.7366945 0.2325316
1.5781223 0.061303437
-0.25283322 -1.1879573
0.7031103 1.4356182
0.65885645 0.3551672
-1.9156578 -0.23794979
1.0608155 0.64125985
-0.5516319 -0.25304028
-0.11437401 -1.425585
0.84869 0.025137484
-1.5055629 0.48042768
-1.6601448 -0.30933982
0.32846427 0.5117913
-0.75514275 0.49897838
0.39117503 0.42562497
1.2817309 0.46019036
-0.7995191 -1.07632
0.60734165 0.837176
-1.4581143 -1.2982862
-1.9053819 -0.88010097
1.1741427 -0.91340494
-0.6217831 0.9116606
0.1539691 0.6577268
0.76718706 0.017011225
0.52102447 0.45960128
-0.122407645 -0.017072946
-0.55669457 -0.029856488
-0.3524303 0.4800266
-1.1940265 0.9540749
-0.86238927 -0.312071
0.22015916 0.396666
-0.7479044 0.8750307
1.7276992 -1.2285233
-0.9136741 -0.5980081
0.63715506 -0.1528788
0.27185452 -1.8457847
1.4056598 2.1887388
0.7833256 0.35347795
1.3917559 0.7690682
1.3710691 0.93435556
0.6720299 -0.6299504
1.7565062 -0.32062927
1.6144634 0.12518525
-1.1609211 -0.5364649
0.8681038 1.3619845
-0.49828637 -0.22112143
3.2050028 -0.9870433
0.71513015 0.40686738
0.57246333 -0.78421104
2.458041 0.2305286
0.29189402 1.2610598
1.583921 0.87290925
0.5174496 -0.49702078
0.36371148 0.83287984
0.6690763 0.91409355
0.5104285 -0.97823834
0.91098064 -1.0864487
0.8278622 0.42938507
-0.7591313 -0.31584993
1.2477428 0.71901673
-0.12901519 1.6905408
-1.0027335 0.6459535
-0.99480367 -0.23728053
1.0923245 1.1178651
-0.12012638 1.1761177
-0.12667009 1.1004963
-0.94543874 -0.12053034
-1.1281469 -0.66099334
-1.5517658 0.9600149
-0.93407494 -0.16746432
-0.38200253 0.5318347
1.213418 -1.3443353
0.6197797 0.78662115
-1.4207433 1.523143
-1.3898048 0.48402578
-0.9483939 0.0030560791
-0.12555246 0.7495375
0.7240988 0.06325507
0.54843193 -0.7338147
0.23169883 -0.37151438
0.6786559 0.2091968
2.2158933 -0.23620005
-0.6221115 -0.24635126
0.4628902 0.3661911
-2.0006752 -1.142942
0.3786496 1.0453799
1.237278 -0.79217786
-0.4061904 0.5301051
1.2948534 -1.8780508
2.5782967 0.23126802
-1.1381456 0.6503576
0.9605487 -0.701711
1.0431066 -0.41636354
0.111766115 0.63283145
-0.01432991 0.47336316
0.9197727 -1.636744
0.0323648 0.75676984
1.0580734 0.56841946
2.1296709 -0.43989152
-0.65119237 0.7728836
-0.4366544 1.2625761
0.64152163 -0.2719888
1.0554388 -0.6261867
-0.7089861 0.2925954
-0.23558809 0.79495615
-0.23859876 0.23201972
0.49794698 1.004245
-0.7735978 -0.5229663
0.07711987 0.2144663
-0.60128826 1.4938002
-0.16612247 1.4306362
1.1960021 -0.5488668
2.0762866 0.40071374
-0.17893253 -1.1825402
0.58332604 -0.28165016
0.18412565 0.726022
1.6305254 -0.93593305
1.4702369 -0.757545
1.1722007 1.0022051
1.2863051 0.2832148
1.3525791 -1.5259674
0.5376629 1.4702113
-0.33382344 1.5402977
0.5835847 0.8320008
-0.35458052 1.0467196
-0.18251184 1.1437662
0.45903903 0.37955427
0.24522947 -0.4220066
0.4990294 -0.33453757
0.6538493 -0.65016145
0.35836786 1.1241095
-0.33450454 1.1519995
-0.45675972 0.2647733
-0.12635165 -1.9537392
-0.73193717 -0.5071763
0.364482 0.13890028
1.0917321 -1.0797677
-0.3849061 0.67055714
-1.2538351 0.17776376
1.096865 0.769972
0.92680496 0.41957682
0.015808895 0.06241998
2.0747411 -0.5335679
-0.79325116 -1.0989544
-1.1325805 0.26583052
-0.30479252 0.96917933
0.62657875 0.51604366
0.6996786 1.2740507
-0.07370405 1.4599917
1.2693454 1.0126741
1.1831548 0.43189335
1.1574464 1.3198867
0.1257541 0.46752214
1.5512552 0.011752605
0.75369924 -0.5445734
-0.7612552 0.16335243
0.074828014 1.1767066
1.7128801 1.0426395
-1.1583816 0.2504303
-0.518347 1.4314327
0.09593685 1.3215377
0.91831976 0.41241664
0.17912947 -0.25505236
0.011168495 0.9896123
2.861482 -0.68372655
0.50164133 1.5060527
0.47216803 1.0727463
1.057271 0.52346224
2.1676507 -0.5236502
0.119210675 1.1983423
-0.26620957 0.57531494
1.1720915 0.25407165
0.45698726 0.89345604
-0.115057364 0.6539401
0.30066663 1.1839762
-0.89755493 -0.7495124
0.09329958 0.108967274
0.9508473 -0.6927501
0.3686943 0.3623196
-0.4904002 1.2766714
0.93712264 -0.20978414
0.12112115 -0.20134683
0.1849951 0.5882675
0.98878056 1.0544455
0.06492974 0.710187
1.5282084 0.075214386
-0.56559294 0.1936476
0.047643796 0.51015407
0.6514182 0.043998063
0.444642 -0.39925948
-0.6551286 0.08056435
0.1961738 -0.3661918
0.9208247 1.596309
0.64321434 0.24125856
-1.6712939 -0.65007806
-0.82933927 -0.10657279
-0.120326295 -0.5265166
-0.57414764 0.7540608
0.07350977 -0.7533005
0.5919651 0.8656916
1.4641345 -2.2657855
-0.37309924 0.71446216
0.15758236 1.3343184
0.9157451 -0.031193167
0.84102494 -1.1637777
-0.53901464 0.5872171
0.30597854 0.67180014
0.3212036 0.95200354
1.453633 -1.5011702
0.19530775 0.10395867
-0.022409678 0.6252691
0.23561098 0.32448798
0.71771306 0.3905787
1.9579623 -0.011259079
-0.20632274 0.62936187
2.3452196 0.5507918
2.0567353 0.8768484
-0.18084893 0.20353517
0.3929096 0.18021813
2.556019 -0.17679879
0.14529456 1.2913017
0.8621529 0.16139737
0.288198 1.2482593
0.16842867 1.013861
0.7536872 -0.15696934
-0.32391238 0.042434484
-0.80339545 0.42618692
1.0915437 0.40608037
0.38900155 1.2548816
1.4898258 -0.6983337
1.0814084 0.49732947
-0.7531892 -1.147769
0.59772617 -0.9664585
0.21545954 -0.26456293
-0.16954859 1.309653
0.5365536 -0.80988693
0.6348456 0.3427279
0.16039954 0.92738265
-0.49898598 1.0330088
-0.86011463 1.2088387
-0.3114904 1.0122266
1.645127 0.21689397
1.5075732 -1.2389891
0.47959256 0.74143445
0.5033607 1.530643
0.722525 0.7030516
0.19728546 0.554224
-0.615894 -0.9205796
0.2847054 1.9612229
-1.0175828 0.110826045
1.1298475 0.6385778
-0.656694 0.42090315
-0.8297356 0.3617913
-0.2229873 0.54922473
-0.5309358 0.75230813
-0.731349 0.1499682
-0.48379266 0.5525436
-0.62285227 0.107937425
3.0188563 -1.3359218
0.12397505 0.60621864
1.1006907 -0.5532806
-1.1548976 1.0477641
0.5880463 1.7084017
-0.8675193 -0.6405934
0.16251414 0.4441561
-0.027210563 -1.3996358
0.13123633 0.47000712
1.2352959 0.32467955
0.14712866 0.96930355
-0.30779135 0.33922428
0.58804584 0.012890488
1.5729483 -0.6230707
0.6883035 0.5521424
0.034005687 0.88150734
1.5455415 -1.4637423
-0.22784865 1.5382783
-0.029756486 -0.27451444
0.23904641 -1.1967804
-0.17775777 1.1777518
0.9158737 0.3474561
0.53007716 0.06390756
-1.8368536 0.006537482
0.5169056 0.2632895
0.02113913 0.030207902
1.7341056 0.16897136
-0.66005933 0.7107302
1.2931831 0.79083556
0.8854899 0.04143834
-0.8494017 0.31166708
1.1668737 -0.7323264
1.155766 0.57135403
1.5599799 -0.18739133
2.4490876 0.1833933
0.7115305 0.89466697
-0.15190172 0.02248165
-0.7316305 0.7278476
1.8232524 1.0140169
0.60032964 0.025948644
0.46381593 1.0607436
2.1174834 -0.13440219
0.5079004 0.08737302
0.064545766 0.5899234
1.0875828 0.25754917
0.050648913 0.90993744
-1.1035279 1.0467598
-0.7516116 -0.42193538
-0.59637177 0.45551306
-0.7278046 0.44889522
-2.2253916 -1.596225
-0.71156585 -0.0132651925
1.4468855 1.094805
1.4261432 -0.9678931
0.73292315 -0.007662371
0.34548813 0.67905706
-1.279012 0.5687763
0.009638295 0.6742829
-0.014043614 -0.42623073
0.08004911 -0.52682173
0.5683258 -1.1383841
1.42911 -0.10066216
-0.7808674 0.32783383
0.5511512 1.1827834
-0.35992905 -0.055781245
-0.4652089 -0.07981287
0.62188095 -0.27919585
-0.21156278 -0.14820659
-0.5493392 -0.29756677
-0.17600206 0.9037935
-0.34715688 1.335288
0.08077814 0.5807373
-0.42214873 -0.42357498
1.4908983 1.8137174
0.91947347 -0.58625007
0.81622535 -0.9436499
0.5727244 0.94139796
2.0175016 0.14566723
0.663754 1.0130086
-0.5134062 1.2196486
-0.45095557 1.0443535
0.85659105 0.08668047
1.0807581 -0.27778774
-0.9747126 0.69425553
0.43092698 -0.6504901
-0.33178955 -1.3298934
1.6360438 -0.47538236
-1.2403268 0.5066485
1.6525468 0.024206817
0.71768373 0.739544
1.631783 0.025444299
-0.08665584 0.07809168
-0.9558991 -0.70183307
1.2855362 -0.11074072
0.32958788 0.5386033
-0.15648088 0.7278335
-0.7023891 1.2798963
2.1278827 -2.1732643
0.49281377 0.30755234
-1.0251954 0.17679957
-0.5109866 1.4089396
-1.955904 -0.18511194
1.960351 0.08789897
0.6234086 -0.36742106
-0.51671004 0.18793413
0.3831054 0.17204162
0.73457676 0.94603866
-1.2962028 0.08708912
-0.2283055 0.43790174
-0.59018534 0.3858177
0.73008525 1.1695828
0.20815133 0.36845094
-1.1498306 1.3471107
-0.61823183 1.5383463
-0.25422195 -0.021088913
1.4780719 -0.62252843
-1.1920688 0.6976366
-0.5198859 0.91021365
1.0636286 -0.98247933
-0.023068085 -0.83766407
0.8890701 0.31333905
-0.30692306 0.6486879
-1.4851663 0.11987573
-0.8830623 1.3857381
-0.40988612 -0.48412794
-0.7537938 0.8006275
0.45928323 0.9121545
0.763172 0.7425785
1.1894487 -0.860427
0.35430062 -1.4168122
0.3361863 -0.63983643
-1.0200372 -1.352541
0.89763683 0.7515643
-0.6138848 1.2888348
0.42936486 0.93393606
-1.2883608 1.0322034
1.6398973 -0.010289386
-1.5032786 -0.7466314
1.3780693 0.12714547
1.8575621 -0.8769206
2.1739187 0.031814218
1.2045377 -0.33766067
-0.75533557 0.3305142
-0.3541311 1.4023812
0.9854005 0.35163754
-0.9202089 -0.10744329
-0.24322002 -0.5886324
-1.3567713 0.33523268
-0.94469064 -0.41296428
0.23882376 0.872793
-1.447459 -0.8264744
1.151394 1.1888702
-0.60940456 -0.7332028
0.88945657 -1.0995798
-0.57680726 0.38924432
-1.6460487 0.6351001
-0.50542754 -0.68345714
-0.6545443 0.66169405
1.334624 -2.0161602
-0.005180374 0.83719796
-1.0975701 -0.045167223
-0.6868799 0.4302625
0.21333863 2.2174184
-0.35646787 0.14798206
-1.2213643 -0.5664989
0.66335446 0.8404829
0.21655677 1.1617811
-0.060655817 1.3321486
-1.5096232 0.016284257
0.18151988 -1.6464574
0.11331485 0.9309036
-1.4685661 1.3581667
0.11808823 0.95628434
-0.51075643 1.023525
0.040161803 0.38062721
-0.15947638 0.79970163
-0.38199934 0.5068247
0.9104716 -0.3396419
0.64321417 -0.6115465
1.4979867 -0.88161504
1.195668 -0.7483937
1.2730436 0.35361266
1.779041 -1.9380565
-0.12554523 0.065696776
1.0404985 0.5069948
-0.7002032 1.0616767
-0.6992466 -0.035884604
-0.80124897 0.19490519
1.3996096 0.06864345
-0.07874888 0.6395337
-0.41437578 0.008376077
0.93824166 0.28677958
2.184597 0.7562475
-0.64381397 0.5145505
1.0829761 -0.724933
1.4722357 0.9073592
0.9569301 0.97544676
1.3435625 -0.81950706
0.52810585 -0.8370584
-1.4146745 -0.34732896
-1.1912307 0.5758117
-0.9395253 0.6406353
0.9824447 -0.50729585
-0.62491995 -0.28998667
0.093841806 -0.16870975
1.2722074 0.34460384
2.0395658 0.08542219
0.31126392 -0.4324255
0.18805559 -0.39983577
-0.11193837 -1.5327578
-0.46798143 0.17209932
0.038534597 0.14274436
0.09380521 -0.17474288
0.7510405 0.09351
-0.3572471 0.8468333
-1.3304615 0.31635416
-0.28225106 0.24720043
1.670428 0.69465846
0.81607765 -0.9590687
0.20794295 -0.95630217
-0.7869917 0.18164355
0.46481025 0.21592486
2.0134053 0.5246984
-0.23632008 -0.79301
1.0443991 0.7697459
0.9280943 0.11311421
-0.17735213 0.10301301
0.4754228 1.1570911
-1.2427564 0.9962984
-0.1597878 1.7745726
-0.70323306 0.71186805
-0.17402792 0.92035383
1.6949366 -1.7062573
1.2257012 1.273046
0.72979355 0.62197375
-0.9884351 -0.56949306
0.2079332 -0.15095344
-0.32244706 1.0703247
-0.009346724 1.0902174
-0.45002866 -0.15108562
-2.2170277 -1.7845416
-0.7242942 0.93884605
1.6142651 -0.35250765
-0.14261192 -1.4690127
2.4034472 -1.7705271
0.7060024 -0.736834
0.7309537 -1.5756087
1.2602775 -0.5519904
3.296626 -0.31655836
-0.06079027 0.13705567
0.30310124 1.7346897
0.7569979 -0.10738364
0.31664538 0.71959424
-0.7495891 1.1120925
-0.6483471 1.0713041
-0.34831905 -0.17206316
0.69234776 0.8221033
2.0132315 1.0306709
-1.2594335 0.017781049
-0.3144136 -0.10703616
0.23482676 -0.22025912
-0.40865645 0.36688226
0.8752307 -0.60849786
0.42430878 0.23777074
0.33212346 0.14625466
-0.92501867 -0.4370388
1.1745806 0.59236777
-0.8391438 0.26766866
-0.3807711 -1.1481979
-0.9340021 1.1663003
0.26444834 1.3750193
1.8775535 1.6968288
0.56211615 0.4287194
0.29807073 1.3991771
0.88554853 1.168124
0.2903145 0.15634134
0.82745594 0.61869824
-1.3723298 0.31519127
0.1608546 0.31310254
-0.036641553 0.5120491
-1.434928 0.20965007
-1.1636009 0.03766051
-0.07327649 0.054041147
0.40582228 -1.2838185
-0.11636783 0.9768067
0.75431544 0.19568422
-0.7991501 -1.3318632
-0.976094 -0.23220257
-0.14581716 0.3268993
0.1547551 1.9997504
2.1019099 0.111620545
0.15129425 1.6867104
1.38778 -0.0864321
0.019362375 0.46147126
-0.29617563 -0.4849249
-0.587433 0.29929006
0.53925383 0.36070627
-1.1647257 1.420785
-0.5951064 -0.6589669
-0.39489335 1.4424028
0.7268306 -1.51949
0.85443515 0.1444554
1.6330023 0.95088285
-0.008151129 1.1253018
-0.6343621 -1.271065
0.56269825 -0.7633986
1.703479 -2.1029115
-0.33662447 0.2581645
-0.1429269 0.6711898
-1.0344243 0.9716379
-0.73017234 -1.021506
0.77293664 -0.20721677
0.12873872 -2.0497339
0.17664276 0.5478788
1.9391172 -1.3708284
-0.33001423 -0.45473802
-0.810183 0.16709805
-0.6395768 1.4448631
0.6952908 -1.1533452
-0.4454351 0.5165772
1.2451816 0.35037816
0.521289 0.68194294
-0.08596073 0.892651
0.36229628 1.0986159
-0.040199906 0.7554501
2.651526 -1.2181759
1.6872258 -0.74285024
-0.6974057 0.36878592
0.4033864 -0.25223592
0.1078807 0.8930786
1.3560842 -1.7930615
-0.58748496 -0.13521962
0.24360488 1.2566729
-0.8098598 0.73766756
0.024194822 0.9518321
0.54507416 -1.6508753
-0.7781304 1.0043964
0.67885447 0.20965031
0.5257717 -0.844793
-1.0382394 -0.10912357
0.18649115 -0.32960126
-0.7351136 0.60983455
0.27844465 0.2278513
-0.8434577 1.7103515
2.419361 1.0031567
-0.024507165 0.24716505
-0.63896453 0.4073146
0.4618882 -0.39074022
0.4994589 0.9452515
0.49070567 -0.7144252
0.7375302 -0.076536775
-0.29604366 0.82862836
2.310113 -1.6642146
1.7302562 -1.1289842
0.6095163 0.74618345
2.0767162 -0.59910595
-1.0082 -0.7281679
0.9117659 -0.6851458
1.5984887 -0.81386656
-0.16992292 -0.63834196
0.8720477 -0.93336266
-0.6459088 0.41284722
0.19633292 -0.28708795
1.4138403 -0.6171533
1.9754539 0.20221063
0.43119538 0.9252052
0.40142852 -0.0058499128
1.2342912 -0.8865647
0.40360707 -1.5485764
2.1530118 -0.915029
0.3314433 1.1545582
-0.04653856 -1.0904702
1.7248468 -0.8313855
1.768003 -0.3253936
-0.2539322 -0.40011668
-0.7392546 0.6230867
0.7265424 -0.51349235
1.3181078 0.26096147
0.8524007 -0.96842194
-0.14730993 0.7289927
1.6977155 0.16336465
-0.20417202 0.8045718
1.1065111 0.6850113
1.5217538 -0.31924573
2.7213986 0.2519632
-0.14334165 -0.009868324
2.2476735 0.3066162
-0.9442948 0.55449563
-0.49381292 1.0965216
-0.088314384 0.73955005
0.6931845 -0.11702651
-0.6128982 0.9045002
1.0847261 -1.1370096
0.30645996 0.12843555
-1.3069108 -0.026870623
-0.021709725 0.6663336
1.2247523 -0.20376037
1.3168782 0.35205007
1.466787 0.38810188
0.207621 0.31731218
0.8524335 -0.46890673
0.05173643 0.15051743
0.98469347 1.0252957
0.49340838 -1.5679455
0.49227405 1.8807955
0.8496328 1.8102958
2.090228 -0.04555601
0.8891154 -0.48389417
1.924289 0.14260635
-0.08451074 0.8946616
-0.45204526 0.5755018
-0.14898433 -0.7887641
-0.4389874 -0.005096644
-1.4955945 0.36959422
2.6625009 -1.0323423
-0.010075033 0.28636998
0.8259149 -1.1696892
1.5013496 -0.04896763
0.2773314 0.9869154
2.406163 -0.19421488
1.934444 -0.27472097
0.9187675 -0.16391201
0.46722388 -1.9047813
0.2553624 -0.10882765
0.4905079 -0.5655601
1.2986706 -1.241874
0.37384343 -0.5206661
-0.88231355 1.1180403
-1.1641165 -1.3293889
-1.1843667 -0.71293104
0.6432995 -1.1213938
0.3569613 -0.018819585
0.61398435 0.41939723
-0.28553036 0.72105414
0.666654 -0.58323884
0.34978718 0.8272162
0.8790955 -1.1705337
0.035994396 0.54751176
0.11624618 0.8068461
-0.3374827 -0.5399741
-1.5071049 -0.052528307
0.62601966 -0.062549636
-0.8429096 0.40959638
-0.54261214 1.1942585
0.74401814 0.4615897
-1.4175035 0.25446647
1.0961199 -0.56514657
0.735115 -1.3498876
-0.32466605 1.1184857
-1.0836356 0.23914054
1.6376882 -0.25553557
1.3601494 -0.69163465
0.5508072 0.036199808
-1.3801197 0.18376485
0.33513057 -0.32586652
0.3297615 0.8924294
1.5736502 -0.7780746
0.5630538 -1.0572796
1.1310847 -0.84346443
0.7238049 0.17476034
-0.28492403 0.7503462
-0.6392111 0.6570563
0.7713923 -0.17799412
2.2946153 -0.29379058
-0.07220599 0.8340544
1.8619661 -1.3354979
-1.0228876 -0.71735764
-1.4442797 -0.19002904
0.15353312 0.27719074
2.1737528 1.2031066
-0.12332094 0.043020606
-0.20570885 -0.37710512
0.93522006 0.80950075
0.022230849 -0.43217862
0.50623184 0.84745604
-0.32976478 0.6866866
0.36163718 1.1691439
-0.23548268 0.5320055
-0.007518992 0.9025263
3.4293473 -0.31199446
1.5379126 -1.2750113
2.0779774 0.61742634
-0.32677478 0.8109737
1.4664831 -1.3341715
0.19027154 -0.18616964
-1.5633795 1.1772246
-0.053027555 -0.07873011
1.6724421 1.2165279
-0.255919 0.053877354
1.6213245 -0.3028368
-0.3712267 1.0972524
0.078940585 1.1332304
-0.5069464 0.6671643
0.46319318 -0.6588341
-0.09496516 0.55115163
-0.48545796 0.27873212
0.18394767 0.07735583
0.27852553 0.28323525
-0.25570264 0.16342902
2.202318 0.2639079
0.035907134 -0.96425116
-0.02457194 -0.12889396
1.3415709 -0.22525847
-0.5877838 -0.39621258
-0.10957356 -0.5554788
-0.6928656 -0.23343086
0.99583715 -0.45905572
1.2082707 -0.9211437
0.6303333 0.3014139
0.8388205 0.15088797
-0.27395323 0.79041404
-1.5077467 0.62451303
1.1474974 -0.36885062
1.0400423 0.6418223
1.2917958 -0.475783
0.7693741 -1.5600176
1.2922372 0.12936282
1.9362915 -0.24274364
0.27886975 1.6359718
1.0928715 -0.8787621
-1.0046262 0.43315852
1.7439803 -1.2689223
0.045808777 -0.6290792
-0.9971494 0.8336746
2.0842633 -1.2948785
-0.35009795 0.970383
-0.26138172 1.1970105
0.2476335 1.3014772
-0.19795907 1.9563
0.36909515 -0.77316165
-0.30407667 1.8269253
-1.2787277 -0.8953491
1.1160697 1.7537751
-0.26460487 0.86170954
0.79654914 0.31488842
1.1386178 -0.16004285
0.12964423 0.8059011
-0.40594602 1.3753798
1.873905 -0.489089
-0.88714296 0.2704289
1.3693444 -1.6574359
1.3892246 -0.18924733
-1.2067479 1.127368
-0.4186373 1.1572468
0.43629956 0.069514334
-0.37934068 -0.12847063
0.12296434 -0.4378528
-0.09011218 0.0627
0.26571238 0.37008673
0.62547773 0.27635556
0.08350898 0.31290013
1.4045728 -1.7048864
0.110706344 0.88428324
-0.45951203 -0.8062417
0.9847382 -0.3652317
-0.5716536 0.6161263
0.7986886 0.7042809
0.32215202 -0.66770315
-1.2683234 0.64844936
-0.8273811 0.57115984
-0.88772833 0.45985788
0.2402796 -0.4587565
-1.1870284 0.25968295
-0.07745995 0.8655675
0.64079195 -0.58917516
-0.29703122 0.071190506
-0.67113024 0.60822195
0.38036454 0.4662568
-0.05607575 0.8050774
1.6324517 -1.2426875
0.1147026 0.9984514
-0.09558368 0.6384975
1.6801374 0.45145237
0.9950848 -0.089368224
0.9262927 1.5281475
0.69425195 -0.32703343
0.52328753 0.26452583
0.6452295 0.024679095
-0.2259149 1.5248883
1.1004819 -0.3681614
-0.2722859 0.13986576
-0.29557508 0.5297489
-0.68444353 -0.92621964
0.9839646 -0.5202012
-1.4491792 0.13309288
0.9725389 1.0072289
1.0181123 -0.5048359
0.84380823 0.64359957
2.8825688 0.40672863
0.36303216 -0.68691015
-0.20350954 -0.05238402
0.07421975 0.1497652
0.2852469 0.16560751
-0.14569886 1.799494
0.035677865 0.25705135
0.67678106 0.12392622
2.342912 9.725988e-05
0.58776677 -0.9531498
-0.2213147 0.31283385
-1.1765116 0.7705911
1.1436687 0.32435197
0.32668906 0.35016567
1.686084 -0.2702602
0.5283898 0.3844902
-0.8083579 0.7669597
1.4176136 0.2803905
0.47634882 0.9014836
-0.26969966 1.0775173
0.5470642 -0.03551382
0.30858415 0.52632535
-0.26905024 -1.071421
0.5400301 1.4534781
0.6852604 0.0013629049
1.7824802 -0.80656576
-0.0017273277 0.2029871
-0.78677505 1.6516075
-0.92636305 0.7071518
0.22844113 0.2507178
0.25482643 1.6214056
-0.49904668 0.5908107
-0.89374167 1.2134302
0.25724185 0.22293201
1.1665812 1.0180428
-0.31398782 -0.002494827
-0.535216 0.79930633
-0.4588753 -1.393842
-0.7700302 2.4601817e-05
-0.4781105 0.8887971
0.68827075 -0.73335457
0.68463975 0.10196656
0.67828834 -0.2888078
0.60774034 -0.22422257
1.482083 -0.41844845
0.12213944 0.47095013
1.789726 -0.65709454
-0.47429997 -0.5799936
-0.8042638 0.41200757
0.1893365 -1.7378361
-0.21549249 -1.9017162
0.45355153 -2.4412143
0.5598162 -1.4845946
1.0866473 1.0425739
0.070710525 -0.22580834
2.2327867 -0.6989145
1.251965 -0.5399957
1.6335801 -0.2463291
0.8367247 0.4154985
0.20938893 1.0615327
0.24940313 -0.284737
0.48421556 -1.024122
1.1810573 -1.1869868
0.21430524 1.6870701
-1.8440843 -0.43818122
0.549366 0.4803117
-0.24600472 0.49393594
0.21750356 0.50172305
0.5836232 0.42354655
-0.92854387 0.86108893
-0.010060936 0.45882303
-0.21912995 1.3574672
-0.15292582 0.070525795
-1.5487285 1.537849
-0.41986674 0.4664833
-0.10132702 -1.8965623
0.50823945 1.3378069
0.044972196 0.35337257
-0.65351063 0.5821942
1.4508723 -0.4663699
0.6242066 1.266608
0.5657326 -2.182348
-0.19588937 -0.6553023
0.75197893 -0.79070467
1.2486413 1.021447
-0.09596816 1.4232597
1.108541 -0.14490396
-1.4329166 0.0423117
0.6101305 0.2955544
0.25695485 0.655014
1.5253773 -0.7661459
0.09952749 -0.46417832
0.912559 0.025327802
1.626344 -0.7882666
-0.0736364 -0.0494525
-0.24520731 0.46774238
-0.7199288 1.4396572
0.92219394 0.51839185
-0.19741262 1.1373293
0.8029097 0.16779286
-0.06153813 0.21200687
0.9883768 1.2686319
1.5774901 -1.1754241
0.4700259 -0.6771581
1.7714 -0.10385196
-0.87755185 -0.4028751
-0.12122862 -0.7628023
-0.6484146 0.687462
1.1141306 0.45455623
-0.20541154 0.43425864
-1.7994332 -1.1399847
1.0225439 -1.7690678
1.1894205 1.7565746
-0.4327535 0.8118145
1.521174 0.18457794
-0.46653283 0.59139985
0.098174706 -0.6265382
-0.56860805 0.5436348
-0.6016333 0.60672927
0.13592623 1.1994238
-0.7153371 -1.2642353
-0.05282034 -1.0890002
0.3536504 0.9201594
0.9482636 -0.07840112
0.33567578 -0.16838464
0.17067306 -1.7130358
1.3856908 -0.4516414
1.3250408 -0.23198637
-1.1467816 -0.85326093
0.3150385 0.50771695
0.72132325 -0.5826557
0.38025713 1.4897645
0.18394436 1.8099988
1.1140817 -0.78410286
-0.45313108 -0.55872625
0.13469099 0.9904552
1.8390458 0.1337462
-0.96159446 1.3009622
1.1751591 0.16841689
0.7317371 1.2870967
1.3098173 0.58437073
-0.3900494 2.3383467
-0.12573305 0.34472728
2.136774 0.18641663
-0.40121627 1.1291695
-0.11524926 -1.0799575
-0.22716455 0.7597223
1.0847251 -0.40790594
0.24673016 0.19759935
0.599858 0.04229042
-0.5290088 -1.6064353
-0.1915493 1.2575617
0.5777761 1.5687141
-0.018588737 -0.22256061
0.1490681 -0.38650993
0.34154212 0.58419883
-0.28699595 -1.1106234
-0.8280461 0.5039417
2.2444832 -1.0138824
1.8336029 1.30726
-0.05609469 0.867704
-0.20190537 -0.07601209
1.7256962 -0.51076066
-1.0175266 -0.12339906
1.9137049 -1.4045343
-0.16432494 0.25967914
-1.284728 -0.8977081
0.5247865 0.81007355
-0.009189874 -0.7097731
-0.80068314 0.7056031
1.6380292 0.21878809
-0.17814717 -0.42289427
1.104471 -0.8447289
1.1342624 -0.45853883
0.8908499 0.5627578
-0.3830953 0.8407486
-0.63533366 0.7303835
-1.7339605 0.6784833
0.62786126 -1.8453546
-1.2948153 0.27060986
0.1784951 0.6558728
0.008326694 0.2983436
-0.85879934 0.8093484
2.0009105 1.4636192
0.26996982 1.2908733
-1.5863433 -0.47752893
1.2109237 -0.021086141
-0.15118134 1.3328977
0.8379069 1.2297475
2.6762927 -1.4611883
0.75213367 -0.29063144
0.009028479 0.15202212
-0.65001345 0.9049526
0.85003155 -0.8611359
-0.5952052 0.20949814
1.0600433 -0.05358617
-0.77989024 0.90778416
0.6043676 0.11757687
-0.37276533 1.0387957
-0.8041408 1.5661569
0.78000695 -0.58771193
-0.44687077 0.69199514
-0.19128929 -0.3938382
1.5516258 0.4625582
2.273875 -0.51167476
0.29447544 0.24258703
-0.9443091 0.92249805
1.556119 0.017116487
0.9362306 0.48115402
1.0150316 1.48247
1.2083563 1.2710934
0.26460987 -0.474288
3.8192046 -0.50795
0.65515596 0.34451306
1.1037956 1.2972009
-1.7854792 -1.113473
1.828521 -1.0410545
0.8229173 -1.3463542
-0.7470994 -0.4286507
2.6807413 -0.55603534
-0.31660143 1.2242961
0.8232847 1.4814031
1.1951939 0.1528714
-0.4177351 1.3885462
0.6172632 1.0027766
0.14315943 1.272182
1.0988911 -2.5379472
-0.37344706 0.030166686
-0.1367301 0.05855158
1.310077 -0.3030749
0.1456347 1.1015348
-0.96180457 0.8196263
0.47132772 -0.74607116
0.20288856 1.2930481
1.7577112 0.8796024
1.1890211 -0.9410758
0.3874442 0.44579107
-1.0413874 0.39078856
1.4853916 0.18638241
1.7812388 -0.7787655
-0.7751524 0.7324482
-2.0355694 0.116573155
-1.7485939 -0.632221
1.6250831 0.20804182
0.5690298 -0.6909491
-1.3414286 1.3833649
3.0539782 -1.2438853
-0.06214264 0.7676763
0.50675994 0.4673593
-0.04428397 1.9826996
-0.69123304 1.1809103
0.8384904 1.153585
-0.28533244 1.5174985
-0.24508871 -0.64623237
0.56874293 1.2914605
-1.0876688 -0.048109353
1.4688333 -0.7981561
1.2697442 -0.29807672
-0.35765502 -0.60239017
0.53431946 0.33195883
-0.23220947 0.016785026
0.72364384 -0.8402269
-0.1177634 0.561722
-0.23000287 0.18606025
0.2105643 0.63099384
-0.8857853 0.16338482
0.2060488 0.47110063
-0.10507184 -0.09721257
0.28494197 0.22336939
1.3264 -0.87290454
-0.032148153 0.30468154
0.6831998 1.1615336
-0.5411868 0.19267976
0.38066238 0.81960124
-0.14524122 0.6814944
0.17550619 0.8596179
-0.7058572 -0.43304014
-0.55704087 0.9202555
0.50979507 1.3729753
0.3671195 -1.0590502
0.69894445 0.9169646
1.6793339 -0.2273823
1.6331352 0.5981367
-1.1023238 1.4456272
-1.0410979 0.6627168
-0.17981207 -0.55685
2.0733523 -0.6596986
1.2242587 0.65657026
1.5828848 -1.8910344
0.5540371 1.0235181
0.12910755 0.21951789
-0.15308666 0.7238002
-0.33264083 0.019898534
-0.5983918 -0.52651334
0.5408136 1.0878496
-1.2545859 0.76142615
0.160628 0.8934879
2.651144 1.1829844
-0.88993645 1.446682
1.8862958 -1.5618634
-0.9540949 0.55178195
-0.64643 1.7055223
0.92453116 0.20180526
1.336225 0.4196952
1.5217826 -1.9555969
0.5121354 0.45079523
0.3662368 -0.15034506
1.1698908 1.0815496
0.007754758 -0.09970376
1.1759588 -0.21966407
0.64214456 0.21607989
-0.9007543 0.13546696
0.31493723 0.39423758
2.0295105 -0.47836977
0.9764182 -0.6294913
-1.5238816 2.1319292
-1.1166662 0.92620224
0.38702673 0.55643845
-0.069720775 -0.4320445
-0.32705584 0.6262403
0.0022754818 1.1593604
0.27371138 0.15308556
0.7470566 -1.020608
0.550008 1.4411051
-0.88867307 0.51841617
-0.84731495 1.3682935
1.2314663 -0.70118517
-1.507666 -0.3391818
0.024424031 -0.085048944
0.86974543 -0.34732956
1.0499282 -0.3388388
0.25984043 1.0975091
-0.9613798 1.4431255
-0.32539928 1.2174277
-0.9675294 0.32567793
0.5542618 0.20601022
-0.24130511 1.9722135
0.49640048 1.6094191
-0.33228624 1.5404494
1.2605019 -0.26519662
0.8265911 0.91003484
0.816189 -1.3718038
0.2612487 0.22022271
-0.67380035 -0.9183814
0.19531433 1.6311326
-0.51626015 0.54389554
-0.41270417 0.53196573
1.5298893 -0.689558
-0.8918398 -1.4511707
-1.308099 0.28302604
-0.023229778 1.2378819
0.9569145 2.337205
-0.16666806 0.108486086
0.82275134 -0.12593934
-0.018867806 -0.68704104
-1.0932567 1.2068176
1.0761607 0.056027085
-1.1138115 0.33767432
-0.48390436 0.6473298
0.31963187 0.8692965
0.7378778 0.18136686
2.182782 -0.89604366
2.1634765 0.23971713
-0.34400678 -0.0367084
-0.7542501 1.6662285
-0.5916399 -0.36448365
1.7994914 0.030531257
0.91067606 0.5926711
0.41121233 -0.21971868
1.2820795 1.1373134
-1.2349714 0.681474
0.31555974 -0.68099296
-0.37213397 -0.89906937
0.45932525 -0.55052066
0.7935726 0.21140015
-0.7372025 -1.9005928
0.8907973 -0.25094417
-0.82187194 -0.036962837
-0.085020244 1.4725442
-0.8861165 0.3446918
0.57679534 -1.04935
0.25803512 0.6512225
0.92498237 0.12224811
0.29857975 -0.18890317
1.3076371 -0.78365946
0.30139047 1.5119455
-0.76038224 0.2909832
0.08854927 0.10045615
-0.008923858 0.9674757
0.78317577 -1.0585299
0.019231483 -0.08208653
0.31185997 -0.06983344
0.2096092 0.15634665
-0.43155718 -0.5142853
0.7821626 -0.49700922
2.0960307 -0.5235052
2.7605233 -1.4038422
0.64263463 0.23171324
-1.0355151 0.11206621
2.2192512 -0.5037608
0.096744165 -1.6407077
0.43363595 0.66054946
-1.2280537 -0.059543416
-0.0156596 0.97299224
-0.35510805 0.42372638
0.87753814 -0.9599975
-0.939685 1.2985511
2.3087394 -0.24203265
-0.8592972 -0.4861096
-0.8457037 0.75963223
-0.44568855 -0.03214948
-0.99415267 1.5399432
1.8858621 0.9128333
0.86671585 0.061974674
-0.27425042 -0.038605943
0.97820634 -0.011747345
1.4053054 -0.09404054
-1.0710155 -0.57465637
1.4672589 -0.19035566
-0.072632134 -0.8777415
-0.40207475 0.45417547
-1.3725907 -0.4509157
1.9002314 -0.24457288
2.1820188 -0.2518099
0.35572588 0.27862424
-0.039141208 0.3858739
0.48523575 -0.5403484
-0.25572568 1.0444806
-0.37933666 0.089131564
1.0816584 -0.63819593
-0.23283084 0.39339072
-0.04541734 0.5071176
-0.76169395 0.9755593
-0.7750778 0.8902629
-0.1702077 1.503798
-0.06974216 0.30595767
0.6791549 -0.1480883
0.58791304 0.63119656
0.8230769 -1.5676012
0.49676913 0.19058663
0.086504266 -0.106347054
2.9275856 -0.44407356
0.32409227 0.7369277
0.06834425 0.2807132
-0.18954456 0.8163318
-0.39631677 -1.1838063
-0.11062613 -0.08057308
-0.4309427 1.3322546
0.370084 -0.15415612
0.2630188 1.399509
0.77518314 0.6882929
0.30644894 0.6908106
-0.023077756 0.11367896
3.0947905 -1.0365524
0.3482896 -0.5033397
0.8345557 -0.9249207
-0.6052592 -0.2125391
0.678042 0.1897664
0.8334246 0.91416913
1.52059 -0.8294216
-0.6281524 0.56691647
-0.34352082 1.25228
1.1009444 -1.0417497
1.3606936 -0.08217768
-1.0963721 -0.0566528
-0.40557238 0.1288439
0.6621854 0.21571663
0.59208214 0.6459833
-0.10801655 0.65382355
1.2759234 -0.75722057
-0.60908115 1.3952107
-0.04431939 0.8621865
1.8106086 0.83678395
0.94931203 -0.033182755
1.1041217 -0.15481816
-0.2946316 0.39822245
1.6426579 0.08640435
-0.086894706 0.9565981
1.0203055 0.2652493
-0.15354347 0.046981066
1.009786 -2.3338895
-0.59304905 1.6123147
-0.23243093 -0.33132267
1.4873155 -0.5933483
-0.302379 0.251684
1.6174859 -0.2103572
-0.24312887 0.6388519
1.9611857 -0.9029584
1.7911355 -0.49254614
1.1002424 0.42307413
-0.80750966 1.3713388
0.35341638 0.9049427
-0.15761991 1.6730862
-0.7368223 -0.25734162
0.46329564 1.1737344
0.8060449 -0.002943918
0.27558547 -1.5312526
0.13630797 0.3699909
0.4312021 1.3080056
-1.1323603 -0.042441443
-0.20777506 0.28306985
-0.7132688 -0.50295436
0.4857499 1.0411484
0.36905062 1.8836088
-0.87997514 1.1389403
-1.4131081 0.6341201
-0.867852 0.8461985
0.73686916 1.9558485
1.6010321 -0.13414803
0.5646334 -0.3379073
1.2072452 -0.13552159
1.0553702 -0.5033437
1.0857309 0.41647655
-0.04044892 0.39403892
0.7562826 0.6931572
-0.015270442 -1.592793
1.5046084 0.1394122
0.27567697 -0.9271624
0.20948906 -0.42653626
-0.07239421 0.81177884
0.57885605 0.04930514
0.8316905 -1.4289823
-1.3499644 -0.2779657
1.1630329 -0.9532929
1.1808475 1.7066922
-0.88285303 1.2620184
1.3910644 0.34431887
-0.3337466 0.121956795
1.0234672 0.6703501
0.22447996 -0.94649196
0.23556961 0.58680344
0.16219552 0.87953013
1.3334277 0.31286442
0.59659123 0.42345715
1.3102143 -0.66433436
2.0313833 -0.2348555
-1.1752144 -0.21956797
-0.26852337 -0.7335554
-0.36983916 0.13531291
0.19602229 -0.64275193
-0.38948774 -0.13441196
0.62534386 0.14221492
-1.6010895 0.025458366
1.2389524 -0.12000354
0.4606551 0.20246798
0.6260404 -0.07842225
0.3053974 0.6196576
0.8710566 0.69507635
0.03645827 0.86639684
1.2910972 0.43066275
0.20823677 0.45990694
-1.6079146 0.9779869
0.70052963 -0.8532899
1.0207216 -0.2421422
-0.7926451 -0.19090468
0.9958232 0.10471353
1.2363914 0.51126313
0.6205443 0.58393943
-0.27765626 -0.08282077
-0.19736356 0.993838
2.665438 -0.26427752
-0.32957035 2.1582038
0.80338293 0.23304716
1.9410641 -0.088746294
-0.1321483 0.077565104
1.0675541 -1.2644415
0.09618606 0.79328376
-0.33546066 0.4746499
-0.04747826 0.17132723
0.4778785 -0.3053747
2.4126933 0.52924144
-0.13106589 -1.3186264
-0.13531303 -0.07769579
-0.12112124 0.18743104
0.8699476 -1.3368609
1.2420777 -0.32251713
0.33542436 -1.0807042
0.9168317 -1.0659609
-0.08120349 0.24394643
-2.9276073 -1.1540148
-0.011427507 1.0761998
-0.8164737 0.89588577
-0.07766129 0.66418153
-0.22843695 0.49639797
0.661006 -1.2723551
0.23619668 1.3707793
0.72313577 -0.014071465
0.4892032 -0.8120763
-0.4866836 1.855474
0.2274801 -0.27772465
1.3743856 -0.13631012
1.6878812 0.06976789
1.6931517 0.26576853
-0.76395994 0.34562856
0.37604296 -0.0008763075
-0.5751877 -0.9502582
0.48279393 -0.051962465
2.0389745 -0.9930712
1.0071118 0.6494333
1.3961396 0.281421
1.1297255 -0.8410473
2.8186588 -0.42219323
0.66981643 0.51815677
1.0024912 -1.7990253
1.9476228 -0.405173
-0.052813247 0.56329376
-0.13983321 0.46005172
-0.35633507 0.31130475
1.2290232 0.11386642
0.7962194 1.3006599
0.08583982 1.0419946
-0.44422525 -1.2329451
0.97600454 0.11157581
-0.36099926 0.6227719
-0.31736308 0.44878244
-0.8073728 0.6901613
1.7832582 -0.07777996
-0.18656844 0.30027908
-0.89659584 -1.1241531
-0.357378 1.1887987
0.66166764 0.6192363
-0.5622549 0.79208785
2.6109452 -0.30641276
0.16025959 0.6473874
0.48336637 -0.8528076
1.0548711 1.3983994
0.36008513 -0.18601666
-1.0969859 -0.606663
-0.5560979 1.6420655
0.5481154 -1.4781957
-0.2840802 -0.12121177
-0.09816311 0.9749755
0.67867845 -0.5976782
1.1917218 0.0036245435
0.70046437 -1.4994874
0.22532918 0.4195568
-1.0164976 0.090138644
-0.5292916 1.1209545
0.9891853 0.7094786
-0.89248765 0.34550762
-0.783542 0.39882946
0.018786773 0.37278634
0.9154001 -0.53856313
-0.1572456 -0.8538379
-1.7726393 -0.3033775
1.8096282 0.27164853
-0.40664756 0.75671875
-0.9048064 1.240603
-0.6145274 -0.4655761
-0.4963296 0.662745
-0.41216588 -0.7389547
0.036410764 2.0237272
0.8144775 0.18257087
-0.3666534 -0.27625802
-0.6964659 0.62394774
0.46519673 0.66670156
0.45045835 0.31216526
0.12521867 0.8671704
-0.91590333 0.91444653
0.8115509 0.023983955
-0.11372827 0.96721774
-0.92358136 -0.49812478
-1.04515 0.18620673
0.77680653 1.7109754
-0.27728096 0.46329618
-0.7257444 0.85738057
-1.1323991 -0.29537213
0.71701235 2.4719198
-0.7901062 0.7176232
2.5184655 -0.111635104
-0.5878277 -0.17333415
0.70032257 -0.05457428
-0.46972752 0.22942734
0.3457886 -0.62180233
0.13356121 -1.4103723
-0.66646665 0.096101165
-0.4838124 0.22009444
-0.58507735 1.6479738
0.96732 -0.46726853
0.1094401 1.3316998
-0.44804513 1.0024242
1.3536332 0.25768584
0.908133 0.31894875
1.2189976 -0.45218545
-0.2772776 0.24320722
2.8779206 -0.79625773
-0.07542634 -0.37717462
-0.7430189 0.5887194
0.24154018 -0.22602694
0.8811938 0.049352348
-1.2562864 -0.16265076
0.3496204 0.3435226
0.42512763 -0.9627908
0.16232263 -1.252902
-0.39570838 1.260124
0.8464082 0.882965
1.9589989 0.6859384
0.7307136 0.048087895
-0.9654484 -0.25424185
0.9912643 0.17691818
2.8251743 -0.94410425
0.5665117 -1.6023986
0.3520165 0.2552334
-0.14205548 -0.44487613
0.8303619 0.6261325
-0.10863046 1.1236618
-1.7948929 -2.4575126
-0.9184214 0.39615983
-0.59003735 -1.2760584
0.56336015 0.53162766
1.0583382 -1.3644037
0.13813461 -0.23338684
0.027728483 0.9776011
-0.7292211 1.1095123
-0.8615081 -0.1251665
-1.4467213 -0.81063074
-1.0807844 -0.8182066
2.5342739 -0.84162253
1.4776847 0.92475826
-0.49254823 1.5007358
1.0319681 0.83471054
-0.1713148 0.46631616
-0.09129891 0.83802956
1.6032598 -0.10165365
1.3807802 0.79119605
3.23673 -0.75188553
0.841832 -1.2551947
-1.5842642 0.74361086
0.2123103 1.4595218
-0.12557751 0.74571544
0.43119597 -0.31839657
0.46075958 1.8960946
-0.600271 0.77211815
-1.1797694 0.339105
2.008044 -0.3874695
0.8118995 0.5906196
-1.4515827 0.0061777383
0.41747117 -0.2634006
-0.738741 -0.497625
1.5844893 -1.7271552
0.5930825 -0.5926378
-0.017398745 1.1959121
-0.94979155 0.19352248
-0.33502215 1.0962038
2.3578978 0.7021456
0.18951379 1.2282875
1.299215 -0.80576193
0.84497577 0.6947341
0.05485587 0.93076175
-0.15777677 0.70660394
0.7485242 0.5873606
2.0323243 -0.79037696
-1.1399134 -0.70374966
0.8288993 0.9565583
0.5774578 0.6765886
-0.35978252 0.2288548
0.06920536 -1.1314284
0.33019525 -0.011465028
-1.0295045 1.0361795
0.55511534 -0.938659
-0.15453145 -0.46251684
-0.60096383 -0.22274372
0.71373665 -1.2644258
0.058614567 0.6219058
1.5514799 0.08520728
0.45733446 -0.26256877
-0.14593145 0.12276369
-0.29288617 1.1122625
1.0317551 1.4276724
1.4854704 -0.65828556
1.8324938 0.43698543
-0.75807905 0.7948013
0.42604065 0.17227018
-0.25075257 0.76397127
-0.1985572 0.6749512
1.4121962 -0.87764925
-0.72010165 1.200932
0.96178013 -1.6263182
0.119284764 1.5131927
1.0928965 -0.61953795
0.12469594 -0.7684551
1.4825122 -1.7262752
0.043405935 1.695468
0.4518218 -0.15071449
-0.039623454 0.24374118
-0.6589376 1.0495567
-0.5876671 -0.7456328
0.55616575 -0.8237148
-1.5876056 -0.08942634
-0.32785136 1.9868476
-1.4290367 0.0360291
0.64437324 -1.552033
2.4345732 0.20710233
1.5538056 1.4270747
-0.038985968 -0.18486594
1.1396127 -1.4335928
2.0845778 0.25265977
-0.6928921 0.66595536
0.93058366 0.54706806
0.13831066 -0.5795281
0.636071 0.11241174
0.33896655 1.1654117
-1.2382449 0.95056194
-0.57131165 1.0560935
-0.9092868 0.07596937
2.1328816 -0.1380354
-0.10435024 1.1622632
-0.9515865 0.051116556
-1.4585592 0.42339003
1.3032647 -0.13616303
0.7221696 0.7280848
0.7496121 0.32692683
-1.0087044 0.22710022
0.6434826 -0.13722736
0.8558467 1.7366443
-0.9788299 -0.49282545
0.6192864 0.6665948
0.8896615 0.7626844
0.76433283 0.20503482
-1.0543492 0.56746376
-0.311254 1.2534323
-0.3268058 0.7000862
1.7217036 0.42420894
0.073950395 -0.8808937
0.01811038 0.42423087
1.9299948 -0.50750446
0.5865364 -0.2855426
0.6938691 0.2736982
-0.82562864 0.41499186
-0.2915641 -0.06678486
0.82487804 0.59728485
-0.22297688 1.6087728
0.8549897 0.53501475
-0.5995441 0.64067084
1.0822868 0.22622254
0.41526008 0.8274587
1.1971995 -0.5017602
-0.29667968 -1.5150433
1.4736173 -0.9048382
-0.85759056 0.034561098
-0.5608161 0.66171867
0.09713341 1.2006297
-0.26347488 -0.59224343
0.34290427 0.0011548698
-0.8509263 0.16128698
0.883334 0.4699968
-0.03542246 -0.00849852
0.7822222 0.92870873
0.97879463 -0.05015935
-0.63582695 -0.21053515
0.30767506 1.5825379
1.1603811 1.1467004
-1.2189298 0.5930875
-0.5070742 1.2167499
0.89805025 0.6392533
-0.8935286 -0.24225998
-0.6893411 0.31164098
-1.1223185 0.8555468
1.8017495 -0.23208097
1.3235606 -0.9984624
-0.19537626 0.082313985
-0.6059669 1.0094655
-0.14451748 0.9874305
-0.7377492 0.18957129
0.44629717 -1.1156842
-0.656959 0.051787853
0.32362032 0.34737056
-0.6714609 -0.8917463
-0.50565684 0.76756305
0.7264694 0.79094416
1.6343032 1.9190612
0.21736954 0.29748088
0.40871888 -1.7453103
0.11816384 -0.30716163
-0.38728005 -0.14741123
-0.7277076 0.16434664
0.4116634 -0.08456014
0.387864 -0.07325432
0.08062221 -0.67497796
0.01901783 -0.2716306
0.02752684 1.4852359
1.2427528 0.6347468
0.60425806 0.39104038
-1.051273 1.8595223
1.5984831 1.094878
-0.31774265 -0.6091058
1.967932 -0.65280783
1.7584829 0.055829197
1.1892836 1.3933861
0.025230959 -0.70411986
-0.120647684 1.2472043
0.6637238 0.5765526
-0.31868428 0.30471522
-0.8192594 1.0956113
0.06821595 0.30791444
-0.030065209 0.5359244
-0.8866761 1.0945213
0.11110805 -1.9057229
-0.7353032 0.55005795
0.8586646 0.4041915
0.53634816 0.3541066
-0.74185795 1.2132933
-0.73903525 0.77439064
-0.09495592 0.56839085
-0.029686049 0.07721445
-0.92057824 -0.55753213
-0.10882415 1.7044127
-0.64123714 -0.4496407
1.3529676 -0.14167023
1.309549 1.1948812
0.6369247 -0.64826536
-0.15583032 -0.07747109
-0.3792731 0.126998
1.1720324 1.3450191
0.10542025 -1.4497046
2.3589334 0.067454696
0.746201 1.123905
2.1299207 0.64069295
0.61307245 -0.2655259
0.5034213 1.240001
2.178942 -0.7370446
-0.6927165 -0.36374557
0.8954701 0.45328814
0.6023336 -0.63407063
0.40080953 1.7009544
-1.0852351 0.9819804
0.8180061 -0.89752215
1.2180775 0.078659266
-0.0008210987 -0.27654883
-1.0007854 0.7734464
-0.11724347 1.571969
0.44867772 0.9517427
-0.52179706 0.21664432
-0.4080425 1.2694199
-0.2859134 -1.1338131
0.6631589 0.27232188
-0.20562863 0.80794674
0.43436056 -0.32775795
-0.008198783 1.7230318
-0.4241504 1.3143704
0.231142 -0.43884432
-1.5816188 0.4160536
1.3415492 -0.31851062
1.062098 -0.5861093
-0.3828261 -0.33851618
1.4276181 0.7043983
2.053752 -0.41126877
-0.3550962 1.8873315
1.0506397 -0.79053044
-1.5376154 -0.7325033
0.24014993 0.053418398
1.3757019 0.35379
-0.501403 -0.09722194
1.5298054 0.15346044
1.2988805 -0.61098886
0.8093 0.2266852
-0.20722213 1.9168208
0.64345556 -0.4821211
0.5417467 -2.03871
-0.6641838 0.6747017
0.3840726 -0.7479667
-0.2001782 -0.8375268
0.44034028 -1.1274114
0.40475482 -0.49691817
0.2893194 0.08889666
1.4557846 -0.19326946
-1.4638634 0.024844706
0.028882965 0.2355206
1.3917558 0.3291418
-0.06298755 1.3054757
0.025057182 -0.4234228
-0.6947661 0.3998233
1.3598223 0.6096552
1.9185092 1.1264513
-0.7168656 0.45946896
-0.46372223 -0.22618294
0.8808314 -1.0520134
-0.5389869 2.0010757
0.23532654 -1.9278893
-0.020750776 0.525494
1.1971052 0.29112107
-0.33257776 1.188026
0.6515736 -0.5457585
2.2008965 -0.092620745
1.3995454 0.5331007
0.54956234 -0.637743
1.290876 0.5406681
1.1383083 -0.7452548
0.664402 1.6982472
1.786916 0.7751855
2.058902 -0.20779341
0.5522265 0.43508202
0.4307273 0.42775512
-0.86162555 0.8603026
0.66296875 0.31761247
1.0647317 0.4031428
1.4396563 -0.83445024
-0.22626738 -0.47514558
0.64877135 0.91044897
-0.99958295 1.0992782
0.13269772 0.7831313
-0.6872307 1.1585579
-0.33169854 0.4053372
0.5078754 0.9611953
0.12809376 -0.09274934
-0.4085566 -0.54934335
-1.9121351 0.75906837
-0.23207662 1.2716763
0.3952465 0.6802424
2.2317448 0.31436998
1.9720187 0.44189018
0.24796788 0.61503965
-0.7330134 0.47202325
2.5532517 -0.76747084
1.1679239 0.868498
0.44242442 0.61405134
-0.20968434 1.3072495
1.363587 0.7018672
-0.5677993 0.75204396
-0.48504806 -0.6707241
-1.3797451 1.4737637
0.98523897 -0.13880709
-0.3064292 -0.95839727
0.37021095 0.4868936
0.5390181 -0.0023994595
0.21732791 1.4209101
-0.9922758 0.5105719
0.11568834 -0.95982325
1.3781776 1.1561213
-1.0249273 0.30695742
-0.5746085 1.3183391
-0.319664 0.7673847
-0.029841527 -0.21777658
1.9630394 0.5997843
1.2105922 0.966392
0.14721109 -1.0924969
-1.5793141 0.40406507
1.7408432 0.6059719
-0.9111961 0.5481479
1.8677542 -1.278713
0.02266173 1.4764612
-0.2187078 0.25512755
0.72560805 -0.11128801
-0.9347291 0.0058151186
0.9226982 -0.03311695
-0.5614476 0.44460505
1.041266 -0.13993102
0.19239621 0.03431821
-0.6096844 -0.0679903
-1.4148773 1.1490698
-0.011012822 1.095521
0.5177075 1.1486597
-0.13096261 0.42515236
-0.30311677 1.5460446
-0.16927785 0.80469257
-0.7306684 0.32471728
1.6702839 -0.437632
0.28167564 0.5830967
0.12863155 0.29378396
0.618498 0.7582717
-0.08594167 0.079318345
-1.5087088 -0.025291562
1.3554958 -0.8401647
0.6452175 -1.0622098
-0.35422954 0.28996855
-0.24998707 0.31546348
1.6696354 -0.9513139
2.0935934 1.3818414
-0.8692374 0.32980257
-0.8933527 0.7881637
-1.0988301 0.036923766
1.1645459 0.8873469
0.28054953 -0.57982266
-1.6670924 0.39771706
2.314985 -0.6758422
-1.1789781 0.7656732
1.2658684 -0.36191785
0.91176707 0.00928016
0.2534902 0.9172241
1.3116432 0.24921596
-1.7356365 0.8252371
0.5700879 1.1195364
0.90045995 -0.00018431246
0.3957491 0.52321327
0.3749727 -0.25306082
0.35875714 0.41021985
-0.15094763 -0.20599057
0.7864862 -1.6505086
0.19404124 -0.3095494
-1.406186 0.030133635
1.1834339 -1.0106182
0.6056867 0.19085124
0.0870554 0.21218362
0.6515499 -1.0850735
2.027509 -0.0043075234
0.742015 0.67118245
0.44866568 1.6858368
-0.6227107 0.28514826
0.17441536 -0.13886881
-0.58461976 0.6705368
-0.18636441 1.6105204
-0.50774735 1.0428879
0.5489634 0.8007936
1.5963606 0.81610066
-0.30476394 0.5509476
-1.0318937 -0.842578
-0.04833162 1.2394552
0.051225856 1.3449414
0.6022499 -0.14981985
0.07218729 -1.2684605
1.9953716 -0.53171986
0.23295785 0.071894884
1.0440792 -0.8737367
-0.017623276 0.2539214
0.7254851 0.5711483
0.49357402 0.6200444
0.5143823 1.5888913
-0.8227737 -0.17255783
0.6699051 0.26612324
0.34766537 0.914352
0.14932333 -0.022451118
0.31730747 0.5579275
0.5838154 0.41178614
-0.17880437 -0.37621343
0.84951836 -0.20620313
1.7120122 0.5367005
-1.1972427 -0.09552397
0.32976586 1.2239656
0.47927088 0.42341304
0.5470123 0.31534302
0.3537714 -0.032791063
-0.8058701 -1.4358189
0.23391779 0.25099584
1.9168537 -0.28274167
1.8018501 0.40569115
0.924882 -0.24508217
1.0835608 -0.32874757
-0.126354 0.22877234
1.1557363 -0.36484778
-0.57696986 0.45394218
1.4772875 -0.1598993
0.21672021 1.2547193
2.0129359 -1.3000622
-0.11152205 0.42555368
2.47801 -1.2944727
-1.007273 0.8694009
0.2391072 -0.51764095
-0.83626646 0.11346111
-0.73418677 0.9463987
0.39562142 0.52967834
-1.2008191 -0.20615312
0.5363644 -0.92757404
1.7739918 -0.27145
0.73881 0.86489326
-0.8181018 1.1123753
0.5174397 -0.39750984
-0.8822809 -0.2415455
0.9582663 0.9266699
-0.2949079 0.89431745
-1.1018856 -0.30245864
0.87095183 0.9644031
1.0178127 -0.8240297
1.2460849 -0.88710886
-0.7881932 -1.5098298
-0.28292954 -0.24589291
-0.23386157 0.54979134
1.4421698 -0.30995235
-0.6975052 -1.2833009
-0.06774309 -0.6169513
0.6777283 -0.8661712
-0.9753697 -0.96902275
0.7770768 0.60925764
0.7926571 -0.021080315
-0.785917 -0.13348949
0.54237866 0.71155226
0.35778874 0.015311748
0.22978769 0.46907103
0.9660744 0.45453972
-0.41752812 -0.011039302
1.9112859 -1.1083447
2.1219957 -1.4545271
-0.068797275 -0.65292835
-0.3246965 -0.20182872
1.4954703 1.1541364
-0.86034703 0.038443357
0.3319093 -0.59630996
0.008318171 0.51673657
-1.2048773 0.7875748
1.0461881 0.7426274
-1.3799402 0.23494276
1.2049621 -0.53737056
-0.0029805005 -1.1333778
0.73224413 -1.2609975
0.5638434 -0.07907681
0.4818262 -0.06395322
1.4905503 0.52993387
0.05948718 0.043406248
-0.84171563 0.24424884
-0.14872962 0.34801334
0.014673665 0.1459949
1.7802751 -1.124375
0.2654863 0.14196631
0.4444723 -1.1625183
0.54041886 -0.6735722
1.2811185 -0.7569823
1.204863 -0.62526083
0.04909776 0.36672115
0.020746961 -0.12134825
-0.7481199 0.533246
-0.5413504 0.45080537
0.26856935 0.21113044
1.734036 -1.2283686
-0.010168806 0.47016102
1.3670198 -0.115276106
-0.10852626 0.36782056
0.8898429 0.8610279
-0.61013925 0.5341417
1.2905822 0.700544
-0.33394283 -0.41986966
1.1087782 0.26653033
0.86668783 -0.1653029
0.4770229 0.14809602
0.97956544 0.43723494
0.28939438 -0.068030864
2.5299218 0.66172725
0.09647338 0.4044844
1.1085565 -1.4212809
0.68541735 -0.3139464
-0.68902075 0.85204095
1.1106039 0.7518312
1.7327769 0.39123517
2.2869365 0.14498329
1.5862952 1.2776926
0.76818377 -0.09733401
-0.8641757 1.6229756
1.1261817 0.102883935
1.7043316 0.67666227
-0.5839096 0.7031689
-0.3740058 0.80744857
-1.6420821 0.41882932
0.8819255 0.2659858
0.79334337 -1.5959227
2.4982424 -0.105425775
1.4923835 -0.59857047
0.23386301 0.1253649
0.3158875 0.050788432
1.1085088 -0.905342
0.8552467 0.021893054
-0.6688018 -0.86538756
1.7969327 -0.66238534
-1.2656168 -0.10809103
0.30521315 -1.76684
1.2261505 -1.215924
-0.8610026 0.6105668
-0.37153032 0.55902684
1.0851654 -1.0115402
-0.6920079 1.0827327
-0.1617991 -0.020877317
0.9536094 0.46658343
0.5551431 0.47669637
0.25588238 0.38804758
-0.51265126 0.27900177
0.14195977 1.403048
-1.1665539 1.5164394
-0.31404215 0.19857782
0.08600606 0.23615918
0.11004789 0.49350357
0.9790289 0.1803832
-1.119842 0.10522407
1.4471233 1.4816294
0.43067062 0.14222473
0.87221795 -0.98740876
0.83498806 0.18356496
1.851161 -0.4460286
0.64412475 -0.63025594
0.27766997 -0.41980547
2.3631246 0.0006698966
-0.51486325 0.77298385
0.0240158 0.5827702
0.68106943 0.23488745
0.1389233 -0.92027986
1.513585 -0.14503974
-0.29039404 -0.05749388
0.39381647 -0.32857698
1.6058083 -1.1077735
0.44614774 0.8012628
-0.18885438 0.7426654
-0.6027329 -0.07345018
1.513982 -0.32911003
-0.23358743 -0.68448704
-0.22537768 1.4905152
0.14822702 -0.009295955
1.0118933 -0.31530917
1.6834683 -0.75192696
-0.017899662 0.18706495
0.7809866 0.5420538
1.2120965 0.14166713
1.2594829 -1.9024329
-0.9920579 0.1930928
1.1802872 -0.99254006
1.3977218 -0.36599243
0.62693495 -0.5007964
0.37182236 -0.81640804
1.554694 1.1792316
0.73780185 -0.05592914
-1.4025359 0.1808821
0.6989179 0.86878294
-0.08589637 1.1177664
-0.29115608 -0.7934801
1.1512876 0.15965688
0.55446136 0.6690375
-0.16583166 -1.4301939
-0.73897916 -0.016972303
0.9571375 -0.7467153
0.465706 1.0506659
-0.822124 1.8715541
-1.2657377 0.5915302
0.9311002 0.90235835
0.25129807 0.8020238
-1.2726222 0.18156743
-0.024639294 -1.1018798
1.1727805 1.9708762
-1.2550471 -0.3970476
0.7855218 0.64379066
1.8192995 -1.1737379
-0.2901302 0.91467756
-0.228422 0.8287913
0.8386745 0.49284828
-1.3815725 -0.41126317
0.43632805 1.3731203
-0.7429119 1.3835378
-1.2784493 0.3251136
1.1950816 -0.14398032
0.17901318 -0.7673859
-0.012995958 0.3309399
0.31035143 0.24628517
0.75726646 0.858136
-0.59052545 2.058315
0.3637327 -0.07447164
1.0958734 0.5103424
0.79370886 0.38268977
1.3926413 0.027940363
0.75411934 0.11025685
0.8438297 0.4345687
-1.2412444 0.10124028
1.1227177 -0.16376525
-0.8907197 -0.06273532
-1.5733407 0.57590115
-0.62802446 -0.31383866
0.0115024 1.3387961
0.7353172 -0.39223886
-0.6100813 0.78829247
-1.2406666 -0.2333933
2.7873113 -0.89057946
-0.4524635 0.66914034
0.81941515 -0.22444129
-0.30728498 1.1459248
-0.07093495 0.7655899
0.33478266 0.85657686
0.21996816 -0.18669355
1.0429975 -0.35189223
-0.25429934 1.6191297
0.09109752 -0.16206941
-1.552792 0.5671097
0.94410163 -0.24782915
-1.0687824 0.5931158
0.8594001 0.3048352
-0.8057994 0.2867419
1.1481348 1.0587733
-0.41322058 0.882255
-0.56992036 1.0216734
0.09779553 -1.3869579
-1.2625031 -0.77217394
0.6625657 0.018372267
-0.5513176 0.28988206
0.18663578 0.27585363
0.53028303 0.6500201
0.117462024 1.6230373
-0.5026653 -1.0980242
1.6513927 -0.3150392
-1.6020155 -0.34385076
-0.26981655 -2.5202107
-1.1719804 0.17789444
0.5430398 0.85509294
-0.59919566 1.6029854
-0.12088649 0.29453027
1.6044953 -0.43903968
1.0791619 -0.37669435
0.17536686 -1.6268451
0.42549348 0.61296314
-0.60988194 -0.5830347
2.3377943 -0.3052645
1.490103 0.8591524
0.30618626 1.7431893
-0.52986944 0.5146301
-1.6273265 -0.2016104
1.1753932 -0.5841858
-0.33179533 1.0077493
0.720557 -0.040591627
1.4492192 0.34993285
-0.7807446 -0.5109371
-0.026124224 0.7717027
0.13628133 -0.5092287
0.58463866 1.4425173
1.4361901 0.13633105
-0.77283657 0.5856489
-1.3530132 -0.31018242
0.82911247 -0.08816111
0.72000295 0.40069473
0.8712401 -0.02373983
1.5636889 1.1338096
0.3315313 0.6146833
0.8816981 0.7296491
-1.3970826 -1.0295904
-0.5026834 1.0695837
0.44025904 0.3590203
-0.12297751 -0.18167058
0.37042975 0.78697914
3.5601587 -0.18517555
1.5548059 -0.7606441
-0.24020633 -0.32760897
1.3001517 0.07471469
-0.7342855 -0.81984
1.3587102 -1.3145769
1.3277992 -1.1119554
-0.7840933 0.5807876
-1.4020618 0.79847544
1.0290323 0.78374463
0.8678798 0.48635674
0.90833944 0.3362512
2.0296633 -0.56767935
2.0569081 -0.8207074
-0.34619787 0.3387866
-0.35620385 2.2345006
-0.45110178 1.1980736
1.334305 -0.41872507
0.09412302 0.7862224
0.7130142 1.524029
1.7287931 0.0150845945
1.9123664 -0.16823319
0.49461627 0.6976244
-0.17926466 1.0551016
1.2565845 -0.0054302663
-0.5161932 0.8862855
0.06315617 1.4570725
-0.8547876 0.3868658
0.124083444 -1.6277003
-0.7949807 0.43915653
-0.9191553 0.9374251
-0.750251 1.4716351
0.14354213 0.9547321
-0.3817024 0.5872767
1.52979 -0.41883075
0.2995211 -0.7175931
-0.06409827 -0.1350335
2.1464682 -0.27533743
-0.63375956 0.610592
-0.72713 0.10893732
1.0423828 1.1643541
-1.2578014 0.8711522
-0.14169882 0.3330983
-0.03292747 0.711183
-1.3935782 0.5004208
0.015237108 -0.6992272
-0.7452203 0.22098607
-0.034255594 -0.5813789
0.6838686 -0.34082353
0.008626595 1.3088329
-0.17944223 1.4255939
0.13803737 0.8848457
-0.48605937 -0.6311804
1.1403321 -0.61147594
0.4041379 1.2570498
-1.0971296 -0.1337786
0.6693588 -1.276819
-0.021784082 0.97140306
-0.16835482 -0.19990323
0.9017046 0.6186468
-0.2083852 -0.22103578
0.044128403 0.5568665
0.66738755 1.2757826
0.752809 -0.47131068
0.38056552 0.18748674
-0.9356966 0.20870194
1.1180714 -0.105260044
-0.6773972 0.81459576
-2.27007 -0.9720524
-2.2203202 -0.32370585
-0.13786635 1.0654712
-0.03486985 0.86752015
1.6717898 -1.4369922
0.7712304 1.2918386
0.48052198 -2.0774167
0.99129254 0.82173043
-1.2817799 0.99105424
2.430375 0.19023919
-0.93556887 -1.402621
0.41590053 0.4545772
-0.49005026 1.4241776
1.4420184 -1.8708079
-0.85642666 0.5929971
-2.1934633 -1.6213605
-0.19401485 1.1918321
0.9385647 0.8669552
-0.6804324 -0.04672672
0.08634736 -0.04205601
1.8919563 -1.5695455
1.147344 0.29927403
0.5559303 0.63970685
0.90946287 0.42858523
0.23020701 -0.4042839
-1.0507343 -0.34840193
0.14947294 -0.75189763
-0.17270763 0.5899842
0.50072163 0.3558631
0.3069883 0.564969
0.3590557 0.000688076
-0.60802627 0.1106101
0.41204923 1.2267058
-0.64531845 0.19047263
1.8440723 -0.54391044
1.3327585 -1.581831
0.34247822 1.2084293
-1.0379586 1.3471775
0.401693 -0.11571671
2.1702917 0.055641353
0.106160745 0.99239093
0.9748643 -0.037976354
-0.012823597 -1.7440939
0.21313809 0.51218677
-0.9691523 0.93836945
2.4331183 -0.50138086
0.14755447 -0.37263823
-0.013826534 -0.66506046
0.94550544 0.45179832
3.3455315 -0.8427702
2.0365682 -0.24921842
0.048923418 0.5338205
0.09650959 0.95493275
0.418683 -1.4224174
2.110222 1.2007058
0.22148888 -0.5455903
0.87597674 0.4843399
-0.5298101 0.78622836
1.0969948 0.21322179
0.5428531 0.7611119
0.89426976 1.3245003
-0.11865592 0.53828293
0.4999519 -0.3358598
-0.09252803 0.92803997
0.11648084 1.616446
1.4073915 0.7162201
0.8910783 0.54201096
1.4568146 0.7823729
1.0362782 -1.0078646
-0.20133151 -1.4783566
0.6231949 -1.1915292
-0.869495 0.023522705
0.73598075 -0.09247245
-0.14266875 0.09513986
0.28624058 -0.18842246
0.6591706 9.085238e-05
-0.474526 0.9887809
0.8728047 0.24926326
0.3003679 0.22750849
1.4915171 0.15573877
0.6517654 0.26350313
1.1010606 -0.606426
0.45695096 0.12244153
1.3989669 0.58154345
0.6641281 0.8417528
-0.6823999 1.2411633
-0.99672186 -0.4113988
1.243632 0.43180043
3.674751 -0.22793843
0.50401735 -0.310205
-0.30734813 0.41873574
-0.66737443 0.44457442
0.564002 -0.6815491
0.10758115 0.9596965
-0.07700366 1.3064537
-0.21567702 -2.0853655
-0.5748721 0.4937787
0.6123898 0.31102479
0.49729812 1.1817386
-0.5269117 0.6868689
0.5174104 -1.2660873
1.1210573 -0.43990365
2.9924438 -0.6907892
2.2508075 -0.497406
-0.551972 1.0268512
-1.1400361 1.0964139
0.13048609 -1.1523557
0.601167 -0.13418224
-0.69746125 -0.2644538
1.3041142 0.45706254
0.40601414 0.08761954
0.4616139 -0.098210186
-0.118416935 0.6598806
-0.4654852 1.5105345
0.44654602 0.5834927
-1.1973261 -0.14501141
1.216372 0.14646408
1.9589684 0.05842331
-1.1862465 0.70218134
0.7317894 -0.18198739
0.20369785 1.0458002
1.5761931 -0.3801536
0.46266425 -0.04521878
2.0504036 -2.260725
0.57434636 -2.0783021
-0.08387476 0.8396614
0.20770256 -0.4648834
1.1278903 0.338628
0.57090855 -0.877237
-0.47777504 0.9368512
-1.2796152 0.7086557
-0.53680634 0.8045842
-1.2918339 -0.58442134
0.038177684 0.514359
-0.8961288 0.9055851
1.2507358 -0.86551
0.19266956 0.5637631
-1.1851596 0.37286794
1.0359282 -0.13588472
-0.87548083 0.7269017
0.006915018 0.89817935
0.63967603 0.7566564
-0.46887898 1.1819286
0.2580287 1.6700633
0.17073862 1.4137683
-0.15760465 -0.18938616
-0.1996547 1.3825114
1.8245625 -1.2252072
0.097389534 0.103535354
0.116809204 -0.66312873
-0.3364796 1.286833
1.3361515 -0.7338221
-0.7450358 1.2166038
0.8283228 0.715089
-0.9564666 0.940152
2.2085483 0.25705028
0.057416275 0.9293435
0.8732731 -0.2395257
1.3734573 1.3808427
-0.803927 1.0799427
0.32970935 0.648764
0.6702286 0.58514684
0.37315035 -0.18949586
2.1478262 0.7234896
0.8594169 -0.006089762
0.6101201 1.2149553
0.6518212 -0.47771317
0.047616825 -0.9217062
-0.16987064 0.49547064
-0.32325128 0.52682817
-0.079377726 -0.17617324
0.26556712 1.5870235
1.5955865 -1.2356842
1.2601986 -0.9953176
-0.13943328 0.09769839
0.57302237 -1.3467469
1.1506404 1.0868459
1.0587169 0.10117179
0.6551788 0.46100295
-0.23975793 -0.7164139
-1.1312653 1.1842501
0.3537618 1.3021684
-0.41935027 -0.6549914
0.7717398 -0.38899916
0.61220837 0.5687309
0.3787331 0.8494335
0.09859376 0.69689226
-0.11143072 1.2339718
-0.97451127 1.1666408
1.1929638 -0.35706925
0.64686817 -1.0754421
1.1122322 0.011888206
-0.90303695 0.92186314
-0.010966107 -0.05456309
0.67575455 1.2800031
-0.21399975 -0.49493304
0.18992366 1.2410777
0.85827714 0.27950794
-0.3215232 0.22174135
2.5229545 0.46926516
-0.4365281 -1.1223748
0.25376838 0.37719786
1.9515493 0.63690555
0.080338344 0.72759485
0.6298048 -0.6298578
-0.0014048815 1.9251578
1.8215566 0.34430438
-0.12797983 -1.4280152
0.29428768 -0.39488846
1.2948642 1.004844
0.6209068 -0.45769757
0.5963799 0.6755639
-0.25821704 -1.1307251
1.3216404 -0.5167124
0.1688615 -0.5318662
0.8008149 -0.20832211
0.45968187 -2.154713
1.1575477 0.76366013
0.2262476 1.1648116
-0.7872154 -0.34339213
-0.31514227 1.6906605
-0.9013289 0.06451833
0.5597444 1.0083749
0.22844775 0.31624657
0.27157408 0.045717746
0.96949273 0.69533724
-1.684498 0.4666502
1.5967233 -1.409378
0.3026659 1.2146976
0.72462904 -0.5291666
-0.64920807 0.5990778
-0.22410241 -0.10522507
0.27213198 1.0551975
-0.8788958 0.5777248
0.2979082 1.5104294
0.17512842 1.1188917
0.020913586 1.3422027
0.50324345 2.0595973
-1.1331905 1.1582539
-0.4459764 1.3613162
1.9165828 0.9459271
-0.62794787 -0.99853015
0.38854778 -0.41751742
0.06631355 0.8532737
1.797374 -0.3090378
0.35073918 -0.21444525
0.053580895 -0.686687
-1.3676252 -0.35815495
0.41485745 0.8594348
-0.6028411 -0.18721727
-0.42482138 1.0171933
0.42809516 0.9810634
1.2791517 1.5777411
-0.04700239 -0.23516414
-0.44245058 1.4026082
-0.42774072 -0.003670022
1.3051866 -0.70092905
-0.99966544 1.3799584
-0.62168217 0.86919385
1.2293342 0.81175214
0.9072266 1.2305479
-0.43548316 -0.23930612
-0.19054754 1.3405855
0.16101773 1.4684875
-0.36604357 -0.09255901
-0.9783529 1.5675905
0.58145404 0.73565704
-0.22098838 0.10490227
1.0299461 0.27364826
-0.11195515 0.28146338
1.5627593 0.6475152
1.4801944 0.6504631
0.21524854 0.17908224
0.25805342 0.9436098
1.2485721 -0.070127025
-0.37700164 1.3819609
1.7590587 0.39807975
0.9580963 1.404933
0.45203596 0.17064875
0.40419823 0.5401881
1.6012455 -1.1781971
0.03853585 -1.3491015
1.1833651 0.42389297
1.8065865 -0.11658539
1.3938063 0.15527692
1.5033427 0.43394065
0.02899988 0.67936975
0.5799381 0.9507516
0.40416533 -0.09079756
2.2468383 -0.8099515
-0.4578867 0.64398235
0.29626632 0.7097231
1.646933 -0.28177607
0.6889612 0.93991655
-0.8165398 1.0889733
0.18510662 1.0150688
0.8453892 -0.30447865
-0.78514856 1.0262308
-1.6455935 0.88575727
0.22928204 0.06654313
0.20434608 1.5330391
0.6179979 -1.2247279
-0.5999861 1.0081832
-0.65543526 -0.18913214
0.9865342 -0.13711017
1.2059587 1.02162
-0.037099868 1.8829503
-0.8312851 0.26696724
1.6670135 -0.39704335
2.073878 1.7226384
1.2659148 0.7792848
1.6195226 -2.3287368
0.2980712 -0.7087463
-1.3254149 0.5536226
0.63195467 -0.80361426
1.8063772 1.2135389
-0.45031565 0.67867696
1.4093302 -1.832766
1.5487968 -1.0235231
0.5024976 0.4290383
0.1411186 1.4731734
1.5307263 1.2807336
0.53615856 -0.25627893
2.0522902 0.3508163
-0.009220049 0.5108284
0.71966213 0.65900636
-0.5941675 -1.5295699
1.46468 -0.2629527
0.4304263 -0.42640156
-0.025594026 0.4010201
1.4852494 0.06176719
-0.21791758 0.79659134
0.18230055 0.71100974
-0.6409231 0.6178376
-0.6242128 -0.56145895
-0.002677679 0.2293238
-0.88102657 0.61224365
-0.95921046 1.1220946
0.11888026 0.55849576
1.004812 1.2027628
1.5743957 -0.94117826
1.2872365 -0.8153667
-0.29547048 -0.31909296
1.2673968 -1.382824
-0.3498799 -0.09776862
0.2671041 -0.99382263
0.5864916 0.2517514
-0.6728735 0.57835376
0.6980261 0.54198515
0.09875269 1.0591102
0.6073747 -0.3173344
0.62183374 1.0933518
-0.4543957 0.2740634
1.4409562 -0.10100971
0.89150065 -0.41199613
0.35830176 -0.09736164
-0.9561046 -0.15337363
1.4772552 -0.06258766
-0.8672885 0.6200499
0.0587814 0.6418137
1.2668679 -0.010030091
-0.7228355 -0.8085637
0.30683935 0.07841641
-0.5284134 0.67732984
-0.6045652 1.1873074
1.3242413 0.21000674
0.7468991 0.07262653
1.263303 0.78957564
-0.85129297 0.8198865
0.02645193 -0.6220062
0.037872985 0.17271066
0.4448284 1.0113957
2.4177718 -1.515486
-0.18961515 0.52901256
-0.004243046 -0.21030845
-0.7793697 -0.8689846
0.64071184 0.799336
-0.6829021 0.9491884
-0.1048111 -0.111360386
0.55605465 -0.100486994
1.2988427 -0.70740056
-1.2701107 0.7487068
1.000387 -1.6386046
0.70648867 -1.130328
-0.25860402 0.30815774
0.3214438 0.66829437
-0.82932085 0.005104333
1.3826259 -0.319109
-1.2144449 0.72288543
-0.3599319 0.9771977
0.77768046 1.0131257
1.4145312 0.5542926
-0.72917956 -1.0187026
0.75784653 -0.59561944
-0.47198203 1.1231685
-0.3859925 -0.998154
0.7399776 -0.40189993
-0.21105285 0.37106287
-0.41832432 0.06696737
1.1338671 0.24019808
1.9695692 -0.41369712
2.9324458 -1.2945774
0.1813357 2.3618114
-0.5901204 1.045536
-0.49584478 0.114370435
-0.106401 -0.090973556
-1.5213867 0.83160657
-0.2896583 0.9645396
-1.2659745 -0.87298703
-0.22945328 -0.83101094
0.5795317 1.0073166
0.476264 0.52066267
2.077272 -0.8934547
-1.2282615 -0.00030604005
0.69204634 0.054956526
-0.46976215 1.1546113
-0.85067874 0.09401232
1.5481383 0.12355384
0.104075745 0.65299326
-1.4747825 -0.65751183
-0.30985504 -0.65343183
0.31240517 0.72050905
0.4915414 1.2322216
1.1677045 -0.1271865
-0.6501221 1.3694692
2.7605233 -1.4038422
0.67420655 0.05125743
-0.21938112 0.40309048
1.2545074 -1.3894227
-0.416967 1.0531182
2.2456264 -0.44825745
-0.6754687 -1.5217977
1.6466485 -1.8775265
0.46561903 -0.22854953
0.12710659 1.1347637
-0.43301165 -1.4035819
0.19002877 -0.42376798
-1.4539592 1.6606941
-1.1498332 0.39364296
0.5160972 0.242829
0.70749104 1.1383486
1.2027667 0.37195164
0.08087589 -0.34317905
0.25167006 0.8203046
2.0715466 -0.8813081
1.2672728 -0.19909503
0.72594863 -0.21583152
0.74140275 0.5852812
0.5512792 0.12235311
-0.10820177 0.5893559
0.96079785 1.0892856
0.093228236 -0.3197072
0.99668044 -0.40877533
-0.9659618 0.8129962
0.8830233 -0.81817305
-0.7724029 0.10970077
1.55773 -0.4854926
0.21261244 1.5965338
1.2122662 -0.3061719
-1.8524512 -0.08331707
-0.5974697 1.0183926
-0.36266717 0.7560144
1.7789006 0.16150269
0.88614863 -0.44536573
-0.5851205 0.57921
-0.12455498 -0.51890707
-1.045575 1.0899498
0.5675933 1.3014457
-0.5675143 0.25468212
0.9798923 -1.4475567
0.6415214 1.1538572
0.7400279 -0.18429416
0.043405935 1.695468
2.0447297 0.2734962
1.931073 -0.050929025
0.6362813 0.97524434
-0.26631057 0.21809208
0.7984701 0.7308421
2.1662366 0.29188663
0.12897132 0.9886077
-0.70975435 1.2994397
-0.22417536 -0.6856751
0.022099182 -0.6129381
-0.47456232 -0.036791116
-1.0169387 1.1038897
0.49173462 -0.10418016
0.18292306 0.2235089
1.6125106 -0.7895459
0.6730412 0.6294383
0.6588918 1.4724185
2.193372 1.8387525
-0.19379668 0.3469255
-1.2431684 -0.11724053
1.2724091 0.31831276
-0.3668926 1.2383657
-0.40156323 0.19773808
-0.5611744 -0.04182054
1.5607203 0.64264625
1.6849245 0.2843796
-0.5335552 0.09170145
1.0245461 1.3338985
1.5341712 -0.9721314
1.4913293 1.4650371
-0.8131709 0.46474397
0.22973289 0.011367232
0.0069624037 0.24344033
0.6280324 -1.4458225
-0.33322698 -0.47964334
0.23386191 -0.66350627
1.3539994 -1.0847564
-0.49864823 0.38608193
0.8407571 -0.84812295
-0.097528055 -0.31234735
1.2283648 0.60571116
0.07470639 -0.8636582
0.4527098 0.9339822
0.65032613 -0.027688101
0.040639356 -0.42099854
-0.41330308 1.5310898
-0.9768836 0.5734751
1.2564123 0.1239343
-0.73914593 0.12478015
0.7422602 1.3447924
0.79743665 -1.2888539
0.8811253 1.0848317
-0.35394967 1.4904697
1.0945733 -0.40062922
0.04187773 0.6189327
0.23067074 -0.9670482
-2.1820335 -1.739687
1.0846312 -0.22739355
1.7316158 -1.5523875
0.041681483 -0.3117556
0.59669864 1.0194464
1.3100535 -0.68960094
-0.964072 -0.36528653
-0.09772296 1.9245124
0.33256721 0.4444455
0.27756202 0.9081159
0.62077665 -0.14479697
-0.5934971 -0.059993103
-0.18084568 -0.34771523
-1.0474561 0.2816661
1.3888749 -0.7470123
2.4351015 -0.27170435
-1.3675686 0.41502935
-0.56914526 0.65622854
0.1864859 0.509527
-0.4285726 0.5317623
-1.0263689 -0.7540728
1.8141811 -0.29912186
-0.12627056 1.1003783
0.23568107 0.32220864
0.56122386 1.1187737
0.07045658 -0.22967066
1.2785356 0.9266023
-1.0956732 -0.2928456
0.88806635 -0.05277729
0.10059117 0.42218077
1.3660417 0.6899042
1.2563663 -0.93199354
-0.56080204 0.52271026
1.8297989 0.74877757
0.94595987 -0.60883534
-0.10896315 -0.4132592
-0.1240709 0.102448314
-1.3925098 -0.57058823
0.53360707 -0.6232443
1.9848621 0.31161243
0.75186914 0.68622303
0.48840338 0.22967327
-0.24354152 1.2665303
-1.0823356 0.39525127
0.43470556 0.14112902
0.07053064 1.0631633
-0.84907466 0.71186817
0.7559605 1.308939
-0.5318932 1.355684
1.437829 0.4723568
-0.45312035 0.043178976
1.7807028 0.35737437
-0.5840838 0.3548041
1.632357 1.1017654
-0.33915463 1.5872772
0.8850947 0.38182902
-1.0515083 0.53331417
0.14935805 0.83738786
0.36989897 0.77079827
0.08595009 0.8989189
0.33098674 -0.6836114
-0.77853286 0.08693051
-0.83899343 0.35337025
1.126605 -2.1164613
-1.3505019 -0.6874076
-0.15353075 0.41319907
0.8229893 0.26381397
0.20677914 0.3593827
-0.38823915 0.3673492
1.2582638 -0.27302673
0.6229874 0.6702939
0.36038893 0.2902279
0.25868118 0.005886182
0.07171784 0.24206507
0.3481928 1.1208503
1.1347117 -0.1539678
-0.18370566 0.8178366
0.40301836 -0.100385666
-0.24293283 0.9206471
0.890768 1.7175279
-0.5923987 0.2678535
1.7264475 0.89790064
2.0285642 0.010493711
0.5636207 -0.6372658
0.85961694 0.35015625
-1.1021737 0.3166058
1.7734087 -0.5961015
-1.1951897 -0.51327044
0.89353865 1.0268345
0.28363228 1.0573144
0.17997943 0.56534594
-0.059483632 -0.6287904
-0.360532 0.35524452
0.18488292 -0.40558147
-0.11968319 1.5697165
0.3711087 0.6446256
-1.373262 -0.40367657
-0.31339484 -0.20459393
0.19864802 0.5946902
0.08130644 0.37436295
-0.14665182 -0.6028755
-0.57494795 0.06477296
0.37280786 0.45211017
-0.09383866 1.0319633
-0.23653916 -0.025539875
-1.5710702 -0.37338102
0.57628435 0.59936285
-0.3281928 0.057269275
0.73021275 0.3545155
-0.56224453 1.0715251
0.16838078 0.056743473
-0.8179787 0.6328308
0.34204322 -0.13162938
0.17357491 1.2006354
0.45177907 -2.0648336
-0.7860337 0.38323754
1.183543 -0.8174578
-0.6742936 2.5692692
-0.34503123 1.1513488
-0.26425755 1.3373089
0.4121335 0.31690222
-0.59152704 0.31634063
0.5915767 1.0641742
0.23289879 -0.78556114
-0.34019384 -0.7489379
0.9209537 -0.105007246
0.59590584 -1.4542017
0.9942538 0.76881975
-0.772592 -0.20306471
0.5752085 0.23976389
-0.6819952 0.7450299
1.5942034 -0.038933918
0.7859115 0.5174746
-0.032706484 -1.0957475
2.7389452 -0.21987607
0.9812439 0.7547084
0.083567515 -0.89670503
-0.06600888 0.027335733
0.93245035 -0.2380287
0.31330216 0.106900245
1.6200122 -0.7781749
0.20942791 0.19800949
-1.5675116 0.5120791
0.15221207 1.1508348
0.67033994 0.6728388
0.063784495 -0.8387086
1.3745735 1.0383003
-0.7530165 -0.30267194
0.027097836 -1.3482533
-1.4201176 -1.1098378
0.6083433 0.6388058
-0.2968351 0.9495973
0.34842086 0.762337
1.2884514 1.0888991
0.05012615 0.26566714
0.2737562 0.112579525
-0.6650061 1.187593
0.28913522 0.22241664
0.63811165 0.51111996
0.066128895 0.7862039
-0.6275307 1.0451939
0.98490065 -0.6352091
0.15066986 1.33951
1.648601 -0.6733996
0.49223387 -0.2064621
-0.08672106 1.1090407
-0.6823831 1.3619928
-1.1931633 0.4536271
0.21381162 0.36251605
-0.34613425 0.029964983
0.8056683 -0.36402494
-0.49170464 1.4177539
-2.6494663 -1.4418547
1.2537568 0.019323051
0.73150444 0.15722847
-0.12851892 1.71141
-0.3205403 2.0883653
0.21767874 1.1125684
-0.4535219 1.3208106
0.8942409 -1.837616
0.3996725 0.28091758
0.02208002 1.2494018
-0.9010067 0.4633581
0.52454245 0.73852044
1.3765465 -1.1352196
0.48811746 -0.66185284
-1.0595775 -0.51338094
-0.27143425 -1.3135889
-0.290336 0.016928136
0.25313938 1.0137026
0.2579475 0.45332563
0.1397786 1.2253809
-1.0006734 0.81886095
0.89001054 -2.0972483
-0.6284466 1.5658474
2.2608445 0.7601596
-0.5560788 0.7214566
-0.114014894 0.8870273
-0.23107952 -0.7812432
1.3723375 0.31971544
1.2729226 0.9259563
0.05843748 -0.18180934
-0.027374536 -0.54842734
-1.0167091 -0.43983716
0.35338873 0.066049725
0.1543488 1.1289728
-0.0024471432 0.49247557
0.53063196 -0.6961907
0.11085512 0.18832767
1.2294079 0.5327489
0.51775753 1.355308
0.07197063 0.9357112
0.8751578 -1.2756693
0.88468164 -0.479684
-0.8584688 -0.44368184
-0.5695164 1.3310096
-0.28177142 1.1748414
-0.4350748 0.17465526
1.2542341 -0.9818763
0.1728427 1.0305681
0.0017513484 0.07240632
1.2317755 0.50535506
1.4463747 0.13489428
1.143563 -0.66987205
-1.2830956 0.25389382
0.800991 0.62541735
-0.16890687 1.6404893
1.5139433 0.37747055
-0.3408553 -0.093462676
1.7409039 -0.811934
1.337298 0.5219376
-1.1070101 1.0042634
0.25641572 0.006355226
-1.3602252 0.4395318
-0.32515547 1.0547862
0.37925333 1.4862716
0.39300078 -1.8656318
0.89694077 -0.752375
1.4243212 0.4022441
-0.18473679 2.2539346
0.19622542 0.031493276
-1.1801885 -0.3116161
-0.080666885 0.27554125
-0.7721895 1.2190266
-0.1880585 0.9217228
0.787177 0.31552082
-1.4232947 -1.0486512
0.9208134 1.1314228
-0.96201634 0.81415874
0.6718849 0.82308525
-0.7559368 -0.40912604
0.30926168 0.6729442
0.7690007 0.4226619
0.69275993 0.8107366
0.4374771 0.2262192
0.49579918 0.55179626
-0.80606264 -0.5345755
0.37941682 2.2365866
0.45948273 -0.80370635
-0.43279874 1.7129135
-0.66581094 0.6008111
-0.41838977 0.22558984
1.544279 0.13997325
0.23144616 0.43576705
-0.93503404 1.5189166
2.185957 -0.06961177
-0.85389405 -0.041093677
-1.3477974 0.6694806
0.14947794 1.5363228
1.264748 -0.4270511
-0.09036125 -0.9646496
0.17774807 -0.13915414
0.20001115 -0.35642457
-0.5205745 1.2452736
-0.5326129 1.3079736
1.3502657 -1.0252914
-1.2048585 -0.16264747
0.054369375 0.011033684
2.1614046 -0.44516742
-0.8886857 0.2972086
-0.8580451 0.26148647
-0.14591655 -0.24842243
1.5989314 0.8964736
0.74324983 -0.3525493
-1.9099011 0.24501288
0.2501281 0.49722785
0.45819503 0.22949022
0.26879328 1.4595122
0.8022743 -0.164944
-0.7545754 0.21948493
0.30166477 -0.35653964
-0.1061047 -1.1727414
1.4733555 -0.97802615
-1.1440011 0.9688341
-0.23744516 1.1819279
-0.16185436 0.592484
1.0933629 0.9774236
1.6132765 -1.4552071
2.0433407 0.54134244
-0.47724962 0.83859247
0.0125347525 1.8674812
0.8722932 1.5192888
-1.5573056 -2.4840956
0.14112245 -1.1372586
0.59333205 0.80937916
-0.54951775 1.4635048
0.022891417 1.0320432
1.1166269 -0.78250766
1.1509423 0.9636006
-0.89875776 0.5987492
-0.36865053 0.652191
-0.34373125 0.48476923
1.293242 0.47027463
0.13773875 1.5509946
0.7732498 1.0939701
0.40047842 0.4481867
0.8362153 1.037488
1.2003249 -0.6703396
1.1794852 0.80945784
0.732468 0.44263828
1.5139937 0.759188
-1.0222706 0.19918138
-0.26957983 0.6262921
2.535274 0.015984267
1.6138059 0.3129633
-0.82492685 0.3681991
2.3381174 -1.3175359
1.861331 -0.2661091
-0.034521595 0.13244337
-0.51545745 0.66501564
-0.50174505 1.022619
-0.9864818 -0.025139824
-0.55812633 0.360183
0.037295833 -0.80685735
0.2167822 1.1187129
1.12417 0.6806635
-0.29442066 0.5621192
0.033113435 1.2156048
1.0051897 -0.4569214
-0.12222773 -0.8214965
-0.85160565 -0.89445245
0.4922335 0.79553527
0.06455897 -0.8471648
1.3374043 1.9151621
-0.1220766 0.9069187
-0.8825963 -0.59546584
-0.17890827 0.049514234
0.20206572 0.14336911
2.2710624 0.8429671
1.5735934 -1.5382583
0.50676537 1.9606123
-1.3552601 0.068059295
-0.48446846 0.36855698
0.86779314 0.5354587
0.0845304 -1.2372482
0.56254596 0.17834339
1.0975394 0.16976741
1.8461406 -0.20704934
2.8810554 -0.70136833
0.5466728 1.424197
-0.87170017 -0.5484603
-0.7234634 -0.0032911748
0.98361915 1.150917
-0.9011702 -0.09279661
0.72080517 -0.17111444
1.006892 0.030907363
0.7913949 0.078017175
0.56321484 0.48954725
-1.0124309 -1.0310142
-0.08565964 0.36060524
0.510259 -2.5088055
-0.6340864 0.5238386
1.2663815 0.64665437
1.6467762 0.15692666
1.1114278 -1.0023015
0.19539236 -0.8857017
-0.9730891 0.08228132
0.009666935 0.22313064
1.2160295 -0.5720552
0.83874923 -0.8923105
1.2574341 0.02746597
1.69655 -0.60127574
0.39558107 -0.0019037873
-0.661679 1.2438507
-0.68914825 0.47311383
0.13157837 -0.5424696
-0.11348216 0.9367519
-1.0242772 1.1191437
3.1046517 -0.28343967
-1.3033398 -0.04605271
-1.3403519 -1.3616304
0.21965219 -1.2409441
1.5383036 0.34766197
0.86718553 0.7993259
0.14443292 0.86311096
0.6080621 0.39801556
-0.43500525 -0.33951777
-0.050612956 -3.3725612
-0.6084403 0.6216311
0.74212134 -0.7483118
-0.065056145 0.04960811
-0.1279329 0.5705585
-0.89715075 0.8345507
1.1864837 -0.87740475
0.5427778 0.10538012
0.30019015 -0.5678646
0.028940186 0.82515997
-0.6510653 1.8371756
-1.2413182 -0.31489027
-0.26855004 1.0634663
-0.32499418 0.8964332
1.3429334 -1.4855793
0.6902314 -0.30090854
2.1577086 0.36965305
0.9190039 -0.49168134
0.62729275 -1.6915925
0.37868404 0.6740711
1.0012965 0.3517825
0.7549264 1.0977378
-0.23541723 0.5699452
1.8479161 -0.9973644
-0.7078233 0.16695845
0.8398078 -0.809649
0.9838777 0.3437519
1.2025316 -1.1373621
0.801029 0.55264616
1.3314428 1.3893816
1.732429 -0.115987875
0.69385076 -0.87928134
0.2279311 0.70170677
-0.7321416 -0.22281176
1.2432165 -0.923696
-0.37161738 1.4754987
0.81267184 -0.073284924
0.23962112 -1.3160398
-0.1418039 1.3473353
-0.62221 1.2323301
1.4106658 -0.52707565
-0.020669252 -0.7597223
0.28307158 -0.72013944
0.7633917 -0.12338787
1.785445 -0.5991678
0.6209761 0.21225548
-0.316958 0.7454533
0.011115119 0.5524707
2.1246035 -0.4469459
-0.7460794 1.0503578
-0.61796904 0.71215475
-0.7142656 0.29784268
-1.0222098 0.13820982
-0.18359317 0.690492
-0.7908739 1.5840037
2.482408 -0.85009927
2.2632427 0.0071358383
-0.1213631 1.5843823
-0.29936728 -0.38971156
-1.6004536 -0.8676004
0.14571269 0.38686305
-0.1657665 -0.30548456
2.136883 -0.1892004
2.3185928 1.340949
-0.7251393 0.201864
-0.16315529 1.2498109
1.3439761 0.49354362
-0.45788997 0.26088595
0.9426647 0.15066212
-0.98018277 0.41481078
0.26865828 0.27040452
0.58187497 -1.3924513
-0.33053154 1.7544596
0.7027052 0.5346791
0.6204287 0.05218804
0.5425148 -0.1562024
1.709083 0.88126606
0.6112903 0.10938749
0.3732465 2.1049445
1.1308383 -0.2964775
-0.31665593 -0.9907869
-0.061719447 1.1478927
0.7732932 -0.3059669
0.840283 0.5633367
-0.66145295 0.98615664
0.25584733 -2.5548778
0.08402367 0.57852656
-1.5418046 0.38245147
1.8916743 -0.26778632
-1.5149859 0.9432482
0.32720852 1.0245256
1.1249473 -0.35292435
2.4645536 -0.51298445
-0.5743337 1.1947939
0.72822696 0.20986775
1.2277428 -0.17921315
-0.5183535 1.3661988
-0.6666595 1.0196822
-0.021585211 1.0231521
1.0935988 -0.17175919
1.5088719 0.31247956
-0.11142042 0.30937934
1.714049 -0.15837735
1.7762957 0.23432991
-0.029682904 1.4180846
0.575381 -0.31408992
0.5260422 -0.9490597
0.4691006 0.08038187
1.9488349 1.4471726
1.036419 0.93854755
-0.48513046 0.19644797
-1.5789139 0.09950048
-1.7769095 0.19756362
1.4858334 -2.246155
0.45800233 -0.6079892
-0.28451228 -0.05064194
1.052404 0.18915796
0.44517815 -0.72353524
0.2976907 1.1774693
0.5366052 -0.02110137
2.029176 -1.2519286
0.47466826 0.51304376
0.29614466 -1.7178411
-0.544544 0.79801935
-0.52312684 0.8088915
-0.14372703 0.33682317
3.0616765 0.15109766
1.1295245 -0.38292187
0.04185699 0.96151096
-0.6605371 0.8294496
-0.7867129 1.0305622
2.1627195 0.3857745
1.5328982 0.92844087
1.3157445 0.97620064
0.79325145 0.04504147
2.2722623 -0.43252766
0.13167115 -0.23344512
1.1178253 0.09818241
-1.0632155 1.6589744
3.438655 -0.2252323
-0.9920909 0.6396374
0.3419174 1.7082312
-0.005967036 0.9503476
1.1611005 -1.0127772
0.63299537 -0.30717203
2.7970881 -0.39922655
-0.08690636 1.3656223
-0.23559338 1.3926775
-0.91054976 0.27384377
-0.5950707 0.39552903
-0.34699842 0.44926828
0.12896968 -0.46102303
0.28542638 -0.37380534
1.0459156 0.5461232
0.5178513 0.038760066
0.32405072 -0.86839914
0.95605713 -0.27639568
2.0518272 -1.2923317
0.9560388 1.2164724
1.4076303 -0.7017989
0.31447774 0.51016176
0.87774235 -0.16884351
0.43702638 1.8238609
0.84495574 0.41016847
-0.10644516 1.1677353
-0.7345834 0.8534079
-0.9008523 0.1810584
0.36164558 -0.331785
0.6567077 0.7310811
-1.4370667 1.2161605
0.3114726 -0.054398313
0.035578385 0.74565923
1.2192329 0.3893546
0.034868225 0.38497448
-0.55194634 0.78627497
1.8023312 0.48217273
0.5275212 0.60429233
1.6295997 0.13514218
1.0122161 0.09231961
1.1161507 1.1452081
1.7953868 0.04864502
0.72365457 -0.6130103
1.243781 -0.4276693
1.2489622 -0.544565
-1.4361798 0.31111997
1.055237 0.3406611
0.49574083 0.9038287
-0.52584726 -0.20485872
0.3324353 0.03997615
-0.6336917 0.31978428
1.8353498 0.41193116
1.336453 0.38431042
1.1792271 0.42155194
0.2429341 1.7333045
-0.6027596 1.2094684
-1.102286 0.122056216
0.40452152 0.6355333
0.6494573 0.63892984
-0.25299463 -0.94054693
0.8639093 -0.04449597
-0.21721348 1.0353365
0.14731123 0.42583644
1.1490316 0.58473825
1.4998112 -0.2222874
-0.7334517 1.3847401
0.65983003 1.5285075
1.3603585 0.10843319
0.65441865 0.9799494
-0.24943417 0.65651673
0.7625999 1.0288756
