-1.3590738 0.4830353
1.8518847 -0.7850466
-0.32471573 -0.46354443
-0.3783678 -0.32511953
0.7293849 -0.2807564
-1.0860958 -1.2417375
0.025491372 -1.1687335
1.3290535 -0.26214856
-1.0826161 -1.7029164
-0.6882687 -1.0895693
0.77693564 -0.9460666
-0.68523014 -0.17187645
-0.4150908 -0.9610889
0.7249494 -1.1340499
-1.2024369 0.08477062
-1.5334207 -0.67396945
0.42197716 0.3689004
1.537524 -1.4057605
-0.8476068 -0.14537531
0.5956314 0.0021517873
0.13172121 -1.2119027
0.2807777 -0.3449145
-0.21617894 -1.5868733
0.8390892 -1.4483129
-2.6912014 -1.4483697
0.031394467 -0.5710927
-1.392546 -0.36632174
-2.9796925 -2.3920474
-2.0144765 -0.6715393
-1.6825525 -1.667685
-0.3794725 -0.016829908
0.10883565 -0.6543006
-0.21273375 -3.0855823
-0.62339437 0.021618009
-1.722162 -0.3742295
0.874168 0.2821032
0.018326715 -0.5175879
-0.6415732 0.5791317
-1.0429096 -0.7873436
-1.1414181 -0.8820996
-1.4699275 0.1985693
0.7050288 -0.29271698
1.6083597 1.4230179
-1.1393898 -0.7100748
-0.93607783 0.28911528
-0.92540014 -0.96833897
-0.33487755 1.0612878
-0.70302594 -0.79638064
-1.2803794 0.19201434
-1.7999264 -1.3482931
-1.1077724 -0.6698186
-0.38421327 -1.4908026
0.39772314 -2.015091
0.9061442 -0.45199645
-0.15914533 -0.15598918
1.3097165 -0.7673714
-0.29766098 -1.7363776
-1.4272823 -0.8203238
-1.5003498 -0.8205254
-1.148626 -0.40738744
-1.726582 -1.0788794
-1.3731054 -0.14840345
-0.856012 -0.47876078
-2.2645736 -0.6838183
0.29681557 -0.15826146
-0.08226888 0.005826235
0.37021267 -1.5501262
-0.38585752 0.35627064
0.09546067 0.58453536
2.6594834 -1.246542
0.029331192 -0.0916495
1.566509 -1.5045478
-0.85717386 -1.6420784
-1.7016687 -0.9119117
-1.426474 -0.8917012
0.16801395 0.110923946
-0.3088624 -1.0409245
-0.5388959 -1.2162002
0.50038123 -0.51382035
-1.0931771 -0.9524189
-0.8496289 -1.261289
-0.64763725 0.5279734
1.1605922 -1.7797425
-0.92017365 -0.6772609
-0.4722275 -0.42147166
-1.3331107 -1.8410835
-0.7894055 -0.55537057
-1.5733275 0.60714304
-1.0459654 0.08748266
0.88502735 -0.67753613
0.38934308 0.09842047
-0.21192311 -1.5307673
0.5042796 -1.3781414
0.41642928 -1.3302456
-1.9369415 -0.7711358
-0.9813975 0.48527822
0.15840285 -1.8876885
-2.35409 -0.56998813
1.2635161 0.2669907
-1.3568681 0.3265306
-0.06320672 -0.88242877
-1.7042216 -0.68676984
-1.3703672 -0.58106506
-0.27497756 0.42690405
-1.7343559 0.26575145
-0.664573 -1.3195252
-1.3454247 -0.1059549
0.4324072 -0.0018632859
-0.13078536 -0.90757525
-0.2675478 0.19384453
-1.4036285 -1.6905817
-0.7106237 -0.6810479
-0.118519604 -2.1692696
-1.6939895 -0.77616286
-1.7633175 -1.5099728
-0.6973109 -1.3258157
-0.23797715 -0.18629616
1.0002148 0.17766303
-0.06303248 -1.84528
0.76400536 -0.6984178
-0.41865027 0.10324597
0.8771178 -1.1276746
-1.4798875 -0.60194254
1.0161078 0.6774788
1.4283049 -0.6262401
-1.1491976 -0.5329697
1.2786381 -0.51544416
-0.44324148 -0.7670156
-0.045006707 -1.05676
-1.2224871 -1.0987042
1.0409049 -0.06159018
0.516753 -1.0669442
-1.8985047 -0.005862832
-0.21331927 -1.2053158
-0.28189582 0.17439118
0.89096016 -0.4601914
-1.1466179 -2.02121
-0.9668151 0.0660308
-0.0075101703 -0.14037389
-0.48818994 -1.4443872
-0.0347635 -0.33360907
1.0547632 0.30576262
-1.2708995 -1.568848
-0.18703476 0.59749997
0.33080047 -0.4159326
-0.13587987 -2.1178505
-1.0762697 -1.4919285
-0.82175606 -1.4783212
-0.22663866 -1.5361019
-0.1776213 -1.2477701
-0.7411369 0.48770067
1.0640985 -0.047725126
-0.43324822 0.52339864
-0.289793 -0.17257074
-0.5441538 -1.2740103
0.63878864 -0.2898963
0.37537223 0.02489096
-1.7422792 -0.0054246187
-0.895229 -0.23479404
-1.3068149 -1.471297
1.2680064 -1.688568
-2.3684242 -0.8097012
-0.6459164 -1.046047
-0.3033164 -1.485476
-1.0942066 -0.47726104
1.2907542 -0.65329206
-1.9200956 -0.8367697
-2.5453322 -0.52402985
-1.396901 -1.307354
1.696074 -1.688605
-2.0949023 -0.5839051
-0.8509953 -0.95354116
0.7016179 -0.17806196
0.022027925 -0.6678016
-0.6383756 -0.15011683
-1.7318386 -0.31213695
-0.2555988 -1.8445214
-0.1644845 0.52892876
0.20207809 -0.8766445
-0.7676418 -0.30892318
-0.109413356 -0.97229123
-1.3313698 -0.8361064
-1.58202 -1.1179376
0.00836353 -1.1779715
0.3154357 -1.3229887
-2.031848 -0.25632033
-0.20758316 0.24500269
-0.81112856 -1.0498022
-0.90932924 -1.8208647
0.5888214 -0.9711797
0.6452307 -0.543597
-0.3638106 -0.92060745
-1.4517673 -1.1904761
-2.0031822 -0.8017217
0.08888529 -0.07227552
-1.7956686 -0.74711776
-2.2509036 -0.29461798
-1.8720635 -0.1919657
0.33804393 -2.188736
-0.6609751 0.66070414
-0.08287276 0.14995784
0.6990601 -0.22405905
0.92625386 0.14836627
-1.9013 -1.1835345
-1.103803 -1.3980354
0.28137314 -1.3460288
-0.17872027 0.86871696
0.39572942 -1.0690135
0.43205208 -1.366442
1.8583566 -0.26587254
0.76638967 -0.30005062
-0.5589054 -1.2091489
0.7529021 -1.3301165
0.013265565 -0.8572267
-0.30089366 -1.7777855
-1.8600287 -0.517684
1.1115565 -0.33582088
-0.84680676 0.038794458
-0.24925104 -1.624221
-0.3265466 -0.21269202
-1.2052474 0.40191963
1.3744144 -0.8729999
1.4468762 -0.10849929
0.12594153 -1.0437063
-0.9179375 -0.15119904
1.2887228 0.18898076
-1.5039357 -0.03293109
-0.29882768 -1.2343044
0.94992894 -0.7545434
0.04786949 -0.51332915
-0.86424744 0.07442024
-2.3718827 -1.5525652
0.64300054 0.4522768
-1.6277467 -0.24052787
0.09704913 -1.3913813
0.86199135 -0.7202028
-0.5361241 -1.3455282
-1.410024 -1.6900384
0.4919303 -1.1775748
-0.8179659 0.5139922
-1.6129041 -0.19765735
-0.20128617 -1.8518273
-1.1709574 -0.8515767
0.2723984 -0.23722175
0.18575849 -2.2467294
-1.9783789 -1.2798034
-0.88655233 -1.2414355
-0.051677063 -0.94761074
0.48516762 -0.3515125
-1.8420446 -1.9011482
-0.4767564 -0.58652246
-2.6305811 -0.9485065
-1.1046225 0.6377902
-0.8058057 -1.0883149
-2.0446846 -0.9292476
-1.3695544 -1.5713133
-0.9566728 0.14277712
-0.40487623 -0.5039121
-1.4801888 -0.03405726
0.6847804 -2.2386608
-2.2682464 -0.50942457
-1.023441 -1.1762054
0.47025752 0.2934772
0.075510874 -0.022543654
-2.2702916 -1.4483731
-1.4709355 -1.2539542
-0.05294457 -1.6286347
0.83363 0.67585766
1.3259578 -1.1141077
-1.4369564 -0.027188048
-1.2897058 -0.25430077
0.4520303 -1.372654
-0.3303703 -0.04154092
-0.3065945 -0.79492867
-1.3661916 -1.4594696
-1.0300148 -0.73254967
0.022125617 0.512931
-0.1139445 -1.012018
-1.5760707 -1.8909886
0.36520427 0.15011433
-0.54288536 -1.5868965
0.6597537 0.36786976
0.027945712 0.9513682
0.795201 -1.8200977
0.029019877 1.0358925
-0.22648343 -1.1944672
-1.7361267 -0.30290955
1.1868217 -0.85103
-0.69460845 0.51579547
0.261733 -0.62313133
-1.6555032 -0.4685608
-0.021734834 0.11282796
-1.6869341 -1.1423033
-1.7322729 -1.8942298
-1.6470804 -0.077871084
-1.8486987 -0.74010825
-0.7847997 -0.68066776
0.9360015 -1.9367532
1.828369 -0.67834044
0.02335824 0.13073763
-1.0424241 -2.7152224
0.3930757 0.69887435
1.3272407 -1.4405
-0.024215668 -2.3499537
-0.05359991 -1.1963001
0.13296197 0.41166314
-1.6858656 -1.2088822
0.073779985 -1.7807437
0.60321677 -1.4618438
-0.8788229 0.86943007
-0.123433515 -0.6744049
0.722073 -0.6822835
-0.20197585 -1.035614
0.85177034 -1.1366853
-2.0548227 -1.4675796
-0.37459898 -0.661518
-1.1814631 -1.1074939
-1.4914992 -0.97116363
0.19087197 0.2247414
-1.665103 -1.7750195
-1.4910296 -1.0333148
0.9704487 -1.948893
1.5249783 -0.09186895
-0.2544901 -0.3587895
-0.92216283 -1.4055623
1.1558677 -1.7365577
0.9024251 0.9528228
-0.2856752 -0.9409759
-1.8828504 -0.43402117
0.8898671 0.42998186
-0.48623502 -1.3851031
-0.5688483 -1.78144
-1.1871117 -0.22800444
0.34401077 -2.1669228
-0.08532791 0.60100627
-0.3683379 0.48650327
-1.2083516 -1.6618388
-1.1900585 -0.9166589
-1.9248649 -1.1258414
-0.18313614 -0.115332335
-0.67559385 -1.9954422
-1.411597 -1.7860516
0.2192096 -0.38331735
-1.3099475 -0.30474493
0.6759091 -0.62473166
0.45394987 -1.6239808
-0.0546951 -1.2859293
-1.2912841 -1.0577163
-0.7426033 0.056714505
-0.98793024 -2.3759623
-0.47561726 -1.9790953
0.81588024 -1.3062171
-0.8826586 -0.91759706
-1.8174865 -0.0123263
1.7606145 -0.8087077
-1.8524318 -1.9048734
2.0748365 0.45492163
1.0395263 0.29851755
-0.722702 -1.6030917
3.4217548 -0.3939277
-0.13366789 -0.6936235
-1.9503815 -1.1132406
0.071072534 0.48007384
1.6924156 -1.0540292
-1.5169823 -0.78590417
-2.190828 -1.3580838
-0.81755275 -1.2356478
-0.96438175 -2.2920551
0.33720446 -0.9509611
-0.8718702 -0.43853903
0.3398674 -0.8567536
-0.41358697 0.027750283
-0.59082276 -1.7126393
-0.48697287 -1.5160356
-1.4426757 -0.13993013
-1.0775889 -1.1335833
-0.8214772 -0.9718988
-1.5148257 -1.1774544
1.4862847 -0.9282706
-0.72752285 -1.4951673
1.4594535 -1.438291
1.467544 -1.5123008
1.4387969 -0.80786955
0.69905317 3.062909
-1.3040943 -1.2718958
-0.5615913 -0.58384496
-0.4150979 -1.0264463
1.1113759 -2.3070166
0.2568835 -0.3175547
-0.08706349 -1.5320325
-0.46284524 -1.3713669
-1.3224558 -0.5406594
-1.0231447 -1.1408902
-2.062168 -1.1293395
0.15126406 -0.46426982
-0.6823558 -0.2775345
0.09668611 -0.8171506
-0.08642398 -1.096535
-0.736909 0.021481603
-2.6275558 -0.8726537
0.3654775 0.08883196
-1.1380167 -0.8310455
-0.83746636 -1.0796503
0.3022418 -1.0283794
-0.97683316 -2.0305321
0.429363 0.37412706
-1.9213114 -1.4815907
-2.5014706 -0.82943654
0.2884485 -2.2991698
-1.041175 0.070343435
-0.4307788 0.028383672
-0.82173306 -0.7475418
-0.61751777 -0.72080034
-0.60045415 0.056610674
-0.3294858 -0.3388371
-0.61313504 -0.3686636
-1.3440078 0.44128343
-1.0261252 -0.9744774
-0.07224828 -0.32583624
-1.7211851 -0.6523447
1.8825101 -1.0490801
-0.6819913 0.31213513
-0.21759796 -0.68329686
-0.18433167 -2.0533526
0.68453956 0.38869712
0.067568496 -0.80035675
1.2937666 0.90726817
-0.44314623 -0.46426803
-0.95833355 -2.3422432
0.07812731 -1.9588286
2.0963278 0.20708418
-1.1218146 -0.5188664
-0.30250692 -0.8659837
-1.0387564 -0.861765
3.1672971 -0.64913285
-0.59613883 -1.3673525
-0.75712174 -2.1237593
1.241031 -1.3820945
-1.8991885 -0.85830307
-0.2807446 -0.847577
0.69741994 -0.30018535
-0.21164748 -0.61914396
0.5563047 0.22003081
-0.1735664 -1.2775352
0.14453761 -1.5412583
-0.81974417 -0.9329423
-0.9741765 -0.63943243
0.69736296 -1.0551732
-0.42240912 -0.016924024
-1.5203294 -0.7883357
-2.1324143 -2.2185051
0.25193858 0.15016463
-0.7001429 -0.85396457
-0.6924521 -0.9149909
-1.0816514 -1.3363823
-1.5465615 -1.3145678
-1.5377657 0.038128167
-2.406403 -1.252243
-1.9462532 -1.1527679
-1.1604193 -2.557787
0.7141161 0.17517024
-1.4613963 0.33301887
-2.1245334 -0.97591543
-1.1969199 -1.0595826
-1.4707298 -0.96592
0.19670995 -0.762658
0.28063792 -0.51874375
-0.27397156 -0.7244608
0.68456227 -0.3721264
1.143074 -1.6127867
-1.691355 -0.77234566
-1.1211329 -1.6204351
-0.97977954 -0.9145813
-0.38289165 -0.41738254
1.3511125 -0.80003774
-1.1686926 -0.6955641
1.2830807 -1.5253727
1.3641347 -1.3624051
-1.7741889 -0.29624397
0.2763164 -1.1930038
-0.37470534 -1.8499506
-0.095446706 0.32248947
-0.36959475 0.57948613
0.23618908 -1.5644776
-0.43901354 0.27882472
1.6771643 -0.504166
0.9938379 -1.5486704
-1.1749935 0.85186017
-2.0313573 -0.45479804
0.35526913 -0.7710314
0.702143 -1.7661369
-2.2934103 -0.794978
-1.6270686 -0.70094943
-0.35003668 0.004705265
-0.97980154 -0.02505584
-0.8148021 -1.0891553
-1.3105997 -0.6823774
-1.6912407 0.02905637
-0.4224234 0.66535544
-0.15762371 -1.7597336
1.5226299 -0.5924451
-0.80196434 -1.7161772
-0.4739579 -0.92429817
-2.0786426 -1.2694064
0.60925245 -1.5708306
1.9590846 -0.7929697
0.95247406 -0.036241114
0.56144184 -1.3166927
1.736559 -0.9000385
-0.37747157 3.0099316
-0.3346861 0.8850297
0.6886673 -0.38547632
-1.32754 -0.13074322
-0.61192816 -0.4032886
-0.10136615 -1.2615421
-1.1606953 -1.4284642
0.87564474 -0.47023803
-0.3259596 -1.2955238
-1.0222689 0.1500003
-1.0296372 0.24453428
-0.42868426 0.14698723
-0.41894457 -1.4649968
-0.8961824 -0.97047615
-0.41021848 -0.44234705
0.96838707 -1.7712495
-0.8463245 0.13162294
-1.7366128 -0.9950855
0.42355806 -0.24208927
0.47632986 -0.40375063
0.20328195 -0.6231817
0.6896869 -1.4509913
-0.06373754 -0.6284013
-2.0123827 -0.22303107
-0.8067116 0.8754226
-0.37383926 0.006252706
-0.9252973 -0.45530534
-1.0447357 0.33267888
0.72099316 -0.37755167
0.13881738 -0.86157024
1.3028764 1.4922427
-0.75316334 -0.7603775
0.7325217 -0.57744324
0.8086373 -1.2122478
-1.5483285 -0.7541845
0.4410537 0.6694708
0.82252544 -0.51306057
-1.302779 -0.7728609
-1.9756743 -0.240994
-0.42708 0.037395895
-0.15021849 -1.2781007
-1.1073467 -0.91000485
-0.44436717 -0.44894552
1.6469065 -1.1137356
-0.87433076 -0.47664872
-0.45234632 -0.38270992
1.2257344 0.0970408
-0.2578841 -2.0964236
-0.35318875 -0.3312391
-1.0411149 -1.2229416
0.5900748 -0.7229686
-0.81484485 -1.5790069
-0.9756385 -0.63778913
-1.3150777 0.02793476
-0.7837578 -0.82286274
-0.9336672 -1.0871506
-1.0105928 -1.8392364
-0.67011726 -0.96193075
-0.42265928 1.0487808
1.0765127 -0.7224557
-0.33689526 -0.9857222
-0.9274345 -1.6756052
-0.23394263 -0.23659936
-1.0291141 -0.65815437
0.5167339 -0.20846292
-0.8015455 -0.7603884
-1.0921005 0.08351162
-0.049361765 -0.7784405
0.035217598 -0.8018575
-0.76029724 -0.30154026
-0.06176518 -1.2646462
-0.9246017 -0.13702281
0.6662644 -0.28087723
-1.3389472 -0.35619697
-0.82400066 -0.029082209
-0.05983855 -0.731861
-1.3367044 -1.1449625
0.08907215 -0.8988985
0.28345394 -0.38321394
1.1338006 -1.8746604
-0.3495099 0.46999428
-0.9060822 0.07974154
1.4630531 -0.0234977
-0.89448667 -2.990845
-0.7774695 -0.21113577
0.5292725 0.55501115
0.38740182 0.39601538
2.1823409 0.002099529
-0.20342964 -0.9848206
0.092664674 -0.1590007
-0.55237645 -0.661108
-0.93097293 -0.93276095
1.6380535 0.0010350198
-0.23464912 -0.5724901
0.6409373 -0.5909146
-0.18543753 -1.030758
-1.040453 -1.3220891
-1.2843103 -1.4927146
2.2133286 -0.80355537
-0.11268826 1.311217
-0.60249346 -1.4565161
-0.09606145 0.9739636
-1.5269295 -1.0384068
0.095485404 -1.3874396
-0.7028592 -1.1070147
-1.2687451 -1.3403453
-0.63904136 -1.4503407
0.33645165 -0.07814978
0.94121855 -0.70419705
0.24055128 -2.2229137
1.5946369 1.0871229
0.047120854 -0.7886925
0.454799 -0.3103454
-0.7232389 0.700722
0.61832786 -1.1704494
-0.6172458 -0.802825
-0.43312415 -0.60424376
-0.7494582 0.83638084
-1.2007442 -0.0075867325
-0.78076965 -0.07747705
1.4320301 -0.862707
0.31297708 -2.0281644
-0.081004485 -0.53215325
0.6132785 1.0215428
-0.8349775 -1.5668114
0.19232915 0.2024306
2.0317988 -0.74629235
0.5905476 1.4585356
-1.1746802 -0.35493067
0.23151301 -0.9471344
-0.8709039 -0.2685101
-1.1457493 -0.88825166
-1.9642627 -0.66536903
-0.5642925 -0.048648283
-1.4177889 -1.0755845
-0.48824045 -0.1465618
-1.4406371 -1.518852
1.6256276 -1.7213584
-0.79075575 -0.23384246
0.76459736 -1.8104161
-2.7395895 -1.1719685
-0.4512158 0.6689173
-0.75055194 -0.80274653
-0.6953479 -0.6697006
0.036615 -1.1640241
-1.2842795 -1.2046334
-0.10872856 -0.951656
-0.9118381 -0.5114236
-0.9747701 -1.1737748
0.26601452 -0.8262104
-0.88223714 -1.6283835
0.6665458 -0.25532565
-0.44361925 -0.089359775
1.6737239 -0.9788395
0.027426556 0.5969782
0.64947593 -0.38465035
-0.32581204 -1.3962513
-1.6511976 -0.64726865
-0.08471148 -0.33383128
-0.38220757 -1.0706723
-2.098401 -1.0334382
-0.8931467 -0.4244213
0.14402942 -1.1295041
1.2953267 -0.41042614
-0.68626875 0.9497527
-0.9387889 -0.17349155
0.30537862 -1.1395072
-0.8304263 0.32446733
0.62856805 -1.5747653
-0.5764054 -1.9520888
1.2908564 0.2954609
1.3232654 -2.4219153
-0.110664204 0.07146892
-0.71762943 -0.8327317
-0.7917633 -0.5703366
1.0145948 -0.09690541
0.35483408 -0.57901585
-0.9378436 -1.2623755
0.7520518 -0.6058785
0.5138658 0.12102491
-0.9376092 -0.12278016
0.7193336 -0.8335136
-0.70224214 0.25347078
-0.9235566 0.28003147
-2.0105631 -1.8784478
-2.4524949 -0.8856963
-1.4165193 -0.82885957
-1.1682372 -1.0245557
-1.831223 -0.8566303
-1.0046114 -1.0663608
1.0814562 -0.95585537
0.53009534 0.047856033
-0.1933169 -0.45293435
-1.9464195 -0.49982634
-0.44016162 0.43166807
-0.39885056 -0.21488194
-0.6248659 -1.3617859
0.9249205 -0.7215965
-0.5843349 -1.7857496
-1.6886706 -1.6487662
-0.46714437 0.4505101
-0.3060243 -0.44575912
-2.6158864 -1.1341239
-0.5626504 -2.0981886
-1.6292785 -1.7807935
-1.442291 -1.5132048
-0.96580786 0.64156735
-0.7184933 -0.20399456
0.12849067 0.18454966
-1.4598695 -0.90797925
-0.30964494 -0.22932445
-0.31013104 -1.7271609
0.76317805 -1.0577614
-1.514394 -1.3503504
2.6505935 0.55118835
-0.85764104 -0.8645077
-2.1476686 -1.214267
-1.7850868 -0.87885857
0.27194124 -1.6743087
0.43895525 -0.47433287
-1.9387118 -0.17181513
-0.06581201 -1.0897461
-1.6702765 -2.030521
1.4285858 -0.53479624
-2.5407298 -0.6549175
2.8826103 0.010634929
-0.6461546 -0.72197497
0.52798426 -0.90451014
-1.3117405 -1.1051221
-0.6149723 -0.3040776
-0.10358626 -1.5956435
-1.7827712 -0.6152641
-1.3321254 -0.6362043
-1.1313033 -0.9214418
2.4893422 -1.5107687
-0.08107597 0.04508716
-1.6134902 -0.8703512
-0.34910378 0.68623877
-2.3546062 -0.46853125
0.20258914 -1.076637
-0.44833678 -1.4326721
-1.2429124 -0.805547
-0.6029135 -0.7601987
0.3806041 1.0409776
-1.3461962 -0.16609189
-0.63016593 -0.56540084
-1.245867 -0.6565155
0.57655823 0.1313371
-0.46053612 -1.275783
-2.0951173 -0.72469664
-1.2997575 0.19344583
-1.3765959 -1.1024296
0.2882464 -1.5553899
-0.6617976 0.054803073
-1.2284395 0.3459263
0.03251101 -1.9639106
-0.72056085 -1.0729979
-0.5840598 -1.0295458
-0.6186334 -0.7087038
-2.0637066 -0.8680512
-1.9780619 0.26288483
-0.28886268 0.048232436
-1.6020125 -0.52014
-0.8637693 -2.2064126
-0.4756297 -0.6269412
-0.06501792 -1.9936244
0.9684426 -1.2959241
-0.2093206 -1.7647957
-1.54057 -0.82753885
-0.40967914 -0.08078337
-1.1626657 -0.53149414
-0.9116462 -0.26812333
-1.5632093 -0.8673705
0.98228246 -0.40017414
-2.2908618 -1.5320252
-0.20521678 -1.3510814
1.3919655 -1.3193058
1.6175821 -1.2767378
-0.14547183 -1.3509396
-0.84252185 -0.34375703
-0.9166505 0.5702902
-0.03151852 -0.6692379
-0.9197928 -1.4246143
-0.3905089 -1.4209174
-1.8027054 -0.5133928
-0.6697534 -0.96497774
-0.77591914 -0.61908674
-1.6964468 -0.30070606
0.36133742 -0.130359
-0.68293417 -1.8851045
0.18011986 -1.4903283
-1.0134588 -1.0292424
-1.852422 0.023066461
-0.70468926 -1.0018586
-1.4623288 -0.4202516
2.3459003 -0.68778014
-1.3375193 -0.9787582
-2.607848 -1.0420705
-1.9947374 -1.115503
-1.1624593 0.23675522
-0.7206278 0.3911163
-1.6603774 -1.3444338
-0.4235361 -0.7451209
-0.30057624 -0.41221732
-0.75060344 0.45265248
-1.5894418 -0.22386228
0.2554891 -1.6195272
-0.20242494 -0.82483196
-2.0035124 -0.1717052
-0.9274416 0.28842536
-1.92 -0.54723674
-1.254297 -1.045892
-0.6398439 -0.61869645
-1.1335936 -0.4851833
1.0940876 -0.9800824
-0.47122246 -2.1387513
0.06434046 -1.7232397
0.90446407 -1.6214589
-0.9240043 -1.070334
1.2603767 -1.5267215
0.19818212 -0.21452765
0.46130776 -1.33378
-1.9381794 -0.5557366
-0.9673577 -0.30561402
-1.2188586 -0.07818906
0.858632 -0.89482224
-1.9598815 -1.1811757
-2.4602466 -1.5936596
0.5712136 -0.47233832
0.9406492 -0.7420641
-1.5039048 -1.0894274
0.8175282 -1.7251667
0.09657042 -1.1002624
0.09622191 0.102565736
1.6839151 -0.90536666
-0.82589144 -1.6295047
-2.2076643 -0.1726178
-2.0114121 -0.9054818
-1.277455 -0.647225
1.069772 -1.0945663
-0.12495109 -0.52299124
-1.3607922 -1.8172584
0.46267843 -1.1231242
2.437873 -0.32049638
-0.6590153 -1.1597066
-0.3526044 -1.11955
-0.70171463 -1.3364459
-1.3621895 -1.1779006
-0.19812061 0.5484525
0.5990065 0.2693167
-0.13670266 -1.7029386
-1.1870099 -0.2820811
-1.8363976 -0.970863
-1.4561607 -1.0170587
0.44203258 -0.23560405
-0.025078535 -1.5456415
-0.60355794 -2.2843857
-2.1864276 -1.3211677
-0.5822446 -1.1393086
0.54807913 -0.8949126
-0.7801261 -1.1712041
0.0029153675 -0.8906435
0.26124996 -1.0138414
0.5481654 0.01918599
-0.42729706 -0.8475089
-1.8784575 -0.18540788
-0.5342837 0.29501912
-2.013424 -0.8690951
-0.22756109 0.8648832
2.6074355 -0.531116
0.0072888583 -0.5257324
-0.31267735 -1.2653902
-0.7629245 -0.8596618
0.78105 0.090644956
-1.3755186 -0.9753027
-0.16504934 0.56960595
-0.5800053 -0.98725224
-2.3703666 -2.06134
-1.655067 -0.8242456
0.8225468 -1.3208303
0.66504574 -0.92189443
1.7639323 -2.3250275
0.5531071 -1.1148945
-0.19079675 -2.1152325
1.3360367 -0.6213813
2.098393 -1.3244216
-0.062088042 -0.5288681
-0.7505889 0.47042987
-0.5865415 -1.3780783
-1.2496523 -1.6439086
-0.64416414 0.2337606
-1.7240441 0.79676855
-0.99489963 -0.5471989
-0.37276745 -0.4079521
0.8662284 -0.37628728
-1.2067726 -0.7811998
-0.36050573 -0.83261764
1.118239 0.006760344
-1.6350882 -1.562452
0.82232124 -0.23266472
-0.9110449 -1.5905321
-0.33098945 -1.5000176
-0.87915057 -0.90533566
0.24591972 -1.5237532
-0.4189731 -0.6019455
-0.16904303 -0.91213596
-1.9638864 -0.33017978
-0.5648946 -0.014291048
0.5875136 0.14966372
-0.534229 -1.8577831
-0.376715 0.3695195
0.23672931 -0.08091889
-0.251565 -1.6835251
-0.3326075 0.09238735
-1.4806739 -0.13819234
-0.20914197 -0.29580304
-1.2712834 -1.3709432
-1.9171206 -0.6949309
-1.0054678 -0.41677237
-0.9986481 -1.421179
0.22776972 -1.5188298
-0.66290796 -0.37500906
1.6978106 -0.016710639
0.024952814 -1.222399
-1.5148393 -1.0125606
-1.0638633 -0.8588886
-0.24767375 0.3208814
1.7764047 -0.47069383
-0.52024764 0.090747625
1.3497308 -0.22784546
-1.3965067 -0.2957758
-0.21115646 -1.2262775
-1.3282913 -0.9693693
-0.7345945 -1.4952388
-1.7918435 -0.30955404
-1.5702868 -1.6151557
-1.647485 -0.37945408
0.96256596 -1.2167367
0.38819957 -0.68226767
0.13251378 -1.3171059
-0.5018278 0.67001903
-0.73913485 -1.5382068
-0.6530131 -2.233236
1.3404354 -2.2707257
-1.3600669 -0.96023333
-0.44258168 -0.05043
-1.1820854 -0.25859946
-1.3184756 -1.5091356
-0.098286256 -1.097571
0.34024662 -1.4801786
0.48196584 0.054771125
-1.6393377 -3.8960602
-0.51674145 -0.7159615
-0.042891353 0.171493
-1.2856008 0.3522282
0.48039627 -1.5301098
-1.3826611 -0.5330527
0.9101109 -0.32837296
1.0065488 -0.12388924
-0.91705596 0.11499843
-0.40946296 -0.784585
-0.9254865 -0.489192
1.768155 -1.8276823
1.5299934 -1.4355621
-1.2825762 -0.82526684
-1.1340907 -1.3396463
-0.69621766 -0.82208574
0.5216297 -1.9005891
-1.663245 -0.9407108
-0.20432144 0.826905
-0.595864 -0.18107723
-0.49177894 0.010070473
1.3327405 -1.5148807
-1.1755564 -0.11301622
0.12027235 -0.53941256
-0.053719133 -1.3633349
-0.68412894 -0.34049746
0.58030814 -0.6760869
-0.7207337 -0.26450014
0.21575166 0.089013785
-1.6133637 0.474165
-0.33992094 -1.7287525
-1.5588565 -1.521564
-1.2036443 -0.88756204
0.14064892 -0.7893791
1.2301891 0.74314976
0.38638806 -0.17723058
0.39476782 -0.6659628
-0.23374915 0.28624895
2.8488417 -0.7888018
1.8400918 -1.3400424
0.71394813 0.29273257
2.2321637 0.47171506
-1.9723175 -1.2919878
0.050902054 -1.4772993
-0.61051536 -2.435529
-0.14279929 -1.0874906
-0.21951035 -1.9672372
-1.1103823 -0.80643344
0.3087896 -0.9419358
1.106638 -0.4640308
1.154096 -0.92835474
0.31345522 0.043157637
0.32915288 -0.37061223
1.3336747 -0.8860897
-0.83457655 -1.5814382
0.6918863 -1.5200171
0.1480379 0.8125092
1.2203933 -0.45780495
0.44283527 -1.9763098
1.2662191 -1.4250393
-1.3834555 -1.4990122
-1.1910444 -0.0680158
0.34925014 -2.3709629
0.6168107 -0.44926924
1.2500457 -1.3326746
-0.25911036 0.08040115
0.88365203 -0.1998836
-0.542691 0.08008966
0.7092702 -0.21339351
2.2496922 -0.1568009
1.3869594 -0.697119
0.116876855 -0.028500095
1.355615 -0.71571934
-1.1277423 -0.9208549
-0.75638527 0.5532495
-1.3335363 -0.94912684
0.39180636 -0.3052197
-0.63727266 0.21686769
-0.5514901 -1.1792865
0.6554507 -0.7153573
-0.75926864 -0.3411549
-1.6062287 -1.4167391
-0.19610927 -2.5716827
-0.64195186 -0.83309066
0.6295062 -1.475282
-1.0062026 -0.556627
0.40571308 -1.041291
-0.405425 -0.8753418
0.9713674 0.3010659
-0.19555877 -2.1857677
-1.3688942 -0.14506337
0.083112404 -0.01603879
0.6534948 -1.5030597
-0.80440867 -1.2207406
2.0967004 -0.7152891
-0.9031829 -0.18065201
-1.5815003 -0.41244024
0.51794934 -0.5780858
-1.3783034 -1.6774163
-2.153514 -0.5978632
2.7837193 -0.58095115
-1.0517591 -2.5145392
0.82245415 -1.4615315
1.0229288 -0.6884954
-0.19253449 -0.14847443
0.45555264 -2.3158824
2.6318433 -0.5547223
0.92585665 -0.9760635
1.2555263 -1.1398407
-0.53170425 -1.4214765
-0.22075163 -2.2361867
1.0681723 0.08907241
-0.90538204 -2.303442
-0.84448904 -0.08626823
-1.7670662 -1.1211296
0.0025985986 -1.346893
-0.23446572 -2.2534628
0.3632657 -0.36203375
-0.028534502 -0.2533722
-1.1165309 -0.6272338
0.24093 -1.1556404
-0.19391295 -0.0064683706
-0.4078018 -1.2294619
-0.6052733 -0.84201074
-0.73204195 -0.33227557
0.022442266 -0.5935209
-1.6736014 -0.07817237
-0.23520574 -1.1634483
-1.6974071 -1.9425312
-0.2523734 0.47742668
0.43999094 -0.7851722
-2.402894 -0.33619717
1.1182005 -1.0222982
0.9960092 -1.4949688
-1.2613888 0.20485917
-2.1762388 -0.8813653
0.38329428 -1.0353277
0.27361965 -1.4930309
-0.18894407 -0.8521162
-1.1845493 -0.59617734
-0.6148824 -1.2952712
-0.3000396 -0.20212805
1.3833088 -0.44506475
1.4957476 -0.9960687
0.21777464 -2.2947493
0.39486593 -0.48057497
-0.0907539 0.38044742
-1.378045 -0.35241073
0.112670705 -0.99284136
0.9249467 -1.6045796
-0.13788204 -0.08861393
0.6427234 -1.970994
-1.7421129 -1.0571116
-2.1486626 -0.73865294
0.82691044 1.1154602
-0.37596315 -0.2870459
-1.0620378 -1.5289677
-1.6438047 -1.5264227
-0.5227362 -0.3926677
-0.41224027 -1.9512583
-0.56934273 -0.9210353
-0.25872853 0.23949951
-0.97442377 -0.35802937
-1.3040375 -0.69807434
0.12415625 0.2618145
2.5780342 -0.9428462
0.4645633 -1.7349178
0.82982105 -0.84754336
-0.9300012 0.57316065
1.260968 -0.88409853
-0.5816783 -0.8914497
-2.2788515 -0.81809556
-1.5168682 -0.33177784
0.6798072 0.17759863
-1.4934213 -1.4528713
0.53015876 -1.9444884
-0.92558914 0.22912839
-0.34319663 0.91245794
-0.40029845 -0.19605416
-2.038246 -2.5611846
0.022524402 0.4141347
-0.7211085 -1.1123394
-0.56973076 -1.1015745
-0.0015395284 0.025446057
0.22624646 0.84983313
1.6241415 -0.35398716
-0.03977391 -1.3676134
-0.43745375 -1.5283576
0.7212248 -0.2293764
-0.62754065 -1.1120027
-1.6531271 -1.7476802
-1.0379399 -1.6004286
0.19252236 -1.7660903
0.18574093 -1.898227
0.107006356 -0.22008096
0.27453583 -1.9183818
-1.2991403 -0.9541013
-2.2013812 0.3182831
1.3291472 -0.91661894
0.3081566 0.16133332
-0.36037362 -2.172142
0.6593168 -2.562644
0.21053089 -1.194664
1.8393179 -0.769042
0.04245071 0.6384388
0.5965314 -2.0756273
-1.7167109 -0.49739552
0.23695974 -2.3107424
0.38011158 -0.6611634
-1.6584716 0.43500254
2.8828733 -0.74653876
0.048617676 0.28314647
-1.9719983 -0.30366278
-1.8169051 -0.6409484
-0.3878898 1.3472186
-0.289285 -0.9410043
-1.3564293 0.9283161
-2.1954434 -0.9265262
0.10808848 -0.21343671
-1.0574689 -0.7684716
-0.5604371 -0.3841945
0.6558579 -1.153147
0.008495733 -0.43158758
-1.2259011 0.17368609
1.4168627 -1.3863128
-1.935309 -1.3224041
0.24023236 -2.4622736
1.4892567 -0.2502482
-0.8794682 0.7377255
-1.242397 -0.14739877
-1.7769169 -1.2089543
-1.6289958 -1.3398268
-0.5405193 -1.1546285
-0.8276295 -0.98291063
-0.86227816 -0.9294814
-0.17815143 -0.96506476
-1.1287754 -0.9789746
1.4401342 -2.1848712
-0.49277544 -0.8455657
-1.6342509 -2.3658712
-0.82617307 -2.201981
-1.8616292 -0.7020292
0.67208064 0.7713704
-0.9330107 -2.1860464
-1.1094252 0.17156082
-2.0909534 -0.7354264
-1.8260005 -1.1444837
-0.18866438 -1.7607926
-1.515035 -0.37998742
-2.0152671 -0.92907655
1.9544803 -0.42381048
-1.2559394 -1.762121
-1.0528122 0.09134048
-1.4099406 -0.510098
-0.4993654 -0.14008757
0.24305962 -1.8445556
-0.017405033 0.2623159
-1.8462209 -1.2663308
0.310651 -0.8207178
-0.6164012 -0.9358219
0.83929724 1.3032013
-0.68541944 -1.1646475
-0.52154994 -0.89129364
-0.04895845 -1.1304055
-1.8065324 -1.0170282
0.23042674 -1.9402026
-1.0714943 -0.61054575
-2.2945805 -1.2088808
0.6947544 0.34938177
0.18971135 -1.6729456
-0.67630833 0.55855536
0.45057094 0.05652812
1.3073469 -1.0227615
-0.34116867 -1.5914656
1.8556103 -0.7837881
-1.6218172 -2.3927214
-0.8184883 -0.574193
-0.55953854 -0.7431402
-0.92009354 -1.1875398
-0.13541833 1.3556437
-0.7840053 0.043189287
-0.48136386 -1.2956352
1.8233093 -0.4231797
-0.53455144 -1.9948736
-0.2696271 -1.2323889
-1.2259666 -0.5239718
0.6644988 -0.48714927
0.3856247 0.23558274
0.26992047 -0.6955873
0.54173094 -0.5490062
-1.5803145 -0.22912759
0.2631061 -0.17827332
-1.3822501 -1.6495346
-0.66420627 -0.41320926
0.20300288 -0.3371934
-0.027413413 -0.42029977
-1.3280696 -2.1714761
-0.0339057 -0.09396641
0.23277088 -1.5850946
1.1105534 -0.9342567
-0.6435246 -0.13976376
-0.7175814 -0.5854597
-1.6872867 -0.5857412
-0.9344342 -0.76720905
-0.48418474 0.22138765
-0.45064288 0.55652964
-2.2604659 -0.43004063
0.8748893 0.29462436
0.051269725 -0.48029763
-0.41984594 -0.7708472
-0.96533585 -0.52071977
-0.8701022 -1.874602
-0.96254724 -0.41385317
-0.8942172 0.48372546
-1.2463219 -1.95162
0.850877 -0.31974337
-1.5015297 -2.2228968
0.3269686 -0.40803617
0.36327904 -2.5133352
-1.1810297 -0.8872683
0.030616388 -2.140911
-1.0672919 -1.7907274
-1.3399137 -0.56667626
0.67302924 -1.2002898
-0.70733225 -0.909464
0.72414964 -2.2200215
0.26098287 -1.6891953
-0.860054 -0.7083515
-0.069771126 -0.7026384
0.81986433 -2.0224226
1.975797 -0.15738375
1.9232978 -0.23482583
0.8164682 -0.08375625
-0.7810044 -0.060769722
-0.5402684 -1.2869322
-1.0096394 -2.7500224
1.6382399 -0.40142733
-1.3395231 -0.11316368
-1.9583479 -0.9458084
-0.42646948 -1.2717675
-0.10322128 0.15810293
-0.7472973 -1.3412253
-0.2115029 -0.5551357
-1.9370872 -0.45490134
0.37139678 0.3146365
-1.786952 0.025903314
0.023446307 -0.37303132
-1.4370943 0.79743564
-0.653367 -0.39728335
-0.53694063 -1.3859122
0.092524275 0.41930476
-1.0037662 -0.8065423
0.32728165 0.46936777
-0.8042446 -2.1024563
0.14683841 -0.0036990792
0.5560737 -1.8900747
-0.38884974 -0.87267077
0.9184696 -1.4727641
0.9943536 0.28979084
-0.46235138 0.0102984905
0.57799196 -1.6650231
-1.098629 0.04845971
-0.32946002 -0.9807533
-1.84668 -0.90403056
1.3627775 -1.5559455
-0.31214726 -0.3907025
1.3914207 0.002803579
0.66984046 -1.6783844
0.015150115 -0.9146693
-1.0683869 0.038538665
-1.5447246 -0.1339884
1.4610759 0.03555274
-0.28613853 1.0094835
0.64159185 0.5473769
-0.74619913 -1.1762159
-0.049678504 -0.18964922
1.805513 -1.3321427
0.6475008 -1.0322274
0.60081226 -2.082485
-0.0825322 0.26818523
0.15434696 -1.0236795
-1.3412968 -2.207782
0.041940674 -0.5503005
-1.0093249 -0.39882067
-2.736853 -1.6682156
0.17931433 -2.4721968
0.053321943 0.33969375
-1.7296058 -0.6897988
0.4992472 -1.0045973
-1.1253893 -1.1939893
0.47599232 -0.782097
-2.9535847 -1.90389
-0.6362011 -0.43360794
-0.32850686 -0.5408588
-1.3351604 -1.5215695
-1.4206126 -1.8240975
-0.90257615 -0.53005946
-0.085619405 -1.4413966
-0.7660772 -0.98408616
0.57845265 -1.5310452
0.9283734 -0.50312525
0.15193243 -1.4598358
-2.3708131 -1.6143402
0.34449852 1.5968404
0.9655234 -1.1041756
-0.98659503 -0.5185293
-1.4479554 -0.41461444
-0.0993571 -1.4499273
-0.9253531 -1.1240165
0.072864994 0.5209875
0.18544696 -0.73198354
-1.2146224 0.5527744
-0.055377066 -0.8188344
-0.8712853 -0.76342213
0.642126 -0.13848233
-1.3319093 0.6247971
-0.85968393 -0.4094292
0.09717421 -1.1550972
-0.4851771 1.0885453
-0.62836885 -1.0391256
0.72166914 0.44626972
0.60837674 -1.2668294
-0.309471 -1.7153819
-0.68217486 -0.7954179
-0.62117743 -1.4031484
-1.2472259 -0.30173695
-0.002916351 0.13252258
-0.5388355 -1.2995255
-0.16674942 -0.78357255
0.13164486 -0.114868104
-0.80701864 -1.9070836
-1.6118479 -2.0519335
-0.016194135 -1.669788
1.0667691 0.9771738
-0.5739666 -0.17344938
-0.21619949 -0.12874171
1.4311782 -0.7668501
-1.30767 -0.8382864
0.21367623 -2.197583
-0.8432813 -0.980597
-0.51264006 -1.050351
0.14973007 -1.144317
-0.15592504 -1.525297
-1.089851 -0.24046007
0.65764207 -1.173372
0.46751314 0.12613225
-0.52690816 -1.397811
1.2701212 -0.047739238
-0.41450235 -0.88431644
-0.5057287 0.23888609
-1.8945986 -1.2817241
-2.889954 -0.51636136
-0.5524782 -2.6188934
-1.5178288 0.07174367
-1.454947 -1.2805377
-0.5023089 0.80397916
-1.6041725 -1.2092391
-0.24245743 0.21299046
-0.116423085 -0.027038291
-1.9466933 -0.9677044
-0.16091245 -0.9763162
-1.9681047 -0.696154
0.45816052 -0.15911248
2.0165489 -1.328364
0.5415751 -1.7154592
-1.3181423 -0.91246986
-0.83978206 -0.022668079
0.6391849 -1.7314084
-1.4355241 -1.0852343
1.0691621 -1.1819369
-1.4593672 -0.5531677
-0.15903696 -1.1475031
-1.3319762 -0.16702679
-1.5175254 0.11829519
-0.8413711 -1.843083
-1.7205848 -0.50249773
-1.0127542 -1.2881951
1.2050787 -0.35313192
0.7153428 -1.6443793
-0.7255443 -1.8923936
-1.2265815 0.19834837
1.1035339 -1.4480984
0.62846106 0.31562504
0.4094625 0.5316508
-0.22994776 0.029851764
0.2614931 -1.2024673
2.1660824 -1.5856569
-0.71252376 -0.50685036
1.1511418 0.35996613
-1.3745786 -1.7038275
0.5280022 -1.8762262
0.20316891 -2.074946
-1.3360708 -0.70784974
1.8122607 -0.8276962
-1.1924394 -0.082194835
-0.30538875 0.27607056
0.78445023 -0.8472245
-0.9857495 -0.38762492
0.15561415 -0.0117293745
-1.0704327 -0.41970736
1.7661847 -1.950302
-1.0094566 -0.8732903
-0.66443104 -0.71372855
-1.223723 -3.0728066
-0.4418592 -0.091438174
-1.6003317 -0.39036626
1.6647426 -0.729128
-0.46142817 -0.18026118
0.3712507 -0.48728812
1.6916457 -0.79252374
-0.82161367 -0.8582535
-1.850741 -1.0122106
0.7528468 -0.29517123
2.0704033 -0.88518035
-1.4620192 -0.32630467
-2.3816504 -0.44872546
-2.1034725 -1.0603619
0.5218022 -1.349252
0.17558129 -0.885779
-1.474359 0.07638538
1.8056349 -2.044526
-0.6835459 0.1208168
-0.43139008 -1.0569133
-1.0513749 0.3882073
-1.5356278 -0.36383542
-0.360281 -0.50201
-0.011068076 0.7775456
-0.17679337 -1.18352
0.44978023 1.0459573
-1.1917408 -0.4992363
1.7491745 -0.57653683
1.0631855 -1.0133219
-0.6884183 -1.8218416
-0.7191528 -0.7061796
0.056455746 -0.8306837
0.827697 -1.0723209
-1.3783242 -0.7551919
-1.7330122 -1.3830943
-0.15151033 -0.036808774
-0.98769635 -0.40625387
-0.423289 1.0022213
-1.6720717 -1.6325362
-0.29098752 -0.9428421
2.0737472 -0.48629344
-1.9241468 -1.5630794
-1.2589802 -1.4747535
-0.24848056 0.10126978
0.10765843 0.4280043
-0.9782821 -0.52780116
-0.18327856 -0.74317944
-1.3732324 -0.76676047
-0.5183869 0.9542818
0.49727696 0.944975
-0.21072733 -1.5190027
-0.21074797 -0.48014194
0.078528896 -0.9619626
2.0140595 -0.15531749
-2.2042 0.12668896
-1.9803199 -0.41166103
-0.7903769 -1.6599416
1.5467205 -1.1505066
0.31244844 -1.2049474
0.66053474 -2.531722
-0.51172835 -0.6788715
-0.27300802 -1.1643258
-1.6305286 -0.6764294
-0.8749261 -0.6297616
-1.2449241 -0.7898414
-0.39382082 0.20617634
-1.904011 -0.06395748
-0.58752966 -1.0557482
-0.079214424 -1.1771717
-0.4744474 0.9724628
0.7638574 -1.9176508
-1.8233613 -1.0728331
-1.1255046 -0.049767032
0.26520002 -0.8941318
1.3139716 -0.12574603
1.6280117 -1.2237077
-0.5280547 -0.67340016
-0.5227683 -1.4273585
0.5794875 0.32310346
-1.3277687 -1.0841279
0.3370465 -1.1402891
0.26083076 -0.24057233
-0.5601159 -0.9884505
-0.45683295 -0.9886644
1.0135804 -1.1635833
0.5731196 -0.6283716
-1.7295038 0.54780793
-1.3072972 0.9911567
-0.19515571 -0.47121742
0.28869265 0.14835915
-0.6109336 -0.074430585
-1.2519903 -0.60988915
0.7282605 -0.3592912
0.02507256 -1.6488336
1.2117599 0.83065283
-2.3372245 -0.5808356
-1.5668617 0.12088886
0.14449842 -0.5563463
-1.930446 -0.8682666
-0.82801074 -0.8023251
0.35357827 -0.6759757
0.5376998 -1.9444288
-0.83468944 -0.85701764
-0.9211758 0.81349945
-1.2208915 0.6402874
-1.7584969 -0.60435486
-0.24203607 -0.74250567
-1.0196266 1.0214978
-1.143824 -0.5859033
-1.3387606 0.29212317
-0.20637083 -1.7278869
-0.61565244 -0.5661993
0.30584133 -1.131994
0.23622818 -0.26474214
-1.17978 -1.3051032
-0.5585226 0.076368034
0.27537465 0.5143149
-0.95483506 -1.0740746
0.8432947 -1.9210322
0.27947176 -0.7018697
-2.2839668 -0.5005051
-1.950927 -0.7083229
0.8463201 1.1794915
-0.715996 -1.95915
0.88370353 -0.6619953
-0.99297184 -2.0595956
-0.75391805 1.2298758
-0.03308095 -0.47406995
-2.1579118 0.21096587
-0.4814837 -0.01238738
-0.08857176 0.58554435
0.4952153 -0.729655
1.4960252 -0.7975681
1.2215232 -0.9823432
-1.2363076 -1.3105414
-1.580459 -0.20305842
-0.8305505 -0.28700784
1.0527269 -0.8756405
-0.21553311 -0.7286339
-1.4875056 -1.3969028
-0.21633822 -0.2824772
-2.0336576 -0.26309457
-0.42142725 -1.379539
-0.8953851 -2.0454836
-0.7163282 -1.658441
0.6342641 0.5879301
-1.4252038 -1.9772468
0.7516144 -0.8912349
-2.353891 -1.7461511
-0.20123675 0.56170905
-1.1784598 -0.897329
-0.3873141 -2.9360034
-1.1461023 -0.6369585
0.99633867 0.11143339
-0.87312293 -1.8985221
0.8949805 -0.5641582
-1.5938721 0.07014775
-1.5050159 -0.95870924
-0.086915806 -0.325693
-1.2531868 -0.68225473
0.28784782 -1.1003609
-0.6383071 -1.0612745
-0.60117424 -1.7652402
-0.1528078 -1.2217221
-0.8196806 -0.12644458
-0.12091689 -1.6833011
0.5965919 -1.634043
2.6052864 -0.8540919
-0.8053789 -1.569774
-0.96028394 -1.0214967
1.3479007 -1.3132567
-0.8344134 -1.6180289
0.24625339 0.27289984
-1.2566397 -0.48239475
-1.3507025 -0.9374596
-1.0538504 -0.76111615
0.74596083 -1.538622
-2.7542257 -1.1934377
0.7487678 -1.5963349
-1.1153445 -0.59460545
-1.1198899 -0.57271075
-0.53801227 -0.9810637
-1.8850327 -0.5903729
0.5611284 -0.68100584
-0.7750445 -1.4329592
-0.8944161 -1.1120431
0.58783424 -1.1536686
0.7912136 -1.1771432
-1.4602916 -1.5678703
0.62454355 -0.8051292
-0.10939187 -0.7679343
-1.1703598 -0.8808608
-2.1275742 -1.2334235
2.0169885 -0.39057085
0.43275362 -1.6929876
-0.32338998 -0.683634
-0.22175448 0.1252048
-0.62956494 -1.2759935
-1.4307355 -0.21954824
-0.58929384 -0.61513305
0.9174823 -2.0896719
-0.7388368 -0.9995413
-0.78513664 -0.58879876
-1.7175593 -0.40901798
-3.205789 0.0666531
-0.6379213 0.7597817
-0.60165334 -0.82857263
0.98041147 -0.23990381
0.6770945 -0.11142765
0.41829437 -1.1875153
0.63497645 -0.61468875
-1.1478105 -1.802928
0.9346457 -1.5283203
-0.8799053 -1.0316284
-0.68429893 -0.2513923
-1.1897742 -0.51720196
-1.2027081 -2.2154772
0.23612474 -0.49565628
0.11455764 0.6253716
-1.3674862 -1.6919341
-1.2836068 -0.44524616
-0.6990005 -1.6085397
-0.7744811 -0.5921322
0.4813046 -0.17006387
1.9592828 -1.4333135
-0.5748575 -1.8244758
-0.15367514 -1.4544585
-0.49415517 -0.5920474
0.3588791 -1.143264
0.27208072 -0.11296564
-0.32239813 -1.272036
-0.21663739 -0.27136046
-0.46766734 -0.0883847
-0.15370369 -1.1221522
0.3502258 -1.302341
-2.113338 -1.0188705
-0.63980013 -0.79799366
0.7318205 -0.54604393
0.40551966 -0.17674145
-1.0420241 -0.7625506
2.2951243 -0.92727387
-0.8108628 0.26166627
-1.0051699 -1.3354453
-1.067511 -1.3051406
0.732487 -1.811231
1.5407051 0.2966573
-1.1738993 -0.64563763
-2.444382 -2.5600855
-0.75759834 -0.21028018
0.05694805 -0.043765232
-1.7453551 -1.5131879
2.031051 -1.4172243
-1.9133736 -0.92533016
-0.9932643 -0.4681713
0.74783367 -1.0076135
-0.97325385 -1.256382
0.62038094 -1.5237675
-0.80789423 -0.24840894
0.53135973 -2.4980628
-1.5753801 -1.8974789
-0.20355603 -0.85522485
-1.8491642 0.19874126
-0.89962995 -1.158872
-0.26967525 0.7367772
-1.9920884 -1.879081
-1.6249791 -1.3373168
-0.16908097 -0.8799877
-0.9628349 -2.4148738
-0.5467927 -0.7983246
1.4618657 1.1245135
-1.7087874 -0.37177962
-0.5432622 -0.9707277
-0.54703784 -1.5552279
0.46864152 0.23334062
0.8401759 0.8626789
-0.9873804 0.25140774
-2.1579726 -0.7072293
-1.4514256 -0.09776682
-0.28523663 -0.27562025
0.18141167 -1.0152395
-1.1821436 -1.613944
-0.25206208 -1.4707817
1.565866 -1.0925801
0.31078142 -0.74999166
-0.0015480369 -0.5339339
-0.37817138 -0.6554434
0.4548741 -2.4097278
0.2966494 -0.4151766
0.7162448 -0.3251811
-0.2715032 -1.3693956
-0.54464984 0.34352502
-2.0206916 -2.7152069
0.08226924 -1.7700493
-1.4291536 -0.41235673
0.752713 -1.2358012
0.9111503 0.9439763
-1.9213352 -0.61628
0.35752785 -1.1214931
-1.222051 -1.9303529
0.8345466 -0.69550526
-0.51556724 -1.3436904
-0.7022379 -0.8730134
-0.78512084 -0.9826573
-0.9517738 -0.7998351
-0.87771815 -0.7027576
1.1097295 -0.26499674
0.06107138 -1.9147874
-0.005045131 -0.2065711
-1.6975805 -1.3053365
-0.64458996 -0.58632326
-0.29972443 -0.67831266
-0.7932689 -0.956074
0.13032563 -0.19676293
-2.7079566 -0.66031504
1.3608104 -0.18533978
-0.9696872 -0.98183215
-0.047428876 -1.6297519
1.1514188 0.5385175
0.9465298 0.20308653
-0.95561355 -0.3347692
0.37905967 -0.9613981
-1.2506275 -0.942243
-1.4511393 -0.18399821
-0.4514022 -1.6985826
-0.10867606 -1.0264177
-1.5888652 -0.44489756
0.75464076 -0.63425946
0.32837468 -0.5816244
0.36585218 -0.44023633
-1.2493912 -0.2557863
-0.54569024 -0.23810808
1.8437775 -0.8875917
-1.3957283 0.062291026
1.113819 -0.11741086
1.0571094 -1.5555856
0.22606729 0.17864874
0.63014466 -2.1288545
-0.8539448 -0.46798658
-1.1328769 0.24960607
-1.0449201 -0.20612803
-1.5818099 -0.8973409
1.0633168 -0.014803961
-0.075813174 -0.88306916
-0.7020026 -0.7868756
-1.1324633 -0.4715138
0.84061223 -1.4250265
0.89431435 -1.7300044
0.6287291 -1.2459692
0.17280315 -1.5789309
0.78764826 -0.24788389
-0.8946344 -0.16956085
0.31364834 -0.10901256
-1.9821655 -0.7920302
-1.2340143 -0.6564485
-1.7093939 -1.2358239
1.4441341 -1.0521173
-0.31762022 0.7154186
0.19183947 -1.3901441
-1.0449342 -1.5402147
-1.4160324 0.18840283
-0.120513245 -0.46579134
0.65950114 -0.96875334
1.4187443 -1.5380133
-1.1902915 -2.3612108
-1.5105326 -0.83343244
-0.33789057 -0.74339175
-0.5519502 -1.5961087
0.855452 0.3188559
1.3000087 -1.18129
1.3092834 -0.08364332
1.1562699 -0.118425824
-0.32666284 -1.6068364
1.169893 -0.62677085
0.7692172 0.06365618
0.4187587 -1.482611
0.8699612 -1.4433452
-1.3666675 -1.6500628
0.0023081154 0.46790168
-1.4788439 -0.99772084
-0.56231445 -1.7257478
-1.0294306 -0.8123511
-1.0529425 -0.73760694
-1.6604627 -2.070217
-0.16753943 -1.1080493
-0.9716317 -1.0633316
0.004704997 0.089007765
-1.8894254 -0.18707961
1.9723264 -0.19399443
0.903194 0.2998477
-0.21921176 -1.4376084
-0.3859763 1.1007103
-0.058371797 -0.26604155
-1.831459 -0.53447795
1.163543 -1.5410154
-1.8707669 -0.48800868
-0.1302846 -1.6866171
1.0472522 0.25168553
1.1992147 -0.39340094
-1.0883979 -0.6086441
-0.32423785 1.3856158
1.626385 -1.3987714
-0.7442875 -0.9790989
-0.93430126 0.11830738
-0.2955491 -2.1066298
0.7613154 -0.07207058
-0.05733189 -2.1163669
-0.58519155 -0.8038988
-1.7811972 -0.7534574
-0.39127696 -0.043561623
0.20228513 -0.4165157
-0.98436916 -0.44396842
-1.2032633 -0.6701062
-1.0664701 -0.30921605
0.3573656 -1.0208961
-0.953237 -1.3875151
-2.6016004 -0.83023906
0.7081754 -1.3643764
-0.28724563 0.2846885
-1.6238381 -0.48094067
-1.3344293 -1.5986063
-1.4721396 -0.30709687
-0.95619893 -1.0728929
-0.800085 0.72767127
-0.7558761 -0.7323419
0.9748824 0.3258709
-0.9022879 0.10227743
-0.3049235 -0.573203
0.1919011 0.054973662
0.99776095 0.9573699
-0.6283991 0.34494653
0.5722103 -0.13931903
0.68184847 0.6411325
-2.1720188 -1.7942836
-1.7341629 -0.41768235
-0.5996097 0.2742307
-1.2335051 -1.1790644
-1.900837 -0.6207017
-1.3522745 -1.1559695
-1.2129562 -0.37603372
-0.78511727 -0.29344946
2.4271233 0.22761446
-1.6434693 -0.9311589
-0.28891104 -0.5547142
-0.92855775 -1.109742
0.42875862 -1.3895191
-0.28238705 -1.762744
-1.552507 -0.23571573
-0.44812617 -0.3664604
-0.8931358 0.015391588
0.5964981 -1.6679702
-0.4806758 0.82279
-0.20073348 0.3568661
-0.50307274 -2.38569
0.9253419 -0.33385453
1.0698081 -0.8763801
-0.5251262 -0.46573955
0.41767013 -1.1087633
-0.6148482 -1.9234178
-1.0948215 0.36657438
-0.9234848 -0.6287068
-1.4065671 -0.4413299
-1.291125 -0.29611853
-0.9425644 -1.6997503
-1.024477 -2.4418645
0.33805197 -1.739618
