-3.0208292 -1.8096157
-0.7469191 -2.3223941
-2.0205 -1.9329813
-2.125546 -1.7693268
-1.5861619 -2.2875736
-2.2320719 -2.2877533
-2.4081676 -2.9498224
-1.5953588 -2.0251732
-2.2221057 -2.2368383
-1.4172746 -3.498326
-0.9193957 -2.1766572
-2.7738748 -1.6433884
-1.5829526 -2.9566772
-1.7270434 -3.0079541
-3.1973643 -1.9506581
-2.8168395 -1.910373
-2.5178885 -2.039941
-0.65442294 -3.5480444
-2.770569 -2.3685045
-1.3333437 -2.466702
-1.9523257 -3.4161267
-2.7733796 -2.3623004
-1.665361 -2.5348225
-0.84246933 -3.1997685
-3.4124029 -2.709266
-1.9877727 -2.1362128
-3.2374508 -1.9550556
-1.697691 -1.7239375
-3.0557399 -1.6092924
-2.681708 -2.5502841
-3.6226761 -2.5900311
-1.7814988 -2.2474945
-0.99184024 -4.0876036
-2.6185713 -1.4465284
-2.0776367 -1.4634472
-1.6097577 -1.9845327
-1.8521148 -4.467151
-4.102325 -2.2562575
-3.3969295 -2.9798653
-3.6677575 -2.1961985
-2.612218 -1.1408434
-1.282464 -2.1795733
-1.6984855 -1.2385997
-3.4392686 -2.575269
-2.858998 -1.59937
-3.0141568 -2.269896
-3.0654807 -1.6884432
-2.7933784 -2.8885248
-3.4483092 -1.899248
-2.3784683 -2.3380222
-2.2751887 -2.6608455
-2.3288023 -2.7553506
-1.4780526 -3.2946308
-1.5438364 -2.5906587
-2.521134 -1.7443491
-1.4804463 -3.8285692
-1.0180498 -2.2499712
-3.5595186 -2.4493887
-3.1099513 -1.9989684
-2.5297158 -1.8658135
-3.3410509 -1.9578795
-3.3516328 -2.36207
-2.4815972 -2.3804088
-4.0600195 -2.4989924
-1.9378052 -2.5234451
-2.3485901 -1.8578199
-1.737707 -3.2717206
-2.5167708 -1.6445976
-1.7938545 -1.3985604
-0.41008765 -4.2213945
-2.386967 -1.9804895
-2.1092777 -3.7448785
-2.2303596 -3.09574
-3.1962492 -2.4428015
-2.9764895 -2.3883522
-2.4379115 -1.9121027
-1.731428 -2.5100734
-2.7754998 -3.5063338
-1.7453413 -1.8486874
-2.2679338 -1.9422274
-1.7281644 -2.1123402
-3.3102114 -1.9449496
-0.7004129 -3.4574172
-2.49913 -2.6027894
-2.6108642 -2.2048144
-2.1331363 -1.8513066
-2.1453226 -2.1862628
-3.3540394 -0.88182193
-3.8501897 -2.8274841
-1.3357753 -3.2017696
-2.023981 -2.343697
-1.2173507 -2.6752515
-1.4160393 -2.4654136
-1.635046 -2.716193
-2.5043452 -2.8099418
-3.7489953 -3.3868327
-1.9343747 -3.6522777
-3.6833553 -2.702122
-1.5585797 -1.7115586
-3.17211 -1.8922073
-2.1212013 -2.6131036
-2.9632971 -1.9736573
-3.4069314 -1.4916173
-2.3779395 -1.7869663
-3.2563217 -1.4095857
-3.5147858 -3.6968482
-2.9567852 -1.9971985
-1.4310791 -2.5334632
-0.966805 -2.1099577
-2.217536 -1.4192902
-3.0677993 -2.7914636
-2.1406682 -2.3739843
-1.7451725 -2.6387577
-3.7841115 -1.947703
-3.284388 -2.4340372
-2.1955018 -2.735285
-2.7078772 -2.6480167
-2.9605317 -2.7574143
-1.7248771 -2.5536618
-2.2664065 -3.0564835
-2.6929631 -2.3168342
-0.9583682 -2.4622874
-3.0486917 -2.3621511
-1.687534 -1.8901925
-0.5281875 -2.6278663
-1.7441164 -1.6012981
-0.62823045 -1.2070407
-3.8374186 -2.3546882
-1.3914424 -2.4469876
-1.656662 -2.0243957
-1.8614774 -1.5298146
-1.6985083 -3.2184188
-3.1318796 -1.5569516
-1.8962017 -3.2009299
-2.528552 -1.9030862
-1.653605 -2.9147663
-2.7302577 -3.620285
-3.7004569 -2.6518965
-2.5600505 -2.4738555
-1.72151 -2.6253455
-0.90198004 -1.8599205
-2.2335787 -2.1995425
-2.9349625 -2.7552202
-1.9234376 -1.3100904
-1.3689438 -1.3649853
-1.2722489 -3.3160393
-3.2446363 -3.6993988
-1.6016635 -2.6135147
-2.0949297 -2.9315205
-2.0082595 -2.6484897
-2.4795861 -1.3491855
-1.0490456 -2.1820726
-2.894594 -1.8696896
-1.28505 -1.354763
-1.358177 -2.2065
-1.5836682 -2.557911
-1.3490849 -1.8753761
-3.1484418 -1.2818092
-3.121845 -1.6321094
-2.2649035 -1.7026727
-0.9763771 -4.0841703
-3.5643766 -1.9556214
-2.0639043 -2.5082161
-2.7967525 -2.9159572
-3.1470783 -2.4038105
-0.85441804 -2.7848725
-2.9189994 -1.9795858
-3.9882023 -2.2957456
-0.78059304 -1.2584656
0.1379857 -2.9215524
-2.3881078 -1.8708024
-2.2499235 -2.5594625
-1.5422597 -1.6672101
-1.9852283 -2.4183092
-2.8595293 -1.5460261
-3.3672402 -2.142405
-1.1122973 -2.6420517
-2.9366493 -1.3556772
-2.146742 -2.551027
-2.3559926 -1.6069602
-2.3479192 -2.1305988
-2.6659944 -2.0344346
-3.313803 -2.5765982
-0.9410453 -1.782896
-1.4475657 -2.8441827
-4.193317 -2.0052264
-2.4742255 -1.6209075
-3.1575727 -3.0222292
-2.3950348 -2.5885203
-1.7730191 -2.804787
-2.3030283 -3.4373686
-2.304041 -2.6437821
-3.3689024 -2.994534
-2.9849236 -2.0048757
-2.2386923 -1.9998932
-2.8280294 -1.9320476
-4.4418907 -2.2716017
-3.2947528 -2.1297154
-1.4004736 -3.592347
-3.5433342 -2.042949
-2.1355822 -1.7562982
-1.4486942 -2.1489184
-2.0432324 -1.7312877
-2.6709409 -2.830816
-1.9248592 -2.7694428
-1.0307164 -3.1672645
-2.9033494 -1.4319261
-1.4054655 -2.8784018
-2.0253668 -3.4530754
-0.31027654 -2.2775915
-1.3670931 -2.4226828
-2.9542437 -2.7223227
-1.5238163 -3.8450341
-2.009495 -3.6789203
-2.719117 -3.478477
-3.7590344 -2.6515574
-0.9533545 -2.0047953
-3.476706 -2.0329254
-2.593352 -3.254606
-2.624721 -1.9305352
-3.716619 -1.539774
-1.4331591 -3.6502185
-1.0438737 -2.3230531
-1.38574 -2.6192935
-2.6853476 -1.8157728
-0.8094386 -1.768776
-3.9022722 -1.8578068
-1.4115158 -2.5584037
-1.1304319 -2.601027
-2.3622906 -2.1912158
-2.587208 -1.2379675
-2.8310077 -2.5261548
-1.9846202 -1.7782242
-3.1345189 -1.7024575
-2.0686777 -3.227954
-1.384293 -2.827347
-2.0194342 -2.767896
-1.574398 -2.1841142
-1.4492097 -2.796288
-2.827374 -0.9237978
-3.4627364 -2.1638544
-3.8851266 -3.741378
-2.6701157 -2.5524821
-1.8118854 -2.4797392
-2.4686847 -4.3012733
-3.522907 -2.1841998
-2.7211142 -3.6819184
-1.9699262 -2.0421717
-1.2807585 -1.7963908
-3.4467418 -3.4570687
-3.0251594 -2.521894
-4.0497117 -1.4236213
-3.2901173 -1.9363624
-3.0273323 -2.5924675
-2.8369155 -2.2925575
-2.3610845 -2.7289793
-3.3834443 -1.4556286
-2.067219 -1.8097092
-3.2758465 -2.0729425
-1.4289516 -4.4307137
-3.5084088 -1.7635853
-2.6432464 -2.3522031
-1.5592371 -1.3439578
-1.9953417 -2.2576427
-2.6549027 -2.049769
-3.1417274 -2.3825076
-2.3164368 -2.9293683
-1.5537106 -1.8417565
-1.0598857 -3.5904305
-3.2866533 -2.529445
-2.9320056 -1.8856506
-2.0867987 -2.8391962
-2.0147295 -1.7019105
-2.163406 -3.2818897
-2.8154805 -3.0970886
-2.6485066 -2.1058204
-1.7156703 -2.015706
-1.309887 -2.07481
-3.555777 -2.4321032
-2.3978038 -2.8468142
-2.5755699 -2.6859972
-1.3098987 -1.5975313
-2.269408 -1.0340694
-1.1533477 -3.3679147
-1.2154504 -0.40595317
-1.8162473 -2.9788702
-3.6308706 -2.3635914
-2.539969 -3.4392855
-3.4543664 -1.2291402
-1.551374 -1.4439348
-2.4323895 -2.2519164
-2.1937866 -1.6800025
-2.8169312 -2.418095
-2.887138 -3.2601697
-3.3717172 -1.5543528
-3.390949 -1.9912094
-2.5384536 -2.0136182
-1.6422106 -4.4321227
-2.2063391 -3.1018908
-1.8691964 -2.0834615
-2.7071214 -4.0673084
-1.4857439 -1.0473895
-1.6986575 -3.582821
-2.0368533 -3.0505302
-2.982052 -2.573336
-1.8086264 -1.5613992
-2.7885435 -2.4039307
-1.3119743 -3.0419266
-1.6474932 -3.1133842
-2.7089076 -1.3512418
-2.1667752 -2.5207121
-1.4277754 -2.7546246
-1.768857 -2.324272
-1.716797 -2.9140494
-3.547072 -2.954395
-1.9777107 -2.2891843
-2.3427696 -2.0318372
-3.2132032 -2.4502227
-1.8892643 -1.990339
-2.938032 -2.9515424
-2.5979068 -2.5475118
-0.61356676 -3.1023095
-1.2301122 -2.19315
-1.9947116 -2.3007588
-2.2807455 -2.2661922
-1.3824086 -3.9479764
-2.2251549 -1.1292332
-2.2240164 -2.3370516
-3.701666 -2.4758925
-2.2645977 -1.6733181
-2.4340086 -2.8326988
-2.5821452 -3.3927271
-2.7098672 -2.1113966
-1.2092544 -4.46213
-3.2530274 -2.275646
-2.3016756 -1.560802
-2.4917223 -1.9130723
-2.7798653 -2.3675096
-3.6331654 -2.84475
-2.8457901 -2.129394
-1.494676 -3.2785919
-2.3923218 -2.3757133
-2.2279654 -2.0063145
-3.5123878 -2.1489298
-1.1423057 -2.0792353
-0.55396223 -2.619329
-1.9551202 -2.6165206
-3.184678 -2.640671
-2.9399288 -1.7438575
-2.083147 -3.648063
-2.4129727 -3.784011
-1.3262659 -3.9128232
-1.8675297 -1.9622608
-3.123035 -2.6792364
-1.0491238 -3.348352
-2.1953712 -2.2994423
-1.6620256 -2.28829
-1.245275 -1.6874802
-2.555173 -2.5692031
0.23684433 -3.3585966
-1.9535006 -2.6448689
-2.5038931 -1.9071424
-2.080291 -1.7997118
-0.33460122 -3.0550928
-2.9333346 -2.4904387
-3.3522322 -2.5043964
-1.7574131 -2.10769
-2.163233 -3.0249436
-1.4838392 -2.4776406
-2.9954014 -2.4545803
-1.8270627 -2.1211514
-1.5730032 -1.4723566
-2.7210925 -2.9824715
-2.493915 -2.6070635
-3.952765 -2.5768552
-2.942409 -2.051448
-2.3135169 -2.2701395
-2.5584683 -2.227312
-0.20108044 -2.834166
-3.070005 -3.011933
-0.51310766 -3.6792889
-0.94832766 -4.379374
-0.8299699 -2.7133706
-2.1871543 -1.5313808
-2.7366376 -2.6498187
-4.1205864 -3.9425573
-1.877925 -2.3377202
-1.3341042 -4.6843343
-1.9865736 -2.7397094
-1.4139627 -2.3911517
-1.9441097 -2.493577
-2.1002104 -1.8351238
-1.9397953 -2.408419
-3.881032 -3.0370343
-1.6805327 -2.3251681
-3.9140186 -2.153178
-1.4508198 -2.7063804
-1.6940708 -2.7847815
-3.7553196 -2.5862763
-3.9089189 -2.4571524
-2.145742 -1.7556628
-3.45608 -2.1537232
-3.1137912 -2.8484292
-1.6690947 -2.7405314
-3.1488168 -3.3976026
-1.7750113 -1.4426057
-2.9857183 -2.5493467
-4.455362 -2.9300828
-1.5860956 -4.1580105
-2.874181 -1.6446426
-2.3608685 -1.6996336
-2.8599524 -2.6310928
-2.1772177 -2.3006573
-2.8670936 -2.048213
-2.8285284 -2.4540684
-3.5570261 -2.8958874
-2.8562558 -1.9839518
-3.731224 -3.2230167
-2.4024343 -2.267661
-3.6425855 -1.9250138
-1.1259147 -3.6693227
-3.4563274 -2.503025
-2.0331163 -2.3168395
-1.7323235 -3.4777045
-1.3830047 -1.1930379
-1.897686 -2.633909
-1.50863 -1.7198697
-0.47877443 -1.209932
-1.6989555 -2.919243
-1.1022512 -4.074387
-1.6981738 -3.0981982
-3.3985465 -2.6160822
-2.299049 -2.2236102
-3.0679188 -2.7278287
0.3512549 -3.595461
-1.643827 -2.4453125
-1.2597524 -2.8257406
-0.5685812 -3.3890553
-2.893608 -1.7701458
-1.870716 -2.615385
-1.9591223 -3.0725095
-2.3466086 -2.002695
-1.7165283 -1.5460945
-2.259156 -2.7802162
-1.5601814 -3.3749323
-2.5331676 -2.0082395
-3.1112678 -2.0309188
-0.88401484 -1.7139367
-2.3865836 -1.4855036
-3.263475 -2.2501328
-2.5778375 -2.9458575
-1.5949559 -1.8524766
-2.6048677 -1.333683
-2.371364 -2.2296548
-2.6187787 -2.5937154
-3.6929147 -2.546152
-3.0979779 -2.1044765
-3.6172612 -3.323909
-3.6288927 -2.606719
-1.478137 -3.7041707
-1.8092937 -2.0179229
-3.5817075 -1.4646915
-3.8211112 -2.3115501
-3.3419187 -2.7900417
-3.3467119 -2.17201
-3.7477064 -3.666951
-1.8533194 -3.1100347
-1.8957154 -2.1666303
-1.7927102 -2.5718243
-1.1646502 -3.4975333
-3.3486886 -2.556549
-2.0903528 -2.3080847
-3.8081608 -2.9436076
-1.8360431 -2.0467534
-0.2327342 -3.5443041
-3.253128 -2.3017163
-0.3199553 -4.440217
-0.84998965 -3.293389
-3.7607 -2.3052783
-1.206514 -3.3148603
-2.644098 -3.298033
-2.0001047 -1.3419365
-1.7914436 -1.0747339
-0.9193735 -3.9734771
-2.5343423 -2.1614435
-1.5228094 -1.7416975
-1.2437555 -3.3727431
-3.0733545 -1.5052984
-3.3200784 -1.7594078
-1.1624216 -2.9992619
-1.9466531 -3.6714034
-2.7352862 -2.0292475
-3.6093078 -2.4313476
-2.4800339 -1.8072937
-1.4354422 -1.6295366
-2.5272417 -2.2081392
-3.687199 -2.888976
-3.4828568 -1.5652376
-2.9396322 -1.1859214
-1.8237662 -3.7277126
-1.2248594 -2.8874924
-2.7067037 -3.9992461
-2.7978349 -2.0678973
-2.9613023 -1.7718923
-0.83338034 -3.5113947
-1.3324405 -2.9232922
-1.3159163 -2.4770682
-1.7681427 -2.6133437
-1.930874 -3.8682091
-1.426067 -0.9842619
-2.9209359 -1.6764743
-1.2688353 -2.1475198
-3.2075598 -1.8388541
-3.1172528 -2.2684102
-1.9361553 -2.4140415
-1.8810245 -2.921315
-1.4332186 -2.6512172
-3.1275933 -4.067083
-2.8591528 -2.1914742
-2.4191005 -1.2432219
-2.6065617 -1.8454694
-3.059813 -3.62119
-2.9971929 -3.1724741
-2.004994 -1.5920691
-1.0190068 -3.819706
-2.366457 -1.5807688
-3.2108614 -2.2420921
-1.5581827 -1.7635815
-1.0414684 -3.21696
-2.1467366 -2.2050297
-1.0344408 -3.9869413
-1.6447111 -3.1257315
-3.8838787 -2.306735
-3.3353376 -2.3024452
-1.6682878 -1.4693179
-2.2833 -2.1957462
-2.767502 -1.6263832
-1.3145071 -2.3514988
-2.3204553 -3.1021037
-1.8085332 -1.1423004
-2.4360025 -2.2070296
-0.8131641 -2.0369086
-1.8369559 -2.7810528
-2.9124086 -2.0635822
-2.4233067 -1.3572237
-1.0109805 -1.9169307
-3.7044466 -2.4751914
-2.4905398 -1.6251868
-2.4728973 -1.8287481
-1.5204389 -2.3368573
-2.665918 -2.6018426
-2.6163325 -2.2438316
-0.75712585 -3.1713715
-2.3580787 -1.6751494
-1.7583332 -1.6831052
-1.960435 -2.6171942
-1.1488545 -3.0451431
-2.2540107 -1.4523973
-2.4840562 -1.8327638
-1.4329947 -2.734971
-1.5158368 -1.5918466
-2.2889998 -1.8208915
-2.0348222 -1.448059
-2.7226956 -3.289916
-2.6206152 -2.6264474
-2.0983634 -2.9963522
-2.5681112 -2.8785596
-2.8778255 -1.1375674
-1.605156 -3.3409412
-2.235562 -2.8023338
-2.219463 -2.5291114
-1.6640437 -1.6156389
-2.8639402 -1.8818221
-1.3784189 -2.7050996
-2.3890512 -2.111397
-2.6536775 -2.129588
-1.5136098 -1.8712041
-2.0850902 -2.7451625
-2.5753403 -2.1738682
-2.3565993 -3.055217
-2.4695356 -2.2156265
-1.7517068 -2.43368
-3.6419623 -2.4435403
-3.7044172 -3.0772195
-2.3171017 -2.9120524
-3.107768 -2.2144017
-2.074134 -2.6263196
-1.537968 -1.5068598
-1.6958596 -4.688189
-2.4263744 -1.4797015
-2.9032185 -1.8255752
-1.3496085 -2.5287275
-2.094383 -3.7213802
-2.5676808 -1.9689788
-2.0305989 -1.5216044
-2.5537596 -1.5439531
-1.367231 -2.9903355
-2.1037345 -2.2606616
-3.0245664 -2.7175536
-2.4086342 -2.0327022
-1.654998 -1.7367353
-1.562129 -2.5266879
-2.4970381 -2.5820794
-0.4209143 -1.8949971
-0.70624566 -1.9454888
-2.6718304 -2.810257
-3.7850122 -3.392749
-0.39708775 -2.787619
-2.5165045 -1.1817021
-2.4409547 -2.9051125
-2.039203 -1.7742398
-2.8830123 -2.2498426
-1.8500633 -3.4421074
-2.3612409 -2.9730942
-3.6130595 -2.9081607
-1.6093754 -2.9791448
-2.0881464 -1.5891598
-0.9105556 -2.788965
-1.5414927 -3.2550945
-1.9381349 -2.4554222
-2.2204125 -2.5341918
-1.2938973 -2.4096973
-2.8669403 -1.329966
-1.6366578 -2.79207
-1.2524058 -1.9891669
-2.3892288 -2.2233357
-3.3471673 -1.6620347
-2.8369462 -1.6076465
-2.6285448 -1.6148529
-1.4803102 -3.4841084
-1.3308634 -3.5751843
-1.9227452 -2.2579582
-1.9799024 -1.1741177
-1.8045858 -2.512034
-2.0253851 -2.3133252
-0.9479065 -2.6760516
-2.517363 -1.1944857
-2.98772 -2.103849
-1.8871413 -2.1106038
-2.8214498 -2.4007564
-3.1580598 -2.647039
-3.4688864 -2.4716551
-2.8408332 -2.108136
-3.5183918 -2.6569026
-3.0901785 -2.3050272
-3.4656122 -3.0780914
-0.21868414 -3.9352522
-2.5499508 -1.9507447
-1.5046252 -3.3493335
-3.527222 -2.3493867
-2.3723223 -1.3516488
-3.386605 -2.893056
-2.6087542 -2.2391298
-1.8680596 -3.0088453
-2.4993367 -2.641176
-2.7216268 -2.9426906
-2.8506408 -1.7773728
-2.3716936 -2.7957516
-2.7696443 -2.96208
-1.7013142 -3.598196
-1.9001768 -2.079985
-2.149421 -1.8053471
-0.91997015 -3.1130633
-2.4903789 -1.4724059
-2.7620118 -2.6905973
-2.705287 -3.797863
-3.213461 -1.9027047
-2.1182435 -1.8563491
-2.0009673 -1.8229544
-3.3219075 -2.51886
-2.5926147 -3.0563364
-3.3570468 -2.6650305
-1.1916292 -1.9561456
-3.136169 -1.9659159
-1.9310145 -1.9768609
-2.0329747 -2.2433326
-3.4598496 -2.1599166
-1.1691425 -2.6815813
-0.8400521 -2.6306946
-0.8773624 -1.5582302
-1.2870884 -3.6671567
-2.2853012 -1.9105548
-2.829188 -2.7746024
-3.0531917 -2.3619783
-1.1288918 -1.9034033
-2.2825956 -2.0605166
-1.7609261 -2.7265565
-0.57162845 -1.8592587
-2.1301858 -2.0397177
-2.0768423 -1.3462589
-1.4104737 -2.6564562
-2.3216057 -1.8507057
-3.3499088 -1.7438717
-3.4947636 -2.986945
-3.506671 -2.5325055
-3.4758368 -2.573922
-3.705362 -3.129513
-3.5445926 -2.123083
-2.0876124 -2.1709943
-1.0529798 -3.0687826
-2.2441175 -2.6543963
-2.7712343 -2.4161153
-4.300424 -2.3823135
-2.8381388 -1.1786401
-2.4676046 -2.448205
-2.2140605 -2.8078873
-0.95428777 -3.1873465
-1.8042109 -2.8684015
-2.5083094 -2.1501338
-1.5972468 -0.8347524
-2.0950513 -2.0448859
-3.4468663 -2.6841424
-2.1072588 -2.6877265
-2.9526935 -2.7839265
-2.74465 -3.2480483
-2.9730957 -2.0828958
-2.653281 -1.8185135
-2.1833072 -1.5593606
-3.0879443 -2.5279868
-1.7019882 -1.0520962
-1.891145 -3.8237333
-1.4577812 -2.832552
-2.7787592 -2.1505435
-0.83465374 -2.5647938
-1.687635 -2.013953
-3.189284 -1.5089688
-2.53284 -1.9181519
-1.0249542 -2.9618979
-1.5584606 -2.7443547
-3.6528273 -2.3230956
-2.2178848 -2.9656923
-2.6776195 -3.3683958
-1.5133213 -3.311343
-3.2311141 -1.6050352
-0.62625134 -2.2729104
-1.7027135 -2.2330074
-1.0114737 -3.0814564
-2.2946875 -1.912214
-4.427353 -3.6499853
-1.3857857 -3.586045
-2.6201048 -2.0435135
-2.7451112 -2.1330917
-3.4091287 -2.0279887
-1.011227 -5.110961
-2.308152 -2.1844637
-3.8267474 -2.254329
-3.0656064 -1.934074
-4.279346 -2.381903
-1.7305988 -2.4468732
-1.7313902 -2.8013577
-2.1374571 -1.3649671
-1.511675 -2.2559962
-1.8915365 -1.262647
-3.533447 -2.316855
-2.736768 -2.5058057
-2.586184 -1.9167438
-1.7110924 -1.3545792
-2.8643806 -2.8038254
-4.1118875 -2.107772
-3.391014 -1.6639928
-2.6505601 -2.5375226
-1.4272934 -4.5599885
-3.0601056 -1.9946319
-2.7691295 -1.7841356
-1.2258645 -3.2726371
-1.7324494 -2.4016175
-2.310889 -2.299984
-2.4382315 -1.7444109
-3.1330981 -2.2019508
-3.5077143 -1.1225482
-2.3810859 -1.8935863
-2.9865994 -1.4173434
-1.9550166 -2.2420008
-1.5602497 -1.6800045
-1.3893863 -3.8893507
-1.5651996 -3.3827865
-2.50649 -3.6551838
-3.737659 -3.318583
-2.1432447 -2.1768596
-3.0204544 -1.9058592
-2.6615887 -2.0474606
-3.1198874 -2.118378
-1.5184784 -2.0576754
-2.827738 -2.4559283
-1.2719547 -2.274015
-1.652678 -3.4906456
-0.93363655 -3.1823726
-1.1891953 -3.4559853
-3.4619377 -2.380518
-3.423965 -1.9047073
-1.7920859 -2.149362
-2.6478963 -2.447177
-3.4123006 -3.260292
-3.9589248 -2.1085155
-3.07074 -2.5189457
-2.2833962 -2.0141883
-3.711175 -2.8456643
-1.3975387 -1.9817076
-2.6480932 -2.5541146
-2.1540527 -4.158054
-2.4681165 -2.3548038
-3.838235 -1.9731127
-2.7754955 -3.4299746
-2.8184626 -2.0322464
-0.28572017 -3.0907097
-2.5166144 -2.0751958
-4.6253376 -2.7155735
-3.6317155 -2.5547354
-2.677736 -1.1772281
-2.8810484 -1.7591211
-3.789445 -2.5940118
-2.7249634 -2.0499208
-2.0771139 -1.6714394
-2.7388449 -1.4758717
-3.691594 -2.3740914
-1.6131508 -3.3331294
-1.8337822 -1.1451095
-3.7725298 -1.650598
-1.6762166 -1.4988331
-3.282194 -2.0790854
-3.5145113 -2.5345626
-2.2026343 -1.9794726
-2.5109613 -2.1315265
-1.4931465 -2.5994103
-1.6312629 -3.6077664
-1.3989322 -3.1595533
-1.7533303 -3.8120549
-1.6856443 -2.4941483
-1.8287996 -4.1371756
-3.0054388 -2.4452152
-2.1334934 -2.3607428
-2.815179 -1.4325018
-2.8463566 -2.5046043
-3.9251893 -2.4192657
-1.3334268 -3.4713216
-2.222232 -1.6750411
-3.3880827 -1.8539878
-1.6155075 -2.4743292
-1.3794879 -2.045517
-3.3978946 -2.2954211
-1.132663 -4.20084
-1.6824746 -2.0247576
-1.3016322 -1.3332458
-0.27361172 -3.216264
-2.3382454 -3.2974753
-3.8753045 -2.6364744
-3.39249 -2.4634554
-3.1001186 -2.644614
-1.6695111 -3.6878436
-2.6673465 -2.9237585
-3.2458277 -3.0414004
-1.5810835 -2.5692267
-0.44082588 -2.8617663
-1.8635943 -2.6291828
-2.3671184 -3.367954
-2.7549407 -2.995708
-3.9878976 -2.8542924
-2.0563962 -1.9172068
-1.6260478 -2.309384
-2.3419242 -3.3998477
-3.4729145 -1.7436093
-3.0179002 -2.2162528
-3.304965 -2.695377
-2.6392329 -2.5360966
-2.0682693 -3.9737327
-2.155092 -3.9232872
-3.0794902 -2.1031299
-2.7025902 -2.6239119
-1.3264678 -2.6553397
-2.602592 -2.933175
-2.0743284 -2.38381
-1.6583916 -3.151131
-2.271908 -2.2406948
-2.1998665 -2.2347343
-3.7070298 -2.0133936
-2.6624298 -1.5584332
-3.1366868 -2.0959463
-1.9388129 -1.25323
0.10782701 -3.6733253
-2.10828 -2.1127527
-1.8956629 -2.5199509
-2.9500346 -2.1698575
-2.7217128 -2.5965583
-2.7485626 -2.0976002
-3.4036324 -1.9826204
-2.1522582 -2.4674337
-4.4828973 -3.349311
-2.9236696 -2.221836
-0.99366045 -3.4426067
-1.3501247 -3.5110896
-0.56131375 -5.10878
-1.4681259 -2.7282746
-1.9121296 -4.5997133
-0.9548012 -2.6394775
0.38691452 -3.5433204
-2.192522 -2.0553558
-2.7295318 -1.1086813
-1.6914663 -2.522534
-2.1544461 -1.9368727
-3.416623 -1.4637161
-3.743053 -1.6448672
-2.3769715 -1.7579644
-1.2528588 -1.5354254
-0.72162795 -2.4940548
-3.5455997 -2.564268
-2.3523917 -2.57525
-1.8484656 -2.4479718
-3.0215905 -2.5009425
-1.9915737 -3.1827965
-2.503236 -2.6044557
-2.2433457 -2.348447
-4.0458217 -3.0110176
-1.6290067 -3.1546402
-3.378983 -2.626231
-2.3361409 -3.3386652
-3.4326181 -2.12822
-2.2299504 -1.3035581
-1.5136857 -1.1217096
-2.567722 -3.3525128
-2.6393383 -1.3982321
-1.619417 -1.6551285
-2.6631863 -1.8169574
-2.1420307 -2.3571343
-3.722533 -2.098898
-2.3289738 -2.4185164
-2.3873014 -2.139213
-3.5328438 -2.47096
-3.3062668 -2.4171088
-2.6364968 -2.391422
-1.0819893 -3.0221994
-3.088764 -2.4506605
-2.2243083 -4.151018
-2.8858993 -3.7425656
-3.3819141 -2.7791877
-3.1968777 -2.0110507
-2.7097785 -1.5670868
-0.87107646 -1.9776314
-2.737624 -1.4058307
-0.89051485 -2.2544808
-2.6901314 -2.202651
-2.2056649 -3.2839808
-3.0047703 -2.3425539
-2.4036388 -3.0716658
-3.266214 -1.8151523
-3.1614087 -3.4473686
-2.6488469 -1.3876698
-1.6304795 -3.4296885
-1.5938721 -2.3872087
-1.5017023 -2.9738228
-3.0012655 -1.6782184
-3.4099483 -4.0391283
-1.2510711 -2.8099003
-0.97638166 -4.6528406
-2.5335205 -2.1363368
-1.8201555 -1.2763538
-3.29475 -2.1379774
-3.3825507 -3.0083013
-1.8081582 -2.4661837
-1.9928854 -3.4676845
-1.7703716 -2.0456002
-0.89735126 -3.8659496
-2.6391015 -2.7585673
-3.0681803 -2.1784327
-2.9081724 -0.9763256
-0.8720789 -2.6772645
-3.1549263 -2.514759
-1.5114715 -1.8283231
-2.6410046 -2.6110857
-3.1902032 -1.9013202
-2.0178673 -2.1316469
-3.344157 -1.985734
-0.6962626 -4.6542463
-0.93055725 -3.6018658
-2.6723673 -2.299174
-2.1288378 -2.6334035
-2.363954 -2.3286128
-0.94348586 -3.582889
-3.1396236 -2.5863152
-2.1639767 -1.3814807
-2.9796076 -2.2230415
-2.397122 -1.7657825
-1.3201772 -3.2594633
-3.8408227 -2.3999474
-2.048999 -2.45576
-3.0105429 -3.6690106
-2.8025591 -2.7556388
-1.958618 -2.4173439
-2.7506373 -2.285291
-3.1048498 -2.844905
-2.5950003 -0.89377373
-0.6832453 -1.5024427
-2.5655925 -2.2748294
-2.6049807 -1.4195676
-2.6582117 -2.2998898
-2.0416622 -1.4589522
-2.4887388 -2.8731525
-2.2800367 -3.0844173
-2.1867409 -1.2033206
-0.045037314 -4.0446744
-0.05591169 -3.6275148
-1.442218 -1.7099137
0.047673672 -2.2875419
-2.8380046 -2.2648437
-1.6789439 -3.3875506
-1.7490047 -3.472691
-2.191628 -2.9829197
-1.6526071 -3.3015597
-2.8009322 -2.5944304
-2.133246 -2.572851
-1.2392501 -3.0641093
-1.1772393 -2.9613113
-1.5344192 -1.7142892
-1.1497024 -2.1653523
-0.41918507 -3.480326
-2.3925333 -3.308983
-0.77064764 -3.6580703
-2.2018363 -1.8016232
-3.269112 -3.4875257
-1.3396834 -3.3554723
-1.2047325 -2.604132
-2.2296336 -2.8541534
-2.8695114 -1.6921749
-1.4413594 -3.8203204
-1.2114403 -1.9188432
-1.4385835 -2.6281688
-3.4349706 -2.2073474
-1.7628332 -2.9256175
-3.863875 -2.9581776
-2.1846256 -1.8861439
-0.86420536 -2.6252885
-0.75650823 -3.0630505
-2.7128088 -3.0895922
-0.07441141 -1.9367489
-3.55532 -2.3751793
-3.0677638 -1.7467129
-2.6368117 -2.6773758
-2.0392017 -3.9109192
-2.6998339 -1.4470023
-1.1134728 -3.5855095
-2.0164974 -2.9774644
-3.114725 -2.461002
-2.8285594 -2.484789
-1.9168516 -3.5171518
-1.6979595 -2.3937376
-1.4576986 -2.7307446
-3.2951677 -2.3256652
-1.7255297 -3.2901192
-2.4062536 -2.5503159
-1.3469625 -2.2769895
-2.0020356 -3.9689882
-2.359499 -1.5012736
-1.6730208 -1.2599903
-0.6205808 -2.067411
-1.8165523 -3.6333754
-0.5151044 -2.8130581
-2.686108 -2.0133607
-2.6171947 -2.184652
-1.6188916 -3.0109575
-2.5907567 -2.9233868
-4.0474997 -2.49544
0.68803096 -3.2757328
-2.312264 -3.3443904
-0.82078815 -3.105291
-1.3695189 -2.5288167
-2.3471375 -1.6195996
-0.85321295 -4.5017624
0.38744017 -2.8399682
-1.4764127 -2.5225203
-1.9026015 -3.914569
-2.6345391 -3.336672
-1.9370914 -3.7114944
-1.4822816 -2.8799813
-1.9853246 -2.821001
-2.7871742 -1.7542099
-3.9171705 -3.2014341
-1.83775 -2.8358471
-2.3730314 -4.2159805
-2.1627557 -2.4782624
-2.6397247 -2.7548325
-2.497696 -1.4745313
-1.4371891 -2.7149355
-2.764571 -1.9563148
-1.8998008 -2.7961183
-2.5471575 -2.0660045
-2.5178218 -2.1258562
-1.9790317 -2.0909529
-4.1093626 -2.7059085
-1.8985465 -2.1977818
-3.2283025 -2.835097
-2.7814553 -1.870171
-1.8744048 -1.7430971
-3.9721677 -1.8620837
-1.7978685 -3.1953936
-0.8238671 -3.244687
-3.0867321 -1.7195603
-3.8971915 -3.20193
-1.6902962 -2.8001213
-0.87361944 -2.3355157
-2.4391427 -2.2657642
-3.1842403 -2.1247358
-2.3189032 -2.3181334
-2.5071967 -1.8033354
-1.6386459 -3.0109723
-1.7597431 -2.7820368
-2.0190425 -3.821949
-0.8591385 -1.7082546
-2.8182874 -1.4657792
-3.54003 -1.7893237
-2.1550214 -2.6898215
-1.5977604 -4.398937
-1.3731972 -0.92268044
-1.2094208 -3.5301423
-3.5843346 -3.2617269
-3.2901256 -2.7199218
-2.8510597 -1.7501637
-1.9083139 -1.3746605
-2.1870046 -3.024635
-2.1369567 -2.1693177
-1.7551489 -2.123025
-2.6008868 -3.0271897
-2.215064 -2.0418508
-2.631773 -1.4963099
-2.782325 -2.1031084
-2.7194755 -2.06873
-2.438813 -1.4409263
0.19917917 -2.9844224
-1.2469438 -3.5784335
-1.056862 -3.3355904
-2.9527733 -1.6060382
-0.33489612 -2.8954055
-1.9799485 -2.6934094
-3.5984373 -1.784146
-2.5130088 -2.1454084
-1.3249581 -2.98005
-2.1694617 -2.2237196
-1.4630171 -3.425371
-3.1993015 -1.5730187
-2.761994 -1.5214039
-3.0157926 -1.9771874
-2.6513267 -3.2258048
-2.446842 -2.067676
-2.1993854 -2.888904
-3.0685549 -2.903005
-2.270967 -2.1787632
-1.9702961 -1.4108998
-0.98919344 -2.6127603
-3.0028818 -3.9935453
-1.9950253 -3.0031753
-1.1436046 -2.0945175
-2.4823823 -2.5885801
-1.9023032 -2.631046
-2.6652122 -2.8544207
-1.7764171 -3.8179522
-1.9240447 -3.4418519
-1.4553559 -1.7184753
-1.705035 -3.0802042
-1.88173 -1.5030559
-4.6331177 -1.873041
-2.0489902 -2.8094265
-1.4594423 -1.6547071
-2.357464 -3.9522514
-2.0451887 -3.255531
-1.5103267 -2.7061632
-0.025211409 -3.088906
-2.5507357 -1.5998007
-1.8695115 -4.001879
-3.582869 -2.3539646
-0.66270363 -3.5476446
-2.0550163 -2.4432852
-3.253075 -1.9995054
-0.32931376 -3.8229866
-2.4842186 -1.3452448
-3.2307785 -1.8386232
-3.3223107 -1.5467256
-2.3208385 -0.80785406
-2.5276394 -3.1930118
-3.210386 -1.4443153
-3.6581192 -3.0975785
-2.2459145 -1.7762606
-2.1241484 -1.5212
-1.6793267 -1.2328843
-1.1008542 -2.7171185
-3.1454163 -2.689698
-2.7639143 -1.8196632
-1.3741587 -4.2409763
-3.7983544 -2.988145
-1.2920487 -4.13298
-2.1350715 -2.8498151
-3.3680682 -1.3800428
-2.9881883 -1.796294
-2.5662746 -2.2605045
-2.7350473 -2.701429
-1.9412985 -2.552885
-2.2866392 -2.6647413
-1.8553865 -2.1120927
-1.7072523 -1.65636
-2.0583289 -2.422751
-1.4688903 -4.6295934
-2.4878259 -2.423555
-2.4146044 -2.9066808
-1.8233948 -3.4691489
-3.4284525 -2.4738998
-1.187158 -1.3904791
-2.395065 -3.5328977
-2.912997 -1.7941746
-2.9970486 -2.159533
-3.779652 -2.0261464
-1.8463179 -2.4208567
-2.9702897 -1.9129318
-3.2489989 -1.9649204
-1.2445748 -2.177344
-3.5193377 -2.8843153
-2.988399 -1.5288466
-3.084385 -2.6660235
-1.9242992 -1.4585433
-1.3563921 -3.9728882
-2.018799 -0.6610854
-3.2847073 -1.977107
-1.610785 -2.480769
-1.5785968 -2.2879872
-0.8823556 -0.70579845
-1.8532891 -2.9249506
-1.9991969 -2.8455186
-2.0068073 -2.5451574
-2.967565 -2.404962
-2.1819754 -4.109976
-3.1701694 -2.2969935
-3.3303168 -3.1244495
-2.25188 -1.9634928
-1.3730972 -3.1709304
-3.106974 -1.251173
-1.2178814 -1.6774483
-0.6588973 -3.3622224
-1.8918853 -2.507758
0.22672617 -2.5531328
-1.3941995 -2.601596
-2.8665159 -2.573234
-2.4531991 -2.7065563
-1.7705243 -2.30893
-2.5940306 -0.5614743
-2.9708555 -2.0293965
-1.3232521 -2.4815288
-0.34308857 -3.0751512
-1.8356822 -4.1659217
-3.1180975 -2.6328526
-3.580104 -2.4934802
-1.8695537 -3.059186
-2.5914254 -2.1897626
-0.7671312 -2.2928612
-2.087104 -2.7076185
-3.5653048 -1.936839
-1.2804043 -2.1416547
-2.373386 -2.4889557
-2.3390586 -1.7189171
-2.5387561 -3.226855
-2.2472165 -1.8998568
-2.82607 -3.455568
-1.8952109 -1.4048618
-1.9100213 -2.7279873
-0.78832436 -3.4670732
-2.125031 -2.5496862
-2.5336215 -1.6297249
-2.878188 -2.1078143
-2.5288646 -2.320409
-2.8471186 -1.1970427
-3.424092 -1.4703758
-2.6999507 -1.3701992
-2.0337481 -2.4940004
-1.4564184 -2.222101
-2.7533104 -2.8020961
-3.063024 -2.5781035
-2.699311 -3.9114337
-2.9727485 -1.8657072
-3.1647646 -1.9697429
-1.7390983 -3.09883
-1.4640121 -2.5606983
-1.8968866 -2.7127674
-1.8949988 -2.7833118
-2.0386763 -4.377642
-1.7865391 -1.7761894
-1.7604021 -4.381516
-2.5817258 -2.9913466
-2.689166 -1.6117771
-2.1703234 -3.6574476
-2.603452 -2.6657226
-1.4918258 -2.647035
-1.8767397 -3.15282
-1.2923292 -0.8113038
-2.3377438 -2.7250028
-1.315771 -4.040489
-1.2045995 -2.9815476
-1.0784316 -2.7729237
-1.2361403 -2.2408295
-2.7737942 -1.5053309
-2.5123415 -3.3470116
-1.2470782 -2.551634
-1.1267984 -2.8354838
-2.389481 -1.6988488
-3.0938122 -2.6001298
-2.93396 -3.0971422
-3.655217 -2.8037355
-2.6352746 -2.6219103
-2.0889285 -2.3901656
-4.2195234 -1.8165581
-2.2300625 -1.547871
-3.0212445 -1.8249695
-1.8647151 -2.152444
-4.0752244 -1.7760727
-2.688593 -2.1945245
-2.2562003 -2.8613715
-1.7201061 -1.9380237
-2.3983753 -2.1386378
-2.590719 -1.7980833
-1.8299742 -2.981486
-1.2963185 -1.5469935
-1.181341 -3.8681953
-2.007885 -1.9650216
-1.9390548 -3.4311483
-1.5827845 -1.8908602
-2.5889482 -1.787275
-1.6273507 -3.134675
-3.2366335 -1.4404441
-2.052285 -3.0742273
-3.6168425 -2.419539
-0.7295953 -3.3656213
-2.6701133 -2.3417234
-1.3626778 -2.3877926
-1.4893991 -4.045978
-2.3736258 -3.226191
-3.0390403 -1.9649104
-2.9520037 -1.7100997
-0.9455713 -1.7509178
-2.2025826 -1.4880637
-1.7474049 -1.2571646
-2.7689624 -2.6456113
-2.1999094 -1.5609527
-0.42874503 -4.070184
-1.7747929 -3.082187
-1.6484964 -3.3397589
-3.0510557 -1.7573615
-1.0959055 -2.7758486
-3.3546596 -3.1083255
-1.9192511 -2.4207418
-2.5598245 -1.6411521
-3.711564 -3.0170698
-0.9717783 -3.7728748
-1.2956088 -1.4718069
-3.2494993 -2.1232612
-1.2789587 -2.73215
-3.0373085 -1.8026744
-2.5076792 -2.8859096
-3.2668746 -2.1803315
-1.9323748 -1.6018091
-2.1685836 -1.2833167
-3.03261 -3.234001
-1.7163311 -2.992027
-2.4904597 -1.6971325
-2.1524048 -3.2078445
-2.5280423 -3.67002
-1.410054 -3.5045114
-1.192514 -3.2668495
-1.7274896 -3.1087084
-3.07382 -2.746147
-2.6007843 -3.3578665
-1.1755828 -3.6019485
-2.961586 -2.184689
-2.4207513 -1.3449864
-1.5927795 -3.455211
-3.191777 -2.8619287
-2.3586242 -1.7096072
-1.3191438 -2.6281126
-3.4548697 -2.1426325
-1.4504862 -3.0926042
-1.8471855 -1.7413803
-1.7035395 -2.1109653
-3.080786 -0.8777368
-2.4866982 -2.1312952
-0.95537925 -3.1226678
-2.620593 -1.7369764
-1.8723197 -2.6953206
-1.772302 -1.8524979
-1.8003579 -2.7941947
-2.6037881 -3.2574072
-2.6537657 -3.1420274
-2.5686622 -3.2398534
-2.9623613 -1.7232409
-2.0519423 -1.3549856
-3.0719182 -3.2224026
-1.8354715 -3.0073967
-1.9514443 -1.8016179
-1.6481675 -2.5444858
-2.1889718 -2.0484655
-1.2498206 -2.901934
-1.0206783 -1.3788238
-2.0984964 -1.5325897
-2.3408349 -1.8484606
-0.98190856 -3.4862173
-3.5600584 -2.3526692
-1.7969519 -4.536202
-2.1848989 -2.2900405
-2.8409123 -2.9786437
-2.1893342 -2.3102694
-2.0351539 -3.1005538
-2.7938817 -1.8289737
-1.341136 -2.805757
-2.404878 -2.8963914
-3.111345 -3.0886745
0.010380417 -3.0700803
-1.6435245 -2.459088
-2.9783778 -1.9708024
-3.0591846 -2.6610966
-4.2638164 -2.3711338
-1.6322556 -4.033284
-3.4319365 -2.3598008
-2.8796897 -2.499748
-2.2891695 -1.4423506
-3.0456884 -1.6732159
-0.87225986 -1.1845814
-2.0681841 -1.5447139
-3.782072 -2.7304194
-1.2478586 -1.8847703
-2.3487794 -1.7350209
-2.002038 -1.7879198
-1.289148 -4.1636643
-2.1444082 -2.9853904
-2.3991995 -2.4608912
-1.928133 -1.2971978
-1.5617567 -3.7194846
-2.9543023 -2.6045156
-1.574988 -4.1299205
-2.9493625 -1.9683982
-2.166347 -2.4638116
-3.18035 -1.9107157
-4.079926 -2.118231
-2.0218878 -2.9783297
-3.5072894 -2.687976
-2.330023 -2.676694
-1.3802662 -1.6521095
-0.79667366 -2.6963377
-2.011321 -2.3370404
-3.3744109 -1.9857885
-0.90199924 -2.9205587
-1.7279168 -2.4883432
-0.62689245 -0.87973905
-1.2328821 -1.3563331
-1.8082701 -3.413486
0.16134468 -3.0763614
-2.4474587 -2.3108473
-1.115922 -1.4868187
-3.4943001 -3.44758
-1.2017251 -4.120394
-1.7912719 -3.3212194
-3.7821558 -2.7674112
-0.14412141 -2.9163082
-3.4066103 -2.492568
-2.1599512 -1.6976719
-2.0840259 -2.5388403
-2.837591 -2.191378
-1.9848084 -1.8094469
-2.507111 -1.6806755
-1.2428044 -4.305219
-3.3341248 -2.3482902
-3.0369506 -2.6451035
-1.0304196 -2.9630735
-1.8753707 -2.1590898
-3.4045846 -2.4401598
-1.22333 -2.5035005
-2.517882 -1.5880167
-1.3820881 -2.583777
-0.993034 -2.6110282
-2.3585448 -2.8061101
-3.6915243 -2.6276464
-1.4680542 -2.7395215
-0.36848173 -3.251615
-2.8107598 -1.6281611
-4.1350203 -2.3239517
-3.3412328 -2.7012095
-1.1091882 -3.2078385
-2.1453526 -3.1693425
-2.9116056 -1.7432952
-0.28301367 -3.7400742
-3.2673864 -1.8279223
-2.6737475 -2.8226635
-3.3188312 -1.7246261
-2.8673325 -1.5994726
-2.1284776 -1.4942986
-3.1447632 -1.3317511
-2.9298189 -3.0886126
-2.1114867 -1.3017364
-3.384709 -2.3696988
-0.55342615 -3.3829648
-1.2070773 -2.7918005
-2.338275 -3.3920333
-1.7313464 -1.781789
-1.8580335 -2.3979154
-1.5974663 -3.321077
-3.001171 -2.1890423
-3.235616 -2.9421804
-2.5268576 -2.203542
-2.4687905 -1.8163943
-2.2637649 -1.4824593
-3.0062623 -2.4587145
-1.5012227 -1.3459994
-0.56350696 -1.8912683
-3.1767726 -2.6977599
-1.8942102 -1.9108412
-2.1566494 -1.5603986
-2.782286 -1.8479309
-3.2900782 -1.9970084
-2.2775464 -2.1646495
-2.7129347 -2.3380275
-2.6867564 -1.4331391
-3.3721168 -4.452839
-2.3671746 -3.8099818
-1.9022748 -1.709179
-1.5551054 -3.3936837
-1.1259457 -3.1377852
-3.8439088 -1.4433328
-3.6971483 -1.764276
-3.1277378 -3.1282313
-1.1898756 -3.8691
-0.95426583 -1.7639232
-1.8011062 -3.9756472
-3.1849482 -2.3007684
-2.6246924 -2.530684
-2.3615527 -2.3767793
-3.4003491 -2.798693
-2.484592 -2.500306
-1.748997 -1.3233317
-4.0553536 -2.3113806
-2.46671 -2.122095
-0.33622482 -1.4313936
-3.606492 -1.7562307
-0.8860791 -4.2242026
-3.5662808 -2.4837396
-3.3035767 -1.8919829
-0.8589786 -2.013004
-1.4293126 -2.746371
-1.0621231 -3.9179604
-1.7433006 -1.9695624
-3.518933 -2.5817752
-1.2202694 -1.000118
-2.2356794 -2.216585
-1.3966998 -2.454819
-1.5363494 -2.0146518
-2.6961172 -2.450931
-1.6355454 -2.7336383
-1.2916623 -3.3752217
-1.6861361 -2.7066774
-4.1475368 -1.3634832
-3.8469272 -1.5310467
-2.4044352 -1.8009456
-3.6145658 -2.5033884
-2.090385 -1.6422377
-2.8853004 -2.1370502
-1.8869773 -1.9254379
-1.579573 -3.6667233
-2.0822306 -1.7620286
-3.3682504 -2.0061493
-3.037683 -1.4799826
-1.2448052 -2.8663056
-4.329016 -2.860655
-1.9231286 -1.9907037
-2.2126641 -2.966015
-1.8078038 -3.634871
-2.7927737 -2.0802372
-3.0820017 -1.2673155
-3.759927 -1.9242201
-3.8311665 -3.0647388
-1.8366532 -1.9415928
-3.3233771 -1.3525401
-2.8919756 -1.810634
-3.0532718 -1.3128167
-1.8937845 -3.517192
-2.0258238 -1.7936639
-1.8277633 -3.2520843
-2.3630006 -1.8883109
-3.3286765 -3.8228092
-2.276839 -1.4119947
-3.0740054 -1.9551817
-2.1056256 -2.3904967
-1.6223323 -3.2887774
-2.6104412 -3.2279718
-3.8685117 -2.5948236
-2.781948 -1.745668
-2.4294198 -0.69134593
-2.7562609 -3.0184512
-1.3051542 -2.4114642
-2.1326084 -3.4361732
-2.622477 -1.3875434
-1.6838315 -2.2079873
-3.0945222 -1.9098426
-2.66593 -1.6645802
-2.1192133 -1.7101425
-1.2929591 -2.7865682
-0.030706182 -3.1510384
-1.2522602 -3.446615
-2.5850878 -2.8840575
-3.3290284 -1.4180291
-2.2263424 -2.6239412
-0.7874907 -3.020531
-2.2236211 -2.764514
-3.046876 -2.7621067
-0.66148573 -1.2335893
-4.0515075 -2.2739863
-2.4143217 -3.9014156
-2.1235344 -3.0123198
-1.7903458 -2.9482489
-1.3459421 -1.782692
-2.8545823 -3.684948
-1.2828163 -2.7084618
-4.124079 -3.4120924
-2.5848598 -1.5229186
-2.7501955 -1.7063903
-1.8317161 -2.4873812
-2.7999635 -2.20775
-2.1456714 -2.448977
-1.8348114 -2.956036
-0.73346055 -2.5073273
-1.7256184 -1.0384943
-3.0584736 -2.8763974
-2.102148 -2.000965
-3.0344899 -2.0505364
-1.354075 -2.5555224
-2.783336 -2.6991081
-2.3163865 -3.121465
-3.2318845 -3.1642482
-3.5424044 -2.5964313
-1.3271761 -2.554215
-1.2370942 -3.6197228
-0.20415251 -3.7783208
-1.6928214 -2.3683903
-3.551963 -3.2250671
-0.8548541 -3.7163272
-3.2099512 -3.2118492
-2.1235585 -1.5802629
-3.5958834 -2.7645774
-2.2028053 -1.2428681
-3.0363755 -2.7930925
-1.4158952 -3.917591
-3.6346443 -2.1464572
-1.0641503 -3.5178106
-3.7476673 -1.9140962
-3.0111964 -2.054953
-2.687205 -2.3930159
-3.864744 -1.8159599
-1.3052317 -2.1235797
-1.8230162 -2.9727836
-2.0993757 -2.0085852
-1.9059763 -3.2591171
-1.5196338 -3.408024
-3.5453792 -3.3646784
-1.1618158 -2.420886
-2.1226559 -2.8205135
-1.5143923 -1.2996231
-3.112358 -2.544925
-0.5838207 -2.171098
-0.92828465 -2.3509274
-2.006975 -2.1293478
-2.164444 -1.3108989
-2.1892107 -2.519331
-3.804187 -2.4529443
-2.5936067 -3.2096832
-0.8354199 -4.0141425
-2.157337 -2.1680539
-2.7125862 -2.437738
-3.5230517 -1.8942357
-2.8957355 -1.0912995
-3.5630038 -1.5307356
-2.2938247 -1.9785521
-1.6828289 -2.168636
-2.0200007 -1.6678399
-1.885709 -4.0238075
-1.5987017 -2.355104
-1.891945 -2.8028536
-0.40735346 -3.1693668
-2.7563536 -1.8361453
-2.7368236 -2.4391506
-2.125665 -1.6419084
-2.1034353 -2.6366844
-2.0785332 -2.8158915
-2.6719828 -1.8339773
-1.9794894 -2.5024416
-2.2956955 -1.6706735
-1.9047445 -2.255696
-2.9574342 -2.0880108
-2.5371015 -2.597709
-0.24692298 -3.8774478
-2.6472628 -2.6615853
-2.1632085 -3.1700056
-2.6348748 -2.5070486
-2.2727492 -2.5685267
-1.7381918 -2.2354662
-1.9353794 -3.5043335
-2.5569088 -2.2611926
-3.0703166 -1.8677317
-0.7344366 -2.4797184
-1.8147353 -3.0950313
-3.6983583 -2.088891
-2.4733422 -2.6440012
-2.0276287 -2.6781044
-2.1983979 -2.2201085
-2.9959126 -2.6565263
-0.9860202 -3.0539455
-2.6344838 -1.0735561
-2.767097 -2.1965945
-1.4597414 -1.6408842
-1.6788088 -3.0911248
-1.4287423 -2.8945394
-3.036382 -2.1352925
-1.5179282 -2.6239436
-2.7937486 -2.0301306
-2.071748 -2.5063314
-3.3895967 -2.3986533
-0.84895647 -4.7807713
-3.221094 -1.8728739
-2.731652 -2.4739013
-2.4125407 -3.2263174
-2.8094084 -1.8566787
-1.4624344 -3.4351003
-3.0102215 -2.1570482
-1.4994034 -4.304458
-0.7136216 -2.9775176
-2.2990713 -2.095088
-3.4353907 -1.7979233
-2.3649526 -1.709944
-2.2141957 -1.1806222
-4.25195 -2.7975488
-3.0096908 -2.4030306
-1.9040405 -2.9783595
-1.7931799 -3.2697988
-1.8362198 -1.7160746
-1.2836062 -0.63944155
-3.5133078 -2.1874316
-2.4582071 -2.9962192
-2.767764 -2.9373188
-2.0032883 -1.9791743
-2.5764067 -1.7257211
-3.6187088 -1.9791858
-3.1943135 -2.1565223
-3.4823751 -2.3616595
-1.8480927 -1.6645663
-1.4600023 -2.6297123
-2.1220827 -2.6145267
-1.325001 -2.7008026
-1.5378734 -2.7049737
-1.7067754 -3.2654974
-1.1365051 -2.3377748
-1.8114164 -2.1836402
-1.9061853 -4.230127
-1.7294004 -2.0071895
-1.6007215 -2.2133393
-1.8979924 -2.899476
-2.9344487 -2.028386
-1.4148003 -2.4572668
-0.8963994 -3.735116
-3.1747432 -2.3208659
-0.9388678 -3.3154335
-1.4036199 -1.282133
-3.3289537 -2.120841
-0.6217021 -2.57617
-2.853522 -2.5196385
-1.2424474 -1.9480426
-2.3204384 -3.0975578
-2.5993981 -2.696735
-2.7044196 -2.5552025
-2.201659 -2.41573
-2.3235142 -1.91636
-1.827611 -2.6192226
-1.4189976 -3.6898828
-3.7311625 -2.511314
-3.060467 -3.1209912
-2.8485475 -2.7826097
-1.4589598 -1.9721884
-3.3949773 -2.8033535
-1.6336432 -1.9166682
-3.725189 -2.0505955
-2.162541 -2.6824927
-1.6034085 -2.2231588
-1.8636208 -3.4124036
-1.5898036 -1.7454579
-1.5601779 -1.7633364
-2.5386066 -2.0969973
-1.289686 -2.2419336
-2.6389625 -1.8323442
-3.4429612 -2.5898147
-2.3350031 -3.7547524
-2.055978 -2.484471
-3.3874066 -1.7011826
-1.6015607 -2.5632865
-1.0459914 -2.1180909
-1.8193734 -1.4589224
-2.056008 -1.4418474
-2.0710459 -1.6531891
-0.3367545 -2.9536054
-2.9782102 -1.4152441
-1.6494012 -2.2937691
-1.0296 -3.3962715
-2.109275 -2.1309776
-2.0512927 -4.7040343
-2.5751832 -1.328427
-2.713711 -2.0173802
-2.8554804 -2.1504366
-3.0462573 -3.5637097
-0.38341236 -1.6298708
-2.7671468 -3.1242027
-2.0201774 -2.3451662
-2.8972986 -1.8347852
-1.9787613 -4.21185
-1.42808 -3.6424787
-1.3791142 -2.8952794
-2.2685823 -3.831854
-2.377231 -2.2521229
-3.3805928 -2.0212047
-2.0915864 -1.7499973
-2.9228933 -1.2162336
-2.3681195 -2.0482774
-2.536185 -2.1344733
-1.4914507 -3.834361
-2.1081455 -1.3678894
-1.8736967 -3.1334875
-2.2112875 -3.4038963
-2.7423027 -1.5262126
-1.850827 -2.3084373
-1.3419783 -2.9036956
-0.76176643 -3.0050373
-0.9567734 -2.7732108
-2.8730323 -1.9888439
-2.1783335 -2.040626
-2.6344488 -3.343916
-1.8638952 -2.6663468
-0.63032174 -3.1634054
-1.6776805 -1.9282784
-0.92446387 -2.3800397
-1.649126 -3.3517995
-0.7130338 -2.5878432
-1.9449099 -2.2064352
-1.738852 -4.813705
-1.108172 -3.1467307
-2.6731217 -2.3909314
-2.6988883 -2.621313
-2.8854632 -2.537862
-1.8159815 -3.3917549
-1.9814907 -1.6329354
-3.476289 -2.5952876
-2.5443215 -2.9931924
-1.4802415 -2.5303051
-3.6410635 -2.2986872
-2.720351 -1.9996656
-3.5030005 -2.0167809
-0.42061025 -2.055794
-1.4892969 -1.6252388
-2.1686697 -3.1780956
-3.3725812 -1.5958903
-1.9267086 -2.1363194
-3.504168 -2.2134993
-1.277425 -3.292125
-3.0331733 -2.3016288
-1.471975 -3.4293454
-1.3482385 -1.601614
-1.822702 -2.549901
-3.60862 -2.7448406
-3.2903562 -1.4194591
-1.3084875 -3.7164688
-2.6940343 -2.2305596
-2.0149317 -0.62297475
-1.5527797 -3.173153
-2.1500804 -2.6519902
-1.5098312 -3.3503485
-2.0597217 -2.1140342
-3.2056246 -2.4578223
-2.5016732 -1.3076508
-2.0764563 -2.1846654
-3.097352 -2.331544
-2.977024 -2.3164315
-2.3594935 -2.0920837
-1.9885939 -2.9956548
-2.379393 -2.812971
-5.144684 -2.735617
-0.7863983 -2.4488745
-3.0868535 -1.7296975
-3.416787 -1.4366083
-2.8837602 -2.921195
-3.06142 -1.7823954
-2.8506615 -3.0051322
-2.1420486 -1.39083
-1.9064152 -1.6565374
-2.4058795 -2.3463323
-2.713568 -1.7288841
-2.246663 -1.775518
-3.022577 -2.3802464
-2.060935 -1.5546616
-2.6070206 -1.7637513
-1.9324787 -2.6305492
-2.2650151 -1.8067613
-3.4234223 -2.7039895
-3.9802227 -2.628732
-1.561397 -1.0547115
-3.0687609 -2.5481505
-3.2273283 -2.028464
-3.307748 -2.8486085
-2.235159 -1.4550303
-2.9710107 -2.4617307
-0.54978716 -2.7603378
-2.597654 -2.5492687
-1.8330804 -2.414149
-2.5233088 -2.982649
-1.4984534 -3.8608503
-2.5595522 -4.1756935
-3.4720895 -2.0509293
-2.7239757 -1.6926683
-2.9276526 -1.4691455
-1.6635048 -3.7455513
-1.5307293 -0.9040649
-3.1268172 -1.7150021
-1.5662801 -3.1233056
-1.500156 -2.6338513
-1.5910858 -2.736365
-2.034448 -2.192694
0.30593374 -2.7174423
-2.2409482 -3.1807072
-3.557519 -2.1465123
-2.807699 -2.6670585
-2.4115987 -2.931262
-3.4326544 -2.0903788
-2.0587883 -2.5116308
-1.7846993 -2.939318
-1.510008 -4.2499356
