-0.5967764 0.61954147
2.361613 -0.11920214
0.37662342 0.6471428
-0.41150242 0.0388266
1.189351 0.31090635
-0.20030761 0.4587291
0.67719996 0.12884577
1.1054497 0.48486215
0.19829983 0.2683729
1.1031858 0.5094782
1.931055 0.33459568
0.09968901 1.5366216
1.3507837 -0.5466766
0.6743916 -0.4904946
-0.4188606 1.22062
-1.8473831 0.4804197
0.6345881 0.7861779
1.8252641 -0.4500066
-1.0620701 -0.20472354
1.2490374 0.8830174
0.7016585 -0.78026104
0.53698087 0.21118818
0.101608515 -0.8945465
2.2059538 -0.23341477
-1.2716414 0.1255093
0.47898832 -0.009231761
-1.0876952 0.36605817
0.6653286 0.43054426
-0.552325 1.0597533
0.12860173 0.01669757
-0.788918 0.28214568
1.1602491 -0.10626255
2.5106213 -1.4295359
-0.5817876 0.5936628
-0.094955966 0.6846571
1.3496587 1.0041406
0.78396213 0.6166298
-1.4713289 0.37197572
-0.05898592 0.5392803
-1.314929 0.2376255
-0.3381942 1.6562047
1.0030973 0.28354424
1.2291927 1.3586916
-1.4587666 -0.24404477
-0.63069594 1.4194335
-1.0935411 -0.7847277
-0.7740499 0.8915075
0.027927428 0.22028135
-0.77829766 0.75120926
-0.23288915 0.53683287
-0.47846597 0.4929883
0.19210559 0.003857687
1.1527222 -0.6797193
1.9074479 0.9553089
0.09361175 0.75745416
0.6072122 -0.3501641
2.191646 0.58164054
-0.96700776 0.15314569
-0.39858326 0.49562407
-1.15417 -0.0372151
-1.3541723 -0.09541975
-1.088893 0.20251884
0.11541742 0.11714046
-1.1090221 0.39795142
0.55964816 0.40692282
0.38605484 0.7511777
1.3225024 -0.27399752
-0.27291572 0.8889761
-0.16114622 0.73508453
3.1578472 -1.2081624
0.2767929 0.7048277
1.7623914 -1.6256843
-0.09225732 -1.4796884
-1.3755211 -0.17884827
0.30889556 1.2948714
0.38281563 1.2143921
0.99650764 0.6505584
0.86258304 -1.3740295
0.19486663 0.51981944
-0.8639778 0.04233952
1.4585698 0.7348019
-0.122090474 1.1288939
3.0321598 -0.20770273
-0.84422874 0.34228706
-0.54921687 -0.37382463
-0.04532072 0.24704798
0.1035499 0.52551514
-0.61629623 2.1739087
-0.9418982 -0.35617256
1.5525308 -0.37940204
0.7450197 0.67207056
1.7381908 -0.024566501
0.722888 -0.6560488
1.3211799 0.28147078
-0.7985406 -1.0595082
-0.47378194 0.53237367
1.6489947 -1.0520525
-0.86708 -0.10274142
1.1333616 0.8167224
-0.7235662 0.8043339
-0.22581257 -0.8452777
-0.9394876 0.4993891
-0.5388143 1.4919016
0.099096745 1.1843809
-0.92996824 1.7439702
-0.14497988 -1.1125324
-1.0982641 0.3248033
1.3474149 0.19660266
0.80807114 0.5234347
0.16184309 0.91053903
-1.673697 -1.216873
0.9467883 1.2358297
1.2899258 0.20059393
-1.3512492 0.9248867
-1.5233847 -0.23111905
0.6877309 -0.20799793
0.20011055 0.2849874
-0.6075189 -0.0019758195
1.1404557 -0.26453203
1.0210277 -0.83267885
-0.99096537 0.66025347
1.8651181 0.29155564
-0.84877706 0.35793883
0.8310466 0.9301872
1.7655617 0.4957105
-0.07510488 0.7539485
1.6473011 0.7750429
-1.4804962 -0.35704494
1.1035161 0.85990596
0.35508665 -0.10453156
1.1603093 1.2338384
0.8014524 -1.2125325
-1.390691 1.11309
1.2901957 -0.11796751
0.033087105 0.5085282
0.8272363 -0.25240907
0.03102982 -1.2977301
-1.8973037 -0.6453937
0.85959995 0.23173429
0.17471674 -0.83635294
1.5572912 1.3152419
0.9803462 1.113226
-0.28017074 0.151969
0.51903296 1.7160012
1.3506961 0.6390378
1.453094 -0.66431665
0.7184192 -0.5587295
0.6178467 0.1872807
0.8151425 -0.04779938
1.0999469 -0.10839301
0.042071342 1.7349194
1.1526191 0.36632162
-0.28565043 1.1600549
0.9352989 0.84923494
0.3863925 0.05374007
1.441171 0.996212
0.82890046 0.6850471
-0.8965509 0.8831638
-0.3783319 1.1288711
-0.73488796 -0.16976374
2.7784529 -0.25469944
-1.7307 -0.06381133
0.23360467 -0.058372796
0.8199606 -0.49378163
0.14247021 0.60974467
1.6370765 -0.038588017
-1.6591271 -0.3245905
-1.5857285 0.5718699
1.0008867 0.25922757
2.9538484 -0.16201133
-0.21253361 0.2832778
-0.040512025 -0.2095272
1.1675881 0.95153654
0.94021237 0.40293574
-0.06750411 1.0649385
-1.1255777 0.31041557
1.472407 0.23095752
-0.25777784 1.7807436
0.4084799 0.484078
-0.5581963 0.41801763
0.49206862 0.69230324
0.093613714 0.8110206
-0.39994255 0.022558704
1.0863216 0.24606784
1.3858699 0.12854384
-0.75520813 1.163368
0.8052763 1.5839833
0.008132309 -0.2709719
0.6516483 0.2847144
1.0963265 -0.4297194
0.17486554 -0.5062626
-0.09347206 0.12174915
-0.1555093 0.09456237
-0.16703022 0.35353005
-0.2214919 0.7131137
-0.51484346 0.272793
-1.4288517 0.3494916
-0.8010628 0.70203334
2.224026 -1.0107083
0.41271546 1.5667993
-0.03277518 1.4002969
1.2587076 -0.033013508
0.6281395 0.87605333
0.016739547 0.7189002
0.48013112 -0.3170277
1.0479658 -0.66918874
-0.9480313 1.502914
0.92860997 -0.08284216
1.0387135 -1.005168
2.736166 1.0163556
1.121753 0.15824436
0.50980973 0.7659626
0.9284111 -1.4599159
0.95313036 -1.1386244
-0.4034786 -1.3152688
-0.856693 0.14412768
1.0931482 0.052546367
-0.49744254 0.48762208
0.55627334 -0.6443289
-0.13665417 0.8206303
-0.9506786 1.1304127
2.8307495 -0.04154113
1.702277 0.30797917
0.91981256 0.18824832
0.014267564 0.846642
1.7229818 0.8190899
-1.4086385 0.9490522
0.33396158 -0.45595497
1.2667073 0.25287795
0.14634362 0.3595972
-0.5660249 0.90467787
-0.62597454 -0.9004124
1.212272 1.1068743
-0.8277191 0.5950311
1.4538149 0.2419933
1.1374898 -0.5006572
0.73392403 0.32149792
0.52727175 -0.32471007
1.2549963 -0.36329377
0.17035058 1.6577033
-0.8422034 0.4217289
0.90378237 -0.46541047
-0.25894094 0.21139099
0.6068411 0.40411592
1.0903887 -1.4504555
-0.08149199 0.91799045
-0.13401586 -0.81830025
0.094789654 0.32474178
0.18549022 -0.16467741
-0.5727341 -0.52671385
-0.034100756 -0.22214311
-0.6615273 1.543433
-0.8349886 1.2277665
-0.25739056 0.19836374
-1.6240143 -0.20663252
-0.43739843 0.042440996
-0.51196176 1.3569
0.91529846 1.3905418
-0.4811048 1.1013203
1.8694927 -1.0517017
-0.74406636 0.58596486
-0.5608233 -0.22381252
0.44599828 0.8651134
0.71786034 0.73749864
-1.4785402 -0.20384905
-0.3530454 -0.14584872
0.4079719 -0.801413
0.9772614 0.8713658
1.3255793 -0.17680123
0.149634 -0.05896084
-0.9818691 0.46639794
0.9418783 -0.011785701
0.7122545 0.8280792
0.008795619 -0.35422912
-0.6711767 -0.8601585
-1.4548724 -0.21564637
1.3993444 0.8166994
0.9019809 0.3609351
-0.6258521 -0.82421315
0.62999856 -0.29707426
-0.063984066 -0.1309221
0.44621006 0.8836361
-0.13889596 1.311063
1.6250331 -0.2766202
0.621415 1.6184542
0.3040894 -0.32753086
-0.9106629 0.8187343
1.6682303 -0.51538146
-0.53371227 1.3288795
0.44431224 0.88768685
-0.88591444 -0.15943298
0.34099135 0.9525448
0.2229043 0.00029332936
-1.4073477 -1.5995529
-0.4403336 1.6674786
-0.7371878 0.8161067
-0.24144223 0.6217292
2.1177173 -0.7804332
0.77352715 -0.73209196
0.4190952 0.98653007
0.64259255 -1.2542062
0.19819161 0.8115332
1.9054159 -1.1681262
1.6538496 -0.2087679
0.37715396 0.2495644
0.726212 1.3994058
0.025880635 0.3230542
0.47028467 -1.1692234
0.9312123 -0.4646564
-0.96568704 1.0308903
0.8627287 0.881632
-0.27803662 -0.79640114
0.5870707 0.13846041
1.0415646 -1.1236818
-1.5689342 -0.26392502
-0.07839191 -0.60472536
-0.32436287 0.40186596
-0.10251251 0.360514
0.20365241 0.6094276
-0.6139631 -0.6668804
-0.11537553 -0.7688553
1.8756667 -1.2497954
1.6281296 0.64686936
-0.90687907 0.15618886
0.39860538 -0.020861909
1.5421544 -1.8550014
1.1189812 2.0898979
0.16576478 0.4116336
-1.811923 -0.41243052
0.4559655 0.9521407
0.20338666 -0.2821813
1.1503392 -2.5351918
-0.19283931 0.9241152
1.6295291 -1.3723974
-0.6908523 0.17402126
-0.7152078 1.441672
-0.24782333 0.5751329
-0.7912035 0.4994024
-0.54213846 0.06939174
-0.024003744 0.77816653
1.4990288 -0.42262447
0.4093133 0.08869852
-0.13769636 0.04663138
-0.7452896 0.885764
1.8076464 1.112825
1.3523173 0.021727249
1.08334 0.08676045
-1.6664191 -0.13537526
-0.679601 0.6240762
0.029459089 -1.547926
0.6724303 -1.0033661
1.3756908 -0.6818344
0.48663202 0.8791722
-1.1215432 0.37410146
1.9020308 -0.37018257
-0.06434208 -0.32724214
2.5567467 1.6009526
0.5942917 0.2617576
-1.3008019 -1.2817016
3.5415468 -0.16449647
0.5967442 0.2035671
-0.6454252 0.2453347
0.678193 0.9355854
2.2094955 -0.79616374
0.3480195 0.30663532
0.27826992 0.64167786
-0.20280492 -0.20750387
0.49624118 -1.3130746
1.031354 -0.13123555
-0.18136106 0.19026954
0.8306625 -0.25212345
0.6429573 1.2087349
0.3912346 -0.25109714
-0.976773 -1.9259336
-1.2417809 0.42332846
0.04749176 0.35441476
-0.63458943 -0.34833196
-0.88553 0.31339288
2.6941776 0.050619766
0.64830124 -0.6518513
2.7870758 -0.68629545
1.3900359 -2.2533586
1.8972884 0.20680262
-0.0067760646 1.2724521
0.25931588 -0.20109315
1.4141724 0.34587765
0.34522584 -0.30323943
1.7797476 -1.7496946
0.46483627 0.37406516
1.9790655 -0.040770948
0.09138903 -1.0642835
0.42074183 1.3152068
0.17981282 0.12834863
-2.1729627 -0.7332502
0.7033862 0.43279123
-0.018861338 0.37486166
0.59864557 -0.813577
1.1456769 0.40677416
-1.5650071 0.27999932
-1.1846235 -0.21491809
0.30057064 0.8495158
-0.051008582 0.9433305
-0.2510988 0.16347013
0.7403344 -0.14606158
0.011597335 -1.0613104
0.37595984 0.5099379
-1.9587885 -1.8964844
-1.8676895 -0.09920232
1.2629865 -1.6519935
-0.49132085 0.96793497
0.09978551 1.0403601
0.6649195 -0.073545545
-0.0041574687 0.67553353
-0.17000616 0.5391315
0.05620557 0.12167533
-0.16712113 0.30221152
-1.2554419 1.2451949
-0.4293815 -0.0074199736
0.22279915 0.80534005
-0.864051 0.74936324
2.0468614 -0.27476895
-0.780684 0.32721037
0.29472336 -0.3120018
0.55418134 -1.7679104
1.0232099 2.2005365
0.81472135 0.497131
1.2685137 1.347406
1.1007806 1.0417087
1.042118 -1.2292
1.9864894 -0.21961696
2.3312995 0.38648832
-1.1367728 -0.23472767
0.4664239 0.30146408
-0.63170636 0.2328356
3.5360088 -0.8078394
0.4798055 -0.23136567
1.173791 -0.93217236
2.12349 0.13484268
-0.74965656 1.0632647
1.7404346 0.64504147
-0.61520076 -0.8762895
-0.35079333 0.77441907
0.43914333 0.8669251
1.102837 -0.6287662
0.9554379 -1.0443467
-0.050108135 0.012630418
-0.9034475 -0.31460083
1.1871331 0.39264917
-0.14797515 1.3162321
-0.8152193 0.51405454
-1.5301064 -0.89474165
0.7087904 0.81766653
-0.023545548 0.695538
-0.027519941 0.35650343
-0.54060006 -0.67446184
-0.15340996 -0.32345113
-1.6198453 0.827891
-1.1604267 -0.46055624
-0.39431834 0.6723082
1.450361 -1.6585482
0.7410879 0.9902731
-1.7957187 0.8473598
-1.5820024 -0.04221937
-0.9115101 -0.12850949
-0.23782349 0.63432634
1.086959 -0.11356014
0.72068846 0.066415146
0.04957229 -0.015698954
0.6144854 1.2774527
2.0860257 -0.46367756
-0.6444365 0.21597497
0.4367483 0.1140687
-1.2412059 -1.1984453
0.47447237 0.71976733
2.225049 -0.16958398
-0.8397261 0.26454455
1.7682537 -1.8947735
2.5913312 0.32354522
-0.90980244 0.34018105
1.4073218 -0.720188
1.1488752 -0.6424379
0.9341575 1.016332
0.21262062 0.80734885
1.6024245 -1.2146186
-0.30845863 0.85096407
1.7562462 0.18003006
2.45031 -0.3978289
-0.50390697 1.3550932
-0.5332726 1.4097251
0.95747113 -0.19534324
1.4420606 -0.7325475
-0.5163499 0.69663906
0.11756146 0.49454898
-0.22900176 0.7413017
0.4446579 1.1218457
-0.28086877 -0.6535076
-0.26257345 0.23820524
-0.94584894 1.0984555
-0.47430015 1.5893136
1.5088744 -0.4134459
1.9475118 0.43370932
0.30003312 -1.3160701
0.98372304 1.2186903
0.14862311 0.5944537
2.297324 -0.5749458
0.8914453 -0.99918324
0.8615314 1.3938042
1.2745963 0.2897312
1.9455589 -0.74317724
0.83085334 1.6419251
-0.07849066 0.9198489
1.4840704 0.81867886
-0.4560557 0.83643115
-0.45370537 0.69949496
0.7588674 0.040026322
0.23261544 -0.42153266
1.3743387 0.25687283
0.9936793 -0.517196
0.022292107 1.2515383
-0.37839568 1.1674318
-0.41406867 0.8323966
-0.84773254 -2.06084
-0.72072715 -1.078683
-0.35958764 -0.029753953
1.7795161 -0.524484
-0.47623438 0.11630948
-0.6686944 0.25971884
1.2428609 0.7780855
0.9428481 1.0050668
0.43426558 0.4496141
2.1176856 -0.41329652
-1.1978037 -1.3107498
-0.9902761 0.22859715
-0.27220085 1.117045
0.048997074 0.42455804
0.3444297 0.9947057
-0.82521296 0.89264405
1.7861141 0.67128366
1.261236 0.486471
1.3599734 1.2595277
-0.26125315 -0.050100982
1.5251173 0.0320365
1.0987123 -0.106484756
-0.5615744 0.670387
-0.13170171 1.2458593
0.975011 0.95562994
-0.8263807 0.38200653
-1.4678006 0.89872897
-0.041312948 1.4008908
0.9899156 0.51689804
-0.2156988 -0.10711765
0.71998584 1.0855131
3.1459856 -0.15669832
-0.24879868 0.8879026
0.56662154 1.2949941
1.0860887 0.33421135
1.7241131 -0.60525954
0.0043405294 1.1729139
0.056230813 0.83929133
0.8754033 0.11343886
1.0058177 0.82020175
-0.21079388 0.66349566
0.6098337 1.0860054
-0.5791793 -1.0097513
0.24387509 0.3708654
0.9142114 -0.47060058
0.41593805 0.13143472
-0.91403353 1.3771789
0.53954756 -0.1739011
0.4252037 -0.25391075
0.42484084 0.15491484
1.3282765 1.0253108
-0.03444515 1.0060248
1.0921179 0.14999239
-0.5859911 0.03875731
0.106435806 0.7084932
1.4029378 0.7004678
0.5407009 -0.41919363
-0.42418766 -0.27307683
0.5663676 -0.7894998
0.043078482 0.42612523
0.48775277 0.5025929
-1.7859257 -0.17302746
-0.72203434 0.3375572
0.29802296 -0.51782167
-1.1393375 -0.112802595
0.8470973 -0.16841042
0.5954155 0.6069299
2.140357 -2.2709587
-0.5072864 0.99927986
-0.28467223 0.9290103
1.0155541 0.43696994
1.1203951 -1.5396802
-0.77604735 0.5235729
0.6810565 1.2910401
-0.013815567 0.8191587
1.4606085 -0.59944874
-0.14598683 0.12659712
0.4171004 0.8177619
0.0664421 0.25861633
0.37820992 0.21348299
2.2993956 0.39461046
0.2984315 0.38545632
2.2804027 0.13771136
1.2805732 0.37293518
-0.69978184 -0.6409521
1.1753291 0.20786755
2.9937596 0.06142433
-0.050253972 1.2613337
0.67725754 -0.18436791
0.49239632 1.6943406
-0.6908121 -0.09449898
1.293754 -0.56558865
-0.091936946 0.12669437
-0.545844 0.3295834
0.99167967 -0.10621959
0.29939744 0.9920684
1.039809 -0.20571658
1.3306675 0.10471673
-0.46532458 -0.8577069
0.5129149 -0.3979992
0.6964469 0.20008491
-0.74116635 1.3775097
0.7980168 -0.59327084
-0.22668715 -0.121433556
-0.28489873 1.1450764
0.123678446 1.4560374
-0.7692096 0.9811332
-0.2993545 1.1519517
1.5912371 0.06608258
1.9806403 -0.8748656
0.06473881 0.4439723
0.7620677 1.5465931
0.30804035 -0.06739111
0.47728673 0.59501857
1.217707 -0.6920803
-0.21216345 2.2375476
-1.2763902 0.41401237
0.78097594 0.7060413
-0.11560586 0.4902689
-0.9909102 0.19245373
-0.62417114 0.56043464
-0.61178666 0.41131705
-1.0894884 -0.01846075
-0.50417554 0.12840231
-0.719475 -0.8318736
3.2819557 -0.6538872
-0.14735186 -0.27269223
1.5691216 -0.7442125
-1.376129 0.84288466
0.23653308 1.875119
-0.5405038 -0.14599083
0.35921744 0.2604608
0.14418647 -1.0214196
0.12950659 0.28434366
1.1565187 0.32869565
0.76186347 1.3041406
-0.15847495 -0.060312033
0.5628303 -0.24572033
1.8948468 -0.35477218
1.0243423 0.17144723
0.029331833 0.60053474
1.9754552 -1.0315733
-0.5466925 0.99936354
0.65375245 0.20092429
0.33620128 -0.7018499
-0.05080232 1.3230785
1.0786896 0.7584793
0.41908064 0.3202697
-1.4509702 -0.70794004
0.42138544 -0.3194455
0.48499158 -0.060481653
1.4936649 0.7087916
-1.4194968 0.71890086
0.7431203 1.2839719
0.507262 -0.16001824
-0.70081466 0.95827746
2.184621 -0.9447645
1.5678062 0.032011107
2.4329548 0.45499635
2.5765889 -0.31293803
0.6338035 1.279577
-0.3534118 -0.47985208
-0.30634287 0.36649895
1.6042804 1.2453134
0.81300855 -0.23557715
0.26280877 0.94798183
1.2750119 -0.22864515
0.7573328 0.85652757
0.22612429 0.6655712
1.1616809 0.42284685
0.11132231 1.1653845
-1.0430782 1.0618802
-1.3804908 -0.7444546
-0.31235766 0.3214876
-0.7694751 0.21735115
-1.6675757 -1.398796
0.19688877 0.30880123
1.0790445 1.1170162
1.4662817 0.021095619
0.7669374 0.072519824
0.83950305 1.169007
-1.9548466 0.21787716
-0.6954334 0.6571806
0.18193045 0.12719373
0.03292498 -0.7729991
1.1930553 -0.1793582
1.1622074 -0.5230829
-0.8470156 -0.24939525
0.6724969 1.6466038
0.17729133 0.2032835
-1.1539344 -0.2296667
0.15021104 -1.1948647
-0.4437709 -0.601314
-0.23213467 -0.95978135
-0.31365442 1.3223287
-0.6204748 1.0317258
0.17741224 1.2585396
-0.3567664 -0.26454356
0.6149825 1.2591962
1.1692277 -0.7139721
1.7230223 -0.46876895
0.035147578 0.42397273
2.454061 0.8012667
0.57605386 0.9469173
-0.30197656 1.1831809
-0.23119283 1.1207342
0.76280546 -0.31174543
0.9041648 -0.35394588
-1.347923 0.57590705
0.9572675 -0.442989
-0.870427 -1.3018563
1.9414691 -0.44448185
-1.5686711 0.54329985
1.639618 0.6983721
0.86479926 0.58349764
1.4630065 0.032926932
-0.15647033 0.14971562
-0.29848054 -0.028275385
1.1058899 -0.043247685
0.1492882 0.40667385
-0.2893785 0.73431873
-0.76762664 0.078872874
3.0999396 -1.8965852
1.0792196 0.5178453
-0.8671199 0.14269315
-0.38437688 1.3638636
-1.4181603 0.4904436
1.7174734 0.1825784
0.46072283 -0.21875133
0.40658125 -0.039995104
0.19574896 0.057290122
0.46888956 1.505883
-1.3225077 0.009390056
0.31356826 0.8956963
-0.30662733 0.20548971
0.70048225 1.2540032
0.97858095 0.31734496
-1.5984163 0.87346315
-0.45178097 1.0078405
-0.18238997 -0.19381872
1.893102 -0.53205323
-1.433887 0.5929442
-0.73779684 1.1137612
1.0106605 -1.1507106
0.4257718 -0.115986034
1.3510163 0.9367727
-0.197489 0.83520687
-0.74481535 0.040338203
-1.2942684 1.0381726
-0.3553985 -0.6137276
-0.8956518 0.81410503
0.34272715 0.62355244
0.9063492 0.22692247
1.6243753 -1.1155076
1.135754 -0.9930903
0.21276659 -0.57311517
-1.108021 -0.9219945
0.57337093 0.5233965
-0.82339907 1.0100646
0.28241852 -0.7688831
-1.3787334 0.6053417
1.85247 0.23180021
-1.3127519 -0.73648137
0.79772353 -0.14438045
2.003075 -0.76239496
2.9910169 -0.14087296
1.3783265 -0.53693634
-0.2629269 0.46071386
-0.54771245 1.4534149
0.48187795 0.15172757
-0.36721778 -0.47873545
0.55311453 -0.23907088
-1.6366972 0.3400945
-0.7890116 -0.16970265
-0.042508468 1.1612165
-1.320891 -0.81973284
0.82753634 1.2690861
-0.10307388 -0.43242827
1.0770185 -1.184509
-0.34774828 0.5564404
-1.7571667 0.622334
-0.5814028 -0.17116527
-0.2126073 0.38142645
1.9062642 -1.0612738
-0.050760746 0.64505637
-0.7513108 -0.1373483
-1.1554664 0.11150877
-0.2573579 2.0614588
-0.21974419 1.0028324
-0.7879478 -0.12841848
0.5783603 0.4424274
-0.2328291 1.023224
-0.14918312 1.454711
-1.3340061 -0.106442764
0.8309314 -1.2566334
-0.41570783 0.35691947
-2.510222 0.7139912
0.025991648 1.1708292
-0.71616876 0.39481527
0.46262684 0.5152971
0.27557012 0.7125453
-0.9605602 0.12636964
1.231803 -0.15144038
0.9315865 -0.5125767
1.7687393 -0.669402
1.3610146 -0.6059778
0.72014225 0.14711149
2.26953 -1.2413815
-0.078609675 0.40263242
1.1483 0.24362345
-1.0246983 0.27745932
-0.8361002 0.33182472
-1.1970665 0.35677695
1.75866 0.031091258
0.108673096 0.109994695
0.0891529 -0.012539193
0.99683416 0.5187856
1.4518316 0.4700554
-0.8639617 -0.13584426
1.4013525 -1.150703
1.3293009 0.4730127
1.4803467 1.4700665
2.335765 -0.52280027
-0.029463515 -0.58980584
-1.3629272 -0.21215966
-1.4370433 -0.07331465
-1.1643603 0.5508485
1.2230662 -0.54748756
-0.14066376 0.12556393
-0.0027232617 -0.54984486
1.2441403 -0.05990149
2.742473 0.7930623
0.3678104 -0.41173828
0.40608296 0.14102755
-0.42013785 -0.8390541
0.1875704 0.18192415
0.11367211 0.442995
0.8352467 0.196856
0.7701938 -0.60741866
-1.3985415 0.69802606
-1.0508213 0.40219164
-0.24317391 -0.26571637
1.2516776 0.83702254
0.9022722 -0.9908689
0.94831824 -0.9748379
-0.5706588 -0.7689803
0.8023974 0.3984201
1.7458249 0.19052278
0.08958176 -0.7043803
0.69797623 0.7245857
0.9750693 0.23804285
0.011661679 0.86891985
0.25818667 0.933241
-1.3186694 0.8294817
-0.042709887 1.7869213
-1.3069245 -0.024345025
-0.11630447 1.1890826
3.4457822 -0.80988115
1.6203134 1.100807
0.64021444 0.28772873
-1.0540248 -0.24405634
0.41204718 0.5165087
-0.5295352 0.58982855
0.17172775 1.014207
-0.25039983 -0.031964883
-2.670657 -1.8648453
-1.4621502 -0.116259746
1.9701873 0.036150858
0.5753993 -1.04153
3.1784399 -1.727909
1.440395 0.22736199
1.5895876 -1.3905822
2.304003 -0.11282064
3.8789256 0.13457896
0.39971527 0.56549215
-0.03361161 1.8515999
0.83244896 -0.35599047
0.43732306 0.5492242
-0.4905336 1.0527842
-0.84343827 1.0166643
0.1622546 -0.21546713
0.762794 1.1004028
1.7902786 0.54406124
-0.64924693 0.3372326
-0.13003686 -0.06413521
0.55034673 0.035756156
-1.0538391 -0.34352925
1.3629111 0.30325395
0.71582437 0.5103149
0.2465117 -0.40725362
0.09186649 -0.1689189
1.5066749 0.15366636
-0.3040319 0.44509304
-0.26858592 -0.7232593
-0.93049407 0.7270079
0.11892703 1.5815257
0.7615198 1.2325633
0.53748846 0.00034333766
-0.034257308 1.2356799
0.51381934 0.72658366
-0.17228311 -0.28622505
1.2036903 0.48708826
-1.239236 0.5784754
-0.03550668 0.17696033
-0.45730776 -0.62602353
-1.5870873 -0.14766188
-1.9449036 0.07207297
0.017411053 0.14995877
1.2142854 -0.7895218
0.107929975 0.60441256
1.4236003 0.6321949
-0.13987684 -0.6343805
-0.5443245 -0.77396137
-0.23859397 0.55607426
0.0016832948 1.5097021
2.3977003 0.36884463
-0.17839485 1.4240837
1.3181839 0.19805576
-0.574034 0.031909212
-0.17091097 -0.7154299
0.25398043 0.1337289
1.1685572 0.027559206
-0.61067474 1.3675357
-0.12155269 -0.8118201
-0.36687225 1.1930044
1.3819916 -0.6526114
0.46049884 0.21455024
1.278198 0.6157726
-0.49503404 1.4099593
-0.8999798 -1.6429383
0.96276796 -1.3808006
2.5328689 -1.9274404
-1.2284048 -0.09215689
-0.6651331 0.01560168
-1.6824315 0.70415074
-0.57383204 -0.7490999
1.0678538 0.3640648
0.060854107 -1.0925857
0.0987584 0.41281414
2.6768167 -1.0475593
-0.23024192 -0.5599574
-1.1484953 0.2221785
-1.176252 1.2664087
0.9637257 -0.68479395
-0.1524193 0.57737607
1.5130397 0.81365836
1.0704471 0.9098551
-0.31136012 0.3838569
0.7604346 1.3175366
0.23753491 0.9643854
3.2312877 -1.2861665
2.6800778 -0.4987142
-1.102581 -0.07161498
0.43658182 0.023265198
0.029840589 0.51411206
1.4526588 -1.6115797
-0.4873588 -0.07223192
0.032515973 1.4490196
-0.7798865 0.50142586
0.25676057 1.1561711
1.1235988 -1.45753
-0.6461422 0.9402137
0.16466656 0.5450093
1.211778 -0.6154987
-0.27959788 0.23733468
1.0997142 -0.02195312
-0.3797509 0.48987806
0.46773365 0.85067487
-1.0048399 1.6261752
2.9009647 1.0441593
0.8141134 0.032359913
-0.5947413 0.1683589
0.18642908 -0.17416883
0.71342814 1.3393095
0.6840786 -0.49736512
1.176547 -0.49166363
-0.034497485 1.0620606
3.893387 -1.2258562
2.4223557 -0.67813045
0.59283423 0.88775945
2.7858667 -0.026883587
-0.5270349 -0.5103365
0.7924079 -0.5846436
2.146158 -0.19418341
-0.13204713 -0.58946234
1.5861819 -0.79023427
-0.4704772 0.38837856
0.50455296 -0.5793539
0.9520323 -0.14064018
1.5043908 -0.02304621
0.7662183 0.8808098
0.6095798 0.3438077
1.6700382 -0.8677052
-0.04431182 -1.1576738
1.8897265 -1.176606
0.42340168 1.1138523
1.0398791 -0.52257776
1.562913 -0.53182214
1.9588774 0.10984109
-0.14588964 -0.6236973
-0.7445663 0.8964654
2.1140013 -0.88266253
1.195958 0.47984797
1.7306061 -0.63941854
-0.0033320785 0.81260777
1.5746012 0.111922726
-0.1949457 0.4012475
1.0155716 0.75519335
1.6434135 0.08418532
2.8237417 0.5576668
0.2761354 0.05964814
1.5786449 0.19840328
-1.1092224 -0.23118684
-1.0319319 1.2606086
-0.17482924 -0.30360162
1.1624576 -0.26411048
-0.7325588 1.0276697
1.7241477 -0.089957446
0.9153228 0.5636156
-1.2480917 0.07052232
0.77686906 0.9192152
1.4515659 -0.9934048
1.1213553 0.5415711
1.3045539 -0.16852859
0.81641567 0.58142596
1.2218105 0.03773959
0.16823176 0.31169903
0.92070913 0.6374897
0.9759619 -1.3457875
0.19651604 1.8531682
0.6121322 1.4928181
2.8310614 0.113406315
0.7514781 -1.4019271
2.7551591 0.9795574
-0.3304183 0.92079544
-0.7171564 0.77495205
0.99235165 -0.26889077
-0.28260547 -0.32435444
-1.9617062 0.07050441
3.7367637 -0.6305558
-0.043417722 -0.35999185
1.4752983 -0.8255718
1.7850894 0.28683454
0.21881586 0.8700775
2.6353362 -0.4931234
3.0444927 0.14345448
0.84479153 0.33595097
0.876428 -1.623286
0.19012803 -0.2371714
0.7762276 -1.0287237
1.609124 -0.2914897
0.30025455 -0.8527105
-0.6922724 1.319004
-1.1235529 -0.84382385
-1.0959775 -1.4695663
0.81174755 -1.4663152
0.5356703 0.55937564
0.7084389 0.2392141
-0.70842224 0.94463515
0.78852177 -0.25569254
-0.019724086 1.1353489
0.57013583 -0.4941432
-0.07060513 0.26799577
0.31732455 0.6810606
-0.71303165 -0.2797597
-1.8403692 -0.061390355
0.6888263 0.090279445
-1.0003568 -0.44533843
-0.6676824 1.0984231
0.64453113 0.5868047
-2.3051605 0.27907115
1.4461656 -0.21419911
0.72974217 -0.9052841
-0.79087436 0.6118242
-1.5248196 -0.30356678
1.9172767 0.11515604
1.7307534 -0.2068155
1.1535136 0.3663119
-1.1005707 0.22732957
0.22283891 0.4107548
0.40141198 1.1657469
1.7341051 0.06097226
1.0203588 -0.9773222
1.5394343 -0.72910494
1.311418 0.5060804
-0.5858296 0.68458974
-0.30809045 0.93370104
0.7389419 -0.1332532
1.9419974 -0.7936518
0.2982349 1.0685393
2.316173 -1.0333313
-1.461477 -0.9726831
-1.5164698 -0.27022082
0.20372543 0.85158587
1.2778603 1.4250016
-0.75541806 -1.3134075
0.36075076 0.34539926
1.1138462 1.0551753
0.14255738 -0.8922809
0.115440995 0.18954499
-0.1732306 1.2602996
0.14577067 0.90464103
-0.46736813 0.34087515
-0.44303483 0.75853837
3.5371857 -0.075116575
1.6136919 -1.2189243
1.7160501 0.20257016
0.08414939 1.0790792
2.4165068 -0.69909865
0.10992834 -0.2966159
-2.3020558 -0.29068777
0.7751386 0.4684853
1.3243809 1.020569
-1.1140226 -1.1159685
2.0139112 -0.27915952
-0.91453433 1.3550582
0.0819515 1.7156348
-0.331543 0.66008335
0.06173435 -1.2928755
0.019173801 0.9635358
-0.56530225 -0.21999194
0.11336702 0.30711967
0.37927565 0.9225061
-0.86585486 0.0797881
1.7373462 0.13488172
0.66216123 -0.88324785
0.036978334 -0.6170679
1.9338957 0.30401468
-0.12413153 -0.30497065
-0.46766287 -0.81872267
-0.018314406 -0.54147947
1.2352468 -0.6537782
1.100839 -1.0458992
0.2778289 0.4177763
1.1885355 0.100258484
0.45499262 0.7983974
-2.107327 0.5320553
0.7616348 -0.48721758
1.2973027 0.72129434
1.491817 -0.29928908
1.7215981 -1.6524295
1.1241468 -0.06877644
2.9253745 0.2443196
-0.11564779 1.7974918
1.0406104 -1.2656904
-0.528677 0.6444656
2.4709764 -0.6963846
0.5451158 0.12558202
-1.2470537 0.4805771
3.1949568 -1.0713944
-0.49334425 1.2111186
-1.2208796 1.1432222
0.37138984 1.497522
-0.10510613 2.1753168
0.6287267 -0.44860864
-0.78665817 1.8986902
-1.5393195 -0.7376566
1.0340456 1.10686
-0.25022838 0.56398517
0.4831095 0.17915924
1.1856947 -0.011050835
0.3493646 0.4639728
-0.17862725 1.5272641
2.2658474 -0.5461947
-1.2050296 -0.61309385
2.0259159 -1.1451094
0.9008126 0.4535746
-1.1269618 1.3415309
-0.10509084 1.5099634
0.4736106 0.4354084
-0.47739667 -0.24001469
0.2696508 -0.7749408
-0.18065687 -0.27453065
0.1332339 0.29807556
0.9248117 0.6131759
-0.6958797 0.29751825
1.4115943 -1.9228485
0.42900595 0.2660392
-0.26333714 -0.84772193
0.78311074 -1.333926
-0.44973636 0.8018874
1.3328325 1.4445032
0.11911848 -1.2841508
-1.1980358 0.5842889
-1.211674 0.22944187
-1.1188053 0.65955955
0.637887 -0.58834344
-1.2781913 -0.20785895
0.32881144 1.1982237
0.9516183 -0.012119889
0.09807202 -0.5221831
-0.8622432 0.96586704
0.1743429 0.45144486
-0.10587247 0.34774113
1.8755971 -1.3212669
-0.25945446 0.6756201
0.88403714 1.1999928
1.7810591 0.42984933
0.1635131 -0.31114483
0.91579795 1.563288
-0.048874438 -0.51936466
0.32553187 0.09328456
1.2550464 0.18830083
-0.33566636 1.0160582
1.690754 -0.8214268
-0.90971553 -0.31151754
-1.0118198 -0.049203902
0.35817483 -0.073036745
1.1336141 -0.5581154
-1.7348837 0.09372513
0.91686773 1.12845
1.5906779 0.1961463
0.84855115 0.40819955
2.4834762 0.49434572
0.6023952 -0.7356887
0.16135344 0.36950433
0.2726029 0.0512117
0.19182429 0.2036771
-0.4435841 1.8139942
-0.062700406 0.81590676
0.9998766 0.05478148
1.9687494 -0.06820522
1.2854335 -1.0042118
0.33947393 -0.149414
-1.3814975 -0.09385675
0.9343728 0.057198748
0.02084276 0.4200585
1.7402468 -0.067350745
1.3316921 0.6454092
-1.0719644 0.51680154
0.8899416 0.40431762
-0.20907116 -0.23052168
-0.16877897 1.0762036
0.35116598 -0.5924356
0.27431574 0.37185365
0.029064655 -0.48134625
0.123865575 1.2571524
1.3221598 -0.09312211
1.7948362 -0.5838347
1.2349436 0.54492295
-0.6485901 1.5226339
-1.1608347 0.6569076
-0.110827565 0.34122145
0.2926927 1.7155185
-0.9933119 0.4121753
-0.92202604 1.125921
0.22991744 0.27055514
0.6730125 0.37615937
-0.74700963 -0.17532957
-0.41755468 0.35543942
-0.49929088 -1.2567247
-0.9171468 -0.13577422
-1.015045 1.0871136
0.93165004 -0.4649899
1.3742611 0.6129997
0.69442844 -0.50815964
1.1577479 0.6298717
1.3898256 -0.96407783
-0.13562772 -0.08385664
1.8723818 -0.77881783
-0.6836137 -0.8861738
-0.3922848 0.39020538
1.1084081 -1.3721198
-0.0383285 -1.4729676
1.2737069 -2.4587715
0.9707459 -1.2231677
-0.08317897 0.35573816
0.15561104 -0.26094577
2.6293201 -0.7112407
1.5336244 -0.7719631
2.5389297 0.7774385
1.28032 0.6438743
0.13352945 0.9067991
0.40035376 -0.27563962
-0.17105564 -1.539594
1.7295088 -0.786739
-0.18988252 1.0240984
-2.010291 -0.8581185
0.14002636 0.09999816
0.2041221 0.31023836
0.36447707 0.36764014
0.46216998 0.685152
-1.480125 0.3899768
0.11642212 0.9665674
0.03077212 1.2782271
-0.5932852 -0.23609006
-1.409689 1.4761136
-0.13668603 0.5858
0.23770487 -0.832897
0.0577448 0.8348186
-0.28548443 0.3143376
-1.3710725 0.4930967
1.431256 -0.4429291
0.5746337 0.88912237
1.077908 -1.9509971
0.14700559 -0.637543
1.6444197 -0.416682
1.5553123 0.7626468
-0.45114344 1.3670287
1.5612987 -0.53330845
-1.1675069 0.22718494
0.073812366 -0.068145394
-0.015035123 0.5606375
2.058223 -0.86384493
0.040637583 -0.10304983
1.8971714 0.38345373
1.7770668 -0.74355984
0.28070495 -0.050130054
0.07274938 0.6747006
-1.0397499 1.4307357
0.9531603 0.46829903
-0.49549866 1.2018774
0.8193549 0.77274644
0.7472006 0.5416947
0.66272306 0.96563137
1.9918109 -0.7877481
1.207597 0.15147285
1.8274783 -0.47757733
-0.22367553 0.58587843
0.15349102 0.010284007
-0.43922275 -0.36971164
1.1818866 -0.29689404
-0.038631037 1.0824951
-2.2186544 -1.5405787
1.4592183 -1.0956675
0.67714727 1.9596574
-0.9417238 0.11883415
1.7655278 0.413854
0.060119927 0.3261
0.19877642 -0.33800656
-0.14063375 0.43861777
-0.7225127 0.896608
0.061103553 1.0206354
-0.4774835 -0.961587
0.35984895 -1.0623679
0.753883 1.0243127
1.1722184 -0.35333633
0.24694735 -0.363022
1.0773274 -1.1559374
1.6484102 -0.30963987
1.6120921 -0.16162531
-1.454732 -0.8984817
0.2510641 0.9235134
1.2972984 -0.23474911
0.0071017146 0.6215062
0.4214892 1.7738671
0.77047956 -1.0118353
-0.07579267 -0.6997758
0.36509755 1.5119432
1.9707235 0.12356092
-0.80778503 1.4025236
0.81523585 0.08929263
0.58138275 0.530824
0.7164664 0.5684792
-1.4389801 1.7448698
-0.09899275 0.6076313
1.5773778 -0.082040176
-0.6227809 1.4287399
-0.10872139 -1.1667156
-0.18975984 0.89612806
1.4181032 -0.19702972
0.39009747 -0.24955332
0.48207554 0.20967217
-0.451056 -1.102039
-0.23651424 1.036059
0.4685984 1.2623918
-0.25434387 -0.26023158
-0.005855471 -0.3292127
0.42441687 1.0167214
-0.8074267 -1.2493201
-1.0238487 0.05470763
2.061738 -0.47598445
2.3125978 1.7727537
-0.25047737 0.7587023
-0.43831724 0.89170134
2.0104427 -0.48858804
-1.3390937 -0.68597466
2.5288982 -1.207101
-0.08272648 0.27784997
-0.79094243 -0.50991076
0.84008706 0.34777802
0.032414973 -0.8048415
-0.77008927 0.57059985
1.5822293 -0.21023367
-0.5093911 -0.16844231
0.5336354 -0.24354711
1.593588 -0.39023784
0.8997954 0.19869842
-0.00011090934 0.8611164
-0.73375547 0.14480908
-2.2256758 0.3009693
-0.080767274 -2.0837042
-0.55711055 0.32180828
0.39005557 0.22575404
-0.05967188 1.0144514
-0.90262675 0.33944458
2.1410358 1.3440537
0.083387494 1.0164726
-1.0769008 0.090623006
1.7286717 -0.12818691
-0.61005306 1.1805567
0.4706706 0.6948195
2.6679854 -0.99290955
1.3953775 0.02344878
0.7851112 0.30388975
-0.96615994 0.4804284
1.3233571 -0.85111403
-0.71193075 -0.41188622
1.3169098 -0.24029456
-0.8810395 0.7987461
0.78360295 0.097080365
-0.95180905 0.9791591
-0.36419806 1.6749209
0.94117403 -0.38172466
-1.4764068 -0.06630485
0.36747846 -0.3657857
2.4690905 0.5589667
2.4070976 -0.33435726
0.7291957 0.14177306
-1.0238124 0.94230056
1.7366428 -0.2793159
0.34517172 0.29873395
1.4208694 1.6473298
1.541375 1.2937946
1.1001716 -0.021267563
3.630265 -0.40511084
0.22831333 0.4759112
1.5093292 1.0956848
-1.7078623 -1.1318322
2.385279 -0.7964349
1.4306091 -1.2922896
-0.9102651 -0.020934716
2.8951213 -0.45726585
0.48109886 1.1200236
0.53911245 0.8419943
0.7057134 -0.67557603
-0.772504 0.9728942
0.6158426 1.1064718
-0.24557686 0.78588474
2.2955496 -2.3571005
0.55646145 0.2667635
0.43235955 -0.19361961
1.5925014 -0.6754071
0.07124257 1.0900661
-1.2303044 0.24005659
1.5144287 -0.16780216
-0.21606518 0.65088475
1.6007488 0.5250062
1.9571432 -0.19262561
0.34286687 -0.4086843
-1.0982778 0.13932459
1.189625 0.11253379
2.7999623 -0.35402024
-1.3733393 0.388642
-1.921696 -0.19105428
-1.4972879 -0.5062878
1.5216 0.05488126
0.9683155 -0.24226862
-1.8465729 0.91763544
3.0167708 -0.96977466
-0.2776363 0.9436557
0.7279128 0.27450204
-0.5180168 2.022826
-0.15065113 0.7693002
0.5924146 0.90090156
-0.841874 1.2064219
-0.18003528 -0.5179607
0.45693108 2.0433002
-1.2614439 0.06889804
2.5467422 -0.45997787
1.4815359 -0.43387341
0.106672585 -1.0584817
0.2746772 0.14548464
-0.56122625 -0.10405925
1.280689 -0.46332178
-0.7286299 0.4948281
-0.44016472 0.12533261
0.79454386 0.3773498
-0.8037013 0.81510603
-0.071989164 0.924173
0.2823589 0.29413193
-0.41156423 0.08438735
2.1510506 -0.5532445
-1.0610044 -0.5723825
0.53779066 0.67437947
-0.23864473 0.9158119
0.43403783 1.0035791
0.42470655 1.1686682
0.22551614 0.4384703
-0.71024597 -0.020026386
-0.5602685 1.1482892
0.69133437 1.7873223
0.5899576 -1.0223532
0.5101677 0.89342403
1.2597297 -0.42610446
2.0562694 1.3486931
-1.4201362 1.1905167
-1.0598246 0.62347937
0.082380414 -0.6063527
2.7081032 -0.34490135
0.5066519 0.23495992
1.9651357 -1.4184498
1.0503289 0.7357778
0.15971163 0.07183032
-1.3383751 0.36686152
-0.6497558 -0.13178557
-0.3737403 -0.67594445
0.2418308 1.1816108
-1.4323947 0.75549203
0.8003197 0.6538894
3.1917427 0.9843894
-0.6695692 0.6875917
2.39867 -1.42241
-0.79252064 0.055403605
-0.42691967 1.2689173
0.4927592 0.0050759166
1.8031143 0.70573515
2.3244338 -1.5147718
1.0728734 0.24405213
-0.23683108 -0.3004786
1.0714184 1.4937192
-0.19074565 -0.36147857
0.92156637 -0.15972407
0.4779372 0.6700898
-0.7732854 0.054717764
0.004797995 -0.03352058
2.3660307 -0.39800045
1.0737895 -0.23987746
-1.792147 1.4109093
-1.4233233 1.4674389
0.38496533 0.56783617
0.13280159 0.020990059
-0.20461592 1.1563585
0.29454276 0.7038257
0.446151 -0.17570871
1.3002185 -0.27712333
0.7546674 2.1020033
-1.5010973 -0.22090891
-0.9085103 1.2559032
0.9181272 -0.70315933
-1.1468663 -0.3238952
0.3951715 0.22608502
0.8406229 0.16807975
1.369824 -0.36638695
0.18304804 1.0410806
-1.2759994 1.3161418
-0.3273843 1.1673257
-1.7505362 -0.5859235
0.49086115 0.86544514
-0.3408855 1.8657141
-0.99451447 0.37093508
0.023735344 1.5589471
1.0174373 -0.8923423
0.63877463 0.84544075
0.75565004 -1.1022764
-0.28923848 0.063917235
-0.42496133 -1.1401258
-0.024050832 0.9908794
-0.58518744 0.45386416
-0.23440872 0.42589277
2.0946972 -0.14192256
-0.24910033 -1.3258458
-1.1991582 0.54771036
-0.35797665 1.0218371
0.89099324 2.3123488
0.31833598 -0.12206256
0.9186828 -0.46634758
0.5640243 -1.0761257
-1.1250148 1.708572
0.97105443 0.53426176
-1.6486661 -0.34453315
-0.5853629 0.5832713
0.38225093 0.9959246
0.93748367 0.26841122
2.292464 -0.83620864
2.2949305 0.21413405
-0.4374587 -0.12396834
-1.2625333 1.4647204
-0.61352587 -0.02408643
1.5432305 -0.04194872
1.1566803 0.5621566
-0.15719536 -0.63822895
0.912845 1.2111249
-0.9631566 0.17589529
0.6763276 -0.55439645
0.044926822 -1.3304803
0.65148866 -0.7811863
1.308363 0.5783758
-0.70835567 -1.9106289
1.864304 0.41181254
-1.3606443 -0.24905229
-0.57033503 1.0980847
-1.1668254 -0.02971302
0.62879753 -0.46820146
0.10095799 0.64421487
1.2336981 0.52768123
0.42774305 -0.618301
1.7431878 -0.5263559
-0.34691107 1.4113941
-0.92513907 0.0089803785
0.0047729313 0.3287174
0.61857724 0.8766918
0.9388257 -1.1468703
0.30645254 -0.08609803
0.62439656 0.054818317
0.5603229 -0.020358384
-0.7278596 -0.21055453
1.6319743 -0.48429522
2.071737 -0.92739695
3.1288152 -0.5565322
0.41198668 -0.088880375
-0.99384403 -0.18411356
2.4357579 -0.1895748
0.2439821 -0.6912842
0.80300176 1.1991326
-1.6106975 -0.47263038
0.06569177 0.95575726
0.025497764 0.33131468
1.287405 -1.179309
-1.3522894 1.2132831
2.4831774 -0.43137193
-0.8548013 0.33897787
-1.5565494 0.7247476
0.4532021 -0.022065178
-0.46028787 1.387728
1.3203466 0.5586251
0.44512042 0.05971457
-0.6914216 -0.19452614
1.0729377 -0.07402712
2.0931473 0.15995069
-0.73356074 -0.98308897
1.1428602 0.40299302
0.43435487 -0.7260954
0.01929769 0.92242396
-1.7004157 -0.67781883
2.0983677 0.11346109
2.4452927 0.2833935
0.016205937 0.064140156
0.051616848 0.8409989
0.7396953 -0.18498275
-0.7234409 0.37638533
-0.13413678 -0.5215161
1.637623 -0.80231637
0.06272966 0.2925651
-0.022197247 0.33917087
-1.3506485 0.62609667
-0.96440375 1.321445
-0.5615475 1.4916773
0.005836606 -0.10374232
0.86816466 0.39447522
0.9946915 0.98404753
1.1151706 -1.1342647
0.76501334 0.22587742
0.7413039 -0.53149277
3.1110742 -0.24163975
0.70179236 1.2269316
0.31470898 0.39272743
-0.44430682 0.7553415
-0.51248217 -1.106908
-0.1523556 -0.23641235
-0.39107317 0.8955891
-0.2308555 -0.6483501
-0.1801148 0.97609067
0.5968188 0.30895305
0.1396186 0.8145113
0.91804993 0.7055718
3.3582206 -0.68046206
0.917169 -0.55584645
0.7928138 -0.28324
-0.23783359 -0.7585572
0.9509866 -0.004919857
0.72473776 0.39116067
1.1555847 -0.78808916
-0.15499163 0.5765557
0.29521146 1.0652851
1.7352166 -0.75074315
1.6247305 -0.19179675
-1.2546785 0.43157172
-0.1171111 -0.07164344
0.52810645 0.077312455
0.31277105 0.8655362
0.116885066 0.6979821
2.1212418 -0.10472186
-0.72857374 1.5864733
0.38355258 0.73173344
1.1306512 0.34313852
1.6864703 -0.29822555
0.74822605 0.0047819614
-0.008868113 0.71858585
1.3590103 -0.24376729
-0.27961332 0.8707628
0.66514254 0.30703962
-1.0766162 -0.456189
2.5053823 -1.9439955
-0.74603677 1.0972158
0.71567845 0.39325964
1.4868544 -0.5778944
0.0040565133 0.5414459
1.1073173 -0.519053
-0.14378016 0.5023886
1.8236324 -0.693587
1.7467396 -0.59000486
0.86805916 0.53672886
-1.5423458 1.3095552
0.56793046 0.7353273
-0.089397416 1.496463
-0.26712695 -0.13499588
0.48272964 0.67135644
0.76198626 0.31600553
0.63515854 -0.8708397
0.5217999 0.834291
0.9599719 1.4479929
-1.460833 -0.08263905
-0.21168914 -0.011361703
-0.6352185 -1.1322137
0.15221399 1.3043766
0.005909592 1.6771758
-0.76311827 0.86274135
-1.4999869 0.4963724
-0.9209881 0.8022778
0.10297924 1.9131408
1.5680395 -0.14209184
-0.6076577 -0.8981924
0.96125066 -0.2774396
1.5676749 -0.27068236
1.3964285 0.43257815
0.1181736 0.37551153
0.37516096 0.2209842
0.53823996 -2.1123803
0.83910954 0.22046949
0.18141088 -0.60565126
0.6796901 -0.33070606
-0.5072177 1.2375406
0.26348838 -0.7326203
1.247057 -1.016651
-0.79415846 0.0056235194
1.7379997 -0.56148493
1.6006392 1.7550033
-0.9113833 0.9016478
1.0874376 0.080034
0.13846597 0.058305427
1.9236251 0.2964571
0.5448034 -0.053670764
0.9352505 0.18442379
0.26610073 0.21752281
1.201523 0.761155
0.28112057 0.5148812
1.4040929 -0.21191494
2.0775547 -0.1334075
-1.1582854 -0.035613716
-0.034507617 -0.621605
-0.34342673 0.24161844
0.31424662 -0.08182828
-0.57491744 0.33511126
0.7154614 0.9644947
-1.7920616 0.1299815
2.0243425 0.114941135
0.2964057 -0.06748034
1.1544483 -0.34273925
1.2160848 1.2963648
1.6171054 1.0057999
0.05097413 1.1363753
1.2856352 -0.09279288
0.3559673 0.8207885
-1.6113678 0.624639
0.92179537 -0.2080256
1.481257 0.17124312
-0.99879086 0.6939547
1.0610234 -0.3115164
1.6658455 0.95180595
0.3976275 0.3488871
-0.9169667 0.14689614
-0.56132364 0.4524505
2.1221526 -0.37484938
-0.91188276 1.5719076
0.74827325 -0.041625068
1.8858098 -0.26014006
0.31615332 0.23284559
1.1557077 -1.203118
0.32152465 0.90135384
-0.13949677 0.6164195
-0.12217666 0.4667886
0.3097113 -0.55832916
1.666246 0.30411065
0.37781975 -0.601231
-0.09857525 -0.14389801
-0.2919699 0.8573245
1.6288773 -1.005014
1.8251561 -0.91422707
0.5528779 -0.74149543
1.3112607 -1.0801778
-0.18747963 0.06934331
-2.9255383 -1.8385525
0.06437343 0.7372765
-0.71643317 0.7923862
-0.06563909 0.6876405
-0.04637736 0.3992862
1.5463374 -0.7327075
0.24868888 1.7454673
0.9273733 -0.19578315
0.39059618 0.12757786
-0.5865487 1.7709103
1.1850893 0.44239986
1.2127377 -0.78428024
2.0145373 -0.018438116
1.1343117 0.08670296
-0.48036158 0.47578347
-0.26960453 0.25491667
-0.17206304 -0.69136053
0.72739077 0.28088337
1.9700955 -0.46155035
1.3029958 1.0159135
2.031596 0.66943973
1.1408635 -0.5770125
2.8749695 -0.10834122
0.18591768 0.049750105
1.3847101 -1.5739216
1.8660225 -0.098517835
0.253482 0.3621887
-0.6411998 0.353186
-0.3822558 -0.36073276
0.82927847 -0.15056285
0.30707696 1.3277807
-0.26159224 0.6702244
-0.53439856 -1.5732353
1.3272443 0.3154438
0.116769135 0.33654547
-0.39471364 1.0428972
-1.5137091 0.43852895
1.2609394 -0.3378755
0.25688013 0.6954481
-0.593325 -1.4455482
0.087515265 1.3831632
0.49206445 0.46053028
-1.1877533 0.40312618
2.7267597 0.05181907
-0.07193671 0.8497274
1.3609734 -0.8049642
0.9964907 1.1779057
1.0017132 -0.20220639
-1.4501932 -0.50554335
-0.51420903 1.6505423
1.5473709 -0.95341986
-0.2827005 -0.19444878
-0.244149 1.2496514
0.78525186 -0.46377963
1.4644325 0.45188105
1.1049167 -1.4428055
0.34890082 0.6520752
-1.2789652 -0.17782733
-0.7107333 1.0063946
0.84193456 0.84287775
-0.5246589 0.28133696
-0.5055641 0.4665202
0.5116466 0.73062354
0.860569 -0.03408186
0.24661928 -0.32582092
-2.1874096 -0.2510072
2.3767493 0.21408756
-0.39189357 1.1437147
-0.9127656 0.9126382
-0.3231417 -0.515633
-0.2244739 0.9377452
-0.03752598 -0.113991186
0.19618705 2.056781
1.3869499 0.5013044
-0.66167545 -0.7340536
-0.8232361 0.7991704
0.75305593 0.6035608
0.8458847 1.1251464
0.25873056 1.0002439
-0.8459531 1.0773476
1.3016433 0.8202722
0.0735912 0.5865064
-0.88800526 -0.22996828
-0.6277753 0.56161565
0.3371556 1.8728998
-0.6003389 0.21430604
-0.8965255 0.4651925
-1.6068946 -0.7589462
0.3477377 2.0570257
-0.41284716 0.63120204
2.4418554 0.5103773
-0.4175527 -0.71899724
0.8916708 -0.18110141
-0.30309945 -0.28142616
0.50257516 -1.2812909
0.63914144 -1.0352253
-0.32727802 0.55242205
-0.8414203 0.16580121
-0.63370854 0.8585259
1.3369024 -0.4813965
0.06350058 1.7069546
-0.47972095 0.6756006
1.6761563 -0.17965257
0.90992403 0.2147374
1.4979483 -0.029813394
-0.3626901 -0.03435123
2.366097 -0.1854953
0.42992446 -0.60781723
-1.3439776 0.5506905
-0.70755565 -0.683903
0.9673327 -0.072190985
-1.191554 0.67003167
0.2695242 -0.3402893
1.3908207 -0.9125812
0.8575505 -0.9573678
-0.6497953 1.2816863
0.7702042 0.33989203
1.1467943 0.4397102
0.853894 -0.0378526
-1.5298088 -1.1588993
1.3318094 -0.13500711
2.6336293 -0.54833335
0.7069744 -2.0596776
0.23857865 0.5320438
-0.2964213 -0.64143974
1.0130033 1.2327591
0.32548496 1.3917898
0.27215406 -2.4218
-1.143758 0.19356845
-0.03971444 -0.9097518
0.28254762 0.4307878
1.3147234 -1.0054
-0.30529884 -0.47492203
-0.10415889 0.6448425
-0.7155063 0.70610356
-0.8492273 -0.7507305
-1.2778753 -0.84499884
0.4594244 -0.79565775
3.7535489 -0.51108736
1.0847094 1.1560845
-0.8655672 0.8205693
0.7331457 0.9017216
-0.36287445 0.3583597
-0.13025191 0.36149037
2.0129557 0.4302054
1.8020657 0.82891893
3.3488383 -0.49259704
1.2808188 -1.2500758
-1.2499062 0.75526875
0.24713045 1.72213
-0.33554417 0.98009
1.0163292 -0.59866565
0.90017056 2.2536683
-0.9014317 0.43841535
-1.0007805 0.485511
1.9248799 -0.5603058
0.7502769 0.7071978
-1.4429017 -0.70305234
0.57677805 -1.1805471
-0.23165451 -0.40155768
2.5218606 -1.1177989
0.47324678 -0.68317246
0.42854533 0.6013738
-1.0561401 0.43841833
0.14500767 1.0728836
1.9164232 0.63940763
0.7462274 0.99672604
1.6647145 -0.5980771
0.6963775 0.7533599
0.10387212 0.7872149
-0.39499035 0.66963506
0.69349635 0.8660526
3.0638137 -0.5719864
-1.2351829 -0.60961694
0.8599001 1.3358893
0.6812171 0.5068437
-0.24609937 0.8225318
0.5982684 -0.10654597
0.5184771 0.8855413
-1.2941391 1.3608621
0.7155043 -0.4060769
-0.8042278 -0.6588711
-0.18910386 -0.058501318
1.0847255 -1.0438641
-0.26830885 0.03650166
1.2873838 -0.014098734
0.26870838 0.46111518
-0.13575695 0.27256805
-0.3253185 0.718852
0.94941485 0.7148543
1.9234978 -0.32348514
2.0878656 0.32558614
-0.44266045 0.65518284
0.33697483 0.2860214
0.10526198 0.39598006
0.09934941 0.8625592
1.220512 -1.024236
-0.71443826 1.2150905
1.7658466 -1.1646239
-0.13949758 1.8526087
2.0356247 -0.6184682
0.46495864 -0.7008065
2.423119 -1.4601564
-0.5879507 1.32506
0.7482568 -0.8101502
-0.13128656 0.656301
-1.1582626 0.9723133
-0.47515914 -1.0489491
0.019745588 -1.0018796
-2.0785267 -0.112378195
-0.50096226 2.1935625
-1.3113005 -0.1626763
1.0416695 -1.418478
1.7650353 0.3368489
1.7705232 1.1029625
-0.23287772 0.43680632
0.82238054 -1.6210505
2.1029978 0.28522456
-0.58064955 0.6550291
0.4447181 0.58806366
0.22658065 -0.17489743
0.5630692 0.33370084
0.59971106 1.8792751
-1.8430271 0.18306123
-0.8785497 0.8480396
-0.66591203 0.0163434
2.7486007 0.13806833
-0.40650934 0.88297355
-0.9089782 -0.044059336
-1.5501603 -0.25340235
1.4546875 -0.39058173
0.14319086 0.8815932
1.6347408 0.97282195
-1.0387824 0.66776794
0.997738 -0.37670708
0.12769398 1.7243896
-1.1335636 -0.31618255
0.26349565 0.24639039
0.8029803 0.9207431
1.6342779 0.08976646
-1.3788278 0.4360593
-0.6160203 0.8798884
-0.8433304 0.5126106
2.1875734 0.46166575
0.76136637 -0.39707613
1.2986791 0.8451437
2.3950117 0.24261732
0.33430603 -0.80624795
1.2545314 -0.26420784
-0.5518673 -0.43276417
-0.5633164 0.21791492
0.7359135 0.47341293
-0.16388023 1.590701
0.9464718 0.6785302
-0.8893368 0.694351
1.0876567 -0.007760823
0.6073675 -0.022859484
1.0936306 -0.7583922
-0.29926145 -1.2702471
1.897926 -0.8204791
-0.69039106 0.09756495
-0.6905372 -0.26416907
-0.039196596 0.94286966
-0.57122207 -0.69748837
-0.24665953 0.014237687
-0.8254912 0.022902384
1.0838045 0.45524788
0.47876498 0.34009415
0.4406326 0.7476677
0.6813761 -0.23328997
-0.63039124 -0.73874795
-0.03098771 1.6608124
0.5497935 0.6522169
-1.8043412 -0.012991205
-0.60099953 1.3494363
1.1299014 0.82920194
-0.4306419 -0.40053082
-0.2152952 -0.042231128
-1.5968556 0.7586257
1.7041919 -0.36695695
2.155065 -0.62836176
-0.123889446 0.45022786
-0.85629106 0.7379401
-0.49883026 1.0271877
-0.9230615 0.09218939
0.9411721 -0.92553794
-0.37111476 0.20361231
0.73700535 0.15321036
0.13062215 -0.56073844
-0.7170439 0.8417603
0.49718556 1.4536649
1.69759 1.8414245
0.77691495 0.4849922
1.0513009 -1.2438552
0.7658253 -0.09802581
-0.5801064 -0.039475724
-1.0168141 0.092638
0.47133574 -0.63446295
1.2206272 0.22936408
-0.033357322 -0.7208628
0.2783924 -0.22592075
-0.17936623 1.8547246
1.313683 0.7665708
0.522104 -0.3398426
-1.3206255 1.7096355
1.1470485 1.0121306
-0.45093137 -0.2112619
2.5216572 -0.31997982
1.3642235 0.2052484
0.8738767 1.5147346
0.31808087 -0.07889421
-0.47569525 1.8207643
0.3646669 0.29995596
-0.6458944 0.5355584
-0.5790628 0.6793484
-0.036000505 0.1764343
-0.0129721165 -0.100903064
-1.128381 0.9224807
3.2001631 -0.9426874
-1.3771849 -0.017954722
0.9420073 0.27246892
0.59913063 0.37259907
-1.0004618 1.0691249
-0.5664306 0.93441486
-0.43751737 0.48370117
-0.26715222 0.20840959
-0.516752 0.21122463
-1.1662346 1.631961
-0.64090633 -0.014166594
0.88652897 -0.05196114
1.5542555 1.3522561
1.0785367 -0.06327768
-0.15085092 -0.065977514
-0.28354138 -0.057035968
0.94621694 1.1175351
0.29308477 -1.2798755
2.3813252 0.695589
0.46203187 0.77447355
1.0062033 0.17762749
0.69743466 -0.9212343
0.70076966 1.5891073
2.505079 -0.20737082
-0.5689898 -0.2073987
0.8169179 0.77411807
0.096423686 -0.9801523
-0.092580274 1.5458428
-0.71866876 1.2360536
1.6982602 -0.6654328
1.4309253 0.675085
0.5386206 -0.15911627
-1.9043831 -0.008850127
0.08414447 1.8950527
0.5183611 0.84183276
-0.19098833 -0.0069541633
-0.26251918 1.0148393
0.7622527 -0.3213324
1.0403409 0.48918277
-0.006798312 0.6240659
0.110976845 -0.15509483
-0.32049584 1.4638739
-0.7915827 1.2916919
0.55781066 -0.2934906
-1.488629 0.74995255
1.0361798 -1.1796823
1.4379779 -0.8092729
-0.04974492 0.10635899
2.3775055 0.42562568
2.1676002 -0.4081965
-1.078251 1.6166303
1.5309066 -0.27487797
-2.4511867 -1.0120789
0.5714425 -0.4879881
1.820975 0.849687
-0.033363596 0.34747756
1.6024426 0.56847656
1.3575778 -0.7476144
-0.0044456124 -0.6512376
-0.97900045 1.6539078
0.78797007 -0.39006126
0.70291626 -2.216517
-0.8544527 1.0668169
0.48617545 -0.7826071
-0.35895148 -0.6598743
0.67227924 -0.7506777
0.9620111 -0.26134253
0.114141196 -0.6651863
1.812708 0.004056692
-1.2548734 0.37637544
-0.0720212 0.44816685
2.2458858 0.7953085
-0.5642128 1.5262508
-0.010289699 0.2012255
-0.62235 -0.25995246
1.3287284 0.29942322
2.3861775 1.1603566
-0.34353712 0.13565813
-0.8741455 -0.78283745
0.8236381 -0.45712042
-0.3068815 2.203985
0.60703516 -1.3175797
-0.0884237 0.9667562
0.9416963 0.06144996
-0.6793975 1.0310509
0.6136861 -0.6994315
2.200642 0.20402066
0.98805594 0.4092359
1.2838782 -0.21912673
1.0325487 0.86405706
1.5164669 -0.25692424
0.23365733 1.8539557
1.2609208 0.41358793
2.1965175 -0.066315055
0.37019667 0.26665205
0.32367548 0.11633097
-1.0195533 0.682817
0.79283774 0.5617999
0.61468315 0.6298023
1.5211982 -1.0588752
-0.18194598 -0.18246353
0.025029868 0.35089493
-1.4019643 1.5530709
0.115193576 1.0373034
-1.2108963 0.58719236
-0.5849395 -0.1863153
0.8049649 0.95870316
1.0353738 0.1447529
-0.47356796 -0.29900345
-2.0438626 0.6600918
-0.47189683 1.2252041
-0.012601018 1.211038
2.0187988 0.43160933
2.112361 0.5897006
0.34821805 0.8000324
-0.73562944 0.2415361
2.840507 -0.7386738
1.0741036 0.49338096
0.4224191 0.92748344
-0.66659176 1.4241724
1.71759 0.7787218
-0.49492484 0.28257614
-0.4814437 -0.84433794
-1.8755507 1.1423756
1.0433391 -0.16066062
-0.21990323 -0.7032668
-0.46355838 -0.7505869
0.4770626 -0.80927837
-0.23619126 1.4168468
-1.3923062 0.8747847
0.51132226 -1.042934
1.229526 0.87773037
-1.5759652 -0.74142593
-0.56261003 1.160115
-0.25631106 0.64088523
-0.21720938 -0.21223848
1.0415939 0.22578211
0.39790246 0.5561842
-0.4998139 -1.0732067
-2.815007 -0.19714132
1.1145573 0.5239995
-0.63721097 0.5309955
2.244762 -1.1114389
-0.09703466 1.2995989
-0.29600966 0.1931683
0.9367566 0.08861564
-0.7908752 0.7789278
1.0828216 0.31576586
-1.2048275 -0.0050700307
0.87215626 0.13216127
0.4079521 -0.14439945
-1.0742905 -0.047565416
-2.0623527 0.4402246
-1.0293728 0.42429638
0.17697716 1.0180272
0.015672892 0.4365304
-0.51760286 1.2805644
-0.008236542 0.6718019
-1.2724246 0.07851334
2.0824492 -0.6769652
1.2321882 0.5042523
-0.34397632 -0.10470788
0.13338971 0.8546188
0.47164592 -0.11746665
-1.7563392 -0.3917044
1.7428602 -0.5295159
0.54698706 -0.58231485
-0.59548366 -0.047779605
-0.38691205 0.51682067
1.6348846 -0.67997104
1.6806293 0.8129525
-1.1101135 0.067879304
-1.1858555 0.3370059
-1.651258 0.27961266
1.1704472 0.9965848
0.35063782 0.09483729
-1.9299902 0.057952628
2.9483762 -0.051832765
-1.628298 0.14126496
2.0426428 0.50424963
1.2745535 0.55892926
0.75050366 1.5958688
0.6083516 0.049217388
-1.7545798 0.107574
0.5774559 1.1195655
0.8226261 -0.16514453
0.18766636 0.677887
-0.23045488 -0.17620288
1.104896 0.664372
0.6234728 0.06274696
2.0175424 -0.956646
0.1957925 -0.9473908
-1.1839203 0.16673915
1.3675277 -0.58923197
1.3538481 0.14787562
0.45233127 0.56783366
0.7693418 -0.61602414
1.694423 -0.1401085
0.7135366 0.3540331
-0.28800106 1.4351547
-0.15607446 0.47405118
-0.06552841 -0.76709557
-1.5202917 -0.17106816
-0.8079753 1.4739465
-0.9082017 1.2111357
0.999161 0.57966644
1.4388708 0.87467635
-0.35509908 1.0048212
-0.48581874 -1.2594455
-0.6657265 0.49058825
-0.5146596 1.2334434
0.96875453 0.29338276
0.77098346 -0.7475412
1.8074518 -0.6112534
-0.123253465 0.36710024
0.7328179 -0.8523739
-0.42311573 -0.10104856
1.1517287 0.6897723
1.6151354 0.82711136
0.5849732 1.2848737
-0.7466947 0.17338641
1.1744471 0.03274204
0.011291206 1.2031456
0.064992756 0.44087893
0.53330815 0.48665375
0.9539796 0.80134344
-0.112262875 -0.35250515
0.55917645 -0.5780983
1.517666 0.7195928
-1.1640102 0.40887243
0.1984781 1.2519675
0.9323405 0.659005
0.5491798 0.65869397
0.7223232 -0.26813322
-1.8524543 -1.7663605
0.10600707 0.17452042
1.3524361 -0.43696457
1.6929477 0.20295386
1.2964766 -0.11702134
1.5972126 -0.28948072
0.3662484 0.21291323
1.2008822 0.10171898
-0.66255 0.5973471
1.2899919 -0.0840265
0.13471562 1.1680608
1.6665125 -1.332074
0.054935545 0.5159079
3.2454753 -0.93553793
-0.92563665 1.1452408
-0.13874109 -0.42918295
-0.38386256 0.3364349
-1.086714 1.3559207
0.49021956 0.4454834
-1.0407469 -0.41591555
0.32965288 -0.83876824
1.1392932 -0.2746927
1.0348688 1.0264981
-0.91304696 0.6966146
0.71345556 -0.07180846
-0.4737989 0.0071915686
1.1163243 1.0643852
-0.33246747 1.1037434
-0.794292 0.27318412
0.6994444 1.2215796
1.0960847 -0.9835001
1.258625 -0.52313393
-0.37630233 -1.431357
0.8242806 0.3213113
-0.5105839 0.14271031
1.7264513 -0.44708258
-0.47665575 -0.6637682
0.057228923 -0.57580155
0.56729555 -0.8608329
-1.0950052 -1.7022823
0.5429758 -0.0041880757
1.8662261 -0.018148541
-0.33508745 -0.02790989
0.5322783 1.5588211
0.16990581 0.53683835
0.20581222 0.9445479
0.5028813 0.094699934
-0.7556145 0.30525452
2.4152873 -1.0838945
2.6112964 -0.70728636
0.3228133 -0.28093368
-0.6590779 -0.66726905
1.645536 1.3115402
0.20515779 0.717226
0.5485773 -0.26115194
0.38161734 1.1451124
-1.0458207 -0.034865126
0.6452116 0.8049085
-1.2307721 -0.11278178
1.0948309 0.006174043
0.8230238 -0.47306937
1.7946578 -0.38897806
0.3519235 -0.13208061
0.6507654 0.29639912
2.0027378 0.3786338
-0.54012954 0.24559031
-0.8975431 0.039647415
0.441179 0.82429576
-0.08387396 0.38077265
1.9015862 -0.6147329
0.11591384 0.24158357
1.146596 -0.97112465
0.46535042 -0.12894635
1.9017991 -0.15432374
2.1562436 -0.11845874
0.25542328 0.79917514
-0.11399217 0.15683095
-0.73932445 0.45212018
-0.15476185 0.6926113
0.9736415 0.24975298
2.7875223 -1.1336547
0.77552843 1.0443263
1.9715015 -0.260025
0.18062243 0.16090976
1.3296626 1.4856426
-0.96924114 0.04204248
0.56611466 0.4663353
-0.32535398 0.28627533
1.1336914 0.7477988
1.3639799 0.5236429
-0.30258518 -0.005046129
1.385118 0.628935
0.46663496 0.6987625
2.3463652 0.78679
0.13905686 0.18940638
1.9456705 -1.2354993
1.248746 0.29947156
-0.6862363 0.25860476
1.3733891 1.2331192
1.5320576 0.62048566
1.3663427 -0.18645194
0.81657696 1.0116197
1.348379 -0.5145325
-0.7664299 1.3435621
1.75849 0.07792102
1.5816514 0.675569
-0.24870355 0.46490097
0.25437257 1.0793463
-1.5499301 -0.20422082
0.8173896 0.2688161
1.1564693 -1.0516387
2.1833148 -0.15884183
1.639522 0.010473117
0.79567266 0.57362527
-0.08635418 0.40737885
1.0227009 -0.10044104
1.0429187 -0.39011896
-0.7949022 -0.27499574
1.0926403 -1.2086688
-1.1238159 -0.35785374
-0.0069390833 -1.5659424
1.3104516 -0.76989686
-1.1716127 0.697171
-0.20389739 0.9945564
2.1232436 -0.75153136
-0.51413083 1.2049087
0.3955005 0.4817322
0.60465646 0.6186876
0.90181863 0.4597776
0.4354646 0.16730975
-0.6076014 0.6136895
0.28901246 1.5322926
-2.1500807 0.7535204
-0.21533191 0.5911304
-0.9481094 -0.6337107
-0.054641098 0.21825017
0.7162266 -0.3358502
-0.4098847 -0.1884578
0.9967103 1.6226721
0.56830406 0.28695232
1.6011804 -0.65427524
1.2513963 0.06985606
1.9688941 -0.7767383
1.4493555 -0.2525845
0.20493764 -0.24432805
2.1682718 0.2541774
-0.45595568 1.4491218
-0.3453886 -0.06300701
0.78149605 0.2512722
-0.003823325 -0.74068105
1.5561167 0.27950716
-0.4681402 0.254026
-0.09363794 -0.2441815
1.9121584 -0.74959093
0.49465522 0.861482
0.15729153 1.116017
-1.0697343 -0.6074673
1.9600462 -0.30013913
0.4559938 -0.46905047
-0.5293291 1.4811473
-0.21508113 0.13881244
0.9307959 -0.22754242
1.60001 -0.459279
0.30323616 0.10673757
0.9956491 0.89779925
1.2250993 0.103416786
1.9025801 -1.2509094
-1.4128901 0.13895793
0.8688612 -1.0213634
1.4271278 -0.63523906
1.240201 -0.9864329
0.36404786 -0.02199307
1.5417192 1.2941539
0.6727581 0.70196015
-1.0787809 0.11118235
0.5556499 0.9117402
-0.5996525 1.2732391
-0.9285315 -0.9677093
1.0240654 0.06628962
0.64735866 0.7603565
0.47849151 -0.7496417
-0.220972 -0.26942933
1.3482482 -0.3156134
0.2068361 1.5519378
-0.88414097 2.0397274
-1.3040929 0.22050326
1.5966979 0.7284215
0.19445863 0.08723049
-1.0836194 0.41791695
0.3963702 -0.6142361
1.014034 1.6560411
-1.7652638 -0.8638156
0.70261407 1.0458618
2.6783564 -1.3104895
-0.5646348 0.8116596
-0.38514113 1.0026401
1.3896735 0.40242755
-1.5121367 -0.9273724
0.1018669 0.82812953
-0.93487465 1.5620512
-1.7171745 0.38634545
1.2040514 0.121737614
0.4906452 -0.5039307
0.007723719 -0.016032383
0.29724267 0.13652246
-0.65966135 -0.43962866
-0.97648084 1.2131813
0.44233075 -0.32164538
0.8496746 0.94029415
0.9464079 0.060231373
1.2950279 0.45114452
1.3680152 0.226674
1.0593573 0.10851611
-0.9603827 -0.38097805
0.8000469 0.13386591
-1.4405097 -0.86171037
-1.639098 -0.07661092
-0.22382261 0.51411664
-0.1292548 0.91222775
1.1205904 -0.31623298
-0.41981816 0.5913511
-1.0747216 0.08615981
3.0499082 -0.5595936
-0.6163373 0.68126935
0.60776603 0.106932
-0.8812585 0.52423465
-0.33640924 0.8499739
0.27652708 1.3506705
0.4152077 0.1153786
1.0993317 0.28194207
-0.31881738 1.8623385
0.04573962 0.26074606
-1.6987705 0.13128687
0.5693852 -0.32936853
-1.1917735 0.76098883
0.55463743 0.32201773
-0.6803801 0.4684735
0.9464694 0.67495793
-0.22900651 1.0737368
-0.82395244 0.73662484
0.044674546 -0.99787694
-0.3720172 -0.05570206
0.41742763 0.08309655
-0.5408712 0.48497725
0.35387745 0.347246
0.4383841 0.62904096
-0.059035942 1.7435542
0.652447 -0.7555139
2.0666993 -0.4388367
-1.3333726 -0.043135226
-0.049976096 -2.2739422
-1.0346922 0.2954417
0.5663897 0.6110178
-1.0155618 1.4437137
-0.007123798 0.38067532
2.2873588 -0.13683167
0.9975753 0.18062703
-0.1114351 -1.2872301
0.55569804 0.5776802
-0.8611978 -0.9399549
2.2505388 0.055998906
0.2744839 0.73353446
-0.19725543 1.3550098
-0.79617095 0.6800431
0.363759 0.4026264
1.2942001 -0.24466114
-0.28920388 1.3908584
0.5751504 -0.102437675
1.1938616 0.052710816
-0.35677013 0.0475121
-0.28975183 0.488127
1.0315439 -0.24537937
0.30219063 1.5582825
1.1900233 0.06700836
-0.6283903 1.0963863
-1.2198769 -0.001377657
1.4715446 0.28457195
1.2787877 1.2418383
0.39390048 -0.41917562
2.0524306 1.2617459
0.4792641 0.94873714
-0.08766879 -0.06524187
-1.0790254 -0.5315084
-0.08887313 0.9193796
0.5918319 0.40729022
-0.261351 -0.48397022
0.5134109 1.47651
3.6322837 0.14582531
2.379522 -0.5116293
-0.15736043 -0.118739836
0.75529265 -0.33674818
-0.8551917 -1.0762277
1.3702284 -1.0095737
0.86389494 -1.644293
-0.81767285 0.8981532
-1.7609317 0.67473155
0.8021529 -0.028556183
0.84640896 0.23860769
1.2902366 0.16052629
2.0202823 -0.47443977
2.5409691 -0.14119983
-0.16673204 0.086222336
-0.41483396 2.0862374
-0.034317657 0.99576545
1.1984496 -0.39592284
-0.1980261 0.3965875
0.6982182 1.325897
1.7729439 0.5424281
1.9748813 -0.16946882
0.4182075 0.48119575
0.035716444 0.66109014
1.5324209 -0.20892134
-0.93016994 0.44115072
0.061897963 1.1742098
-0.32170781 0.040374115
0.46578643 -1.1562508
-1.260866 -0.35797995
-1.0814 0.7542764
-0.8631004 1.571921
0.0116972625 0.5553692
0.03559798 0.8908901
1.2863687 -0.7782063
0.5052557 0.23506404
-0.1743967 -0.5911714
2.319739 -0.40835908
-0.09104569 0.47418225
-0.64401126 0.28241128
0.6449758 1.2358556
-0.9988855 1.1371679
0.26416078 1.0616405
0.3069795 0.54770935
-2.0030837 0.24068339
0.14042693 -0.08163205
-0.6861279 -0.07724936
-0.3129552 -1.1981894
0.66628385 -0.06981656
-0.025413916 0.39937913
-0.26724654 0.8522029
-0.006275058 0.4034589
-0.33319232 -0.5532242
1.4670819 -0.46490097
0.012452513 1.2468553
-0.75108075 0.034723833
1.2037557 -0.5718157
-0.25804582 0.4548754
-0.37620094 -0.094344765
1.3001719 0.58662003
0.72669935 0.34064317
-0.18780743 0.041563615
0.36436513 0.99132717
0.9536315 -0.69995046
0.11651683 -0.5982436
-0.8285769 0.22346951
1.3606644 -0.30859417
-1.515828 -0.74440765
-3.0018957 -1.416094
-1.7191201 -0.022900596
0.04019177 1.3492229
-0.26925686 0.65628684
2.1241724 -0.8733791
-0.14336962 0.7569702
0.88589585 -1.2781855
1.438508 1.0078671
-1.7167265 0.5923236
2.2877307 0.3416298
-1.1708914 -1.0606983
0.6540234 0.7278828
-0.3689744 1.37589
2.3638623 -1.4434723
-1.5906885 0.37687516
-2.3074257 -1.6826408
-0.27256674 1.0747385
1.2175065 1.2944207
-0.4872877 -0.30943036
0.60953844 0.0449325
2.078456 -1.231366
0.98688793 0.24022858
1.2889867 1.250481
1.3044746 0.5172328
0.7572806 -0.49899095
-0.21904686 -0.28715956
0.899282 -0.23589376
-0.0689182 1.1009089
1.3910058 0.7396826
0.22197223 0.91094244
1.0002003 -0.24755202
-0.6393057 0.22760381
0.509632 1.1080333
-0.32933062 0.008857131
1.7252288 -0.54877084
1.4523898 -1.0808082
0.9696101 1.1848263
-0.94404924 1.0301021
0.767684 -0.48382184
2.313921 0.16141059
-0.22098047 0.8859737
1.2022728 -0.044770822
0.16463906 -1.3479302
-0.03360574 0.1807314
-1.7319894 -0.3799744
2.163986 -0.06621681
0.7029202 -0.123821296
0.2935545 -0.1841389
1.0453274 0.24181731
3.3630571 -0.61016065
1.6948313 -0.7486022
0.6270257 -0.16367015
-0.13850701 0.8590665
1.051938 -1.5503502
1.5267122 0.631091
0.8629885 0.135583
0.9744415 0.8037735
-0.59053504 1.1581892
1.8009692 -0.12710428
0.74876153 0.8257116
0.40006754 1.2893878
-0.34187162 0.50281674
0.8898226 0.4852022
-0.49420106 0.49202764
-0.018352196 1.7815561
1.1926562 -0.11831117
0.4997038 0.67434627
1.2396737 0.91780865
2.04028 -0.19602266
-0.22155283 -1.2319425
0.6899154 -1.37747
-0.8509165 -0.6636864
0.62722254 -0.31827554
-0.01407443 -0.12136448
0.36273262 -0.5445352
0.683547 -0.31224254
-0.48957378 1.1472615
1.2447828 0.8652216
0.66813064 0.4623404
1.4853138 0.25885165
-0.019904986 0.055245176
1.8173805 -0.5013128
0.49098095 0.318242
1.055099 0.34008902
0.86954665 1.1012911
-1.2756916 0.9479898
-0.66406786 -0.07907422
1.7869588 0.55777675
3.414729 -0.20000415
0.264752 -0.683524
-0.3276953 0.23489155
-1.1353849 0.61598754
0.6625366 -0.45020455
-0.31259626 0.93901443
-0.24146532 1.2060513
0.31486425 -1.1762284
-0.9467863 0.78465664
0.78598046 0.42359942
0.8235947 0.7944746
-0.14501227 1.2308097
1.0098845 -0.7415814
1.5846561 -0.62422377
2.9612997 -0.5404895
2.455575 -0.27068084
-0.11755201 1.213223
-0.76991796 1.1207029
0.9109129 -1.1423205
0.86177945 -0.28466588
-0.41466323 -0.107265025
1.6159062 1.0385345
0.36636898 0.3711112
0.2691563 -0.35650212
0.38212523 1.1945033
-0.64761364 1.3777391
0.5749036 0.6952942
-2.1425185 -0.3456743
1.3839784 0.043876126
1.7114908 -0.008297801
-1.3622224 0.7094942
0.67697597 0.015038118
-0.12469061 0.9332471
1.7128311 -0.50251365
0.8891642 0.36849862
2.8777473 -2.4586775
1.4344339 -1.6293383
-0.006253436 0.20191409
0.34952775 -0.38571602
-0.3927079 0.60950065
1.0624923 -0.75280535
-0.5976315 0.8651701
-1.0910765 -0.04887475
-0.282264 1.320775
-1.5662836 -0.31306222
0.37881193 0.5470654
-0.65989447 0.44514382
1.8531498 -0.40910983
0.45019534 0.5491802
-0.91375995 0.05427529
1.0307912 -0.068466246
-0.8427869 0.50477064
0.058272928 1.460801
0.5087397 0.8643452
-0.77437305 1.5443611
-0.18692157 1.115266
0.36527988 1.2796086
0.7070614 -0.7495318
-0.5321642 1.3283426
2.4298906 -0.68840426
-0.52223164 0.2521087
0.1985251 -0.5869888
0.021219552 0.5584988
2.5480988 -0.65792733
-0.77371573 1.1492369
0.7946464 0.6440411
-1.19721 0.54529124
1.8644384 -0.5743933
-0.076438546 1.0887
1.0952952 -0.6371612
0.84457684 1.1286236
-0.61266744 1.119369
0.37362435 0.7701888
-0.04192239 0.035705373
0.25934336 0.39569336
1.397445 0.38749248
1.3538138 -0.29223955
-0.06018345 0.8538264
1.2154039 -0.57789415
0.4158096 -1.0021005
-0.048298046 0.06318246
-0.88276994 0.063991114
0.56955695 0.31512064
0.38303807 1.8783844
1.9505233 -0.67845696
1.0800396 -0.91616905
0.05088216 0.40843832
1.5624915 -0.44563162
0.19791216 0.52487445
1.0818139 0.011723384
0.515798 0.54237294
-0.18449205 -1.3396748
-0.88288164 0.918152
-0.1741986 1.1486483
-0.76083577 -0.71233004
0.7107235 -0.19394521
0.2811112 0.28154945
0.49828288 1.3658847
0.0052717626 0.48273033
0.3967673 1.3604475
-1.2643125 1.0943441
1.8147646 -0.15980574
1.2730864 -0.81411463
1.214122 0.3065505
-1.7585213 0.53156656
-0.012616113 -0.18784831
0.5370872 0.68409145
-0.15486078 -0.065414965
0.19013023 1.4966524
0.61141634 0.31061518
0.31626025 0.3857171
2.3672962 0.30660856
-0.35208306 -0.44436875
1.1773996 0.8993474
2.3641899 0.6867183
0.85845995 0.70549744
1.1149135 -0.45786142
-0.041141942 1.7887714
2.6291597 0.5375309
0.020035893 -1.1936405
0.127056 0.047280952
1.164051 1.3041425
0.83934164 -0.47322688
-0.38414925 -0.051416963
0.009128958 -0.75171244
1.5314113 -0.52395105
0.59165156 -0.77680546
0.5195347 -0.013620287
1.317477 -1.8364687
1.1024123 0.41608196
0.16503745 0.8841933
-0.87587905 -0.57218385
-0.31707 1.678408
-0.42022783 0.21621944
0.36283395 0.8181194
0.6547023 -0.5727166
0.34881338 0.26677173
0.9524485 0.4201094
-2.014023 -0.49736655
2.2857442 -0.6267693
0.3398563 1.3348078
0.60249627 -0.5624349
-0.46014276 0.27840984
-0.2338312 0.2607684
0.1348702 1.3242943
-1.4048196 0.08334704
0.34565464 1.734328
0.039503187 0.85483956
-0.07107529 1.9463887
-0.096705586 2.5387423
-1.0921739 1.222414
-0.49286783 1.5420488
1.9692365 1.6634153
-0.597885 -0.5824883
0.2728987 -0.26221228
-0.17758428 0.5871342
2.1129968 -0.3472885
0.9108696 0.12621938
0.48266527 0.16145127
-1.2352291 0.20887055
0.1517157 0.8362411
-0.41706493 -0.6281073
-0.716041 1.1220821
-0.027007625 0.9936112
1.2342288 1.0476427
0.3522993 0.38486922
-0.35625392 1.7373395
-0.17936035 0.91333914
1.8245124 -0.15316926
-1.3162671 0.81543803
-0.8069601 0.7623836
0.7969066 0.6561334
1.3940185 0.72254604
-0.71406996 -0.3461297
-0.6479833 0.9191369
0.22612393 1.0366553
-0.08948077 0.23315613
-1.2117395 1.4328202
0.68027055 0.4725641
-0.110773936 0.55098695
0.91378605 -0.08714485
-0.4356558 0.25687265
0.72931707 0.5950546
1.8857208 0.75912756
0.03322649 -0.31393737
0.7187798 1.1067108
0.7547356 -0.3877219
-0.72717047 1.1286922
1.9633366 0.035005793
0.36421803 1.077357
0.7957256 -0.31666556
-0.017086953 0.43475872
2.7129335 -1.069796
0.16338387 -1.4671683
0.81706357 0.35757005
2.2310104 0.5262941
1.0111091 0.45567912
1.3803855 0.15437852
0.7269914 0.18996926
0.5216397 0.77818537
0.085752815 -0.29096752
2.5278704 -0.49628115
-0.07940513 1.1793406
1.1277046 0.6973133
1.685406 0.21513732
0.09019217 0.23583125
-1.0047841 0.31753868
-0.13892466 1.2951523
0.40828887 -0.22809449
-0.7309506 0.98864233
-1.8254856 1.1312214
0.60156524 0.5223879
0.59874153 1.334967
0.7938137 -0.5421112
-0.8855336 0.79044914
-0.15413105 0.00065886974
0.67712784 0.0573989
1.6759549 0.8156735
0.12807173 1.639506
-0.7972529 -0.45848024
1.9011525 -0.56253284
1.4139086 1.3087673
1.2517815 0.63707966
2.5457692 -1.8757826
0.19241992 -0.8245899
-1.7635722 0.5855558
0.5313922 -0.5992784
1.3134631 0.84017766
0.27314994 1.0858599
2.280068 -1.2829913
1.6560968 -0.44923478
0.12346235 0.52387893
0.113354474 1.1322925
1.6356593 1.744209
1.0217879 -0.58685184
2.037835 0.6646768
-0.13003215 0.7239653
1.3663795 0.5505316
-0.20957203 -0.6202709
1.5912101 -0.44054538
0.44824943 -0.4204449
0.06293312 0.5788928
1.9495414 0.021683678
0.28291205 0.65947276
0.37089404 0.2561382
-0.27289212 0.32930374
-0.7185817 -0.41849792
0.20916522 0.365978
-1.1893831 0.38668627
-1.500539 1.2063576
-0.3605934 0.33211005
0.7807945 1.2072974
1.721789 -0.8481211
1.3577888 -0.6109643
-0.09318076 -0.23438394
2.348048 -0.8437132
0.09579733 -0.44982815
1.0933579 -0.38843974
0.39792576 0.14242251
-1.5860772 0.012227103
0.9158467 0.3620001
0.21381155 1.543876
0.4676709 0.10828881
0.90222096 1.4545656
-0.15283567 0.2278413
1.4449632 0.1253966
1.0356847 -0.35251385
0.64046955 0.3621897
-1.1142548 -0.1663607
0.9560628 -0.26891375
-0.79447746 0.6232428
0.19569531 0.32374626
1.6017045 0.17738687
-0.49427184 0.04546009
-0.09927222 -0.12265594
-0.93178594 1.214838
-1.2178817 1.1221497
1.5188992 0.23061569
0.6980932 0.10948922
1.2902815 0.64945984
-0.9520875 0.9786954
-0.103424475 -0.988524
0.5684197 0.71502733
0.09933576 0.7915276
3.0540779 -1.2401134
1.0163128 0.6438215
0.32732025 0.25390065
-0.090924695 -0.29905975
0.40681252 0.72070044
-0.954743 0.7351966
0.25913963 0.01642473
0.4987599 0.18754537
1.5052167 -0.57950556
-1.2964164 0.5037284
1.8797773 -1.5640206
1.2873728 -0.31421587
0.50985813 0.29274362
0.75195575 1.007117
-0.025394365 1.0012332
1.3240453 -0.5386878
-1.7589017 0.41806215
-0.18690374 0.97468317
0.45698312 0.40486264
1.0376205 0.66380876
-0.22190724 -0.88549393
0.6627501 -0.73145616
-0.95723844 0.5828297
-0.22785091 -1.0083266
0.88367414 -0.72755075
-0.2312498 0.0064014494
-1.5154411 -0.38608342
0.7720045 -0.44875032
2.0389843 -0.35632485
3.4518301 -0.7261828
-0.045371667 2.3255696
-0.52017605 0.7250121
-0.7079113 -0.18336315
-0.40034503 -0.5778627
-1.6266525 0.5383107
-0.5729505 0.8405123
-1.5814056 -0.8275115
-0.1704376 -1.1154529
0.6346576 0.8463011
0.08549255 0.60094434
2.245392 -0.7822494
-1.9263121 -1.0257499
0.42526588 -0.2509327
-0.26634684 1.8158567
-0.9488218 -0.03449875
1.7802867 -0.13713224
0.08456439 0.53267896
-1.3224183 -1.0166917
-0.18263188 -0.81261224
-0.14703026 0.5697283
0.7315481 1.2918433
0.6545477 0.16061719
-1.1363355 0.66774535
3.1288152 -0.5565322
0.45791033 0.10760601
-0.078628495 0.38685346
1.9691015 -1.5316551
-0.4494372 0.9342023
2.4981735 -0.43507966
0.25397995 -1.1073936
1.9125603 -1.4574624
0.32553074 -0.44209582
0.05407226 1.4887968
-0.31298035 -1.5436854
0.63308406 -0.5413051
-1.7213905 0.8245747
-0.9543499 0.06662841
0.8052579 0.60643846
0.33573487 0.79344404
0.77570355 0.5907133
0.112121224 -0.021055818
0.4081606 0.65993416
2.652043 -0.7644361
1.6877447 0.34528512
1.308042 -0.2685359
1.0952932 0.68877006
-0.23927905 0.015088603
-0.20922336 0.6417883
1.0297278 0.72352666
-0.062082216 0.045612052
1.3046931 -0.12243699
-1.4948602 0.91803396
0.7023424 0.00059375167
-0.53319216 0.2818281
2.6979907 -0.003579557
0.19598138 1.2337258
0.80864596 -0.714891
-1.4396183 0.5096097
-0.6615494 0.7539068
-0.21718088 0.29709536
1.601445 -0.14477852
0.70735943 0.27692676
-0.9101244 -0.42696795
0.10033873 -0.29283875
-1.5860357 0.8545697
0.6551757 1.6549909
-0.2720486 -0.005130455
1.2901797 -1.6114957
0.34202316 0.9387944
1.3567022 -0.1208743
-0.5879507 1.32506
1.3809643 0.19532962
2.0589943 -0.4104905
0.7677587 1.2102298
-0.4707448 0.23702748
1.0453341 0.9338912
2.0741146 1.1273236
-0.052663475 0.6368931
-0.71905994 1.1525013
-0.1427134 -0.95278317
0.17222026 -0.9630451
-0.42555666 -0.01715085
-1.6727842 1.0884252
0.44742253 -0.5061339
0.3235716 -0.098566726
1.891174 -0.8293063
0.5640626 0.20580457
0.8633652 1.8896673
2.9066548 2.200923
0.7023405 0.45355386
-1.4901655 -0.89149654
1.4612055 -0.06114362
-0.4068612 2.0852284
-0.5408981 0.70046663
-0.2650712 -0.03580819
1.5891753 0.38706434
1.2865689 0.22045468
-0.07770111 0.14662518
0.8722484 1.4692003
1.8066419 -0.8736385
0.6469766 1.3988451
-1.0669448 0.9025787
0.475947 0.592313
-0.1757652 0.0806015
0.5930859 -1.2761494
-0.5383338 -0.3126783
-0.77984965 -1.811801
1.6335384 -1.0080413
-0.6722733 0.5251236
0.6400831 -1.1976153
0.025250018 -0.123071656
2.1951003 0.863448
0.48653975 -0.4339301
0.43952492 0.67362005
1.4893466 0.031147197
-0.22679026 -0.08959733
-0.878502 0.77423906
-0.9979466 -0.15169016
1.6698009 0.6409487
-0.48869944 0.29281706
0.26392397 1.0206544
1.1781943 -0.5129734
0.35420486 1.0999408
-1.0029427 1.6081865
1.6257702 -0.080723226
-0.054202467 0.6095783
0.60867274 -1.3240553
-1.4095852 -1.4339299
1.4353513 -0.38349694
2.1757848 -1.6150279
-0.25783285 -0.9439401
0.712505 0.94429564
1.2094313 -1.2131383
-1.5604796 -0.33202335
-0.6520571 1.2429076
-0.14582285 -0.42142883
0.6916475 0.6926196
0.76560414 -0.7544759
-0.058209643 0.044445857
-0.41304776 -0.40685567
-1.0252829 0.5542233
1.9736861 -1.0118831
2.2425108 -0.045995712
-1.050364 0.021466687
-0.7573403 0.7102012
0.7702799 0.5199668
-0.14751577 0.62477547
-1.0133212 -0.9498322
0.9651594 -1.3614208
-0.18212754 1.30238
0.21778166 0.035143092
0.24850199 0.47299898
0.7232548 -0.18845649
1.5818958 1.6397288
-1.6951516 -0.9095019
1.5608091 0.2590539
-0.4613644 -0.05731739
1.1554619 1.1898524
2.1272793 -0.5325448
-0.3538187 0.5167271
1.6964722 1.2793852
1.6245743 -0.8702238
-0.049976498 -0.52134967
0.46263996 0.36052334
-1.1603544 -0.01875484
0.5419557 -0.54753256
1.434756 0.035504267
1.076997 0.779019
0.22215101 -0.0885673
-0.2011345 1.3136472
-0.88939667 0.029971525
0.8176546 0.6636079
0.42436954 1.3976231
-1.2535475 1.0455272
1.0888385 1.5324723
-0.87760687 1.3599066
1.2836081 0.6848932
-0.28282034 0.5999742
1.6551888 -0.17425692
-0.6978954 -0.7343372
1.1410495 1.7598834
0.1458427 1.7286394
1.0478663 0.49391997
-1.3471451 0.52708644
-0.43193156 0.63643533
-0.09898624 1.1778866
0.093310535 1.282845
0.41986033 -0.8166042
-0.37105355 0.26254094
-0.940796 0.4485988
1.4438779 -2.082631
-1.0854307 -0.21542342
-0.12017034 0.5686314
0.77946067 0.29646772
0.15493962 1.0154796
-0.6436602 0.1556968
1.6573395 -0.04391046
0.21738389 0.87591755
-0.03153467 -0.03887728
-0.36518794 -0.42496845
-0.3296401 -0.0077500343
0.8596761 1.375296
1.8515037 -0.20667991
-0.9599539 0.380624
0.14566585 0.6896569
-0.7639531 0.52769244
0.3406028 1.7202878
-1.5620272 -1.453588
2.3079553 0.6556874
2.106297 0.10750465
0.5065532 -0.55520445
0.1906518 -0.67541534
-1.0953648 -0.42781407
1.9267746 -0.41983885
-0.8318471 -0.34711197
0.56783414 0.983353
0.098540425 1.3942753
0.33491483 0.7753726
0.63857937 -0.2542813
-0.735592 -0.033166215
0.18687117 -0.014380932
-0.74158746 1.6899992
0.34869745 1.2646047
-1.8215351 -0.7343332
-0.26409435 0.1867895
-0.03813465 0.67660326
0.17277065 0.42789447
0.3654972 0.23226784
-1.818106 -1.8680449
0.036087036 0.32605654
-0.15436262 1.2159973
0.6529677 0.26983434
-2.078008 -0.70237833
0.49145964 0.4283579
0.19365335 0.13741411
0.42979363 0.17889608
-0.6701969 1.4509039
0.7122319 0.40039605
-1.3472607 0.13314857
0.2670237 0.5942972
0.5102494 1.239975
0.6109226 -1.8570882
-0.73481953 0.66223466
1.2517014 -0.66063666
-0.95454955 2.3340452
-0.6492198 0.72534084
-0.7708502 1.6272238
-0.025018483 0.2057672
-0.7238302 0.7397957
1.1749603 1.0940114
-0.20866506 -0.71660537
-0.44153297 -1.2842858
1.383384 0.5980752
0.7237468 -0.8415036
0.6830195 0.47926438
-0.5794455 0.5746081
0.4475021 -0.10678767
-1.243448 0.3341505
2.3017554 0.0051517338
1.191951 0.039293364
0.61976147 -0.6814578
3.7993267 0.048388526
1.2432234 0.59779793
-0.108337015 -0.90289485
-0.38275683 -0.5392254
0.049137026 -0.7708744
0.562024 0.7638358
2.5713942 -0.4130193
0.15737566 0.1893137
-0.9573157 0.42493218
0.018615812 1.0941123
0.4500573 0.5704447
-0.028117418 -0.95557487
1.6567369 0.937096
-0.3693847 -0.18953083
0.80347097 -0.8375293
-1.3744657 -1.062486
0.57828295 0.59350014
-0.96434 0.80504584
0.6465343 0.8901789
1.4770455 0.5993199
-0.28191745 -0.1944979
0.41877857 -0.21202509
-1.1462542 1.228325
1.1566948 -0.27804634
-0.024742082 0.54247737
0.26207915 1.299315
-0.8958168 0.8101287
1.4823443 -0.8083492
0.31969735 1.4568157
2.1721375 -0.41017747
0.4073139 -0.537902
-1.0050877 1.3140398
-1.353424 0.9803469
-1.6128896 0.5349293
0.716838 0.19368006
-0.3091411 -0.5437997
0.8111633 -0.4735697
-0.34143317 1.2337458
0.8428569 -0.25707245
1.2257427 -0.33825213
0.83342814 -0.08957209
-0.54061484 1.4476196
-0.5449419 2.217138
0.29063436 1.034485
-0.28130138 1.0007704
2.0499387 -1.0826278
0.5528872 0.053481534
0.003240168 1.3020582
-1.1060563 0.715822
1.0620291 0.78410816
2.060593 -0.54055005
0.75424063 -0.27707997
-0.7905606 0.31700796
0.13291588 -0.76343703
0.67368436 0.18108098
-0.13585214 1.31489
0.88059723 0.88870716
0.23903593 1.383275
-0.35085997 1.2151271
1.4675405 -1.7965366
-0.7020127 1.5537204
1.5199571 0.85563254
-0.78568876 0.2660516
0.0639759 0.74197495
-0.036971718 -0.3820019
1.8714601 0.14944197
0.901669 1.1083884
-0.07669501 -0.050671443
0.023094893 -0.6190979
-0.29835448 -0.26530495
0.47011998 -0.20243716
0.16408828 0.5298543
0.12107155 0.24081539
0.17446584 -0.46737856
0.37222078 0.3041631
0.7334306 1.2163357
0.0028089583 0.869894
0.09486103 1.2669991
0.60048723 -0.6900054
0.9328052 -0.4656933
-1.7516122 -0.7370969
-0.5053662 1.1419764
-0.028579652 0.5527352
-0.509588 -0.13008527
1.3572948 -0.5626624
0.11039531 1.0053645
0.54075134 0.6213747
1.2955282 0.45441055
1.997284 0.21598022
0.9218534 -0.34512043
-1.2144346 0.795465
0.40377548 0.2974674
-0.80801284 1.4042248
1.2728908 0.12925301
-0.09682433 0.16236608
1.4164202 -0.74901915
0.47620466 0.039124236
-0.89692867 0.69597775
0.88554335 -0.16215944
-1.0815946 0.6759459
-1.0144458 1.2909852
0.051754504 1.2700864
0.817281 -1.5187478
1.0261582 -0.81833375
1.3202219 0.1880516
-0.33270168 2.0290275
0.679109 0.47973454
-0.60589707 -0.215111
-0.28674382 0.3285253
-0.53188837 0.973806
-0.5622997 0.47403747
0.692482 0.105815575
-1.1160485 -1.01815
1.3418068 1.4119109
-1.2238992 0.47943026
1.3789597 0.4199342
-0.26868254 -0.33758238
-0.098459825 0.38518077
0.35461488 0.3418554
0.7309977 1.1406448
0.48989525 0.064003065
0.14861229 0.55388945
-0.63680184 -0.54434717
0.41921046 2.0193863
0.5540936 -0.8825283
-0.61147463 2.0575578
-0.7528832 0.54291594
-0.56483996 1.0257381
1.8127972 0.24822517
-0.58306825 0.013219759
-0.93420243 0.9872761
2.327762 0.39096212
-0.3470456 0.7141001
-1.6822858 0.25251502
0.030220896 1.898042
0.820881 -0.3691166
0.22896934 -0.18220289
0.32365617 -0.07708204
0.7581755 -0.3578219
-0.28933138 0.8943397
-0.52086353 1.2804683
2.0615332 -1.0508124
-0.7656772 -0.1243717
0.27133945 0.07823448
2.3626792 -0.37080598
-0.88070893 0.12660779
-0.6796505 -0.44595325
-0.34775212 0.34245318
1.6015996 0.9313227
1.1954477 0.13936009
-1.3803985 0.044114754
0.6469046 1.1200054
0.8608153 0.34820497
0.29633042 1.4266611
0.11680293 -0.6132208
-1.152683 -0.79016083
0.5223359 0.13948755
-0.71328104 -1.3516694
1.597479 -0.6444141
-0.98183227 0.8308234
-0.62680113 0.60779214
-0.4577179 0.21435817
0.76907194 0.93915355
1.6112128 -1.1328721
2.2873702 0.8537061
-0.097616434 0.49559814
-0.43455532 2.1109443
0.7275033 1.488515
-1.4057256 -2.7107496
0.1615611 -0.91103727
0.21418077 0.33504784
-0.6478242 1.2139887
-0.07860236 1.1275387
1.2541121 -0.49898738
1.2700421 1.1046814
0.092948586 0.4588017
-0.8199259 1.1199847
-0.25116375 1.2973795
1.4644076 0.24280809
0.4016743 1.7636483
0.60826004 1.0575674
0.3833314 0.37836868
0.56550837 1.1175658
2.2766802 -0.15265977
2.0158134 0.43468285
1.170396 1.0749089
1.1727892 0.18816961
-0.62183374 0.45348698
-0.63119006 0.6997338
3.7594478 0.685975
1.4272635 0.34652352
-0.84080315 -0.013786465
2.7346606 -0.7773379
2.5199742 0.034649715
0.24010047 -0.015120029
-0.23366264 1.2827005
-0.5578531 0.7832701
-0.53287816 0.50156814
-0.040624335 0.25388277
0.09836355 -0.8777805
0.10018918 0.5361923
1.4299843 0.47522926
0.15442109 0.57031024
0.07179633 1.135895
1.4765323 -0.42917812
-0.052130148 -1.3769825
-0.98853076 -0.40270418
0.11908069 1.0173693
0.92426896 -0.0670439
1.1198292 1.3484175
-0.40767813 0.7617109
-0.4832602 -0.36911774
-0.200712 0.20924716
0.5186168 0.76723874
1.7835997 0.2609852
1.6986896 -1.3655785
0.19411698 1.9146142
-1.278268 -0.1828367
-1.3328655 -0.1708366
1.3282291 0.622733
0.05081579 -1.0355784
0.842422 0.43685824
0.82022214 0.50365615
1.7588454 -0.45670086
2.9638972 -0.48480827
0.8972893 1.6548072
-0.07873233 0.14265956
-0.59028316 0.46023107
1.3466022 0.12352757
-0.8359369 0.110390976
0.7392597 -0.14313701
0.965567 0.8010168
0.756559 0.07135151
0.21046332 0.3308795
-0.43814623 -0.94349164
0.08523998 0.2576552
1.1828139 -2.214124
-0.8039123 0.7512489
1.0756959 0.8396455
1.6350181 0.5739827
1.830824 -0.90631235
0.08361 -0.57573664
-1.3646742 -0.29451588
0.14143309 0.491477
1.3437034 -0.8580994
0.780766 -0.90998083
1.7449056 0.061537102
2.693515 -0.48680198
0.592322 0.19792478
-0.8141849 1.2836725
-0.28623635 0.30958688
0.29979464 -0.025045201
-1.0968508 0.8215622
-1.6793725 0.8670422
3.8052542 0.3411308
-2.1481214 -0.043856457
-0.8177309 -0.45933777
-0.81502557 -1.4661843
0.692932 0.39138198
1.1582617 0.98599935
-0.12123245 1.1135678
1.0679966 1.0168364
-0.64592516 -0.37464255
1.2517561 -3.5501146
-0.83302593 -0.5889599
1.2924205 -0.4906432
-0.34197092 -0.24052246
-0.5104066 0.78040266
-0.56888473 0.35820848
2.0330422 -0.54301506
0.93699765 0.6999239
0.54796374 -0.18596758
-0.08521253 0.73677933
-0.9855697 0.9698819
-1.6267945 -0.7773934
-0.7740178 1.2377703
-0.22192353 1.0971969
1.6586493 -1.4508538
0.55147946 -0.2589584
2.4671445 0.76891434
1.2586266 -0.15856808
0.5063337 -1.5928452
0.39854202 0.9691833
1.7950503 -0.10632093
1.1372622 1.006171
-0.03663878 0.13197176
2.5271645 -0.57300305
-1.0848113 0.148306
1.3663307 -1.1617025
0.6710149 0.5139888
1.4750956 -0.85007834
0.8729304 0.4733823
1.2078954 1.089231
1.6801404 0.19297718
1.2860596 -1.1300114
0.5973604 1.3811737
-0.4873694 -0.21499927
1.3155087 -0.7539919
-1.2769428 0.6762748
0.6351416 0.15292217
0.81191516 -0.9919009
-0.3460813 0.76210034
-0.69747496 0.0037168562
1.9052228 0.1880273
-0.52063036 -1.3650486
0.77284217 -1.0117905
1.013953 0.03366311
2.3227806 -0.3795656
0.092901915 0.57717544
-0.53860986 0.55392444
0.47281232 0.91578734
2.4356077 -0.24427974
-0.8622587 0.6493932
-0.49290368 0.6749881
-0.18530448 0.51794285
-1.2994558 -0.48269275
-0.85097766 0.69058365
-1.2485667 1.3918147
2.5402632 -0.7677102
1.9815995 0.42748463
-0.6636375 1.3639942
0.08943027 -0.08454174
-1.0496607 -0.466964
0.71918976 0.50369686
0.54436314 -0.5485849
1.9719366 0.018601969
1.356772 0.9768349
0.28804895 -0.027851343
-0.092117265 1.3325866
1.5975509 0.6444493
-0.8699907 0.13575141
1.4066211 0.11737527
-0.6948328 0.27569872
0.42964426 0.025493667
0.02647829 -1.4469938
-0.68598294 1.6157862
0.3269107 0.62807274
0.22762388 -0.18052064
0.59200454 0.35387826
0.7146145 1.4044846
1.3870071 -0.12416375
0.091513306 2.2335095
1.1688682 -0.31876034
-1.0667117 -1.4459593
-0.10706368 1.1389942
0.47607002 -0.9703308
0.27570483 0.3094036
-0.7898096 1.0001056
0.30561426 -1.868863
0.113490224 0.601335
-1.430262 0.35766286
2.6022902 0.1264364
-1.4776133 0.34666288
0.078755975 1.3292341
1.2111475 0.06893273
2.5269694 -0.42319202
-0.5345284 1.4869155
0.8462956 0.08168818
1.609154 0.7411472
-0.4617414 1.0987555
-0.61810493 0.53996
0.1103012 0.9264833
0.7138107 0.011923566
1.0068063 0.17527966
-0.47458372 -0.28387442
1.8304881 0.14710705
2.5668118 0.7723106
-0.29534057 1.0383358
0.45998493 0.25842673
0.4046333 -1.5073465
0.5030335 0.38265723
1.8995789 0.9749943
0.65675056 0.59460723
-0.49264997 0.98426485
-1.4801873 -0.23374774
-1.7165066 -0.0955549
2.1721742 -2.0123184
0.30616775 -0.5029946
-0.64221084 0.2857411
1.24926 0.17695038
0.5354228 -0.37814474
-0.34602344 1.1868465
0.12677047 -0.07893172
2.4500928 -0.7820159
1.6107806 0.08019878
0.71784556 -1.8196968
-0.5194864 0.6954134
-0.7825438 0.5733603
-0.21251735 0.8355223
3.1314383 0.7263167
1.2493798 -0.11326791
-0.11112712 1.1096315
-0.620088 1.2741722
-0.46859315 0.97054815
1.9455241 0.5076925
0.9640769 0.18650122
0.78355265 0.82835007
1.3776364 -0.13453482
2.0348783 -0.66202915
0.52686834 0.22397013
0.8288113 -0.58076876
-1.6505885 1.1600659
2.8629832 -0.18399572
-1.6060939 0.05087404
0.4162301 1.5798687
-0.037818417 0.77776
1.772827 -0.78240216
0.6105392 -0.062082306
3.1232288 -0.19173253
-0.018669963 1.3118685
-0.016327038 1.3954625
-0.7265611 0.361377
-1.0377918 0.342108
0.59661496 1.0245606
0.63012385 -0.16562778
0.8198738 -0.017181396
1.132313 0.9204953
0.8631065 -0.124340214
0.71300817 -0.8880302
1.4804437 -0.7155579
3.2369037 -0.56681657
0.38218662 1.0249732
1.9179376 -0.47913185
0.3768901 0.78943646
1.3432673 0.47751105
0.43406925 1.6797419
1.0042342 0.22828971
-0.682976 0.69351554
-0.75954914 1.3814901
-1.0967364 -0.6799548
0.33084437 -0.024622038
0.48432544 0.34207827
-1.7869529 0.4386691
0.4139339 -0.38353467
-0.56585115 0.7432371
0.49332532 -0.0076480806
-0.30196923 0.4608451
-0.661515 1.1423765
1.5680803 0.6312091
0.4782631 0.67472076
1.1676437 -0.91564393
1.1428069 -0.20161265
0.37309244 0.7528502
1.3666238 -0.4168886
1.061042 -0.5805547
2.007572 -0.33057886
1.8248724 -0.61055905
-1.3014774 0.2789806
0.67070234 -0.11674856
0.7530725 0.60043657
0.12216163 0.1827593
0.33647797 0.008798838
-0.9964119 -0.057768166
1.6108501 0.311552
1.2849228 0.20346315
1.1785975 0.54432
0.60041213 1.586375
-1.1065426 0.5382228
-1.689807 -0.19800544
0.5047039 0.273454
0.431695 0.8655118
-0.051040575 -0.7506146
0.7229363 -0.13783997
-0.51068324 0.0014989972
0.6562375 0.6062976
1.1320572 0.3787561
2.1980731 -0.33919737
-1.5653294 1.0280361
0.38861212 1.201896
1.1321445 -0.5541364
0.3379207 0.58361363
-0.33712798 0.061511472
1.0996138 1.3751252
