-1
-3.0566900666666665 -1.8300536333333333
-1.1698049799999999 -3.3316204666666662
-3.1071476999999996 -3.2717055333333334
-3.3586729999999996 -3.0209433666666667
-2.9355054666666667 -3.6852269
-3.3566011666666666 -3.2240523333333333
-3.1299092666666666 -3.4852826
-2.2848708666666666 -2.6720530333333334
-3.1612172333333333 -2.9425591
-2.9303222000000004 -3.7612180666666664
-2.2427530333333334 -3.3751762000000003
-2.843931933333333 -2.072030266666667
-3.1263597666666665 -3.9400343999999996
-2.4116586666666664 -3.713582366666667
-2.959783166666667 -1.8838505
-3.588283333333333 -2.055171366666667
-3.277874466666667 -3.0099189333333336
-1.6994219333333336 -3.650674233333333
-2.739053 -2.5124434
-1.5747262333333336 -2.7570263
-3.023043866666667 -4.012956766666666
-2.9110306 -2.2623997
-2.6057183 -3.6689583333333333
-1.2402089333333335 -3.7901788333333335
-3.8773115666666667 -3.0125910333333334
-2.491048133333333 -3.174044633333333
-4.256226066666667 -3.684791566666667
-3.4306428 -3.912668066666667
-2.9833501333333334 -2.305212666666667
-2.4334954666666664 -1.6671539333333334
-3.649353666666667 -3.3528328666666667
-2.3566632000000003 -2.6636062666666667
-2.1235300666666665 -5.084274266666666
-3.2076978 -2.1962325333333332
-4.092102699999999 -2.7320333666666663
-2.979598833333333 -3.0929206333333332
-2.5545149333333335 -2.5001187666666667
-3.8417024666666673 -2.1815713666666667
-3.859982666666667 -3.5434278666666663
-2.8710621 -2.9809810333333333
-2.8638103666666663 -1.6768286666666667
-2.4420754999999996 -3.1289917333333337
-1.7319831333333333 -1.7141903333333335
-3.0485858 -2.3264035333333335
-2.9605375000000005 -1.6966805333333335
-3.7875965 -2.99252
-2.5458201000000003 -1.3014800333333334
-2.9295500333333337 -2.8888913
-3.7988492999999997 -1.9109676
-4.005872633333333 -3.2213924666666665
-2.9929132333333333 -3.330190733333333
-2.4532407666666667 -2.9307523
-1.901468266666667 -4.150844533333333
-2.8982598666666664 -3.067668833333333
-2.2211778333333334 -2.6677149333333334
-1.8379630666666669 -3.553094066666667
-2.1735844333333336 -3.0149421333333333
-3.2260489666666667 -2.3339035333333333
-4.032164266666666 -2.7102729
-2.5870991333333335 -2.6525545999999998
-3.809835666666667 -2.6671653333333336
-3.437169733333333 -1.8848100333333333
-2.3240997 -2.2786219666666665
-4.135867766666666 -2.3423822
-3.2548581333333333 -3.7230325666666664
-2.2809121 -2.673755
-1.9836882666666664 -3.9499002
-2.5026127 -1.8741290333333336
-2.1309161 -1.7089142333333334
-0.2662436733333333 -4.075878966666666
-3.5226984666666663 -3.4628244999999995
-1.374256933333333 -4.205867233333333
-3.6656072 -4.3464292
-4.5729896666666665 -3.7562301666666666
-2.4304628999999998 -2.8271490999999997
-2.7003530000000002 -2.420101466666667
-1.833970233333333 -2.6538962666666666
-2.7234730666666667 -3.5325689999999996
-2.449632733333333 -2.7063489
-3.0520704333333337 -2.679614066666667
-3.128142233333333 -3.3139236666666667
-3.1637180333333332 -2.0004674333333337
-1.5460346666666667 -3.779776666666667
-2.7170792666666665 -2.426780133333333
-3.045542766666667 -3.2453374
-2.940151633333333 -3.2971901000000003
-2.9369285999999994 -3.4866253
-3.5712048666666667 -1.4665897
-3.208537233333333 -2.7596755333333336
-2.2077618666666665 -3.7230236000000003
-2.5513299333333332 -2.5453751666666666
-2.1825657666666665 -3.6001338666666665
-2.3435753999999998 -4.0497532000000005
-2.847398 -3.701966366666667
-3.6264243 -3.057684333333333
-3.0355162 -1.9600193333333331
-2.877905866666667 -4.4298071000000006
-3.861260033333333 -2.852844166666667
-2.0530901 -2.5800998
-3.734255966666667 -1.26492392
-3.7282182333333336 -4.060342066666666
-3.9885249 -2.968353966666667
-4.151596633333333 -2.0347678333333334
-2.7010449999999997 -1.709575
-3.0936702666666664 -1.6108221333333332
-3.1967850333333336 -3.4691647666666663
-3.6277299333333333 -2.3737444333333335
-2.8132611666666665 -3.2768366666666666
-2.477450366666667 -3.2315567333333335
-3.213218466666666 -2.511114666666667
-3.2691221666666666 -2.710413833333333
-2.867878933333333 -2.872690566666667
-2.4852662666666667 -3.7332936666666665
-2.913873133333334 -2.114617066666667
-3.796404466666667 -2.7054328
-2.9087049 -3.4658411
-3.254618933333333 -3.095077633333333
-2.7659696 -2.8270091
-1.6870347333333333 -3.4651435
-1.5869807666666667 -3.3675019
-3.0529464666666666 -2.380883133333333
-1.616383733333333 -3.3413865666666664
-4.776710733333333 -3.3109912999999995
-2.2529812666666666 -2.703826733333334
-1.7611568000000002 -2.8992844333333334
-2.8741986 -2.4573670666666665
-1.0037556333333333 -1.912814866666667
-2.6094082333333333 -2.7287187999999998
-2.0176244666666667 -2.7080061333333334
-3.050293766666666 -3.141350333333333
-2.698461833333333 -2.6504621333333334
-2.263983833333333 -4.245906933333333
-3.1040766666666664 -1.6821570666666665
-3.1940337666666663 -3.644336833333333
-3.0193015000000005 -3.0507733666666663
-3.0004636666666666 -3.817932533333333
-3.8419966666666667 -4.306191666666667
-3.067929566666667 -2.2281611666666663
-3.090161466666667 -3.5453566
-3.5698109000000002 -3.7095331666666667
-1.8297997333333333 -2.0385032333333335
-2.0969719666666666 -2.097532133333333
-3.3796911333333335 -2.7579680333333334
-2.678976 -1.4977225333333333
-2.3966280666666666 -2.848416633333333
-1.8704583333333333 -3.5782858666666666
-4.185870633333334 -4.227079066666667
-2.9143553 -3.7646893
-3.279258133333333 -4.018242866666666
-3.0365040999999997 -3.3367907999999997
-2.859434833333333 -1.6671686666666665
-2.472198966666667 -3.4781722333333334
-2.6110725 -2.0531670666666666
-2.395767266666667 -2.5724239
-2.3194638 -2.935995133333333
-2.0319059999999998 -2.6934043333333335
-2.2926369666666666 -2.7418161000000003
-3.179945066666667 -1.7514458
-3.4072839666666663 -1.8489305333333332
-3.323132433333334 -3.1365589333333332
-1.9577537666666667 -4.822131
-3.820898633333333 -2.7138997000000002
-3.3905339 -3.8718703666666667
-2.6196608333333335 -3.4197493999999997
-4.2096206333333335 -3.2969771000000003
-1.6745992 -3.7186847666666667
-3.7511875666666663 -2.887850633333333
-3.9745790666666667 -2.2044413333333335
-2.3023404333333337 -2.6014424999999997
-1.5512951 -4.597988466666666
-2.5406662 -2.2170287333333336
-3.2124729999999997 -3.1566008
-2.2392101666666666 -2.4404807666666666
-2.342348233333333 -3.2168840000000003
-3.372920666666667 -2.1070520333333334
-3.7797141 -1.9890091333333333
-2.670091033333333 -3.7348119666666664
-2.936850766666667 -1.6684134000000002
-3.0468659000000002 -4.021660166666666
-3.6234026999999998 -2.6241670666666668
-2.6863489666666664 -2.6571212
-3.291235266666667 -2.5845287666666668
-3.1378386333333332 -2.8687259666666667
-2.1329041 -3.3809873333333336
-2.3905354 -3.9000904999999997
-3.3632205666666666 -1.7438983333333336
-2.722067033333333 -1.8785923666666668
-3.3742139333333334 -3.189871533333333
-5.170570666666667 -4.906069433333334
-3.126215133333333 -4.1283403666666665
-1.9952615 -3.3859907
-2.2410302 -2.8191780333333334
-3.381394633333333 -2.7044973333333333
-2.5546705 -1.9976047666666665
-1.9685732 -1.9284125
-3.0825954 -1.9748468666666665
-3.6471744999999998 -2.2909708999999996
-3.4234645666666665 -2.0554004666666668
-2.3338151 -4.3551983
-4.1384655666666665 -1.7226943333333333
-2.7585486 -2.656091566666667
-2.218093 -3.0840634000000002
-2.4608393333333334 -2.204998333333333
-1.7000873333333333 -1.7403747000000003
-3.0964199666666663 -3.9574426
-2.469852466666667 -4.149504666666667
-2.2126255 -1.1839009
-2.4247804333333334 -3.8048008666666666
-2.1818840333333336 -3.5900921
-1.0611038566666666 -2.499628233333333
-1.5280377333333333 -2.8015004000000006
-2.5364301 -2.4048418666666667
-1.6650474999999998 -3.894786133333333
-2.1295987333333333 -2.2811703666666667
-2.848057166666667 -3.7445125
-3.779931533333333 -2.591362366666667
-2.5650728333333332 -3.612127633333333
-3.2726325 -2.514093433333333
-3.3619866333333333 -4.208299033333333
-2.6402833333333335 -2.3680747666666666
-4.1021927666666675 -1.9169070000000001
-2.422693733333334 -4.401185966666667
-2.0182919666666668 -3.1488957333333336
-2.187383966666667 -3.3229280333333335
-2.687359 -1.8313338000000001
-2.0755121333333335 -3.149727433333333
-3.7702101 -1.9794432333333334
-3.0607325666666663 -3.844330733333333
-2.2333037 -3.756721366666667
-3.2682428333333333 -3.1251008333333337
-3.619846433333333 -2.3010678
-2.9323629333333336 -2.8733246333333335
-2.848806133333333 -2.585838266666667
-3.441434666666667 -1.7589162
-3.2832069333333336 -4.2004221333333325
-2.9106981000000003 -4.362377333333333
-2.8535252333333334 -3.3267899333333335
-3.7285652 -4.047594266666667
-1.7391912666666667 -3.2543203
-3.2892994666666664 -0.95510306
-3.4191477333333333 -1.9805693000000002
-3.6218174000000003 -4.096018633333333
-3.9547520000000005 -2.931447433333333
-2.5033806666666667 -2.7756711666666667
-2.2965549666666667 -4.9559445
-3.363365166666667 -2.4526866333333333
-2.859741 -3.7816473
-3.1614422333333336 -3.5137373333333337
-2.7342137666666666 -3.2191061333333333
-3.7680548666666667 -3.674927333333333
-2.5690779 -2.3721006666666664
-3.6326379666666666 -1.1755856333333334
-3.2737191666666665 -1.9703155666666665
-3.1464497000000002 -2.8476814333333333
-3.0895599666666667 -2.2134376666666666
-2.964523866666667 -3.555417666666667
-3.1710894000000005 -1.7640096
-3.148151733333333 -2.0813732666666667
-3.4186403 -2.2967390666666665
-1.2514528 -4.047265
-3.6926736 -1.9169298666666665
-3.6379269666666665 -3.579118366666666
-2.5542158999999995 -2.4527909666666665
-3.197253666666667 -2.958536833333334
-3.1685920666666667 -3.4055603333333333
-3.9504138666666666 -3.3581404666666663
-2.7481095 -3.8896349
-2.4139282 -2.2547957666666667
-1.4720151666666668 -3.6715606999999992
-3.2440618666666667 -2.7396906666666663
-3.9592612666666662 -2.4945087333333333
-2.016846166666667 -3.8914896000000003
-3.030744466666667 -2.7596946333333334
-2.0278407333333335 -2.9178497666666665
-3.0387603333333333 -3.771913033333333
-2.4426003333333335 -2.6177181999999997
-2.5156522 -2.4687438999999998
-3.0610703666666663 -3.2782685000000003
-3.6390724999999997 -3.109645433333333
-1.4908121333333333 -2.4330756666666664
-3.8236273 -4.751916066666666
-2.1122300000000003 -2.6574845333333332
-3.3179887 -2.034887566666667
-1.8848404 -4.320068699999999
-2.3451404333333334 -1.3853806
-2.8671285999999996 -3.9620868666666667
-3.2029862666666666 -3.0301259
-1.6722976333333335 -3.0007813
-5.4456981 -4.058019366666667
-2.7119070666666665 -2.4211182666666664
-3.049113466666667 -2.9489878333333333
-3.6007646 -2.812847033333333
-3.4869782999999996 -3.0830857
-4.189098366666666 -3.9058087666666665
-2.9054635666666666 -1.7094833333333335
-3.8247946 -2.1123587
-3.4872832333333332 -3.3246190666666666
-2.3629029666666668 -4.7632364
-2.2345399 -3.1864708666666672
-3.322265933333333 -2.8886450666666663
-3.5188993 -4.496397333333333
-2.7079151666666665 -2.377530066666667
-1.6596903666666667 -4.370584333333333
-1.6993303 -3.3111985666666666
-3.326880933333334 -3.385003033333333
-1.9950939333333333 -1.4302089000000002
-3.0292884333333334 -2.185456466666667
-2.7057314666666668 -4.281894533333333
-1.7777991666666668 -2.695843066666667
-3.958937566666667 -2.4654252666666667
-2.5527966333333336 -2.763726933333334
-1.4792853666666665 -2.9578871999999996
-3.1246522000000003 -3.6484892333333336
-2.4669967 -4.0805940666666665
-3.272407 -3.318266466666667
-2.7579741666666666 -3.2538318
-2.9304436 -2.600296833333333
-4.032568533333333 -2.8649590999999996
-3.0561676666666666 -2.7984751666666665
-2.8333486 -3.1914046666666667
-3.580557333333333 -3.2756234666666666
-2.138345833333333 -4.6882375
-1.4000403333333333 -2.6160858333333334
-2.460650333333333 -2.8325652333333333
-2.375178733333333 -2.8152951666666666
-1.525406133333333 -4.485215833333334
-1.932153133333333 -1.421265166666667
-2.5548987333333333 -2.607407
-3.918326466666667 -2.606545033333333
-2.186027 -2.0686750666666662
-3.377800033333333 -4.071649933333334
-2.4348845 -3.782349533333334
-3.7895705333333334 -2.9620703
-2.5109076666666668 -5.3590213
-4.2056458999999995 -3.0225890000000004
-3.2798036999999995 -1.743766733333333
-3.883685133333333 -3.2973606333333336
-3.4777572666666665 -2.0305982666666664
-3.9298126 -3.0564779333333334
-1.7401496666666667 -1.5145235333333333
-2.6970115666666667 -4.038392600000001
-3.354258 -3.510550233333334
-3.5808600666666672 -3.178365
-3.3537759666666664 -2.1824583333333334
-2.6666979333333334 -3.4417152666666664
-2.2594278333333335 -4.0419651666666665
-2.9992183333333338 -3.7485770333333335
-3.1311985 -2.6026278333333335
-3.1394356333333335 -1.8455599
-2.915591733333333 -4.262644
-2.3960331 -4.083355466666667
-1.9301629000000002 -3.8087013
-3.4631061333333335 -3.300128866666667
-2.7831466999999996 -2.3208901
-2.2924272666666665 -4.748476200000001
-3.3207605666666664 -2.9863698666666663
-1.5716246333333332 -2.1878669666666664
-2.0036139 -2.656967
-2.620296466666667 -3.2954722000000007
-0.2700194133333333 -3.2245513999999997
-2.9420485 -3.493914466666667
-3.4587853333333336 -1.8860399333333333
-1.7194788333333335 -1.3471179000000002
-0.7748906999999999 -2.8333414333333335
-3.4335862666666666 -2.7466585
-3.1876556000000003 -2.4883601000000004
-3.2773085999999996 -3.8051478
-2.9611367 -3.4734811
-2.2434464333333333 -3.5573772
-3.4918319333333336 -2.9669809
-2.5606543 -2.7474976333333334
-3.112772066666667 -1.9633859333333332
-3.075931166666667 -3.114286433333333
-2.4077245666666665 -3.5101750000000003
-3.5893908666666667 -2.3915948
-3.4267668000000007 -2.8161072666666667
-3.2943431666666667 -2.8508709999999997
-2.6091731333333334 -2.1471160333333335
-2.062177033333333 -4.0281804
-2.974182633333333 -3.1702523333333334
-1.1569513000000002 -4.360794266666668
-1.4077726666666666 -3.856519266666667
-1.0495697666666666 -2.6255056666666667
-2.8375389666666666 -1.7040965333333333
-3.217895766666667 -2.7065145
-1.8777405 -2.7366648
-2.9335215666666667 -3.1365537333333333
-1.9813245999999998 -5.242738433333333
-2.9689473666666664 -3.3242070999999993
-2.9269341 -3.890084333333333
-4.363422066666667 -4.759474166666667
-3.075841866666667 -2.6762873333333337
-3.4029292333333334 -3.4503143
-4.0967204 -3.368766766666667
-2.2506763 -3.310612233333334
-3.421563766666667 -2.6744339666666668
-2.7578273666666666 -4.352835666666667
-2.0549925666666664 -3.2055306000000003
-3.488477466666667 -2.284861466666667
-3.855703566666666 -2.4975239666666664
-2.9693850666666664 -2.8855444
-3.0890017333333333 -2.2147002
-3.2746598666666666 -2.3463618666666664
-2.5157244 -3.5952965666666667
-3.097286 -3.832714133333333
-3.1155085000000002 -2.8132095
-3.5998935666666663 -3.2645255666666664
-3.865810866666667 -2.9608114999999997
-1.9664385999999998 -4.5167798
-3.227475633333333 -1.9470991666666666
-2.904185866666667 -2.0848332666666662
-3.7749013000000002 -2.6520707666666667
-2.4905485 -2.4041261666666665
-2.9717311 -2.0359801666666666
-2.808017 -2.3654345666666665
-2.2003199 -2.4386500333333334
-3.1284048999999996 -1.4605386
-4.331216133333333 -3.5125157000000002
-2.9982911 -2.5214312
-3.6981646 -2.3816919333333333
-1.1787797999999998 -3.9387221333333335
-2.9973412333333336 -2.3370243
-2.5939178666666667 -3.3714354333333336
-2.8517059 -4.2729281
-1.9752370333333331 -1.977692666666667
-2.8215129 -3.042743533333333
-1.8968705333333333 -2.3805718333333337
-1.3671709333333335 -1.7490569
-2.9169629 -4.259994333333332
-2.3869956 -3.7863370999999995
-0.84109639 -3.2031793666666672
-3.0262254 -2.4767702666666667
-3.110352033333333 -3.2196195666666667
-2.8651066333333337 -2.685703366666666
-1.1827067333333334 -4.486416366666667
-3.0782904 -3.1127419666666674
-2.2320958666666666 -3.5875352000000005
-1.901100933333333 -4.3246931
-3.1329735333333333 -2.2750559666666663
-2.8195862000000003 -3.311289133333333
-2.465120966666667 -3.939237866666667
-2.5659694 -3.022940966666667
-2.9270778999999996 -2.6949463666666666
-3.0055848000000003 -3.6284555666666667
-2.2279689666666664 -3.9886549333333328
-2.710405066666667 -2.3622978
-4.212424266666667 -3.678946066666667
-1.694757466666667 -2.6502898999999998
-3.0321933333333333 -2.3402979
-3.904884966666666 -2.7133080333333335
-3.6762367333333335 -3.2434508666666666
-3.2489686 -3.0236421333333334
-3.2471492000000004 -2.6444967333333333
-3.092489866666667 -2.561777966666667
-3.511098566666666 -3.1604044333333334
-3.8333583 -3.1662049999999997
-3.3692830666666667 -2.2895984666666664
-3.5335638 -3.2640627666666666
-4.046298899999999 -2.9441633333333335
-2.7752273 -3.9901045333333336
-2.4574105333333334 -2.2578221666666667
-2.6547959333333337 -1.1993064333333332
-3.962182666666667 -2.7789101
-2.6579453333333336 -2.860872366666667
-3.5509197 -2.407498866666667
-1.9688668333333337 -2.4478582333333336
-1.6748185333333334 -2.590639133333333
-2.4687512666666667 -3.0690737333333336
-1.1090101 -2.639887433333333
-1.5983661333333334 -4.1893336
-2.9168176333333333 -2.446100733333333
-3.3149278666666664 -3.007298633333333
-3.6802479333333333 -2.6102011666666667
-3.7176314 -2.4658928999999996
-0.9861631566666667 -3.158796733333333
-3.9497511 -2.5180327
-0.32055743 -4.1759388333333325
-0.32488975000000003 -3.0195093666666666
-3.2567308666666666 -2.270417866666667
-2.0600049 -3.7396392333333335
-3.4057209 -3.9729574666666667
-1.6939424333333335 -1.6976135666666667
-2.7256003000000004 -1.9089385333333333
-1.2257552866666666 -4.205704066666667
-2.1697638666666665 -2.076594066666667
-1.6071590666666666 -2.7977735333333333
-3.821817333333333 -5.532529866666666
-2.913966366666667 -1.7619314000000001
-3.7904024333333335 -2.307385866666667
-1.8375339666666668 -2.9448686000000004
-2.9866587 -4.8895799
-3.7473457666666667 -2.7772448333333335
-2.849290166666667 -2.4015381999999996
-2.5597121 -2.2197716666666665
-3.6799777333333332 -3.2215417
-3.5676422999999997 -3.7594677000000005
-4.030605466666667 -3.1122027666666665
-3.567631233333333 -1.9393643
-2.9392343666666663 -1.5814157333333334
-3.1422102333333335 -4.9317754
-2.1118736666666664 -3.818985566666667
-2.3019389333333335 -3.4714531
-2.618495166666667 -2.616956366666667
-3.9412715 -2.874836366666667
-2.358861366666667 -4.311476133333334
-1.6338055666666669 -4.184683333333333
-1.6915932 -1.9131992
-2.2067191000000004 -3.4940516
-1.5689821666666668 -3.639669833333333
-2.8782528666666667 -1.9775918000000001
-3.9193422 -2.625185133333333
-2.5214454666666666 -2.695535833333333
-3.1626587 -1.6573052666666666
-3.387934833333333 -2.622460766666667
-3.320536 -3.4256654666666666
-2.3620528666666667 -3.4031525
-2.0547951 -3.3819749999999997
-2.4423847000000003 -3.2464558666666665
-2.9965045999999997 -1.7733339333333336
-3.0461681666666665 -1.835068866666667
-3.3350562333333333 -2.7300749333333334
-2.4213737666666666 -3.3939515
-2.644272633333333 -2.985900233333333
-2.7798913999999995 -2.8514752666666667
-1.633376 -4.017513766666666
-3.5183614 -2.6839083666666665
-3.319070333333334 -2.7925095666666673
-1.8546395999999998 -2.0153690666666666
-2.0289392 -2.8351909999999996
-2.757873633333333 -2.8618210000000004
-2.0751244 -4.116750233333333
-2.412892133333333 -3.191088166666667
-3.4435836666666666 -2.3625792333333333
-3.7614061000000003 -1.7401974666666666
-3.1211983333333335 -2.4464950333333335
-2.470480766666667 -2.140998033333333
-3.2000073 -2.0889632666666667
-2.043956833333333 -2.686062666666667
-3.1187365 -3.9649208333333337
-3.5073463333333335 -2.913659333333334
-3.483551933333333 -2.894165
-1.8455089999999998 -3.0013962333333333
-2.744768 -3.268286333333333
-2.9979040333333336 -2.279880933333333
-2.9882826 -1.9763897000000001
-2.4638012333333337 -3.2001795666666664
-2.884538633333334 -2.1223667333333336
-3.076397033333334 -2.4255303
-3.3085301000000005 -2.8462219999999996
-1.5608027666666668 -3.471403133333333
-2.6716678 -2.6964645333333337
-2.6007096 -2.1278544000000004
-1.3726724333333336 -3.9277269
-2.8874720666666667 -2.0215312666666665
-3.1789604666666667 -2.7882489
-1.8745826666666667 -3.472333566666667
-1.6232829333333332 -3.9039474
-3.0095929333333338 -2.7131668666666666
-3.029952 -2.1926061
-2.692165633333333 -3.6780166000000003
-2.9174504333333333 -2.7386820333333333
-2.394271 -2.368589
-2.6935854 -2.4222029999999997
-2.8902997999999998 -3.2874481
-3.020405266666667 -2.8722003666666667
-3.0308442999999996 -3.7885919
-3.3615524666666667 -3.4378499999999996
-3.4872788666666668 -2.2230529
-2.195557566666667 -4.221312166666666
-2.8918482333333335 -3.4153043666666663
-2.4422233666666666 -2.6429186666666666
-2.9220186 -2.9715154
-3.1262190000000003 -1.9480463666666665
-3.0682636666666663 -3.8323948
-3.0168793 -2.6465983666666664
-3.2978093 -2.825850366666667
-2.1366044 -2.6587357000000003
-3.195216933333333 -3.1729038000000003
-3.405488100000001 -2.9592489666666673
-2.9191959 -4.3185771
-3.5928238333333335 -2.7449337666666667
-2.1051552 -2.556508566666667
-3.3190847 -2.8144977
-3.0374158333333328 -2.315577333333333
-2.7047075666666665 -3.394984633333334
-3.0626839333333336 -2.1941164333333334
-2.2809073333333334 -2.8976951333333334
-2.5406877333333333 -2.3981701666666666
-0.7681022766666668 -4.5519859333333335
-2.2411727 -1.403617
-2.6988701666666666 -2.456116466666667
-1.9985758333333332 -3.371910166666667
-2.720222633333333 -3.9434835666666666
-2.9801157 -2.3088567999999996
-2.3392543 -1.7348523
-3.093412166666667 -2.1265281666666667
-2.1457798 -4.124880466666666
-3.2187326 -3.398871066666666
-2.7201538999999997 -2.7750733666666667
-3.353057366666667 -3.0820789333333334
-3.1620619999999997 -3.4922841333333334
-1.1800605666666666 -2.900028333333333
-1.8977591999999999 -2.1813278333333335
-1.9476723666666664 -3.4046865333333334
-2.4808345000000003 -3.5517135
-3.4268539000000002 -3.474337566666667
-3.629034133333333 -2.6290383
-1.3054994 -3.3634609666666666
-3.0726755666666667 -1.5633891
-2.8852496 -3.5950028999999994
-2.230145466666667 -1.6177041666666667
-2.920633833333333 -2.0813145
-3.1080875666666667 -4.315970833333333
-3.0757456666666667 -4.294734666666668
-3.6880691666666667 -2.8501581666666667
-2.6068343333333335 -3.5491140333333338
-2.274985533333333 -1.5008357333333333
-2.5730044 -3.9884858999999997
-2.3413945 -3.546176066666667
-3.1012766666666667 -3.4311412999999997
-2.6458937999999996 -3.70587
-1.9575132666666668 -2.894156466666667
-3.173998966666667 -1.7532877999999998
-2.601678333333333 -3.6984726999999995
-1.9093594333333335 -2.7335611333333336
-2.8238296333333333 -2.263856233333333
-3.7602537333333332 -2.0250771666666663
-4.079592266666667 -2.8033553999999996
-2.9414635666666666 -2.2513309
-2.5471631000000006 -4.579596733333334
-2.2061403333333334 -4.521334066666666
-2.7463222666666667 -2.7050556333333335
-2.2777986666666665 -1.6345657999999998
-2.9724803333333334 -3.481281366666666
-2.432802 -2.4933501
-0.9159261533333334 -3.681884733333333
-2.3122803666666667 -1.4879739333333333
-2.986229666666667 -1.9078351333333334
-2.5927750333333335 -2.7266962333333336
-3.2724067666666667 -2.6986380333333337
-4.000262133333333 -3.4060659333333336
-2.8043313666666663 -2.7313565333333334
-3.982105633333333 -3.3961915999999994
-3.32297 -2.5868031
-2.482741133333333 -1.8509065000000002
-3.2403833 -2.4537664
-1.1786275 -4.055831366666667
-3.6844179 -3.3869811666666663
-2.1200703666666665 -4.008160133333333
-3.4328435 -2.0932113333333335
-2.5520994 -1.9500387666666665
-3.0993069666666666 -2.830086933333333
-2.601986033333333 -2.5531644
-2.9933107 -4.3554490333333336
-3.0793817333333333 -2.9066817
-2.085574633333333 -2.390615166666666
-3.0003523666666667 -2.4149981333333335
-3.067247 -3.0397282333333338
-3.451544866666667 -3.9250513666666667
-2.2121390666666665 -3.5974779999999997
-2.747043566666667 -2.5931710333333333
-2.655287266666667 -2.8099995666666664
-1.2780596866666667 -3.6709547666666666
-2.737543266666666 -1.8262920333333332
-2.3091150333333337 -2.7463231333333336
-3.4039090666666665 -3.9544815666666664
-2.5393957333333335 -1.6167029333333334
-1.8913884666666667 -1.7804490333333334
-2.7149445 -2.8748590666666667
-3.3611420333333335 -3.07936
-3.098211 -2.8158778333333334
-2.9595692000000002 -3.1959767666666665
-2.5167797333333333 -3.4094817333333336
-3.6655067333333324 -1.6585016000000001
-3.1615127999999997 -2.004796933333333
-3.016795266666667 -3.4549701
-2.8564913333333335 -2.1427749
-4.216022833333334 -5.6904764
-2.2558211333333333 -2.9013506999999996
-1.3142822666666667 -2.193944166666667
-2.4095161000000003 -5.289350266666666
-2.7742802333333336 -2.1845065666666668
-4.005981266666667 -3.479878166666667
-3.620328433333333 -2.7139442000000003
-1.5937545333333334 -2.4323894
-2.735465533333333 -3.195487166666667
-2.730907133333333 -2.9180141333333336
-1.9648568333333332 -3.589690066666667
-1.9450255333333333 -2.075268566666667
-2.7020188333333333 -2.435790233333333
-1.4069651 -3.624553266666666
-2.4456467 -1.22264541
-2.876755466666667 -1.9733868333333335
-3.9311741000000007 -3.3151660666666665
-3.7995448 -2.720914033333333
-4.081715133333333 -2.716851566666666
-3.528202933333333 -3.1273044999999997
-3.6835702 -2.2616278333333333
-1.6466425666666666 -1.7439453333333332
-1.578851233333333 -3.2999489333333325
-2.6715249333333335 -3.5459596333333336
-2.7513003333333335 -3.0441204
-3.8466690666666663 -2.229639966666667
-3.3899633000000007 -2.4244120333333337
-2.328437 -2.610005933333333
-3.3355767 -3.1864151
-1.1791016 -3.438044633333333
-2.4070819333333335 -3.302659466666667
-3.5632327333333333 -3.1741646333333335
-1.8738277666666665 -1.5612336000000002
-2.8537054 -2.8011402
-3.6834279 -2.425208066666667
-2.2089857333333334 -2.876769566666667
-3.1480443666666664 -3.273487266666667
-3.4295431 -3.6381642000000003
-3.2178990666666665 -1.9441190333333334
-3.3432470000000003 -2.4228626
-2.5848152666666664 -2.1332742
-3.5556181333333337 -2.9917386666666665
-2.7990470666666667 -2.0983220666666664
-2.7682818666666664 -4.096856566666667
-1.7918227 -4.019637366666667
-3.2217701666666665 -2.599933033333333
-0.9577268166666667 -2.5598429333333335
-2.5169294333333334 -2.9710091
-2.7651046333333333 -2.1304831999999996
-3.713320266666667 -2.7407881
-2.203340133333333 -3.498113066666667
-3.0556856333333338 -3.7000098333333336
-3.5937638 -2.3406572333333333
-2.9733428 -3.9823132333333335
-2.6769278 -3.2545514333333334
-1.3505531666666668 -3.5245618
-3.4981016 -2.3075026999999997
-0.8982662166666666 -2.7629796
-2.7638487 -3.199062033333333
-1.8968550666666668 -3.1554374000000003
-2.9524998 -2.924879733333333
-3.9944037666666663 -3.2791897333333333
-1.9445660999999999 -3.854874366666667
-3.361943 -2.4262713333333332
-3.4180903333333337 -2.651755
-4.270167733333333 -2.8213859666666665
-0.53447415 -4.834458233333333
-2.401760233333334 -1.8787546333333334
-3.5370895000000004 -2.5216770000000004
-3.4433712 -2.210537066666667
-3.7907580000000003 -2.1111326666666668
-3.0139869666666663 -3.806532366666667
-2.5267293 -3.6627601000000003
-2.9140640333333336 -2.6748398000000004
-2.6789685 -3.1699546
-2.653516 -2.2362693333333334
-3.948604266666667 -2.6639839
-2.4115976333333333 -2.6551649
-3.0901399 -2.8878532666666668
-2.4261754333333334 -2.0586327666666664
-3.0545833666666664 -2.958502766666667
-4.0167923000000005 -2.1491108333333333
-3.627230233333333 -1.7583543666666668
-3.5284198333333334 -3.2886823333333335
-2.8345788666666665 -4.8491575000000005
-2.6465118000000003 -2.1541087
-3.0497047 -1.8204797333333333
-2.629379766666667 -4.182253799999999
-2.065551166666667 -2.945212533333333
-2.3637682 -2.3099616333333333
-3.0432826333333334 -2.283153033333333
-3.1925646666666667 -2.319649533333333
-3.7802005666666667 -1.1854655666666667
-3.333040466666667 -2.5393313666666666
-3.4508566000000003 -1.970812166666667
-2.5513058666666666 -2.8394710333333335
-2.798612 -3.0321916
-2.944560366666667 -4.6768841
-1.916486666666667 -3.6817655666666664
-2.8642255333333337 -3.3147197
-3.1355409999999995 -3.124975533333333
-2.6629883333333333 -2.339791733333333
-3.105728733333333 -1.9264167333333333
-3.1630144 -2.8011525333333336
-3.9088405666666666 -3.2394723
-1.8571324 -2.6825696000000003
-4.378798799999999 -3.636967633333333
-2.6379273999999997 -3.509268033333333
-1.6839951 -3.7500159000000006
-1.823208833333333 -4.092246566666667
-2.7284877333333335 -4.2988713333333335
-3.3446175333333334 -2.3745602000000003
-3.2567352 -2.1938147666666667
-2.4257486 -3.4212197333333334
-3.1572711333333334 -3.3423718
-2.5136535999999996 -3.1860904333333337
-3.3123200666666666 -2.8199235333333337
-2.5759717666666666 -2.5765297
-3.542541566666667 -2.372726366666667
-3.7435943666666667 -2.8361832000000002
-1.900573433333333 -2.0913375666666667
-2.7988688666666666 -2.985682933333333
-2.872899833333333 -4.203623933333334
-3.287408366666667 -3.3253696
-4.316370133333334 -2.2114114999999996
-3.147191933333333 -3.3339955000000003
-3.1933326 -2.8208347
-0.9112707999999999 -3.376153766666666
-3.079139233333333 -2.7252576
-3.9541999333333337 -2.543495666666667
-3.6964947333333336 -2.4539679
-3.8016247666666665 -2.2754606333333327
-3.480250433333333 -1.8471172666666669
-3.878043733333334 -3.2129152666666667
-2.870335633333333 -2.3919159
-3.1735897666666664 -2.6004528
-3.1863394333333335 -2.3490514666666664
-3.667216333333333 -2.255778466666667
-2.3209705666666665 -4.088387833333334
-2.9640581666666663 -2.4955381666666665
-3.5572156333333336 -1.9715772666666669
-2.7313789 -1.9794164
-3.977082333333333 -1.8656993333333334
-3.317922066666667 -2.7439731000000003
-2.7889409333333335 -2.3711178000000004
-3.8593374333333332 -2.9343136000000003
-2.3860239666666665 -3.9458409000000003
-2.9617812 -4.136777866666667
-1.6512043666666665 -2.888365133333334
-2.6850742000000003 -4.4473375666666675
-1.8587629 -3.0725968000000003
-1.2009946666666669 -5.112221033333333
-3.0755826666666666 -2.5606036999999997
-3.1087084666666667 -3.8522155333333328
-3.5359491000000003 -2.407378366666667
-2.8277786333333337 -2.1900256000000002
-3.4850863666666667 -2.274433566666667
-2.4768705 -4.0129412
-3.0979937 -2.794425266666667
-4.284247166666667 -2.145855766666667
-1.6596363666666667 -2.596380666666667
-2.4295668333333333 -4.0614712
-3.579564266666667 -2.4355424666666665
-1.8833355666666667 -4.804042
-2.2841512666666666 -3.167942266666667
-1.917651733333333 -2.3764558666666664
-0.6079819166666668 -3.3614302
-2.465182433333333 -2.7598377666666662
-3.5319594666666667 -2.2723887
-4.380939833333334 -3.0728584333333333
-2.999544966666667 -2.6574105333333335
-2.0629413333333333 -3.8269623000000004
-3.1324802333333333 -3.0396917666666665
-3.084915 -2.9482155
-2.3165120333333333 -3.2190909333333333
-0.6955450166666667 -2.7153989666666667
-2.8618295333333337 -3.4196235666666666
-3.2273728000000004 -3.5560989333333333
-3.2240737000000004 -3.2393282333333335
-3.643135633333333 -3.0544937333333335
-3.4294865333333333 -2.893843233333333
-1.9764670333333332 -2.4402090666666667
-3.2546690333333332 -3.281853733333333
-3.9610338333333335 -2.0912103
-3.416300733333333 -2.6587462000000004
-3.0961895333333334 -3.4416521666666666
-2.7131321666666666 -2.946330533333333
-2.3347364 -4.0902602
-3.2057036666666665 -4.261374466666667
-4.159300166666667 -3.0226185
-3.3565139333333334 -2.7296384666666667
-1.3363161666666667 -2.9566616999999997
-3.1825004 -3.788238466666667
-3.2793186 -3.6179370000000004
-2.7359264999999997 -3.8532081
-2.0269049666666663 -2.418499
-3.3596638999999997 -3.0324436333333336
-3.7817717333333336 -1.7047012
-3.235579833333333 -2.010430733333333
-3.2588567 -2.4516549999999997
-1.5535567333333336 -1.224468
-0.5709606666666667 -4.066983066666666
-3.0015533666666667 -2.2844050666666664
-3.6163144333333332 -4.073376166666666
-3.468309633333333 -2.892035033333334
-2.107797833333333 -2.2994245666666666
-4.0635710666666665 -3.080287066666666
-2.916778933333333 -2.0130544666666665
-2.554734 -3.151975933333333
-3.6714911333333338 -2.9050712
-4.0119018 -2.4107963000000003
-2.0382679666666665 -3.510490633333333
-1.5443679666666665 -3.2760938
-0.9001157566666668 -5.2119042
-1.2982384666666666 -3.163352
-1.6261281666666667 -3.750553833333333
-1.0905348133333335 -3.1310596
-0.20945269666666666 -3.7408118666666668
-1.6463702666666666 -2.0652204
-2.976464966666667 -1.474151566666667
-3.0502728 -4.057364833333333
-3.1687173333333334 -3.0347128000000003
-3.894859966666667 -2.9202052
-3.2499219666666663 -1.6336138666666666
-2.6923965333333335 -2.5005111666666666
-2.879612466666667 -2.7083913333333336
-2.605635566666667 -3.2838658
-3.1671674333333333 -2.843055333333333
-3.0730901000000004 -3.091536033333334
-1.6687181333333334 -2.4739657333333334
-4.299912633333333 -3.9210057333333337
-1.7246313 -2.6273434333333334
-2.6810172333333333 -2.8685879000000005
-2.9980948666666665 -3.1238017333333334
-3.5614047333333336 -2.7698119333333335
-1.7778061666666667 -3.331832433333333
-3.163373566666667 -3.0423090333333334
-2.8272793000000007 -3.5447452666666663
-4.224313033333333 -2.7249492666666666
-2.9846135 -2.3327828333333334
-2.3948879 -2.187343266666667
-3.148155633333333 -3.3947505
-3.2527551666666668 -2.0269674666666666
-3.288851166666667 -3.2250826999999993
-3.3138931 -3.2846447333333333
-3.2269269 -2.5936536
-3.4948484 -2.254090966666667
-2.974081 -2.4230484999999997
-3.2345082666666665 -3.1269890000000005
-3.6738555 -2.5737832000000003
-4.695296466666667 -3.626908466666667
-3.7249436666666664 -3.3225353666666666
-1.654001433333333 -3.3235067666666662
-3.5660790999999996 -2.7812682
-0.5756731433333334 -2.5813419333333334
-2.923861 -4.105337333333333
-3.2444558666666667 -2.7495222000000004
-3.3629138333333333 -2.4787773333333334
-3.5791895333333335 -2.7031028999999998
-1.3237682 -3.0783500666666668
-3.0915181 -1.6233897000000002
-1.5683622000000002 -3.3381015333333335
-3.085995066666667 -2.4558454333333333
-2.8344540666666664 -4.0483986666666665
-4.048033666666667 -3.3109441666666672
-2.5387855000000004 -2.544704533333334
-4.1381266666666665 -2.7439106666666664
-4.123732033333333 -4.1219236
-3.8947249333333334 -2.7770676333333335
-1.6092477666666667 -3.1373691333333333
-2.941084566666667 -3.553872066666667
-2.2610887666666666 -3.3445625333333333
-3.0306278333333334 -1.8684456333333332
-3.505746133333333 -4.076204199999999
-2.1517187333333334 -3.9072328
-1.4041418333333333 -4.8859935
-2.8830158666666663 -2.3490029000000003
-3.032797233333334 -2.5368603666666667
-3.5691466333333333 -2.3464215
-3.0432209333333335 -3.1168995666666666
-2.672894966666666 -2.9513077666666665
-2.0474194 -3.4403708666666666
-2.0349253000000003 -1.4051529666666667
-2.3965063 -5.5042824
-2.5721121666666664 -2.9210863333333337
-3.1949588999999996 -3.0531817333333335
-3.211435266666667 -1.2348528666666667
-2.0250113333333335 -4.304688766666667
-3.238329166666667 -2.5885044999999995
-1.4222855666666665 -2.3514340000000007
-1.6295939666666668 -2.2081340666666667
-4.055769033333333 -2.946277233333333
-2.388605 -2.0850346666666666
-3.5807523666666667 -2.5161338333333334
-1.5553931 -5.597764166666667
-0.9989638333333333 -3.4829459333333332
-3.0463577 -3.2950075
-4.081948833333334 -4.521112266666667
-3.2626098666666663 -2.6990063333333336
-2.372635133333333 -4.8207236
-4.115177933333333 -3.3094879666666666
-2.947698133333333 -1.832258266666667
-3.4686948666666666 -2.6730723666666667
-3.1607062 -2.426919133333333
-0.7537584133333334 -3.7876125666666662
-3.4229679666666666 -1.9895645
-2.607915166666667 -2.9391812666666666
-2.2131996666666667 -3.6244992333333337
-2.3996741999999998 -2.4025678333333333
-1.2756559333333333 -2.6958504000000003
-3.5810601666666666 -2.9116137999999996
-2.4896789666666663 -2.2360430333333334
-3.3652351666666664 -1.4389537333333335
-1.7743774333333333 -3.0151703333333333
-3.8257952000000004 -3.549210366666667
-3.643593133333333 -2.988917133333333
-3.1681862 -2.7047411
-2.176603966666667 -1.6778293
-2.5385724666666665 -3.572386333333333
-3.2249123333333336 -4.225578933333333
-2.2141671 -1.4482811333333334
-0.38192797233333337 -4.682477766666667
-0.8563785466666667 -3.850800433333333
-2.765665933333333 -2.9149588
-0.47726467333333333 -3.3566466999999998
-3.6885515333333334 -3.2792015666666665
-2.586215533333333 -3.7417239333333336
-2.1423501 -3.6033396333333334
-2.5268585333333333 -3.3774251
-2.6273218 -4.482932633333333
-3.4927175 -2.9440989333333336
-2.3041985 -3.7197140999999996
-2.2566351333333334 -3.780903466666667
-2.430674033333333 -4.540617466666667
-2.5313879000000004 -2.7527578666666663
-2.4863175 -3.5757877666666666
-1.1587369 -4.0187594
-2.7887543999999997 -3.5110401
-1.6369049 -4.342726866666666
-3.2087658333333335 -3.4465809000000003
-1.3365171666666664 -3.2402558000000004
-1.8479905 -3.979419433333333
-1.8848721333333331 -3.822642533333334
-3.4219345333333333 -3.7804827333333333
-2.6764202666666668 -1.9022406666666665
-2.368173 -4.1360658
-1.858857 -2.6657794
-1.8981140333333333 -3.6444061666666667
-2.8740891666666664 -2.4016459666666665
-3.080446133333333 -4.0588346
-3.508187066666667 -2.7446061
-2.297115333333333 -2.4076284
-0.9558813866666667 -2.9066521
-1.2729934333333333 -3.8229368666666668
-2.4696951 -3.1055154666666667
-2.2434824 -3.618688633333334
-3.2730193666666665 -2.2111339999999995
-3.0568404333333334 -1.9823824333333333
-2.6293563 -2.7438085333333335
-1.3531316333333332 -2.8778008666666666
-2.6449622333333336 -1.9135590666666669
-1.8821761 -3.3380930999999996
-2.181356133333333 -2.8492363666666667
-2.6899992999999998 -2.6429577666666666
-1.9216236666666666 -2.675523933333334
-1.8570380999999998 -3.7591198666666665
-3.6677569666666665 -3.3712509
-1.7741460666666664 -3.2527859999999995
-2.5982321666666666 -2.4464360666666662
-2.2039305 -2.9646536
-3.097029366666667 -3.3548214
-2.3132990999999996 -2.2484603
-2.9457028000000003 -5.6857457333333326
-2.9664235 -1.9475346666666666
-2.7732259999999997 -2.8704214
-1.5911307999999997 -3.5197079999999996
-2.5939252333333336 -3.411522166666667
-0.41135179 -2.9939252999999995
-3.566047533333333 -2.3703616333333333
-2.7115623 -1.7467031999999998
-1.9293223 -3.5859305000000004
-3.657542133333333 -3.8637200000000003
-3.6698493333333335 -2.2735635666666663
-0.007094650666666669 -3.6273399
-3.040098833333333 -4.5346158333333335
-2.1587003666666664 -4.284399666666666
-2.2847999 -3.2466560666666666
-3.5097113666666666 -2.7253872333333335
-1.8400688666666665 -4.734836466666667
-0.7068045966666666 -2.980405333333334
-1.7156882 -3.3952629333333335
-2.836611033333333 -5.217655333333334
-3.324043533333333 -4.476909933333333
-2.5895 -4.975282533333333
-1.7705998666666665 -3.3431495
-3.4196872666666662 -4.6889679
-3.5591318333333333 -2.2374348
-2.8352874666666663 -2.989462066666667
-2.4433350000000003 -3.1667829000000003
-3.088050833333333 -5.0710932
-2.053472833333333 -2.827491033333333
-3.0716765000000006 -3.6216852
-2.6313379666666665 -2.549766533333333
-2.6314924333333334 -3.2793253
-2.3735338333333336 -2.0559926333333336
-2.1537127666666667 -2.961372533333333
-3.7954799333333336 -3.4340633666666665
-3.8601381666666663 -3.0989428333333335
-3.4849571000000004 -3.4645143
-3.6432767666666668 -2.3391281
-2.4854952666666668 -3.1047841
-3.889148 -3.3997051000000003
-2.9060859 -1.9558537
-2.296662733333333 -2.780831
-3.9907471999999995 -2.0732217333333334
-1.4829464666666667 -3.274781633333333
-1.2217082333333333 -3.2251789333333334
-4.1078674 -3.0102529
-3.777413066666666 -2.5500347999999997
-2.3398869 -3.3315933
-1.1407943 -2.8990427333333333
-2.5154343333333333 -2.797331333333333
-3.450795466666667 -2.6139025
-3.5435234666666666 -3.3858900333333333
-3.5176237333333336 -2.8845502666666665
-1.4224900999999999 -3.498644133333333
-1.3718287333333334 -3.4432269
-2.263283933333333 -4.074017633333333
-1.3634576999999999 -2.3855337333333333
-2.6323886 -2.5205617333333334
-3.6277733666666667 -2.041514266666667
-2.874355866666667 -3.4696520000000004
-2.825798233333334 -5.293833433333333
-2.868602233333333 -2.618085933333333
-1.5596195666666668 -4.023462733333334
-3.2586309000000004 -2.722811533333333
-3.5670915666666665 -2.207275333333333
-3.3240449666666665 -2.5778750999999995
-2.3768377 -1.9183743
-2.7909496 -3.2718192666666663
-2.7559236 -2.8291018
-2.7208650000000003 -3.286664566666667
-2.494569166666667 -4.351918833333333
-3.2946682000000003 -2.9374229999999995
-2.8762471333333335 -2.2334760666666664
-3.3862820666666664 -2.2105657666666665
-3.7960151 -2.931072166666667
-3.1555108666666665 -2.7776194333333337
-1.4929149333333331 -4.067394333333333
-2.4853142999999998 -4.913676833333334
-1.32958975 -3.6818679666666667
-2.8278808 -1.8238879333333333
-1.3903868333333331 -3.6438643333333327
-3.4759173 -2.9490366666666663
-3.8854395 -2.275826133333333
-2.9672754666666665 -2.4307619333333337
-1.7979088333333335 -3.3355861666666664
-3.2543927000000004 -3.1751359666666668
-1.7846423999999999 -4.545914
-2.996242466666667 -1.8091834333333334
-2.8444882666666667 -1.4091236333333335
-3.690107166666667 -2.7853749666666663
-3.1605837000000006 -3.7372026666666667
-2.5056947 -1.9876794333333332
-2.7552321666666666 -3.0219887666666665
-3.2709694333333332 -3.1332446666666662
-2.3080921 -2.0285448333333336
-2.730004233333333 -2.5125974333333336
-2.6276174333333335 -4.292666933333334
-2.6099870333333333 -3.0400868333333335
-3.0305240999999996 -4.396447200000001
-2.5442445 -4.3165375
-3.4909696666666665 -3.7876288333333332
-3.2207753666666665 -3.7634914666666663
-3.455184766666667 -3.4820150666666665
-2.329941666666667 -3.9808344333333334
-2.7450036 -3.0850951666666666
-2.4802553333333335 -2.688669666666667
-2.5420278 -3.6710118666666665
-2.8377371 -2.1936068
-4.0990877333333335 -1.6865241
-3.012436633333333 -3.478242333333333
-2.563672066666667 -2.5346820333333335
-1.7693981666666667 -3.4649457000000004
-2.100102166666667 -4.141124466666667
-3.0297093333333334 -4.094113500000001
-0.8321507 -3.2352087666666667
-2.4626778666666667 -1.6557206333333334
-2.1517543666666668 -4.621289900000001
-3.8513683000000003 -2.385776433333333
-0.5694592933333333 -3.1510196
-2.7735177666666666 -3.1738804333333333
-3.0933722 -1.7076628666666664
-0.05128027200000001 -3.8026022999999998
-2.4803387666666663 -1.8364803333333335
-3.7919793333333334 -2.0356506666666667
-5.155970666666666 -3.0937013666666666
-2.9702530666666664 -1.3748014333333332
-1.5482305666666667 -3.2212585999999996
-3.5073789333333334 -1.8596487666666666
-3.3722136666666667 -2.6757092333333334
-2.2677085999999997 -2.4897428333333336
-3.2967691666666665 -2.9516638333333334
-3.422221733333334 -3.5419777333333333
-2.255232466666667 -4.174635666666667
-2.6733112666666665 -2.5665951
-3.3818758333333334 -2.4035126333333334
-2.1206282 -4.603843966666666
-3.843872466666667 -3.179884766666667
-2.3540869666666664 -4.540598333333333
-1.7104024333333332 -2.5230349000000003
-3.9087076000000005 -2.2817491
-2.7946281333333336 -1.4815119
-2.5911063333333333 -2.5341058333333333
-2.895437633333333 -2.3986716333333336
-3.1733350000000007 -4.099422266666667
-2.8952485 -3.0861705
-2.6287664333333334 -3.0372418666666667
-2.0902030333333332 -2.4854294
-2.6295104 -2.383698466666667
-1.8805207000000002 -5.550261799999999
-2.8069791666666664 -3.0636821666666663
-3.5234560333333333 -3.6369656999999997
-2.3432725999999997 -4.258237833333333
-3.8197545000000006 -2.8144633333333338
-2.128707733333333 -2.024999366666667
-3.1260423000000004 -3.4042404000000004
-3.794971 -2.3014836000000005
-3.4654803999999997 -2.4359151
-3.7539972666666666 -2.5790698999999995
-3.0032935 -4.0759490666666665
-3.056359266666666 -2.479671433333333
-4.586789433333334 -2.7622841000000005
-1.7448778333333335 -2.991888566666667
-3.5152518333333336 -3.7079215333333333
-3.4320168666666673 -2.273534366666667
-4.2867452 -3.5825551
-3.0763241 -3.0722126333333337
-3.022680133333333 -5.056711466666667
-3.1630441999999994 -2.750474666666667
-2.551554533333334 -1.7738852333333335
-2.0150400333333334 -2.7746364666666667
-2.525164666666667 -3.3714251666666666
-2.357435533333333 -1.7368978333333334
-2.8045918999999997 -4.018817933333333
-2.6525643333333333 -3.2785305
-3.1352352333333333 -3.601932366666666
-3.7750559666666663 -3.005690033333333
-3.0048445666666668 -4.608283999999999
-3.725588366666667 -3.1661303333333333
-3.9150804666666668 -2.6999448666666668
-2.3148891 -2.8702124333333336
-2.339312 -3.990990500000001
-4.018097333333333 -2.0055798333333335
-1.7030347000000001 -1.9137225666666666
-0.9729770133333333 -3.3222692333333335
-2.491914733333333 -2.9366072
-0.8088428666666667 -3.9576277
-2.8435851666666667 -4.383294333333333
-2.9086768333333333 -2.5545223333333333
-3.423076033333333 -4.0591516
-2.787501633333333 -3.4261094666666665
-3.691633433333333 -2.173134133333334
-3.2499314000000004 -2.060355133333333
-2.1915469 -3.020540266666667
-2.290909666666667 -4.1016089
-2.6777620000000004 -4.324374666666667
-3.1568612333333332 -2.7292941333333336
-3.744313366666667 -2.0168661
-1.590300533333333 -3.464458
-2.8240360333333334 -3.2472975666666666
-1.8695936333333334 -2.610028766666667
-2.9698356999999995 -3.0747478666666668
-3.1149473666666663 -2.3302062
-2.6797296666666663 -3.2375024
-2.6833823666666667 -3.0802305000000003
-2.9971883333333333 -2.360329133333334
-2.9871305666666665 -4.172735100000001
-2.2663182 -2.422803566666667
-2.6505193666666664 -3.476455266666666
-3.0924822 -2.336771166666667
-2.3732430333333334 -3.7886378666666665
-1.6934274000000002 -4.186233566666667
-3.3060594666666665 -2.3792563333333336
-3.385798166666667 -2.498007
-2.6790192 -1.8569994666666667
-3.1439993666666664 -2.8465792333333333
-2.556217666666667 -1.5673791666666668
-3.2287103666666668 -2.0194012333333333
-3.2061588333333333 -2.4793502666666667
-2.8202092666666667 -3.107118633333333
-2.4715860666666667 -2.8934751000000003
-3.722867533333333 -3.8216009
-3.7272988 -2.6937830000000003
-3.0639296999999996 -3.8363210333333337
-3.3161455666666666 -2.3030856
-3.8113471666666663 -1.7769761333333334
-2.7770664666666667 -4.0228157
-1.2157279333333333 -2.7871715000000004
-3.0474687333333335 -3.796974133333334
-1.9158834666666666 -2.8234261666666667
-2.575506333333333 -4.392397666666667
-3.398230466666667 -3.0135234000000004
-3.1034269333333335 -4.566995966666667
-2.6490613666666665 -2.8178437666666665
-2.987027666666667 -2.2967362333333337
-2.0743224666666666 -3.824043066666667
-2.4736289000000005 -3.0630420999999997
-2.028262 -4.544519733333334
-2.4591921666666665 -3.7264294666666666
-2.594235666666667 -2.4662024
-3.2421748 -3.4633727
-1.6520962333333336 -4.729906166666666
-1.3298342666666667 -3.0982181
-1.5350975333333332 -2.904098133333333
-2.4054216666666663 -3.744085433333333
-3.098926533333333 -2.002222366666667
-3.5448745 -3.7805135666666665
-3.2318770999999997 -4.177195766666667
-1.7803010333333331 -3.416624666666667
-3.0015148 -1.8454384
-3.8451942000000003 -2.7246744000000005
-3.1977783999999994 -3.2955557
-3.1002080333333333 -2.309507566666667
-3.3689606 -3.253909466666667
-3.0896644 -3.0808246
-4.419352233333332 -2.3230720333333337
-2.4353656 -2.0306119999999996
-2.8959797 -1.3912295333333335
-2.7132136000000004 -3.284494666666667
-4.0374924 -1.6751763666666666
-3.7954022999999997 -3.488318666666667
-2.865537033333333 -3.3422717333333334
-2.4743808333333335 -2.853090433333333
-2.810388666666667 -3.2366308333333333
-2.7289231333333333 -2.1349511333333333
-1.880574 -3.665315466666667
-2.0109957666666665 -2.1434851666666668
-1.4718339666666669 -4.1569349
-2.9655910333333333 -2.6629181
-2.4474534333333335 -4.393839666666667
-2.0239401999999997 -2.7249429333333333
-2.5365363666666667 -1.7206548666666666
-2.2682779 -4.189952633333333
-3.3948959666666667 -2.3756328333333334
-3.1824933333333334 -3.8169028666666667
-3.488573066666666 -2.3064978333333332
-0.9417234666666666 -3.4414205
-2.6910972666666666 -2.8157505666666665
-1.3158408666666666 -2.4968805666666674
-2.419937933333333 -4.109398833333334
-2.9185808666666664 -3.3424672666666666
-3.091286433333333 -1.6413088
-3.8538597666666665 -2.225367133333333
-1.4531897 -2.2869491666666666
-2.6436953333333335 -1.9496808666666667
-3.1176014666666663 -3.2557329333333334
-2.145637766666667 -2.9502073999999996
-2.921089233333334 -2.3010085333333334
-0.7492410566666667 -3.6054028333333332
-2.1039568 -3.1322824000000002
-2.0850295 -4.6399432
-2.744236233333333 -2.710582
-1.3223891666666667 -2.6785392666666668
-2.953791166666667 -2.8761912333333335
-2.7258030666666664 -2.8962797000000005
-2.3935920333333334 -1.8065153333333333
-3.5605472 -2.8519507666666666
-1.8482267000000001 -4.131650666666666
-2.342423433333334 -2.1725336
-3.0891252999999996 -2.4048521333333333
-1.9658255333333332 -3.017833366666667
-3.152292266666667 -2.5932082333333333
-2.7482701 -3.6882897999999997
-3.7730473666666664 -2.3831055
-2.173102966666667 -1.8842730666666665
-2.0586077 -1.4634796333333333
-3.7917264333333334 -4.0446009
-2.773927633333333 -3.7894612666666663
-2.8598438 -2.3831451
-2.3393135 -3.988573833333333
-3.0606652999999997 -3.4445607666666667
-1.311128 -3.565758766666667
-1.6760090666666667 -3.4171480666666665
-2.350893833333333 -3.540117133333333
-3.0716302 -2.9279283666666664
-1.7336008666666667 -1.8398973333333333
-1.2921359333333333 -3.4036282666666664
-2.823686833333334 -2.3556839333333333
-2.3607424999999997 -1.439582466666667
-2.563573766666667 -4.1070136999999995
-2.658537233333333 -2.7507042333333334
-2.7119232333333336 -1.3930390666666665
-2.2744665333333334 -2.5926117
-3.6992388 -2.2138333333333335
-2.058175633333333 -3.4032884333333335
-2.8555158666666665 -2.8240344333333334
-2.208597333333333 -3.3869795999999996
-3.7887204666666667 -1.1969598999999997
-2.4681795666666666 -2.5552596333333333
-2.046465266666667 -3.3105177
-2.664224166666667 -1.6288356666666666
-3.3514031333333336 -3.4992584666666664
-2.2185417 -1.8780782333333332
-2.299240066666667 -3.351298233333333
-3.4479508 -4.648896533333334
-2.9671271333333338 -3.5379397
-2.746628433333333 -3.7177106333333327
-3.9325193 -2.6681240666666666
-3.121376366666667 -2.338583533333333
-3.9219927999999995 -3.3406252
-3.2501539 -3.9037176
-1.0755183333333334 -2.067047
-1.669366366666667 -2.844081666666667
-3.3384119666666665 -3.027387566666667
-2.205480533333333 -3.8099801
-1.4207855466666668 -1.9540688000000002
-2.7410996 -1.9273915000000001
-2.5110731 -2.4784183666666664
-1.5109980333333335 -3.9014848666666664
-3.337497366666667 -2.411122766666667
-2.7109772666666667 -4.907588566666667
-2.897142066666667 -2.9369178000000002
-3.0968358666666664 -2.6725494666666667
-2.3789108666666667 -3.195241033333333
-3.030023266666666 -4.226077966666666
-4.087532666666667 -2.8013053666666665
-1.6062780333333333 -2.9473415333333333
-2.5332185000000003 -3.686568166666666
-2.7293370333333336 -2.8778154666666667
-0.4328494 -4.0237943000000005
-2.7220852 -3.2900218
-3.331677566666666 -2.5094435666666666
-4.112349666666667 -2.942216366666667
-4.2075316 -2.4003486
-2.3160627333333337 -4.967181666666667
-3.5046393333333334 -2.6010255
-2.9703834999999996 -2.9350607
-2.1795009666666667 -1.800375133333333
-3.9994598666666663 -2.575048933333333
-1.7256999333333334 -2.4489693
-3.2674705 -2.4922111000000005
-3.898316 -2.9406821333333335
-2.9621406666666665 -3.174590433333333
-2.648551566666667 -2.035355
-3.3615084333333334 -3.2327245666666666
-1.3092811333333332 -4.348834333333333
-2.5634552333333334 -4.3212991333333335
-2.2459540666666666 -2.615067333333333
-2.4884994 -2.0051336666666666
-2.286725233333333 -4.524942566666667
-3.368225766666667 -3.3194756
-2.5663994333333338 -4.995987033333334
-3.7674886666666665 -2.889103566666667
-3.1404822 -3.4818830333333333
-3.088395466666667 -1.7171825666666665
-3.7496794666666666 -1.7398162333333334
-2.6645116 -3.7958666333333335
-2.6413189 -2.537282466666667
-3.140575666666666 -3.4776669333333334
-1.2882890000000002 -1.918289166666667
-1.8043804000000003 -3.3222221333333333
-3.0744154 -4.126657533333334
-3.3757088 -1.8020838
-1.237883 -3.8724894333333335
-2.2433418333333335 -3.353967733333333
-1.8892916666666666 -1.7721196666666668
-1.8757153666666668 -2.2881898333333335
-1.9214594 -3.5384242333333327
-1.8073513666666665 -4.842246433333333
-3.287888333333334 -2.8443095666666665
-1.7566808333333335 -2.597413833333333
-3.154356766666667 -3.183746666666667
-1.9424745333333333 -4.598926533333333
-2.1118839333333335 -3.8114413333333332
-3.767363266666666 -2.381178933333333
-1.3475066333333334 -3.829567966666667
-2.6438328 -2.3457983
-2.8161111 -2.070727766666667
-3.350171466666667 -4.416795333333333
-2.0452068999999997 -1.2514222
-2.5331356 -2.275128366666667
-3.8925753 -2.1835701666666667
-2.1368511 -5.461655800000001
-2.8995861 -2.5380682999999995
-3.0264136 -2.3197143
-2.694651 -4.568077933333333
-2.2663206000000002 -2.414015366666667
-3.4918776000000005 -2.2622575333333335
-0.6725383533333334 -3.2501778000000003
-3.419732766666667 -2.9837699
-2.461425 -3.5999272666666666
-1.0092233899999998 -3.1911391666666664
-3.4471937 -3.7754072
-3.800302766666667 -2.389390933333333
-2.6162129999999997 -3.0824954
-0.24957012466666664 -3.7641595666666663
-3.5228861666666664 -2.5111399666666667
-4.5408961 -2.5016095666666667
-3.6186039999999995 -2.4142316000000004
-2.3421506666666665 -4.171836400000001
-2.6716652000000005 -3.131720766666666
-3.2889924 -1.7180479333333334
-2.106993033333333 -5.442697466666666
-3.313785033333333 -1.9378098666666663
-3.5577106333333335 -3.504986533333333
-3.4800153333333332 -1.9683643333333332
-3.111868733333333 -2.4076666666666666
-1.9833417333333334 -1.9084686333333332
-3.9466564666666666 -2.8613044666666663
-2.9760589333333334 -3.0101055666666663
-2.2568303666666667 -1.4175931333333331
-3.409369466666667 -2.752898666666667
-0.5789182433333333 -3.6348558000000004
-2.3432011333333334 -3.8999926333333335
-3.419979833333333 -3.7716537333333333
-3.2575323333333333 -3.313577766666666
-2.800252766666667 -4.191122366666666
-2.306113966666667 -3.8076116333333334
-3.1584437 -2.2041097333333335
-2.5521757333333333 -2.6762854333333332
-2.174283266666667 -2.5214237666666666
-3.0876791999999997 -1.9118810666666666
-2.7103246333333333 -1.9723458
-2.8187368000000004 -2.6993454999999997
-2.715733133333333 -3.053104
-0.9118940333333334 -3.3092129333333333
-2.8642321 -3.2334918333333333
-3.451502033333333 -3.383997533333333
-2.6330061666666666 -2.0839914666666663
-2.6478299666666665 -1.8726768333333332
-2.694903233333333 -2.1408658999999997
-3.0535472000000006 -3.9030979333333335
-2.5458350666666667 -2.6660407333333334
-2.8231797333333333 -1.5858234666666666
-2.5417561666666666 -2.038104733333333
-3.1386798666666667 -4.262031999999999
-2.4710771 -2.5684549666666663
-2.9713724333333333 -5.0601656
-0.6724176933333335 -2.2102613333333334
-4.0087299000000005 -1.7229918333333336
-3.5799993333333333 -2.1083027333333337
-3.436794933333333 -3.1868505666666667
-1.7525628000000002 -4.274569133333333
-2.3049660333333333 -3.4331987666666666
-2.334490633333333 -4.409030766666667
-4.131757533333333 -3.344351533333333
-2.9933153999999997 -3.2490603666666664
-2.806096633333333 -2.0769623999999998
-3.816768166666667 -2.8358996333333333
-3.0516419666666668 -3.013888433333334
-2.5077586 -1.8791814666666669
-3.9520416 -2.176075066666667
-2.2269928333333335 -2.072476733333333
-1.9868876333333334 -3.1611233666666667
-4.6719981666666675 -2.632299066666667
-2.4810114333333333 -4.889181766666667
-3.393966466666667 -2.1172489000000003
-3.5919160000000003 -2.1878554
-2.2926273666666668 -3.226544233333333
-1.6170167333333332 -2.697104833333333
-1.1230538666666667 -4.404949566666667
-1.8411083 -2.0885384
-2.9339104666666658 -2.6530918999999997
-1.6353415333333332 -1.4833978333333335
-3.2572338333333333 -2.6848240666666667
-2.7779219 -3.6743502
-1.8713247666666666 -2.3807901
-3.453103666666667 -2.9030251666666667
-2.8294126333333334 -3.0399191
-2.235242733333333 -3.786997833333334
-2.0937145666666668 -3.2923074333333333
-4.0813189 -1.662491
-3.3181619000000007 -1.4373509333333334
-3.2381241000000003 -2.946800533333333
-3.4045539333333332 -3.1440333666666667
-2.4701972666666667 -2.3909045666666664
-3.8551129333333334 -3.2826965666666674
-2.9383619999999997 -3.2431235000000003
-2.0834653999999997 -3.7152087333333337
-2.1530382666666665 -1.7987595333333333
-3.6238519333333334 -1.8364155666666666
-4.607502466666666 -2.7064849
-1.8460433333333333 -3.506481733333333
-4.329064733333333 -2.7584989666666666
-2.592828233333333 -2.5822439999999998
-2.4029086333333334 -3.375058166666667
-2.3567198666666664 -4.031175466666666
-3.5724855333333334 -3.0290347333333334
-3.1895598666666665 -1.5245844
-3.7093825 -1.6617089999999999
-3.741076866666667 -2.6046757
-2.8619038666666667 -2.7324113333333337
-3.1623168666666666 -1.6407930333333334
-2.8757826666666673 -2.0706496666666667
-3.600174266666667 -2.0955762333333334
-2.3733714333333333 -3.6736479333333336
-2.6663882 -2.5359385666666663
-2.2543634666666663 -3.5368379666666665
-3.3750227333333336 -2.7226233666666664
-2.8059494 -3.3270643333333334
-3.4524352333333335 -2.3388019
-3.247019133333333 -3.0517185000000002
-2.511376133333333 -2.7815559
-2.0090681999999997 -3.8739932666666665
-3.097129 -3.734020666666667
-4.160035266666666 -2.9377868000000005
-3.6310377000000003 -2.632380866666667
-3.1707478333333334 -2.1457171333333336
-3.756078633333333 -3.592076266666666
-2.9066386333333334 -4.0115355
-3.4188876333333336 -4.019676666666666
-2.713263833333333 -1.2869523666666667
-1.8330054333333332 -2.5453962666666663
-3.213304433333333 -2.666218166666667
-3.6457508 -2.899601866666667
-2.7262086 -2.639429633333333
-1.5570377 -2.877985366666666
-1.6022522333333336 -4.514462133333333
-0.8818642333333333 -3.574239466666667
-3.715063333333333 -3.2667418333333336
-3.4931251999999997 -1.7723124000000001
-4.0243947 -3.0804982
-2.4061212666666667 -3.6866139
-2.4741245333333333 -2.9251105333333336
-3.3827982 -3.0797035
-2.4365126 -2.7272584
-4.012330433333333 -1.9798066333333333
-3.163528366666667 -3.8383451333333336
-3.0788037333333333 -3.9346457666666668
-3.2227023666666668 -4.199145166666667
-2.0553835 -1.8191391000000001
-3.0296448333333337 -3.9664856
-1.478802 -3.1589168666666665
-3.8046359999999995 -2.8340119999999995
-3.1282218999999998 -3.1856263333333334
-3.5126096666666666 -3.1120566333333333
-1.6162326333333332 -3.9105232999999995
-2.823715066666667 -2.0332355333333334
-1.4757124999999998 -2.2508758
-2.8956617 -3.8285381666666662
-1.3065602333333333 -2.8051237999999996
-2.6686576 -1.7568730666666665
-4.050442266666667 -3.5710241666666667
-2.8769539333333336 -2.7601046
-3.0476644666666663 -2.062530833333333
-2.6662908666666665 -4.3974948666666664
-2.6718611333333335 -3.2362466666666667
-4.5179043 -4.8536098333333335
-2.2252339333333335 -2.9900572
-3.3731752666666663 -2.6113009
-2.4472371 -3.8552580666666665
-2.4244693 -4.875639666666666
-1.0704983 -3.9118303333333335
-3.0017698000000004 -4.051398366666667
-3.5133518333333336 -2.696568
-1.6077030999999997 -4.532926233333333
-3.5878581000000005 -3.6457537666666666
-1.8929834 -1.8315470666666667
-3.1579272666666665 -2.464824833333333
-4.049020266666667 -2.519513166666667
-2.766486566666667 -2.684253233333333
-2.3089562 -5.293314133333333
-3.9821500666666663 -2.2919982333333335
-2.019529866666667 -4.6717718999999995
-3.3359426333333335 -2.8311848
-3.3853598 -2.1321250000000003
-2.701917666666667 -2.7490287666666666
-4.7554054 -2.6064366333333333
-2.2707486 -2.7500657000000004
-2.7078305333333335 -2.9803986666666664
-3.4641535333333335 -3.2083904666666663
-1.8665399000000003 -3.3034475333333337
-2.5661346 -4.0598928999999995
-4.286722966666667 -3.8057445999999997
-2.622023733333333 -3.7967053999999996
-2.0911791666666666 -3.270399333333333
-1.5162655 -2.1097553666666666
-3.559974066666667 -3.4121902333333334
-1.308589 -2.6542223000000003
-1.8851132333333334 -2.9172469999999997
-2.8654727 -3.3170000333333336
-2.1164786666666666 -2.1542043333333334
-3.0326079 -3.4917997666666665
-3.2938503666666668 -2.247659866666667
-3.546043933333333 -3.854655566666667
-1.0850247666666666 -4.520436666666667
-3.1534275333333333 -3.0802069333333337
-3.0228410666666665 -3.172435366666667
-3.2995521999999995 -1.5544136666666666
-2.996915433333333 -1.4120314533333334
-3.3673911333333333 -1.3988557
-2.8523121 -3.0147999333333333
-2.5218314333333334 -2.7896423333333336
-1.954993233333333 -1.7697563
-1.8340063666666666 -3.132315566666666
-2.2966227666666668 -3.1412705
-2.2205511 -3.5789585
-2.2383470666666665 -4.0338261
-3.088423566666667 -2.4405274333333336
-3.0219143666666666 -2.3514350333333334
-3.090406766666667 -2.5858663333333336
-3.2131610000000004 -4.150689933333334
-3.0416554 -3.8749483333333337
-2.7195041 -2.8444069333333335
-3.4304314333333337 -3.7134183000000003
-2.7490957333333337 -1.6967908666666667
-2.584955766666667 -3.1362490666666667
-3.2955414666666663 -2.459841566666667
-2.223886933333333 -2.666577833333333
-1.1365446666666668 -4.6712979
-3.2244161333333334 -3.470753833333333
-2.522589566666667 -3.295307966666667
-2.4515595 -3.184142
-3.034678466666667 -3.613541166666667
-1.956446666666667 -2.060226233333333
-2.4962700333333334 -3.8908881999999996
-2.7684805999999997 -2.729383166666666
-2.805283433333334 -1.4074741666666668
-2.3162849666666667 -4.1251479
-2.7951143666666667 -3.651555066666667
-3.754957566666667 -2.321686166666667
-3.083993233333333 -2.8311615
-3.6870184333333333 -4.0050136
-1.9620387 -2.012468033333333
-3.171274833333334 -2.8269647666666664
-1.2291831333333334 -3.7253887666666667
-3.161571933333333 -1.5023502333333332
-2.9922615666666665 -2.4509676333333332
-2.678177933333333 -2.918918866666667
-2.5422556 -4.6485677
-2.7883596999999996 -3.8149979666666667
-2.7404966999999996 -2.0286689
-2.6551799666666667 -3.3205575
-2.7028191 -3.2090920000000005
-2.807825166666667 -2.8210656
-3.400701133333333 -2.6307696
-0.9215902666666667 -4.639774833333334
-3.7418243 -2.3267466333333333
-2.9772210333333335 -2.948940133333333
-2.7980663000000003 -3.7104598666666666
-3.2912856 -3.0992638333333336
-2.713288566666667 -4.836623266666667
-3.8431775999999997 -3.3560715000000005
-2.078892 -4.557931466666666
-2.8404445666666662 -4.110719899999999
-3.1200340666666664 -2.9817502333333334
-3.2323281666666666 -1.8878214333333332
-3.0819569333333336 -3.1091354666666664
-3.0736405 -1.9944396666666666
-3.8599547666666663 -2.9512658333333333
-2.9033162666666663 -2.4280006333333333
-2.498257 -3.386189466666667
-2.6215981 -4.4457199
-2.8335408666666666 -3.0012192
-1.8645928333333333 -1.6574788333333335
-4.2131612 -2.5446313000000003
-3.4759577999999998 -4.034404733333334
-4.0074671 -3.9225870666666665
-2.818834066666667 -2.5407225666666666
-2.427843333333333 -1.5278002166666667
-3.3823331333333333 -2.146371066666667
-3.0746933 -2.1685863333333337
-4.4997172 -2.9433061
-2.7274534666666668 -2.1304442333333333
-2.3432479666666666 -3.5083938666666667
-2.4487463666666667 -2.6219230333333337
-2.540252033333333 -3.2755385333333336
-2.6846208 -4.349746666666667
-2.0190547666666667 -3.7814513333333335
-2.044379466666667 -2.6765727666666663
-2.8522503666666665 -3.494061
-2.2293079 -4.827346833333333
-1.894906966666667 -2.8791784666666667
-2.896820233333333 -3.4745371
-2.8313442666666666 -3.5890836000000004
-2.5233368 -1.7582293
-2.841441466666667 -3.766467333333333
-1.8103194666666667 -3.8215505
-3.9130008666666667 -3.093118633333333
-1.2798674 -3.7189041333333335
-2.144093166666667 -1.9687656666666666
-3.530523133333334 -2.0193384333333335
-2.3597032 -3.6629751666666666
-3.312523466666667 -3.2793083333333333
-2.2220317 -2.2204491333333336
-2.0663604333333336 -2.9324827000000004
-1.9483524666666665 -2.3568744333333336
-3.7660780666666667 -3.0595891666666666
-2.9265885999999997 -2.656252766666667
-3.7022362333333336 -2.9037240333333334
-2.4841515333333333 -3.397185933333333
-2.156408366666667 -3.7811784999999998
-2.9365254999999997 -2.0785657
-2.9832712333333338 -3.3819114666666663
-2.903965433333334 -2.935983433333333
-2.6476176333333328 -3.175333166666667
-3.1029883333333332 -2.916951333333333
-2.150660033333333 -2.1963592333333333
-3.4554650999999996 -2.070565566666667
-1.4332240666666667 -2.4446138333333334
-3.3001983666666663 -3.501394866666667
-2.6407933333333333 -3.557035433333333
-1.1066916 -1.8962969333333337
-2.4589627333333333 -2.7539812333333336
-3.3521985999999995 -2.5083846333333333
-2.062620266666667 -2.8741948666666666
-3.0867709999999997 -2.3645967999999997
-3.3963028666666664 -2.3504160666666665
-3.006691066666667 -3.3637309999999996
-2.0915600666666663 -3.023043133333333
-3.690453433333333 -2.2423704666666664
-3.0364763 -3.910605566666667
-2.4383666666666666 -2.806776666666667
-3.1380762333333334 -2.919097133333333
-3.1207815333333335 -1.9900620333333334
-2.9145873000000004 -2.798749133333333
-1.9331803666666667 -4.670455866666667
-3.526549466666667 -1.6879659666666667
-2.4428292666666667 -3.9074662333333334
-2.6661747333333334 -4.634702099999999
-2.4028240666666663 -2.4463317666666664
-2.6215155 -4.740351333333334
-2.6051328333333332 -1.8159872333333331
-2.767468233333333 -1.7430547666666667
-3.427875266666667 -2.3979024333333334
-3.575445833333333 -3.2659299333333336
-2.043895766666667 -2.9822076333333336
-2.6048857 -2.7994957000000005
-3.0979087333333335 -3.271508466666667
-2.7059173333333333 -1.6362753000000003
-1.9111407 -4.3835025666666665
-2.145397233333333 -4.3894291333333335
-1.5282852666666669 -2.974652133333333
-3.3513066333333335 -4.7569197999999995
-2.7033571333333333 -2.967742233333334
-2.6704318 -2.170364766666667
-3.2667273999999997 -2.5668186333333334
-3.225275266666667 -2.2988599
-2.0183168333333334 -1.9253549666666667
-3.3400863666666667 -2.844630566666667
-1.4760367666666667 -3.8563660333333334
-2.0146934666666665 -1.4480410333333331
-2.8731851666666666 -4.587286333333333
-2.126160366666667 -3.4558537666666664
-3.288857633333334 -1.5271750333333332
-2.2734970000000003 -3.1299677000000004
-2.775666966666667 -4.309532166666667
-1.727617966666667 -4.245073266666666
-2.7680386666666665 -4.8709774333333336
-4.040546566666667 -3.131851333333333
-2.2696667666666666 -2.2982573
-3.2308633666666666 -4.0384359
-3.1604829000000003 -3.3231004333333334
-2.0179805333333336 -4.517251966666667
-1.7922886666666666 -2.7651953000000002
-2.1296965666666665 -3.186649666666667
-3.0969497333333336 -4.977514666666666
-0.3268308786666667 -2.5858724
-2.5296855333333337 -3.1549583333333335
-1.8637640666666668 -5.000618133333333
-2.007258333333333 -3.8850668333333336
-3.872908533333333 -3.4759238666666663
-3.161140233333333 -2.8853558333333336
-3.925477166666667 -3.451292366666667
-2.3318791666666665 -3.753291333333333
-2.4883770333333333 -2.2980789666666666
-2.913459366666667 -2.324579
-3.3347709 -3.6753891666666667
-2.935177933333333 -3.4246460666666665
-3.3400383666666666 -2.6740841
-2.336857033333333 -2.2090289333333333
-4.3783764 -1.5896142666666668
-1.13187715 -3.212763766666667
-1.5374227999999999 -2.1320740333333332
-3.245171566666667 -4.469717033333334
-3.0101316 -1.7137985000000002
-1.9611497999999998 -2.5173772
-3.4438251333333336 -2.18044
-2.2171787666666667 -4.187307533333334
-2.7385892333333333 -0.8921226966666667
-2.4008403666666664 -3.6682631
-0.4913655333333333 -1.0134483
-1.8506804 -3.7490482666666662
-3.787384 -2.7861612333333334
-3.8079104 -1.9750546
-1.3789379666666668 -3.8306050000000003
-2.5305827 -2.5307297666666666
-2.5081986333333335 -1.5303310666666665
-2.8802815333333336 -4.072899166666667
-2.1290783999999996 -2.704603666666667
-2.7075724333333335 -5.209269566666667
-3.1167732666666668 -3.0089402666666674
-3.2946566333333336 -2.355956166666666
-3.2500293333333334 -2.0917446
-2.8370604999999993 -3.0117041
-3.222001133333334 -2.820816233333333
-3.7422676666666668 -2.6785428
-2.9403270666666668 -2.6420280999999997
-2.5612645000000005 -3.5868357333333334
-3.2680659 -3.417655133333333
-5.090271066666667 -2.6228064
-1.6119475666666665 -3.3151966666666666
-3.1227429666666664 -1.8441901
-4.034158266666667 -2.259372066666667
-3.3065679 -2.9791178333333335
-3.3985572666666664 -2.0999501
-3.0296743333333334 -2.8931928666666673
-2.3792936 -1.6527933666666665
-2.0290443333333332 -2.407820833333333
-2.6247348666666666 -3.0847736
-2.4368388666666667 -1.4306861333333332
-2.228411566666667 -2.4231837333333335
-2.6045717333333336 -2.2258226666666667
-2.1146960333333333 -1.6163511
-3.5535515666666666 -2.6639190333333334
-1.6691595333333333 -2.0806260666666665
-3.2069398666666666 -2.710772033333334
-3.0352342 -2.8547307
-3.850090066666667 -2.6111546333333333
-1.8308431666666667 -1.6005566
-3.4269969333333337 -2.703172266666667
-3.9256395 -2.8458566666666667
-3.7525277 -3.5418136666666666
-2.8237427999999993 -1.6309037
-2.6662652666666666 -2.0760173666666666
-1.4659929 -3.5911878666666666
-3.6707093666666664 -3.469256366666667
-2.6293918 -3.3854433333333334
-3.374118 -3.5178218
-2.406181333333333 -4.534465900000001
-2.269168533333333 -4.1863585
-3.136348433333333 -2.422712066666667
-3.186099 -2.513168466666667
-4.073238433333333 -2.723397666666667
-2.626769 -4.351407833333333
-2.8503605000000003 -1.2397626666666666
-2.952583033333333 -1.9703613666666666
-2.4312698 -3.8041817666666664
-1.9850719000000001 -3.0970785000000003
-2.1884899000000004 -3.296838033333333
-3.0436374 -3.0338914
-0.6743803966666667 -2.6142076
-2.8352029333333335 -3.3650515000000003
-4.1136539333333335 -1.917090966666667
-3.4461914 -2.925323566666667
-4.2259566333333325 -3.6350118
-3.082705666666667 -2.4711398
-3.4058524 -3.3139823333333336
-1.3684008 -3.1832247666666666
-1.4410869 -3.8877510666666666
