-2.622098 -1.2528422
-1.3698337 -3.1765878
-2.8205204 -3.1746156
-3.2945886 -3.014452
-2.633966 -3.3693497
-3.0224342 -3.3552494
-2.7500496 -3.2597952
-2.178795 -2.2252135
-3.4847903 -3.1129663
-2.8634849 -3.5146785
-1.8391138 -3.2253582
-2.7676558 -1.887169
-2.9367013 -3.1990473
-2.3470087 -3.7048454
-3.0768766 -2.1205983
-3.5849004 -2.1768737
-3.6353545 -2.9879408
-1.6696707 -3.0493722
-2.6611881 -2.341724
-1.3436234 -2.8301957
-2.4359927 -3.9123716
-3.029087 -1.7734969
-2.2567935 -3.5825384
-1.6372122 -3.3873274
-4.3359275 -3.3725555
-2.7668767 -3.6618133
-3.7490816 -3.5410042
-2.9116669 -3.6537614
-3.149252 -2.1534197
-2.5566292 -1.9863997
-3.8600783 -2.947357
-2.5692735 -2.6128237
-1.796623 -4.7463264
-3.0074482 -2.2882237
-3.9039226 -2.557286
-2.8261871 -2.6360104
-2.703556 -2.2677944
-4.0516086 -1.8901261
-3.5403957 -3.2353287
-2.7785497 -3.0028915
-3.186576 -1.0605187
-2.1329353 -3.0642273
-1.71967 -1.1666297
-3.0409002 -2.093164
-2.9024625 -1.2533395
-3.5233507 -2.745106
-2.2151847 -1.0435243
-2.5266142 -2.552211
-3.5482302 -1.6146046
-4.052665 -3.1670418
-2.918232 -3.2275014
-2.3456483 -2.650515
-1.7945229 -4.0545864
-2.9088535 -2.9006612
-2.293713 -2.0861952
-1.7822758 -3.2943885
-1.9195182 -2.5340054
-3.162387 -2.0755827
-4.5922403 -2.5680742
-2.5318313 -2.2752564
-3.824212 -2.4802783
-3.5023508 -1.9258482
-2.4037747 -2.0170248
-3.982533 -2.0946934
-2.9062266 -3.4015663
-2.1042173 -2.329211
-2.159296 -3.885988
-2.9426398 -1.4163779
-2.2718496 -1.2818528
-0.24925369 -3.661657
-3.0853906 -3.4126241
-1.3081931 -3.5700552
-3.435769 -4.126753
-4.577688 -4.0155983
-2.5905886 -2.619583
-2.3275447 -1.9749273
-1.7256118 -2.5992775
-2.5598216 -3.7629623
-2.485322 -2.403728
-2.7156434 -2.7332842
-2.6482024 -3.0120132
-3.1285295 -1.5101804
-1.4680768 -3.4430907
-2.3873572 -1.9672297
-2.6793017 -3.0710652
-2.758483 -2.6577597
-2.7058525 -3.225768
-3.9738564 -1.5510799
-3.3005867 -3.0537746
-2.062303 -3.3085008
-2.6119514 -2.3280504
-2.0459797 -3.4374185
-2.480801 -4.4606566
-2.5530114 -3.4013128
-3.925253 -3.4689093
-3.1931982 -1.4443685
-2.6572752 -4.1796536
-3.6973581 -2.386556
-1.5234387 -2.9089181
-3.7706895 -1.3122946
-3.3753247 -3.7365513
-3.9604359 -2.9186103
-4.312795 -1.8971717
-2.5677872 -1.4425225
-3.111765 -1.0350472
-3.1531968 -3.429409
-3.3467193 -2.1051772
-2.8170586 -2.7472987
-2.3153715 -2.9110327
-3.3228016 -2.2663894
-2.764203 -2.2220607
-2.693706 -2.825117
-2.3333163 -3.2539918
-2.788394 -2.6974254
-3.9472847 -2.6972039
-3.1552472 -2.976942
-3.302834 -3.003456
-2.3035712 -3.1745493
-1.8474045 -3.3824883
-1.5171194 -2.6269503
-3.1763778 -2.3868895
-0.76712066 -3.2977886
-4.453627 -3.0626447
-2.1847515 -3.1480293
-1.4614675 -2.5137365
-2.7031922 -2.114778
-1.7660238 -2.263914
-2.9579792 -2.486555
-2.058885 -2.1522193
-2.9190373 -3.171446
-2.5970469 -2.8391676
-1.9976443 -4.374878
-3.388328 -1.4338951
-3.6958776 -3.9926195
-2.3332248 -2.9094012
-2.4555473 -3.2184007
-3.2329397 -4.0709176
-2.6676455 -2.666341
-2.796629 -3.7147377
-3.4628348 -3.5738263
-1.7362163 -1.4172883
-2.2728658 -1.8581227
-2.8850007 -2.545348
-2.5269256 -1.0169232
-2.166895 -2.742292
-1.8744729 -3.090534
-4.3010235 -4.0886297
-3.2932801 -4.59168
-3.7554846 -3.7989166
-2.5012307 -3.343088
-2.6627746 -1.7150962
-2.278358 -3.6835346
-2.4701529 -1.3347521
-1.6542096 -2.7360504
-1.9808177 -2.6239316
-1.6901819 -2.2320147
-2.0076714 -2.295787
-3.1188025 -1.6821471
-3.2350721 -1.4110116
-3.4061694 -3.185794
-2.0624032 -4.6770253
-3.6648622 -2.7883415
-3.1145697 -3.7922587
-3.1462116 -2.8307934
-4.164618 -2.852637
-1.6440332 -3.5566185
-3.336557 -2.5421476
-3.6079645 -1.9251869
-2.1513522 -2.2111726
-1.40163 -4.0292134
-2.8205357 -1.861823
-3.03028 -2.9948366
-2.1582959 -2.0546513
-2.2112365 -2.5750725
-3.3060522 -2.1843784
-3.1860166 -1.5451207
-1.9822617 -3.2271533
-3.317511 -1.1653161
-2.8448434 -3.9537234
-3.4898348 -2.3280096
-2.6955376 -2.3392596
-3.321115 -2.4097867
-3.0123029 -2.5807273
-2.1659527 -3.0340042
-2.5451355 -3.5625339
-3.22374 -1.6805103
-2.6819358 -1.7617521
-3.3955379 -2.75083
-4.9816594 -4.759033
-2.8566074 -3.9611712
-1.6635458 -2.930388
-2.076729 -2.3071437
-3.9413195 -2.4441743
-2.6432629 -1.9977082
-2.4428596 -1.2983612
-2.796249 -1.9826305
-3.4176912 -2.1027021
-3.608242 -1.5448428
-2.3226128 -3.8277633
-3.919632 -1.8573132
-2.9733272 -2.7881088
-1.9728352 -2.8366158
-2.4038181 -2.3400464
-1.7222979 -1.8959891
-2.5524201 -3.7880163
-2.3556838 -4.0829444
-2.170029 -1.1601948
-2.4061713 -3.7112446
-2.0479405 -2.9549458
-0.92513615 -2.2207065
-1.7946306 -2.7516158
-2.617702 -2.3769963
-1.5501405 -3.6086185
-2.3370137 -2.032643
-2.6066108 -3.686058
-3.212071 -2.2494984
-2.0665455 -3.4022598
-3.5508766 -2.5142853
-3.1245728 -4.0667863
-2.7069397 -1.8927001
-4.368748 -1.7529327
-2.3698745 -4.3327675
-1.7817379 -2.8759
-2.2378974 -2.7697084
-2.966631 -1.663515
-1.8714085 -3.0165129
-4.1457567 -1.5028852
-2.5659614 -3.6440055
-1.9718077 -3.4348896
-3.3057456 -3.2588184
-3.8355718 -2.4135003
-2.8600292 -2.678095
-2.749981 -2.4593108
-3.6860895 -2.123536
-3.3050847 -3.3427637
-2.7934146 -4.014005
-3.0687604 -3.281791
-3.6900163 -4.5312295
-1.6730783 -3.2264779
-3.5479946 -0.4684103
-3.4358673 -1.9647303
-3.851437 -3.9257596
-4.016808 -2.7898583
-2.4605942 -2.500381
-2.2787666 -4.666102
-3.2430367 -2.4117682
-2.9306798 -3.5436027
-2.802363 -3.1290863
-2.5881715 -2.8658965
-3.878727 -3.6565773
-2.7285366 -1.8963835
-4.0087523 -1.2494656
-3.4227223 -1.8071529
-3.2150059 -2.70779
-3.13619 -2.1229148
-2.9212618 -3.2461333
-3.1130767 -1.4641314
-2.5726519 -2.0683904
-3.5000324 -1.8741286
-1.7631516 -3.0725064
-3.4619489 -1.4801662
-3.286161 -3.3106592
-2.7173252 -1.7597911
-3.172392 -2.2654123
-3.279251 -4.163376
-3.6515489 -3.0912864
-2.5270495 -3.9834592
-2.4025402 -1.8042041
-1.7673743 -3.4232771
-3.5128074 -2.941065
-3.7957168 -2.3685436
-2.3871517 -3.9446187
-3.2198496 -2.589891
-2.2974849 -2.4864414
-2.8377838 -4.054725
-2.8802695 -1.8707199
-2.8406343 -1.7320778
-3.3343396 -3.0125527
-3.3477826 -2.4657438
-1.6485595 -1.9494834
-3.5386996 -4.245893
-1.8756487 -2.6487403
-3.2137856 -2.069948
-1.758901 -4.478356
-2.8829799 -1.0071594
-2.8187923 -3.7486744
-3.0496726 -2.6873388
-1.4305434 -2.6776032
-5.3587327 -3.9905705
-2.8829408 -2.0788817
-2.7400079 -3.0652742
-3.7218127 -2.1934109
-3.402501 -2.9617417
-4.083478 -3.9203005
-2.818316 -1.7228682
-3.855568 -1.9250807
-3.5221663 -3.7898047
-2.1902885 -4.3469844
-2.108197 -2.9950154
-3.2761283 -2.9968467
-3.3719754 -3.9230998
-2.6069393 -2.0650063
-1.710097 -3.8138146
-1.7379272 -2.7224586
-3.2952075 -3.03049
-1.8407712 -1.0544658
-2.9026513 -2.3498979
-2.1973538 -4.0013504
-1.9815607 -2.4919403
-3.6398144 -1.9999725
-2.292646 -2.0917802
-1.115473 -3.2159762
-2.7213407 -3.3952947
-2.476748 -4.116193
-3.4408622 -3.211713
-2.7337475 -2.9433184
-2.4581656 -2.5320919
-3.9543476 -2.8567927
-3.089522 -2.611541
-2.914412 -3.0722377
-3.6720123 -2.8989568
-1.5217762 -4.3514752
-1.4421563 -2.9252994
-2.132238 -3.0219412
-2.0354667 -2.1957664
-0.7976504 -4.3449
-2.2669368 -1.0024121
-2.7130818 -2.2712216
-3.8526282 -2.500903
-2.2795296 -1.7294344
-3.1988506 -4.199385
-2.1931 -3.248417
-3.559844 -2.8446143
-2.2802238 -5.383927
-4.13961 -2.4663668
-2.9990058 -1.2743512
-3.959444 -3.310786
-3.3682761 -1.8425248
-3.7570891 -2.7515311
-1.8648795 -1.1111537
-3.0285335 -4.0651984
-2.9738884 -3.3455777
-3.4747877 -2.8357315
-3.0750499 -1.981894
-2.0439587 -3.2499459
-2.3399653 -3.6827164
-3.0903897 -3.233892
-3.009251 -2.1031604
-2.8047771 -1.9962277
-2.9390912 -3.9268863
-2.253336 -3.9584975
-1.3381046 -3.8841524
-3.3974981 -3.3405025
-2.9207191 -1.7735138
-2.283846 -4.228138
-2.9791017 -2.8242016
-1.7225161 -1.8965958
-2.0959826 -2.2014842
-3.2498121 -3.5096595
-0.4977255 -2.6818612
-2.9018674 -3.1764123
-3.5809884 -2.146641
-1.7384032 -0.92652327
-1.1309512 -2.593966
-3.8186188 -2.961087
-3.1291404 -2.0076725
-2.7038245 -3.7130797
-2.4749508 -3.0685527
-2.2381597 -3.4876428
-3.7041607 -2.7455301
-2.5186439 -2.547613
-3.2958527 -1.7523503
-3.1952891 -2.788985
-2.9602013 -3.2812195
-3.492619 -2.159922
-3.4346018 -2.4021165
-2.8639908 -2.467015
-2.7467384 -2.1140864
-1.9133322 -3.7224147
-2.8680363 -2.86242
-1.0837858 -3.760736
-1.534902 -3.1155787
-1.1013343 -2.1548414
-2.9391336 -1.7326527
-2.4996595 -2.4182148
-1.7808795 -2.761072
-3.0491166 -3.169691
-2.249824 -4.770298
-3.022399 -2.8692424
-1.983744 -3.3296309
-4.4638705 -4.757916
-3.0602422 -2.8890724
-3.5947752 -3.194908
-3.7449813 -3.3631344
-2.0945606 -3.2057784
-3.2827048 -2.244247
-2.348988 -3.9763265
-2.2675662 -2.9042811
-3.4903612 -1.811348
-4.076026 -2.0965333
-2.993083 -2.7422416
-3.2610574 -1.7026175
-3.27211 -2.173147
-2.5499492 -3.4404163
-3.284645 -3.6019907
-2.9465466 -2.8059711
-3.5847077 -3.1575058
-3.808207 -2.6763341
-1.9770789 -4.254551
-2.818431 -1.7052897
-2.7616434 -1.6039371
-4.050014 -2.835115
-2.6670418 -1.8777809
-2.7688956 -1.3345172
-3.047948 -2.1231227
-2.315639 -2.5998363
-3.1821175 -1.3276397
-4.287409 -3.2776828
-2.7258043 -1.9942572
-4.078366 -2.23978
-1.2281199 -3.0834973
-2.7709641 -2.1330662
-2.0457425 -3.2638793
-2.3747187 -4.034903
-1.5684905 -1.8430885
-2.5123196 -2.4118626
-1.512575 -2.6281354
-1.4988924 -2.1665869
-2.6608653 -3.8772779
-2.3048391 -3.8122225
-1.12719 -2.8177304
-2.9993958 -2.3684475
-2.4873095 -2.6760154
-2.731008 -2.3049223
-0.60239506 -3.9350998
-2.7689824 -2.9050148
-1.9542584 -3.4134555
-1.555157 -4.5160365
-3.3774476 -1.7886882
-2.887865 -3.0717924
-2.3106122 -4.0307493
-2.3832011 -2.9912405
-2.8386917 -2.7033758
-2.2989988 -3.456482
-1.9950001 -4.0251207
-2.45087 -1.7569035
-4.2255874 -3.524829
-1.6513896 -2.192727
-2.6439009 -2.501862
-4.0650725 -2.4961536
-3.4360795 -3.0036592
-3.6266809 -2.3895597
-3.293282 -2.644354
-3.0082192 -1.9861538
-3.613268 -3.292482
-3.5272217 -3.5604837
-3.3149219 -1.8945955
-3.5936089 -3.1431808
-3.9507904 -2.4608088
-2.5067797 -3.909079
-2.5967422 -2.4055274
-3.1541991 -1.102115
-3.5894904 -2.8347569
-2.8523884 -2.6530135
-3.3823743 -2.406492
-2.3844638 -1.9010011
-2.026517 -2.1470475
-2.5867734 -3.1450145
-1.161449 -2.2005014
-1.8217283 -3.7509549
-3.0987434 -1.9846666
-2.9799218 -2.5905643
-3.538909 -2.8246894
-3.9253426 -2.5257597
-1.238384 -2.7759223
-3.3564534 -2.366089
-0.20035727 -3.975857
-0.4500176 -2.6036966
-3.4043832 -1.9851449
-1.957884 -3.2061124
-3.142295 -3.6251342
-2.078499 -1.2712014
-2.2156615 -1.3514487
-1.1031919 -4.016311
-2.1274312 -1.8532245
-1.5981263 -2.268716
-4.3763094 -5.4737697
-3.2390046 -1.3743914
-3.1529121 -2.3517544
-1.2617282 -2.7554004
-2.793684 -4.846224
-3.5974274 -2.7730954
-3.2180772 -2.217003
-2.7481403 -2.285351
-4.287331 -3.3203719
-3.8140516 -3.24242
-3.9820633 -3.2340622
-3.9565082 -1.6120449
-3.2343836 -1.3824778
-2.8986049 -4.76897
-2.386219 -3.826931
-2.1386023 -3.611058
-2.23238 -1.993752
-3.6889982 -2.77211
-2.3582816 -4.470425
-1.3158418 -4.0210705
-0.9650602 -1.7646711
-2.1974125 -3.1679947
-1.5712309 -3.2757087
-2.9642844 -1.5115701
-4.0727158 -2.0138898
-2.8207755 -1.9009838
-2.843103 -1.7880467
-3.081687 -2.5808558
-3.4112582 -3.2008154
-2.2374785 -3.3540113
-1.565813 -2.9646811
-2.46355 -2.8157363
-2.73776 -1.590906
-2.8567224 -1.5587839
-2.6701965 -2.1445694
-2.4949818 -2.7825794
-2.930193 -3.2248821
-2.7359605 -3.0441246
-1.8960855 -3.3690457
-3.3215966 -2.5320354
-2.958551 -2.470952
-2.2734165 -1.6254015
-2.7836976 -2.3022034
-2.4741874 -2.8080413
-2.1261027 -3.7187405
-2.6061988 -3.0085034
-3.4931607 -2.3613703
-3.3842607 -1.4522214
-3.1140552 -1.9221364
-2.407094 -1.8807594
-3.148932 -1.6032356
-2.152719 -2.019117
-3.0379586 -3.6149807
-3.1891341 -2.0573883
-3.3517318 -2.7310596
-1.5536119 -2.754353
-2.9632783 -2.9146225
-2.9818377 -2.001901
-2.763823 -1.6520114
-2.0986812 -2.883829
-3.2454686 -1.9777942
-2.891655 -2.671257
-3.3182693 -2.6923656
-1.4096615 -2.8974364
-2.6790438 -2.6607778
-2.7910013 -2.130312
-1.3655921 -3.765063
-2.9205885 -1.8507439
-2.8211503 -2.3880632
-1.6565481 -3.4718318
-1.718105 -4.4756308
-3.266283 -2.456346
-2.8566732 -1.9059205
-2.474135 -3.3582222
-2.918837 -2.3707147
-2.1134963 -2.405943
-2.6511822 -2.3472865
-2.653726 -3.13054
-3.1727262 -2.3893828
-2.9706593 -3.7951746
-2.841545 -2.9724727
-3.4602623 -2.2036803
-1.8593723 -3.9760294
-2.4578738 -3.569519
-2.0389993 -2.2369788
-3.063694 -3.1255066
-3.0347915 -1.9254407
-2.5565171 -3.4479423
-2.7797022 -2.4753554
-3.0475626 -2.842841
-1.8930167 -2.1729174
-3.2633061 -3.1104982
-3.211853 -2.8775527
-3.0462303 -4.311455
-3.1366224 -2.8284788
-2.2994018 -2.298992
-3.2376556 -2.7999442
-2.963153 -2.3505423
-2.2402964 -3.183856
-3.0914998 -1.7912344
-2.3994427 -2.5668344
-2.3236122 -2.1723006
-0.528914 -4.430913
-2.587068 -0.9844317
-2.9120255 -2.1387248
-1.5973167 -3.7901142
-2.978424 -3.7585263
-2.9311047 -2.2119582
-1.955733 -1.3119279
-3.2652755 -1.9416121
-1.9461241 -3.983018
-2.9503818 -3.030209
-2.5727873 -1.861602
-3.288978 -2.809049
-2.5843296 -3.5629053
-1.4068263 -2.5069273
-2.3190966 -2.0687346
-1.5450375 -3.239004
-2.2050657 -3.4213746
-3.3877997 -3.6412292
-3.645945 -2.0512543
-0.87676793 -3.0680003
-3.2580948 -1.4583578
-2.1016707 -3.202215
-2.0566463 -1.3053238
-2.8309965 -2.122022
-3.183783 -4.3160477
-3.2706776 -4.0199795
-3.7159004 -2.450632
-2.4500613 -3.2920907
-2.2699337 -1.1411468
-1.8943175 -3.714408
-2.2431035 -3.0373495
-2.93858 -3.1352155
-2.1535473 -3.7844188
-1.9258479 -2.7847884
-3.1815734 -1.1144139
-2.3873358 -3.1949148
-2.0875292 -2.6164026
-2.6299047 -2.042885
-3.8778882 -1.4220123
-3.4894934 -2.355412
-2.7966514 -2.1996486
-2.3084722 -4.4437
-2.304483 -4.785071
-2.6609077 -2.6847436
-2.3055916 -1.180187
-2.5742793 -3.1801136
-2.1057105 -2.0407743
-0.4542472 -3.1117086
-2.6194859 -1.0895648
-3.3865266 -1.7813976
-2.004432 -2.2583683
-3.0707054 -2.1933382
-3.7272635 -3.0208814
-2.85843 -2.930899
-3.4331498 -2.9666348
-3.5919266 -2.2757318
-2.8081155 -1.4110522
-3.117858 -2.350337
-0.7994125 -3.7357385
-3.2068105 -2.9772558
-1.9432664 -3.727714
-3.2750993 -1.8601967
-2.6569452 -1.6732455
-2.8624058 -2.6705828
-2.681375 -2.2929325
-2.6993628 -4.036321
-2.9248996 -2.9511337
-1.924361 -1.9836755
-3.0405588 -2.0142064
-3.1717463 -2.8510277
-3.5065613 -3.8351603
-2.1964555 -3.826808
-2.4903474 -2.2044842
-2.571742 -2.782027
-1.4210018 -3.0139675
-2.9108276 -1.7053833
-2.4999833 -2.2357965
-3.4053059 -3.56143
-2.6511068 -1.0260004
-2.0022345 -1.4425706
-2.8966022 -2.7140787
-3.4847054 -2.7396524
-2.7888198 -2.204494
-3.119988 -2.2760868
-2.277423 -2.7865837
-3.5383716 -1.3211255
-3.1867557 -2.0529113
-2.845282 -3.0803547
-2.6346345 -1.7990196
-4.1015477 -5.7346673
-1.7585124 -2.236439
-1.3352056 -2.046182
-2.797298 -5.1578255
-2.7189817 -1.8869445
-3.4291205 -3.1181853
-3.6387749 -2.746104
-1.4861021 -2.2503052
-2.8020792 -3.062349
-2.669971 -2.6923783
-1.5680531 -3.1832738
-1.8893135 -1.9314944
-2.702991 -1.8557829
-1.3303523 -3.61033
-2.304016 -1.2205621
-2.8617516 -1.6213312
-3.871004 -2.9406166
-3.3956776 -2.556897
-5.0674157 -3.0683787
-3.380641 -2.6090186
-3.5279274 -2.2686222
-1.0744739 -1.9005382
-1.6492897 -3.2112973
-2.4146943 -3.5294087
-2.36872 -2.7210937
-3.6546268 -1.9466292
-3.3360162 -2.5961995
-2.7139273 -1.9348965
-3.4084573 -3.0358033
-1.128134 -3.318647
-2.1293707 -3.2209868
-3.7596116 -3.1995568
-1.8019679 -1.3126805
-2.6634355 -2.4218864
-3.8374448 -2.2852027
-2.475626 -2.5195434
-3.6199236 -2.879418
-3.4587827 -3.2397532
-3.6021466 -1.846164
-2.9875932 -2.2988915
-3.0336208 -1.4725997
-3.4896173 -2.9776511
-2.613379 -2.0994148
-2.5210629 -3.7174761
-1.431901 -3.4620054
-2.9020047 -2.7033844
-0.82921034 -2.0908608
-2.307582 -2.8226874
-2.6111455 -1.8977833
-3.714446 -2.65894
-2.130539 -3.210311
-2.3385382 -3.0022285
-2.8062544 -2.2040517
-2.613082 -4.095555
-2.6555285 -2.834621
-1.100415 -3.3722034
-3.482439 -1.7712469
-1.4612229 -2.1124864
-2.5044832 -2.8210711
-1.8329761 -3.3378952
-2.8496447 -2.837673
-3.4459462 -3.3863328
-1.6677374 -3.7236633
-3.0329742 -2.0513868
-3.2333398 -2.6840265
-4.3901367 -2.8408422
-0.46514404 -5.128025
-2.4387012 -1.7281264
-3.1181602 -2.179716
-3.0490994 -2.0251238
-3.697352 -1.8485441
-3.2495813 -3.9657912
-2.2754683 -3.2046154
-2.5181456 -2.1070936
-2.2108223 -2.9529562
-2.9260354 -1.4652622
-3.7446108 -2.4048686
-2.3715463 -3.1245
-3.1078167 -2.8301027
-2.3243723 -1.5430789
-3.2763872 -3.2619991
-4.027042 -1.9183295
-3.5819917 -1.29453
-3.335998 -3.2554417
-2.8317208 -4.589278
-2.8456917 -1.8476318
-3.0314422 -1.7227172
-2.149539 -3.8945708
-1.9153494 -2.3775332
-2.2261946 -2.0869431
-2.8958397 -2.27353
-3.2094216 -2.0948374
-3.826354 -1.1722203
-3.2550144 -2.7640014
-2.9971356 -2.0002139
-2.5037503 -2.6847441
-2.389855 -2.7978787
-3.1218185 -4.2324395
-2.1395335 -3.6978664
-3.1710815 -3.0076447
-3.0569806 -2.9382267
-3.113944 -2.0364916
-3.2003226 -1.8249993
-2.8712869 -2.5446308
-3.362472 -3.26356
-1.5897205 -2.5066419
-3.8309355 -3.2309275
-2.2895894 -3.3040345
-1.9001791 -3.4995048
-1.7061116 -3.6841462
-2.7168121 -4.270015
-3.603644 -2.1588843
-3.3361688 -1.9369439
-2.1306071 -3.4410255
-2.7689967 -3.1054897
-2.4885168 -3.025142
-3.075275 -2.5575798
-2.6652255 -2.0975432
-3.4897823 -2.2754085
-3.769989 -2.7825232
-1.5565628 -1.6382031
-2.8705392 -2.648412
-3.0363288 -3.8258967
-3.286273 -3.0781424
-4.4672093 -1.9925691
-3.096086 -3.1558726
-2.8008394 -2.5856135
-1.0080662 -3.3517954
-3.0929542 -2.55801
-3.8962178 -2.5860116
-3.8935747 -2.2166383
-3.8135948 -2.241716
-3.2577267 -1.7120032
-3.8785558 -2.8441627
-2.464028 -2.2644293
-3.2485728 -2.4745584
-3.353465 -2.2726133
-3.646308 -1.826001
-1.8316569 -3.6454039
-3.1354156 -2.0568068
-3.7765698 -1.8619868
-2.6167822 -1.7353221
-4.180068 -1.9951063
-2.7800574 -2.752801
-2.5407448 -2.3984642
-3.4736247 -2.830252
-2.4526806 -4.1054654
-2.8799639 -4.0043817
-1.7834744 -2.961526
-2.6296763 -4.226393
-1.7899673 -3.5142326
-0.77025414 -5.3271384
-2.997589 -2.0850952
-2.8733697 -3.7185888
-3.066348 -2.2982297
-2.4223123 -2.1633742
-3.5193844 -1.9089869
-2.2800307 -3.4447813
-2.8888998 -2.7317812
-4.1752253 -2.2104752
-1.7332119 -2.0275502
-2.126903 -3.6316736
-3.786397 -2.1660886
-1.8462427 -4.4877872
-2.0505106 -3.0500546
-2.0153904 -2.0253801
-0.7748644 -2.8825746
-2.4003935 -3.0564687
-3.4466734 -2.415857
-4.264379 -2.8895946
-2.4463887 -2.7269926
-1.9319824 -3.5886788
-2.432922 -2.8665075
-3.0244946 -2.90679
-2.0073757 -3.2577639
-0.8976293 -2.0258105
-2.6459613 -3.1680565
-2.8253264 -3.1425107
-2.9126391 -2.5731819
-3.8036513 -2.708385
-3.685401 -2.3305972
-1.9637873 -1.7382858
-2.5652556 -2.8105564
-4.148663 -2.3011503
-3.4484491 -2.4699695
-2.3249912 -3.6524222
-2.351313 -2.427341
-2.4867926 -3.9702275
-3.2272916 -3.7498255
-4.529758 -3.4238276
-3.4826899 -2.612658
-1.2924818 -3.0614607
-3.2088137 -3.5974298
-3.2794318 -3.632193
-2.377223 -3.707302
-2.2122664 -2.0507355
-2.9634366 -2.9540765
-3.3042865 -1.9614602
-3.2679105 -2.0218687
-3.1599126 -2.437375
-1.944732 -0.79090726
-0.91898715 -3.938643
-3.0248165 -2.0900996
-3.3769808 -4.2125115
-3.1072278 -2.3692596
-2.2416573 -1.8028437
-3.599866 -3.1024253
-2.9075384 -1.4291301
-2.2733135 -2.757525
-3.662197 -2.7206283
-4.0386815 -2.346831
-1.9733659 -3.3282359
-1.0330721 -3.0687327
-0.6429032 -4.64654
-1.6901624 -2.6027393
-1.6612402 -3.4220595
-1.3382103 -2.572157
-0.27393085 -3.6660237
-1.5676137 -1.7708944
-2.8715663 -1.1782023
-3.077085 -3.7031488
-3.1961093 -3.3102808
-3.89545 -2.6245487
-3.4474745 -1.1642207
-2.5884104 -2.060548
-2.3721766 -2.1377017
-2.6721263 -2.8131988
-3.3180962 -2.3913405
-3.318849 -3.107153
-1.6317985 -2.2476156
-4.204785 -3.7679906
-1.8348969 -2.5804694
-2.5227985 -2.7465723
-3.142663 -2.9737098
-3.7098198 -3.0272267
-1.8632971 -3.3268402
-3.294989 -2.708678
-2.5762138 -3.3796847
-4.297163 -2.7066514
-2.813579 -2.147564
-2.1071367 -2.045663
-3.1421976 -3.0216374
-3.1614518 -1.635365
-2.980329 -2.9466012
-2.5498438 -2.8212726
-2.9740286 -2.1992748
-3.273653 -2.1641953
-2.733605 -2.500828
-3.1168242 -2.9684076
-3.622981 -2.3354893
-4.784962 -3.74919
-3.7628994 -3.247661
-1.7361724 -2.9878268
-3.0100865 -2.6661994
-0.63908374 -2.1380186
-3.0228682 -3.596264
-3.0700455 -2.7038255
-3.0454626 -1.9674712
-3.6721473 -2.1092339
-1.2303498 -2.7570179
-2.7597275 -1.4205093
-1.57648 -3.1814146
-3.4951568 -2.2783606
-3.0477543 -3.6091585
-4.0174394 -2.9949036
-2.8911614 -2.0409772
-3.9890547 -2.5796294
-3.6155696 -4.2949867
-3.6430697 -2.4647164
-2.071035 -2.905423
-2.6571193 -3.430926
-2.0808072 -2.7607348
-2.4935675 -1.6273339
-3.5643706 -3.6777065
-1.8459641 -4.0302076
-0.8609239 -4.691488
-2.7784576 -2.0822306
-2.6191373 -2.1799412
-3.5504136 -1.9732044
-2.9007587 -3.0274541
-2.3550425 -2.52752
-1.6951188 -3.6164687
-1.9734093 -1.2826886
-2.3653893 -5.1060524
-2.5551186 -2.6807754
-2.848065 -3.1878138
-3.1030707 -0.48434508
-2.2255592 -4.146966
-3.1033459 -1.9669545
-1.3811477 -1.9315054
-1.8597945 -1.7734721
-3.8682046 -2.8452296
-2.216257 -1.8902066
-3.5443592 -2.3798208
-2.1218996 -5.597587
-1.0039301 -3.0362775
-2.9926105 -3.639817
-4.0365763 -4.4025993
-3.0581732 -2.3106773
-1.5953023 -4.8563747
-4.5084867 -3.4192035
-3.4316 -1.3143613
-3.6028051 -2.488074
-3.113862 -2.2806642
-0.87970304 -3.6855462
-3.5484037 -1.7538601
-2.0238485 -2.8450193
-2.380355 -3.075789
-2.4298325 -2.2489815
-1.2978272 -2.627327
-3.754591 -2.7957754
-2.7195835 -1.7547419
-3.5596104 -0.9394244
-1.1431767 -2.2705128
-3.1838017 -3.4012115
-3.5398989 -3.1040351
-2.6751385 -2.4265878
-2.4188633 -1.5331193
-2.488194 -2.9979184
-2.8804326 -3.5492265
-2.4958348 -1.0619863
-0.72222036 -4.1338477
-0.51885265 -3.4800823
-2.564168 -2.4294782
-0.65987194 -3.1857278
-3.4285016 -3.2954166
-2.6083975 -3.4214175
-2.5255303 -2.91085
-2.6421084 -2.849731
-2.6603189 -4.4620247
-3.4442105 -2.7673872
-2.1245198 -3.7301736
-2.2369432 -3.5896077
-2.0709376 -3.8439863
-2.1414435 -2.4306712
-2.4275188 -3.226714
-1.0445571 -3.5624573
-2.4817362 -3.3313034
-1.440818 -4.3709183
-3.1607113 -2.7679317
-1.3733015 -3.2008336
-1.7132207 -3.918335
-1.785407 -3.8774686
-3.6423755 -4.0645924
-2.8009887 -1.504743
-2.129037 -3.385249
-1.5851529 -2.3013291
-1.9460325 -2.8863728
-2.9904938 -1.8036447
-2.6720524 -4.013817
-3.9415083 -2.7568834
-2.2642426 -2.4539342
-0.79638326 -2.8956206
-1.1953623 -3.6218176
-2.5780125 -2.6643462
-1.934524 -3.1631768
-3.2160082 -2.1010458
-3.398591 -1.622195
-2.553131 -2.5080829
-1.3737904 -2.9942427
-2.8196297 -1.4478408
-1.8944252 -3.0564978
-1.7970777 -2.3040621
-2.6551266 -2.103594
-1.5980482 -2.8231032
-1.9468249 -3.5615594
-3.7243829 -3.228744
-1.8366632 -3.0031347
-2.6820788 -2.467029
-2.4142332 -2.9068103
-3.0206375 -3.5791028
-2.2554593 -2.2340844
-2.9611416 -5.4310894
-3.150879 -1.4616129
-2.8750181 -2.8954928
-1.5876027 -3.2184768
-2.984406 -2.8338442
-0.56062675 -2.729023
-3.6342802 -1.7864215
-2.6648765 -1.5280883
-1.9588352 -3.4852974
-3.2804322 -3.531978
-3.350613 -2.300882
-0.06812149 -3.16242
-3.2597575 -4.5353203
-1.5830994 -4.1184893
-2.2159686 -2.9050596
-3.2208858 -2.591681
-1.5892015 -4.4511056
-1.1465824 -2.9550562
-1.7786257 -2.7750292
-2.4877381 -4.8287463
-3.2877784 -4.3714094
-2.353941 -4.658664
-1.9165 -3.4088435
-3.369007 -4.232596
-3.5947533 -2.2908378
-2.5888758 -2.5314784
-2.0917408 -2.8876052
-2.9554763 -4.118126
-2.1942186 -2.4112396
-3.1774464 -3.6929471
-2.6747093 -2.5927188
-2.3007622 -2.7709122
-2.3276496 -1.7913613
-1.9727411 -2.6286607
-3.6127515 -3.2784114
-3.3026347 -2.8142858
-3.6068177 -3.3436697
-3.4194045 -2.1882718
-2.2508168 -2.6889596
-3.572105 -3.231805
-2.7354841 -1.9651159
-2.088347 -2.0833797
-3.7923098 -2.0216131
-1.6101304 -2.774104
-0.8458662 -3.0230668
-3.872078 -2.4921954
-3.6787148 -2.3851154
-2.2235947 -2.79444
-0.82163775 -2.7974796
-2.9261026 -2.175893
-3.4066978 -2.4707987
-3.5073233 -3.2289698
-3.5103016 -2.8229752
-1.2114531 -3.6186461
-1.3405316 -2.655064
-2.2212477 -4.0262823
-0.69834715 -2.3933713
-2.5151057 -2.9349945
-3.794917 -1.8465185
-2.804256 -3.3444762
-3.2260876 -4.990732
-2.7840781 -2.145139
-1.7237064 -3.3911803
-3.6375456 -2.4376478
-3.3621035 -2.1015978
-3.5961251 -2.3214555
-2.0764198 -1.8524355
-2.650845 -3.1770551
-2.8339353 -2.7727053
-2.755731 -2.7102065
-2.3781638 -3.7183375
-3.2034817 -2.814712
-2.6655993 -2.1047442
-3.2262526 -1.6790191
-3.5306816 -2.588013
-3.3517156 -2.386823
-1.1793125 -3.2340696
-2.9609818 -5.000049
-1.359151 -4.0480814
-2.8097796 -1.5634692
-1.0351244 -3.7534587
-3.4442582 -2.2469187
-4.01168 -2.0877564
-3.4403896 -1.9316274
-1.7745272 -3.0466058
-3.196147 -3.3020115
-1.9165467 -4.252607
-3.10113 -1.3748624
-3.3386474 -1.0819002
-3.558906 -2.413792
-2.312584 -3.4399238
-2.9674253 -1.6782326
-2.619327 -2.8073566
-3.1022267 -2.7954957
-2.4881663 -1.5812066
-1.9895462 -2.7466488
-2.3444872 -3.7113078
-2.5783525 -3.022533
-2.9678183 -4.2185826
-2.6385226 -4.434825
-3.4743109 -3.5550456
-3.0802894 -3.9712718
-2.975862 -3.183388
-2.4945197 -3.1616015
-2.8500185 -3.0374253
-1.9777889 -2.3606722
-2.4079843 -3.3211198
-2.9120007 -1.6252729
-4.3458366 -1.4513483
-3.2228222 -3.3901887
-3.0005713 -1.8778737
-1.736891 -2.9480839
-2.009951 -3.211772
-3.0338383 -3.5825274
-0.8556147 -2.8115137
-2.6427855 -1.1531355
-2.3062296 -4.1890607
-4.058381 -2.3816838
-0.6192028 -3.4088905
-2.5506878 -2.590597
-3.3092952 -1.4234529
-0.29351574 -2.7665546
-2.4193387 -1.6590394
-3.3523903 -1.6906424
-5.0388803 -3.2907214
-3.0131044 -0.81145763
-1.7289782 -3.2299182
-3.5755606 -1.483147
-3.069026 -2.6021252
-2.3018312 -2.1215804
-3.0455112 -2.816101
-2.9640431 -3.1208186
-2.3302212 -4.3168063
-3.2207713 -2.1507454
-3.0481906 -2.515187
-2.1845012 -4.389663
-3.8618155 -3.052118
-2.013495 -4.166034
-1.5731002 -2.2869394
-3.711907 -2.0476284
-2.9752245 -1.2495073
-2.5049229 -2.2303674
-2.901888 -2.0652306
-2.3344688 -3.7353346
-2.8013692 -2.7163286
-2.347425 -2.9110942
-2.1001701 -2.0553436
-2.6427717 -2.240903
-1.9106808 -4.8491554
-2.8961725 -2.7847202
-3.1277604 -3.4605882
-2.504816 -4.58997
-3.8307848 -2.7365308
-2.1599388 -1.6635991
-3.525844 -2.9512718
-3.8269854 -2.121638
-3.2748237 -1.9856102
-3.6106758 -2.1699538
-3.0629716 -3.8010938
-2.83851 -2.250855
-5.144634 -3.306778
-2.0586493 -2.5716288
-4.2623057 -4.0673947
-3.4369464 -1.6679475
-3.7543993 -3.4882271
-2.9657493 -2.5734012
-2.9110456 -5.07539
-2.9387908 -2.366168
-2.6934447 -1.8678546
-1.761109 -2.6517866
-2.2284353 -2.9398258
-2.0712547 -1.4896415
-2.7921624 -3.814611
-2.6649604 -2.8715334
-2.649806 -3.570683
-3.429184 -3.3236752
-3.0336733 -4.3465776
-3.3228998 -3.1893625
-3.6355557 -2.144086
-2.5630865 -2.387228
-1.8326032 -3.9134421
-4.0548425 -1.4850584
-1.858306 -1.4504853
-1.0514019 -2.802537
-1.8385433 -3.4209373
-0.36632198 -3.3474774
-2.637632 -4.033849
-2.8637753 -2.165821
-3.0043201 -3.8948858
-2.9565516 -2.9656281
-3.5627036 -1.6822538
-3.4477258 -1.798418
-2.1804104 -2.5142193
-2.0696127 -3.2613823
-2.732904 -4.0988226
-3.1915874 -2.2082736
-3.7139778 -1.8126079
-1.5641513 -3.7118213
-2.1970296 -3.3095634
-1.4895139 -2.3345792
-2.7633252 -2.8520904
-3.4914384 -2.0661452
-2.7438154 -2.9626896
-2.6161594 -2.3196294
-2.4255447 -1.8526804
-2.8833203 -4.1370997
-2.098771 -2.3208559
-2.806387 -3.6771166
-3.3373837 -2.7859797
-1.8385134 -3.3101947
-1.4019387 -4.187629
-3.1653476 -1.8645009
-2.7402182 -2.722234
-2.99161 -2.1078587
-2.8548212 -3.2052076
-2.461779 -1.296416
-3.275896 -1.4446418
-3.0383067 -1.9834962
-2.5782928 -2.9451642
-2.3431387 -2.8303547
-3.889637 -3.8625085
-3.5973358 -2.7618237
-2.8914032 -3.5015957
-3.1361914 -1.8366075
-3.4820657 -1.466009
-2.660584 -4.5720353
-1.978309 -2.705792
-2.9107761 -3.745757
-1.8795202 -2.6266448
-2.715499 -3.9288347
-3.2586603 -2.5290232
-3.31387 -4.387288
-2.35074 -2.6461093
-3.1119413 -1.7563808
-1.7183605 -3.5361357
-2.195723 -2.9249172
-1.8792498 -3.9403234
-2.7268405 -3.5782018
-2.026349 -2.1948013
-2.847743 -3.1024632
-1.3897426 -4.318894
-1.1750599 -3.3433073
-1.5157773 -2.5602012
-2.1766758 -3.5817196
-3.2373385 -1.8419436
-3.5156856 -3.6102967
-2.7508502 -3.9681637
-1.9091139 -3.025827
-3.0059857 -1.5045056
-3.8139353 -2.598375
-3.2691317 -3.214414
-3.2239628 -1.7480695
-3.2334175 -3.1314838
-2.7070527 -2.9732268
-4.200481 -2.401915
-2.178895 -1.9321064
-2.570671 -1.1887523
-2.2573462 -3.0630333
-4.193231 -1.3054956
-3.7970366 -3.2851045
-2.8693595 -2.8273523
-2.620614 -2.9113588
-2.8395004 -3.5484664
-2.5884805 -2.4634206
-1.6753047 -3.849826
-1.8877965 -2.163304
-1.4495649 -3.8804886
-2.93191 -2.2464817
-2.221661 -4.123152
-2.1702743 -2.1395323
-2.7384515 -1.4313257
-2.157422 -4.32406
-3.3876462 -1.7004031
-3.1923509 -3.4486248
-3.5173259 -2.0164518
-0.5479902 -3.116629
-2.8044748 -2.3752604
-1.6304173 -2.3241055
-2.5543504 -3.9936268
-2.6065798 -2.9999566
-2.6690192 -1.5489243
-3.4645586 -1.9489231
-1.2133996 -1.7030784
-2.2381005 -2.2968886
-3.225153 -2.568443
-1.7339201 -2.8364034
-3.0766616 -2.1892211
-1.3745532 -3.1029
-2.2231033 -2.713883
-2.1831114 -4.3478937
-2.3550677 -2.3128011
-1.2304866 -2.3749897
-3.2424326 -3.2160528
-2.3577127 -2.8423517
-2.4528127 -1.7957283
-3.4169087 -2.632782
-1.9638665 -3.6147144
-2.3747516 -2.0059435
-3.0202155 -1.995321
-2.1763387 -2.7416854
-3.222044 -2.1575472
-2.090423 -2.9108226
-3.6238847 -2.0122013
-2.5552306 -1.4806634
-1.9023244 -1.0157479
-3.7979212 -4.2163754
-2.1401951 -3.4079247
-2.8968945 -1.9738519
-2.333506 -3.732626
-2.619608 -3.1350493
-1.3665855 -3.279864
-1.5897914 -3.1613028
-1.8601383 -3.0113378
-2.9833078 -2.8052998
-1.7695167 -1.5476466
-1.3669256 -2.8500874
-2.866249 -1.8036017
-2.7993827 -1.0327733
-2.485539 -3.7752194
-2.9945555 -2.6843643
-2.4999146 -1.0832579
-2.3841867 -2.1835809
-3.4017324 -2.0173054
-1.801653 -3.1872878
-2.2842288 -2.865078
-1.9876277 -3.7039533
-3.7150702 -0.75106955
-2.2329335 -2.1663196
-1.7424959 -3.0119393
-2.7818274 -1.3324183
-2.633813 -3.3920276
-2.4309502 -1.4547082
-2.2758222 -3.3151805
-3.2850718 -4.4521475
-2.908422 -3.4690957
-2.651908 -3.423744
-3.918025 -2.0354314
-2.991023 -2.411671
-3.9463463 -3.133874
-3.0786943 -3.7430186
-0.85595924 -2.0716715
-1.6012567 -2.894043
-2.9110355 -3.1563146
-1.8929876 -4.166307
-0.88170666 -2.0104122
-2.4650068 -1.7787445
-2.3968825 -2.435146
-1.7508925 -3.9815023
-3.1164827 -2.2049224
-2.8408408 -4.655823
-2.5410438 -2.3141186
-2.6643367 -2.4240825
-2.3373337 -3.0855126
-2.5837488 -4.1460805
-3.7652507 -2.644474
-1.7181695 -2.5596757
-2.5248008 -3.9342413
-2.6928554 -2.5666246
-0.08712262 -4.187237
-2.6670847 -3.01704
-2.9701443 -2.269668
-4.4622965 -2.9038525
-4.150759 -2.240601
-2.0860944 -5.099384
-3.7437072 -2.6093876
-2.74374 -2.403815
-2.423015 -1.2365562
-3.5323076 -2.3081775
-1.386454 -2.5399203
-2.8395038 -2.4595866
-3.7145329 -3.2176478
-2.4050999 -2.9975698
-2.3770747 -1.9184504
-2.8115177 -2.9643576
-1.5629598 -4.009044
-2.3650112 -3.9686568
-2.5651007 -2.0884542
-2.6967015 -1.7089518
-2.1139402 -4.1226025
-3.6064987 -3.2651548
-2.4758482 -4.8292375
-3.3925776 -2.74547
-3.232019 -3.569786
-3.1776052 -1.5162034
-3.5810657 -1.8566793
-2.3933887 -3.654977
-2.6269083 -2.554899
-2.792049 -3.275934
-1.5645567 -1.5309302
-1.6306863 -2.784738
-2.989349 -3.838611
-3.2688293 -1.4668438
-1.2652205 -3.6968443
-1.8872031 -3.1856532
-1.8065223 -1.3086815
-1.7800325 -1.8120383
-1.8125299 -3.5879772
-1.3702098 -4.0634813
-3.1501222 -2.3021896
-1.3370701 -2.3707042
-2.6900544 -3.1692438
-1.6342244 -4.022603
-1.5296568 -3.5797832
-3.7519803 -2.5310838
-1.455759 -3.5464036
-2.163482 -2.6189666
-2.4337687 -1.8602393
-2.9954562 -3.9525206
-2.0356445 -1.6780221
-2.308034 -2.2160819
-3.5279355 -1.7983371
-2.1920228 -5.36164
-2.660542 -2.7037058
-2.8008857 -1.9398271
-2.3952737 -4.225048
-2.125565 -2.530661
-3.6555228 -2.0029337
-0.4478746 -2.930875
-3.5594401 -2.6749039
-2.3587074 -2.9046454
-1.4478374 -2.5785425
-3.1403117 -3.5780606
-3.6536622 -2.538964
-2.41988 -2.7276049
-0.28064936 -3.4991136
-3.446138 -2.5950441
-4.017151 -2.3444653
-3.744512 -2.2295396
-2.567697 -3.819891
-2.7887812 -3.1140144
-2.958003 -1.4170988
-1.667179 -4.7085423
-3.4510775 -1.5869222
-3.6056724 -3.165047
-3.2744665 -1.9093932
-2.9637723 -2.2917619
-1.8804439 -1.7332796
-4.0951786 -3.313932
-2.6561136 -2.6252785
-1.9517002 -1.0194064
-3.2605033 -2.7658908
-0.575155 -3.4856048
-2.1605837 -3.7503533
-3.2787323 -3.7358775
-2.753683 -3.1878757
-2.7979279 -3.8618968
-1.8897028 -3.452645
-3.2541595 -2.0252883
-2.74755 -2.304416
-1.9302986 -2.6139462
-3.5917578 -1.551829
-2.8644247 -1.7686224
-2.4668536 -2.2758772
-2.236539 -2.8352127
-0.9320725 -2.7183456
-3.1033301 -3.1336567
-3.5123553 -3.640547
-2.5673857 -1.743425
-2.3352318 -1.651102
-2.779955 -2.0174153
-3.3546572 -4.204925
-3.0556593 -2.2961626
-3.0523138 -0.9756263
-2.5830288 -1.8676459
-3.4952755 -4.0344267
-2.1233776 -2.2527099
-2.5127473 -4.92472
-0.701441 -2.0932827
-4.0883465 -1.4848925
-3.6697383 -2.0439184
-3.0774384 -2.87958
-1.770326 -3.7589567
-1.8236351 -2.9930959
-2.0575368 -3.9820328
-3.9729576 -3.3757043
-3.0039802 -2.9084077
-2.8458214 -2.1739972
-4.329759 -2.706335
-2.8072953 -3.0882728
-2.1326811 -1.7529035
-3.8074646 -2.1702902
-2.1901054 -2.056369
-2.082048 -3.4286556
-3.9602923 -2.1049778
-2.199724 -4.502385
-3.071803 -2.2461224
-3.5893202 -2.233543
-2.1875389 -2.9663785
-0.9718017 -2.2098424
-0.7671049 -4.394713
-1.9798161 -2.009516
-3.0534735 -2.7270367
-1.6542871 -1.4698659
-3.0811706 -2.5226219
-2.49187 -3.5089936
-1.6735841 -2.045602
-3.2821593 -2.5065598
-2.3450217 -2.7559533
-1.9500377 -3.6313796
-1.7982655 -2.925248
-4.205952 -1.0439165
-3.2352242 -0.99386877
-3.3085542 -2.6999743
-3.1336265 -3.1002245
-2.4930024 -2.1051285
-3.8879514 -2.8995411
-2.695003 -2.9722993
-1.9402306 -3.1358747
-2.0780625 -1.710558
-3.7065167 -1.8635056
-4.113551 -2.7396264
-2.024574 -3.6293027
-3.7654228 -2.85901
-2.4541907 -2.1394873
-2.556148 -3.3583531
-1.9083321 -3.762536
-3.6499119 -3.1342177
-3.5011878 -1.1058245
-3.2834358 -1.4573414
-3.6590943 -2.9305062
-2.533741 -2.27779
-3.3594418 -1.1929405
-2.6964521 -1.9668722
-3.9810877 -1.812347
-2.3823433 -3.4033067
-2.579956 -2.1687245
-2.0126333 -3.525641
-3.1010308 -2.4596064
-2.6676402 -2.6418648
-3.3121424 -2.2032764
-2.6601763 -3.0716574
-2.014831 -2.4311779
-1.9355507 -3.6989772
-2.6207075 -3.7138848
-3.798017 -2.5418568
-3.6976428 -2.3816664
-3.156404 -1.7404698
-3.4159179 -3.4622726
-2.3390722 -3.7547479
-3.0330381 -3.5767257
-2.922894 -0.78321964
-1.9911664 -2.381153
-3.52038 -3.0366857
-3.0788703 -2.8258584
-2.324143 -2.8865883
-1.3815582 -2.7164338
-1.2500383 -4.3223577
-0.9087431 -3.2271245
-3.168654 -3.1024055
-3.5166059 -1.0915715
-3.469617 -2.9899337
-2.6811628 -3.519688
-2.396429 -2.412674
-3.2308726 -2.9558399
-2.3792257 -2.4024928
-4.0589647 -2.0674593
-3.1479402 -3.5477257
-2.6845465 -3.7629259
-3.055797 -4.1708713
-2.2178555 -1.7250812
-3.0255556 -3.7381587
-1.502925 -2.599701
-3.6765113 -2.342776
-2.9214215 -2.9835
-3.3995614 -2.5178444
-1.4766076 -3.1492577
-2.6947927 -1.9960688
-1.6389108 -2.1284592
-2.3413281 -3.5648127
-1.7863269 -2.8099058
-2.4415078 -1.113648
-3.8394508 -3.3832073
-2.4799256 -2.7818322
-3.0205078 -2.32393
-2.0744839 -4.0370793
-2.707933 -3.3100564
-4.982106 -4.841251
-2.2653146 -2.3378885
-3.3968058 -2.3775125
-2.0691028 -3.6457524
-2.5803275 -4.483087
-0.63737774 -3.8071089
-3.4995027 -3.6865
-2.9903107 -2.3090312
-1.6004229 -4.451678
-3.4265041 -3.1508253
-2.1633964 -1.5591596
-3.0953794 -2.165912
-3.1106572 -1.7801629
-2.7245736 -2.3793426
-2.4513974 -4.8892508
-3.6863713 -1.8665752
-2.6467485 -4.877142
-2.9437852 -2.3147614
-3.3509364 -1.7163559
-2.2164512 -2.6618147
-4.602418 -2.4631965
-2.1719432 -2.5107603
-2.7413416 -2.5108244
-3.0316606 -3.045816
-1.6210423 -2.8105872
-2.4633842 -3.7437882
-4.2184253 -3.4501529
-2.6608 -3.9642305
-1.8950976 -3.1219883
-1.271715 -1.7549356
-3.1719465 -3.1512449
-1.1686461 -1.8825788
-1.4550189 -2.3225334
-2.7702885 -3.2423453
-2.3747535 -1.7071432
-2.9904466 -3.3325343
-3.0848346 -2.5192552
-3.7408066 -3.7112868
-1.1399684 -3.871363
-2.9977741 -2.8282065
-2.9268851 -3.0310774
-3.2103515 -1.2277955
-3.328248 -0.9532266
-3.2306514 -1.0282935
-2.8693724 -2.9060888
-2.2760344 -2.6974847
-2.0330963 -1.2892723
-2.0038998 -2.698309
-2.079485 -2.7532961
-1.8035505 -2.790273
-2.0533905 -3.9767678
-2.983879 -2.216199
-2.8902435 -2.5096843
-2.7163649 -2.622932
-2.9173875 -4.0964274
-3.0320835 -3.4617136
-2.37639 -2.799769
-3.2588491 -3.45606
-2.7881088 -1.5261424
-2.5650177 -2.5747106
-3.451107 -2.5705454
-1.4610907 -2.5161557
-0.9417441 -3.9452004
-2.8661675 -3.2557032
-2.619803 -2.9854274
-2.5566192 -3.2771816
-2.921164 -3.4595964
-1.9988339 -2.2083712
-2.605945 -4.067741
-2.5011244 -2.5016954
-2.9892197 -0.6381923
-1.6818852 -3.747806
-2.922018 -3.3301232
-3.3241115 -1.8417001
-2.898158 -2.8343413
-3.6731253 -3.9145348
-2.0777106 -1.644496
-3.6681185 -2.8784788
-1.3509585 -3.192415
-3.137248 -1.3127229
-2.6104069 -2.0605671
-2.4674482 -2.7413359
-2.2926965 -4.3813944
-2.9412332 -3.10829
-2.4968815 -1.6872407
-2.8834543 -3.0847952
-2.5437856 -3.1034958
-2.504271 -2.7487268
-3.3697424 -2.5723667
-0.86964774 -4.3975725
-3.3970942 -2.3775775
-2.5088825 -2.6523695
-2.7062497 -3.2269433
-3.1309824 -3.00984
-2.7601523 -4.7636313
-3.4410186 -2.9355526
-1.9341546 -4.2475104
-2.3228974 -4.429578
-2.9608183 -2.754389
-3.16775 -1.6517164
-3.2533007 -3.218828
-2.7168102 -1.3768361
-3.9335923 -2.4753976
-3.203918 -2.2598376
-2.1107614 -3.1823087
-2.3976355 -4.0236793
-2.8039308 -3.0919666
-2.432992 -1.3235879
-4.0095706 -2.6610801
-3.0988455 -4.0093427
-3.8268514 -3.9416115
-2.4365463 -2.0655308
-2.0519342 -1.1232138
-3.6993575 -2.0821161
-2.5356665 -2.2491598
-4.532703 -2.9362118
-2.5630746 -1.9964212
-2.1690826 -3.1183352
-1.9343996 -2.164536
-2.4702506 -2.8274038
-2.4684472 -4.04889
-1.8715833 -3.7073987
-1.7402297 -2.5259743
-2.8213582 -3.2053645
-2.26656 -4.587362
-1.5037553 -3.1363902
-2.6398673 -3.10622
-3.252513 -3.7623546
-2.576323 -1.5526007
-2.653256 -3.5112689
-1.3437352 -3.595317
-3.7615457 -2.993627
-0.9292051 -3.90085
-1.7188107 -1.8622336
-3.5590959 -1.6508343
-2.1168048 -3.4653456
-3.1044211 -3.31935
-2.335935 -2.092751
-1.9076004 -2.8872442
-2.0803356 -2.0421965
-3.4186144 -2.9123583
-3.2617698 -2.4575071
-3.6911864 -2.9741542
-2.275239 -3.160123
-1.7651436 -3.6607237
-3.4378128 -1.5080926
-3.5796762 -2.8568718
-3.443605 -2.6219976
-2.1227298 -3.0789716
-2.6900125 -2.8680034
-2.2805824 -2.041657
-3.3902164 -2.063342
-1.5289965 -2.2107239
-3.0784593 -3.3637865
-2.5660605 -3.0682154
-1.1933116 -1.348814
-2.5428553 -2.8992822
-3.4925222 -2.358088
-2.0659616 -2.4289093
-3.3273091 -1.9682426
-3.1453876 -2.127339
-2.8468637 -3.0589714
-1.7770183 -2.5985246
-3.3441792 -1.5149248
-2.6972132 -3.596065
-2.543754 -2.5365522
-2.5073805 -2.6759346
-3.4602613 -2.024795
-2.8106732 -2.6234941
-1.8380953 -4.404683
-3.3176317 -1.5844259
-2.4965916 -3.399793
-2.4497743 -4.4814396
-2.5562873 -2.0489697
-2.6640763 -4.367917
-2.8320045 -1.4994181
-3.0750737 -1.1232525
-3.5404296 -2.3621304
-3.3706832 -2.8291678
-1.841171 -2.6607215
-2.3349352 -2.8454638
-3.2456374 -3.0735333
-2.5610924 -1.4654555
-1.7233186 -4.4596562
-2.261372 -4.2116055
-1.1858163 -2.861109
-3.410996 -4.733708
-2.804502 -3.2609086
-2.7626586 -1.7907101
-2.9807944 -2.5624192
-3.0806723 -2.1786673
-2.296051 -1.4258679
-3.3689837 -2.9247303
-1.3362495 -3.6377835
-2.2800589 -1.264765
-2.9855604 -4.4410844
-2.0117729 -3.2582872
-3.569994 -1.3684009
-2.3561606 -2.6946995
-2.3743076 -3.8014104
-1.7003992 -4.008907
-2.5471396 -4.380343
-3.934019 -3.1063504
-2.3872752 -1.9698427
-2.9484143 -3.7591038
-2.901413 -3.1639607
-1.3930644 -4.2740927
-1.6074553 -2.418703
-2.0727873 -2.764839
-3.0983987 -5.135965
-0.20415439 -2.8300302
-2.0104494 -3.4324734
-1.4452924 -4.6494184
-2.4255152 -3.3914478
-3.696291 -3.573822
-3.0789304 -2.2794702
-3.3735194 -3.2180746
-2.4086928 -3.6300347
-2.1554751 -2.1452918
-2.3450384 -2.0003273
-3.1289377 -3.4686213
-2.7439308 -2.9920082
-3.1375337 -2.5687313
-1.9341232 -1.6891096
-4.3323607 -1.9731092
-0.6803853 -3.0393205
-1.5038469 -1.8267474
-3.4243937 -4.3822236
-3.2254195 -1.3565298
-1.7173067 -3.0349996
-3.4129634 -1.822935
-2.093459 -3.95194
-2.6776214 -1.2797966
-1.9825687 -3.4586012
-0.74061304 -0.93972445
-1.9097914 -3.400326
-3.312986 -2.833964
-3.373279 -1.7741972
-1.1714963 -3.6909928
-2.783453 -2.3603346
-2.410995 -1.0148098
-2.3675318 -3.5738316
-2.2114453 -2.6503973
-2.0431983 -4.938184
-3.1644878 -2.9917984
-3.119718 -2.356221
-3.1735177 -1.883964
-2.924038 -2.9443083
-3.2507334 -2.7613003
-4.4072356 -2.3987281
-3.0036182 -2.3113995
-2.5902452 -3.426197
-2.927939 -2.9460456
-5.3768063 -2.8143892
-1.6093506 -3.069387
-3.0096202 -1.6519785
-3.9355488 -1.6783757
-2.972167 -2.7195432
-3.019764 -1.7755011
-2.6262813 -2.8459005
-2.5244937 -1.3164253
-2.5002432 -2.5361452
-2.637084 -2.9845269
-2.6905866 -1.0684311
-2.1942449 -2.2095075
-2.7990127 -1.8994293
-2.4454112 -1.3200142
-3.221982 -2.4826384
-1.09392 -1.7749981
-3.3668308 -2.2411091
-3.0654016 -3.0034664
-3.9661808 -2.5354798
-2.033341 -1.3468308
-3.197917 -2.4635408
-3.8746543 -2.826353
-4.2787614 -4.3322477
-2.774788 -1.8101672
-2.879631 -1.8871484
-1.0365019 -3.662228
-3.1661992 -3.2683487
-2.5651584 -2.7697008
-3.1492352 -3.5810182
-2.6497855 -4.6331306
-2.1700392 -3.7562516
-3.3133588 -2.222059
-2.8689423 -2.4663446
-4.05113 -2.7595282
-2.6574168 -4.1030774
-3.1492677 -0.85276145
-2.761579 -2.3782623
-2.1347663 -3.1595347
-1.7354928 -3.1200135
-2.4188166 -2.7544177
-2.7165785 -2.9128714
-0.44969583 -2.7337472
-2.7809272 -3.1709123
-3.7280364 -2.0832548
-3.5722122 -2.5704334
-4.4701905 -4.2915287
-3.2206435 -2.4887497
-3.0966334 -2.8776782
-1.1313021 -2.8452659
-1.6089652 -3.3457177
