-1.3454297 -0.054708466
1.5665206 -0.6192568
-0.3120366 -0.47821444
-0.98919344 -0.4219542
0.16594929 -0.48501813
-0.8560463 -0.27329886
0.21170917 -0.9070206
0.3078747 -0.1753279
-0.29307905 -0.52043074
1.148931 -0.181666
1.407188 -0.47103316
-0.6327095 0.7354639
0.87207234 -1.5527191
0.2843078 -1.4851928
-0.5116063 0.960535
-2.048654 0.19421534
0.23890567 -0.33941457
1.127889 -1.6041056
-1.6707796 -0.9179223
1.032729 -0.16652693
-0.24627115 -1.7516569
-0.57713354 -0.5837183
-0.49023652 -1.1227918
1.4215528 -1.0741855
-0.9632585 0.21499525
-0.10448229 -0.57124954
-1.6439558 -0.01075393
-0.33274382 -0.3307254
-0.90611863 0.669184
-0.4444935 -0.41732585
-1.5377127 -0.8520887
0.7297169 -0.12784573
1.2686805 -1.984796
-1.2609191 0.14327712
-1.2097957 -0.11748476
0.59169316 -0.006673217
-0.20275496 -0.05834511
-2.0320082 -0.33609933
-0.95351565 -0.56603503
-1.1946937 -0.08160949
-0.38997078 1.1254656
0.28458515 -0.888572
0.39663777 0.6407025
-1.1887455 -0.5800586
-1.2243198 0.34119946
-0.9171771 -1.6340219
-1.3301299 0.57068217
-0.84089816 -0.87421364
-1.9767107 -0.48976654
-0.721791 -0.35458267
-1.4125123 -0.24992351
-0.52547204 -0.9994786
0.58983874 -1.5098342
1.0047703 -0.46455765
-0.61884916 -0.21464366
-0.83979595 -2.095983
0.88522446 -0.28510493
-1.5117917 -0.6706059
-0.8471912 -0.3202043
-1.4583694 -0.19259505
-1.4923362 -0.37634385
-1.1119049 -0.2813949
-0.17647003 -0.32824814
-1.8602974 -0.2214083
-0.19261855 -0.5732092
-0.6550666 -0.41224968
0.92747736 -0.73581445
-0.37071398 1.3250378
-0.47620404 0.12679015
1.8749429 -2.5578027
-0.3869921 -0.08461526
0.8491652 -2.3110652
-1.4128015 -2.1427367
-2.3250077 -0.67936224
0.11633462 0.042622283
-0.2899466 0.5046289
0.17765883 0.0061931163
-0.34660065 -1.5726712
-0.28150737 -0.009940848
-0.6252596 -0.016867831
0.52778316 -0.17968239
-0.65084714 0.4305256
2.2638156 -0.70721006
-1.4962014 -0.9457853
-1.3325255 -1.3151306
-0.95426464 -0.6752098
-0.75738883 -0.4446785
-0.95150113 1.4978122
-2.117827 -1.0647435
0.9212326 -1.2946182
0.10068402 -0.100969344
1.0539001 -0.84382254
-0.017664298 -1.4039149
0.94059694 -0.6417692
-1.5453947 -1.3672616
-0.68286765 0.39497793
0.48568466 -1.6533711
-1.9785802 -0.6567005
0.80052316 -0.1425882
-1.2555177 0.2523172
-1.0896233 -1.7411569
-1.2021211 0.10042371
-1.1445959 0.7169786
-0.17268595 0.8274743
-0.9061817 0.8195786
-1.1415206 -1.9015037
-1.4982747 -0.52118486
0.9550879 -0.7383918
-0.055080846 -0.2934181
-0.8410218 0.046333924
-1.9392974 -1.0614402
0.4976047 0.015392229
0.41883144 -0.60031027
-1.4607508 0.7066829
-1.7333862 -0.38652405
-0.1669353 -0.83623654
-1.14274 -0.94096506
-1.4158556 -1.0447028
0.23864192 -1.1112016
-0.027267814 -1.3860848
-1.1889783 -0.6688366
1.0262812 -0.82391423
-1.8348033 -0.7361884
0.11755228 0.016437098
1.1825637 -0.44352862
-0.47748053 0.22576003
0.9866197 0.46809924
-2.0402749 -0.57225025
0.3097836 0.015604958
-0.987947 -0.87487024
0.26535085 0.5924682
-0.16821945 -1.7138556
-1.4800984 0.625519
-0.16150999 -0.70163697
-1.0377517 -0.63708514
0.56696415 -0.9123058
-0.622586 -1.8101122
-1.814081 -0.66968995
-0.18221071 -0.61451936
-0.7145076 -1.6544688
0.8484987 0.059320852
0.153851 0.3174557
-0.42925823 -0.1929276
-0.49835044 0.73849356
0.35989627 -0.19235837
0.61142087 -1.338803
-0.6933986 -0.8733716
0.17809218 -0.6484361
0.25886765 -0.71002704
0.46971926 -0.90237623
-0.61097836 0.69548213
0.7630931 -0.45150524
-0.65723693 1.024261
-0.32583484 -0.05053328
0.064223945 -0.58690983
0.2927467 0.29843748
0.40186265 -0.46308237
-1.5545417 0.3016472
-1.3322465 0.40677106
-0.6045198 -0.44714475
1.685288 -1.0659939
-2.1821363 -0.774736
-0.8141023 -1.0437552
-0.36912644 -0.80459934
-0.9274579 -0.36571133
1.0099245 -1.1004076
-1.659266 -0.75992715
-2.031718 -0.1168243
-0.29165626 -0.37509304
2.4351552 -1.1641737
-0.7672893 -0.43627465
-0.905655 -0.96376395
0.22087619 -0.37485468
-0.17625663 -0.6796147
-0.21704587 0.670588
-1.0266833 -0.00028914213
0.9308715 -0.35511822
-0.85176086 1.18757
0.35720262 -0.5160979
-0.6073859 -0.4309835
-0.39343655 -0.13875493
-0.69328105 0.07682042
-1.2733417 -0.58955747
0.4154527 -0.7059965
0.28584757 -0.8152466
-1.7475172 0.95380944
-0.049140096 0.9152071
-0.99294317 -0.86443454
0.17512414 -0.33951792
0.38056156 -1.4521644
-0.3989836 -1.514287
-0.48863703 -0.38990536
-1.0947969 -0.7724306
-1.1083674 -0.8621637
-0.2249723 -0.10094921
-1.0505189 -0.03520979
-1.7930242 0.028842285
-1.132095 0.08627646
1.0252514 -1.6247246
-0.81394756 0.3323142
-0.40177152 0.47119272
0.018914849 -0.56986725
0.008602858 0.07239331
-0.6443511 0.5781639
-0.65963125 -1.1777987
-0.07657558 -1.3390043
-1.669699 0.10401137
0.74198985 -0.58925444
0.20410731 -2.1928341
1.9177397 0.30993265
0.31453243 -0.6855933
-0.52545834 0.6797624
0.25579634 -2.5426834
0.5775039 -1.3611485
-0.40148634 -2.3855872
-1.6176355 -0.7173595
0.59464073 -0.9379106
-1.4408871 0.0973952
-0.5953638 -2.047358
-0.2935284 0.09001978
-1.2319412 0.9139704
1.9970323 -1.509844
0.65201986 -0.5615826
-0.20673396 -0.45262855
-0.96524084 0.0019046664
1.5061212 -0.40350026
-1.675711 -0.0024890602
-0.6580663 -1.3424579
0.761858 -1.0382521
-0.022111058 -0.34529787
-1.6363778 0.11955781
-1.7040653 -1.3528266
0.8224001 0.3175168
-1.2680756 0.35465425
0.62435997 -0.14898676
0.08859944 -1.5251456
0.008847654 -0.2795171
-0.15401441 -0.9623052
0.87935805 -0.8123948
-0.74816334 0.58920777
-1.1397953 -0.04246989
-0.71170986 -1.1166651
-1.1247007 -0.38130033
-0.19947031 -0.7108509
0.6182345 -2.4096673
-1.0991601 0.46236032
-1.1243085 -1.6273644
-0.11899947 -0.8097036
-0.58278835 -1.267729
-1.791857 -1.883457
-0.6162379 -0.38431907
-1.4643306 0.96757394
-0.96426916 0.7339444
-0.85867476 -0.5026127
-1.3342537 -0.61661273
-1.019976 -0.48229074
-0.664238 0.5625432
-0.15008956 0.34093958
-1.3211778 0.37551522
1.1425117 -1.3042084
-1.6134164 -0.25415486
-1.0889201 -0.933758
-0.4189974 0.08884759
0.41660014 -0.297737
-1.2629576 -0.75513285
-1.7776346 -1.2413329
0.08249262 -1.479619
-0.0074086934 0.06367369
0.38935366 -1.3955085
-1.1475241 -0.8598636
-1.2616622 -0.25696942
0.3715764 -0.5230841
-0.019946098 0.057036683
-0.8058176 -1.7278124
-1.3087637 -2.0729625
-1.0442175 -0.16296846
0.15216029 0.21919827
-0.34832042 -0.7525623
-0.79758704 -0.8106666
-0.015939191 -0.50996196
-1.1521353 -1.0851921
0.16522655 -0.037207037
-0.38104156 0.665705
1.2541635 -1.0712715
-0.09533766 1.4640203
-0.5409104 -0.91966265
-1.5326176 -0.43070477
0.7059475 -1.0625976
-1.3928012 0.057055697
-0.044437006 -0.40896577
-1.0711596 -0.577158
-0.21615218 0.3652224
-0.85480344 -0.37284556
-1.8266913 -1.7423939
-1.0331892 1.2629645
-1.2449282 0.6052669
-1.0163082 -0.40842056
0.9856378 -1.449965
-0.07590221 -1.5395057
-0.14871442 -0.05976224
-0.12562269 -1.2995557
-0.65435296 0.08617751
0.6006254 -1.7543497
1.0600753 -0.8382952
-0.89184976 -0.6700849
-0.28395596 0.33666307
-0.714167 -0.65430534
-0.20836791 -1.9986999
0.110801816 -1.2919188
-1.4415697 0.26138002
0.079087645 0.08616398
0.13321602 -0.76848304
-0.16034937 -1.0190116
-0.5249438 -1.9338917
-1.5459553 -0.7153244
-1.4946434 -1.6979252
-0.86071944 -0.109377146
-0.9042553 -0.6033685
-0.3406655 -0.35293528
-0.8544028 -0.20390007
-1.3873589 -1.4084412
0.9252329 -1.4907738
1.0605798 -0.35700864
-0.9817984 -0.6022875
-0.52946275 -1.2461203
0.09167275 -2.947846
0.4070528 1.3999071
-0.42456862 -0.4676039
-2.12008 -1.1824301
0.04985425 0.6462048
-0.43295455 -0.9544359
0.6309248 -1.262917
-0.95546365 -0.2564482
0.78839135 -2.2355776
-0.92877674 -0.4537049
-0.92364085 0.9664739
-0.93194664 0.036778465
-1.00318 0.06887068
-1.6257268 -1.0322642
-0.67975515 0.16864474
0.88554573 -0.63890046
-0.7591531 -0.62041277
-1.0558395 -0.89998364
-1.1261526 0.4183281
0.95018756 0.35465127
1.0699432 -0.88211477
0.50956917 -0.80891913
-1.4200815 -0.4604285
-1.5005491 0.2826314
-0.361772 -1.4318235
0.3735517 -1.9109551
0.86244166 -1.939004
-0.024417102 -0.11295143
-1.5768863 -0.48797363
1.021052 -1.2316983
-0.37918642 -1.0255967
2.007533 1.0492446
-0.50160897 -0.5828071
-1.8648543 -1.347055
2.7396498 -1.2243268
-0.48222178 -1.031875
-1.5343388 -0.65687555
-0.24401784 0.4713959
1.5231119 -1.5034509
-0.71072364 -0.39837515
-0.9247494 -0.19291472
-1.0788447 -1.3029176
-0.18943422 -1.7967894
0.39097217 -1.1308899
-1.3241737 -0.6130209
-0.13156767 -0.72370386
-0.20178096 0.15821116
-0.66744804 -1.352661
-0.30510968 -1.1899515
-1.5804087 -0.08985688
-1.1215512 -0.40431577
-0.99578834 -0.9922927
-0.97054243 -0.052490667
2.1304123 -0.6400019
-0.2014615 -0.9655105
2.2628975 -1.4069366
0.85581577 -2.9326801
1.2976773 -0.49280214
-1.0667975 0.41937637
-0.8972162 -1.301943
0.53244853 0.039848074
-0.49895495 -1.015959
1.2134182 -2.2133334
-0.24501577 -1.0283153
1.1783837 -0.8401715
-1.1655043 -1.7647725
0.022285372 0.3558641
0.088944376 -0.6561567
-2.0156958 -1.1053964
0.66202533 -0.45462304
-1.2128587 -0.7431852
-0.45761392 -1.1802956
0.18984807 -0.6673771
-1.7171097 -0.055515572
-1.7116141 -0.48179865
-0.11545342 -0.12747362
-1.2196233 0.33982164
-0.6226883 -0.086486146
0.54392767 -0.5328499
-1.2526757 -1.2243608
-0.8031826 -0.45665324
-2.6114807 -1.9365501
-2.5998344 -1.1745533
1.2478017 -1.2100276
-1.3883746 -0.18638319
-0.98229873 -0.043888286
-0.4276672 -0.6972665
-0.10403068 -0.09439449
-0.73438925 -0.24356684
-0.9595468 -0.23681045
-0.94495213 0.032255813
-1.7147983 0.2632175
-1.5628088 -0.9089609
-0.2843906 -0.28880823
-1.5523161 0.10276745
1.3418642 -1.603478
-1.4989847 -0.6097693
-0.03208533 -1.3883581
-0.32550752 -2.5340786
0.6213429 1.2732915
-0.02265194 -0.117482886
0.66764355 0.41201377
0.3788552 0.08915399
0.32683685 -1.3414531
1.3961315 -1.0620733
1.9172946 -0.4732616
-1.5850909 -0.9570775
0.03483379 0.18876515
-0.76402855 -0.09004632
2.8983617 -1.437885
-0.14024022 -0.87027204
-0.0261219 -1.6816691
1.3154155 -0.6139333
-1.0401945 0.5588019
0.7407068 0.12024684
-0.21965294 -1.6265439
-0.689147 0.07543625
0.14623693 -0.07016872
-0.454231 -1.6227958
-0.15237781 -1.6365387
-0.5217932 -0.50035614
-1.3396823 -1.3914828
0.368916 -0.058033183
-1.1243532 0.59368676
-1.2510128 -0.071498975
-1.4106634 -1.1773971
0.469727 0.07203044
-1.3526212 -0.16828588
-0.7697567 0.07214542
-1.8708107 -1.2969781
-1.6558061 -0.7233151
-1.7843144 0.31567997
-1.8987918 -0.7119082
-1.0413523 -0.18454899
0.6908519 -1.975488
0.10417417 0.06627406
-1.5533811 1.1375711
-2.1078944 -0.7041744
-1.392053 -0.8781209
-0.6297845 -0.007468611
1.0120324 -0.5299575
0.069805264 -0.9831075
-0.6645857 -0.86143756
0.031604648 -0.0054730475
1.5583682 -1.0231636
-0.9983219 -0.5084961
-0.51336867 -0.8996681
-1.3439524 -1.1607167
-0.5035317 -0.16131374
1.4073902 -1.3406382
-1.3453369 -0.41391492
1.3356346 -2.1821492
2.4837134 -0.42629686
-1.7794154 -0.040134937
0.7659966 -1.3185899
0.35078433 -0.94326514
0.679674 0.6746758
-0.38740772 -0.24538994
0.7397268 -1.8174713
-0.36795202 -0.067776576
0.545823 0.031726137
1.4799025 -0.7916473
-0.84847975 0.6311872
-1.291276 0.5466971
0.4908605 -0.9600245
0.8350791 -1.5492977
-1.3412555 -0.20235202
-0.41278568 -0.08616452
-0.5444976 0.0642242
-0.16678143 0.19308256
-0.95289063 -1.0721666
-1.0029063 -0.19942287
-1.2424651 0.38570607
-0.74104583 0.7605497
0.7241224 -1.1593418
1.4068803 -0.4669333
-0.8306496 -1.7704078
-0.21002397 -0.054622635
-0.9046935 0.04449518
1.5612217 -1.5589566
0.6362345 -1.271829
0.7814734 0.14056425
0.7096212 -0.40626344
0.9780936 -1.680995
-0.13288721 0.8248703
-0.5815413 0.37063527
-0.09588228 0.44237655
-1.2849936 0.50201106
-0.75445247 0.33864504
-0.039881617 -0.65808684
-0.12775594 -1.3169327
0.17414585 -0.8929645
0.36311546 -1.2336758
-0.5104186 0.5518957
-1.0959183 0.6430989
-1.1685979 -0.32308826
-1.2083616 -2.4489381
-0.9723182 -0.7877233
-1.1418972 -0.4210684
1.4954338 -1.1013888
-1.5298873 -0.60523987
-1.3106319 -0.594317
0.68672884 0.36479455
0.29781708 0.11183171
-0.66370213 -0.5606655
1.2425863 -1.2406166
-1.7827848 -1.9569197
-1.9906583 -0.48406285
-0.8286065 0.34466738
-0.14663555 -0.5089158
-0.02625461 0.5698711
-0.8971212 0.5500694
0.66496253 0.3528933
0.77627766 -0.12742276
0.3706523 -0.18904188
-0.29293314 -0.5507756
0.52999866 -0.63541955
8.828938e-05 -0.65151566
-1.2973421 -0.36145884
-0.18487813 0.5821962
0.6980356 0.045284554
-1.66785 -0.28206554
-1.2674674 0.27045566
-0.2951767 0.714452
0.6859678 -0.1713314
-0.61323434 -0.4618973
-0.37413016 0.61601806
2.3827455 -1.50676
-0.24162327 0.45691603
-0.07584788 0.26602012
0.19726965 -0.5719873
1.3713117 -1.693329
-0.7078582 0.016686305
-0.74541694 0.015467927
-0.02209732 -1.1003445
-0.13360849 0.2100688
-1.0921174 0.016077057
-0.36985815 0.29463786
-1.0499989 -1.8605077
-0.7443285 -0.61477816
0.105268955 -1.0733918
-0.020320952 -0.48169693
-0.9342772 0.5621378
0.20059702 -1.1489044
-0.97705567 -1.1298499
-0.34194538 -0.49395984
0.13761646 0.30785578
-0.36747026 0.6195802
0.4722803 -1.0202076
-1.1055422 -1.0284128
-0.99936545 -0.41347742
0.13800111 -0.37869114
0.04493922 -1.3046057
-1.5752062 -1.0277551
-0.08116405 -1.2167046
0.10705981 0.6736176
0.32986817 -0.3758358
-2.416563 -1.2337741
-1.6374778 -0.56865185
-0.7637017 -1.4141669
-1.0743432 0.05086644
-0.49456516 -1.2361766
-0.13340743 0.01409708
0.7414832 -2.929908
-0.6528379 0.45971286
-0.57029647 0.38282847
0.7126378 -0.65243846
0.12876746 -2.1527212
-1.3435901 -0.18997958
-0.023175135 0.53543293
-0.3777395 -0.035611182
0.6854907 -1.8641441
-0.684731 -1.0940595
-0.71537447 0.25485617
-0.17999002 -0.39457968
-0.41213018 -0.6889553
1.6342682 -0.6510817
-0.766402 0.12880333
1.3311207 -0.7657803
0.62097013 -0.10887392
-0.58138806 -1.065206
-0.40318924 0.0407158
2.0750153 -1.0016978
-0.84096813 0.66090614
0.4130542 -0.55637294
-0.35045725 0.37820673
-0.8595902 0.073092565
0.5628762 -1.0548228
-1.0420398 -0.9384094
-1.1202371 -0.4498623
0.712685 -0.792707
-0.43543327 0.54818815
0.26459208 -1.2483885
0.942273 -0.14379573
-1.5170069 -1.9428575
-0.45788378 -1.2774419
-0.3012125 -0.7573573
-1.120611 0.48712116
0.28803095 -1.6283017
-0.35671738 -0.19122297
-0.5244688 0.18222933
-0.9818332 0.7141903
-1.3180491 0.20054074
-1.5335759 0.101654306
0.8242769 -0.7730138
1.1016126 -1.5579791
0.074291855 0.083199814
0.03481415 0.9752266
-0.1791788 -0.50697875
-0.19458838 0.39087892
1.0709122 -1.048492
-0.25185934 1.4506295
-1.695415 -0.10955739
0.24366158 0.026929364
-1.1491712 -0.52069086
-1.3736095 -0.4858749
-1.019411 -0.21229357
-1.66644 -0.4703154
-1.7644876 -0.48188072
-0.92156684 -0.2627526
-1.0101619 -0.44744274
2.6551151 -1.8243636
-1.3587788 -1.0021936
0.637841 -1.3178871
-1.5468976 0.3657593
-0.75140023 0.9777065
-1.5724572 -1.3532094
-0.120850086 0.12416519
-0.7353379 -2.0989618
-0.5028309 -0.50691855
0.31083044 0.13771604
-0.046370715 0.94553715
-0.47189397 -0.39417583
-0.11009383 -1.11282
0.47450414 -0.94380736
0.4090539 0.20946838
-0.9435102 -0.3608991
1.0524875 -1.6065531
-0.96617234 0.40104216
0.11809668 -0.20089342
-0.084879145 -1.1987733
-1.0159874 0.8546887
0.44411418 0.16112433
0.34157845 -0.18167949
-1.8160076 -0.8234262
0.11298683 -0.6984297
-0.10065107 -0.04108137
0.6449703 -0.25425237
-1.8777589 0.09813176
-0.35121772 0.18878536
-0.14270839 -0.87591684
-1.4102483 0.14095221
1.1680917 -1.2756959
0.8372489 -0.5819244
0.8789066 0.12096895
1.9364103 -0.60677654
-0.63185924 0.3192708
-1.1719323 -1.3302261
-1.8082366 -0.53971416
1.4376323 0.11436723
-0.3422862 -0.7711218
-0.14246732 0.34756047
0.8984393 -0.3093393
0.058375508 0.028409615
-0.52880037 -0.28469336
0.8127967 -0.5145258
-0.5172564 0.40302962
-1.880509 0.1192856
-1.3507826 -0.75698406
-1.1493374 0.04781331
-1.9936025 -0.44387907
-2.1781602 -1.6599832
-1.3131615 -0.15551017
0.2216739 0.09549473
1.0258487 -1.3146093
0.12892005 -0.7019425
-0.11869131 0.0026626587
-2.0341794 -0.030055493
-0.81594896 0.078696385
-0.5258132 -0.92256576
-1.1517538 -1.5277555
0.65771115 -1.285026
0.63327765 -1.0860327
-1.6301776 -0.821495
-0.20181626 0.80121547
-0.72143525 -0.2720139
-1.8341752 -0.79879105
0.16841346 -0.6786487
-1.2475013 -0.8807619
-0.6504203 -1.1194477
-0.57335997 0.5882456
-0.83593595 0.24181129
-0.60422945 0.13023765
-1.1635057 -0.83922714
0.344022 0.65061504
0.37915972 -1.5683336
0.70102537 -1.3539248
-0.5169473 0.31867105
1.6658629 -0.25656873
-0.12486366 0.070161864
-0.87788236 0.8084617
-1.124694 -0.084210426
0.3138415 -0.8916989
0.28985116 -1.380224
-1.4208814 0.16380937
0.15238905 -1.5606505
-1.1804932 -2.0404766
1.568428 -0.8526105
-2.066742 -0.2762508
1.2442935 -0.50608337
0.05845374 -0.29488546
1.5781361 -0.4246429
-1.1434339 -0.4647144
-1.4377038 -0.7964223
1.2016792 -0.66429025
-0.80475104 -0.07362425
-0.90801203 0.29446352
-1.3129153 0.33333486
2.072353 -2.291622
0.6003063 0.32290018
-1.7242768 -0.43227383
-1.4510773 0.58935606
-1.9888294 0.010590568
1.1143227 -0.29836473
-0.4337358 -1.1379848
-0.9591075 -0.4671811
-0.16476667 -0.44123614
-0.5406698 0.67617863
-1.7239021 -0.58495545
-1.028939 -0.15864772
-1.1381938 -0.27397537
0.19575182 0.47229588
-0.62897396 -0.1534646
-1.4782081 0.6632173
-1.2813116 0.07198323
-0.33848238 -0.9355001
1.2231661 -1.4298966
-1.7918572 0.11838372
-1.2711129 0.29216236
0.077760845 -1.9289695
-0.4951354 -1.22792
0.45844224 0.25600636
-0.7197375 0.09930827
-1.8717878 -0.39053583
-1.214446 0.8143155
-0.89701223 -1.4141077
-1.6976193 0.19440798
-0.28977555 0.17178263
0.1855281 -0.23188546
0.38302806 -1.512767
0.24016783 -2.071423
-0.03502032 -1.826474
-1.8635285 -1.4595408
0.3142248 0.38031667
-0.77209556 0.32564276
-0.7574642 -0.5101231
-1.8422697 -0.15159807
0.7713239 0.081354156
-2.4742756 -1.6059215
0.09861109 -1.1971639
1.2711229 -1.5577292
1.6315329 -0.69904715
1.2012448 -1.2485712
-1.5181042 -0.51366895
-0.72360194 0.754018
0.090085 -0.5299927
-1.5633392 -0.879047
-0.6589781 -0.7904579
-2.1599107 0.018412605
-1.1641858 -0.6015819
-0.5592551 0.008479029
-1.8964463 -1.6527172
0.8782824 0.35379446
-0.8394586 -0.93111765
0.43722913 -2.0435307
-0.46242186 -0.022431493
-2.694749 -0.15277772
-1.1506379 -1.3850169
-0.9160447 -0.1413387
1.1240072 -1.9543964
-0.2967846 0.2519219
-1.6879044 -0.5403184
-1.4699895 -0.18654469
-0.43300012 1.1731775
-1.0037594 0.16059999
-1.443105 -0.7188962
-0.38492 0.0670449
-0.3781052 0.10563578
-0.6994034 0.36267453
-1.8001726 0.06474961
0.38349035 -2.032717
-0.98434305 -0.175281
-2.3363574 0.43508655
-0.5713265 0.20194928
-1.4844161 0.20430975
-0.6920854 -0.15816176
-0.69083023 -0.21960226
-1.4385688 -0.65375996
0.46543285 -1.4983447
0.44352862 -1.073893
0.8207004 -1.5233824
0.66042995 -1.1943849
0.39084795 -0.48544174
1.5316314 -2.111951
-0.73810726 -0.24236116
0.40121856 -0.70544523
-1.5198469 -0.12534393
-1.3178434 -0.24076024
-1.545765 -0.46441078
0.8780333 -1.0202425
-0.8241569 -0.06931631
-1.0614598 -0.63710487
0.29871687 0.27093565
1.2179152 -0.17433393
-1.5781174 -0.37057942
0.97562623 -2.0010378
0.7309848 0.30410492
0.5570837 0.8144221
1.5887821 -1.1287111
-0.4099717 -1.4919549
-2.3205988 -1.206353
-1.2480412 -0.2084107
-1.3195535 -0.5546101
0.53187275 -1.4865941
-1.2329605 -1.1387371
-0.6705519 -0.60574305
0.698771 -0.4316271
1.8877119 -0.3753724
-0.59978473 -1.2799596
-0.29179707 -1.371046
-1.1760778 -2.1032374
-1.2502031 -0.43409094
-0.5007774 -0.45092967
-0.03725575 -0.51566154
0.5121715 -0.8012302
-1.2002925 0.41815013
-1.2230476 -0.40375024
-1.1133071 -0.73532957
0.9627737 0.019906804
0.26586768 -1.8518965
-0.1887669 -1.8872795
-1.2169758 -0.35362348
-0.03749357 0.071417645
1.2875468 -0.29203442
-0.9279289 -1.4852104
0.2740248 -0.28574783
0.54353285 -0.68447626
-0.3739339 -0.11497256
-0.14302331 0.082663044
-2.1807904 0.09882359
-0.62497044 0.64629525
-1.754554 -0.30428976
-0.26613498 0.7654565
2.4007463 -1.5626593
0.7849921 0.72903055
-0.74074185 -0.76301754
-1.7657022 -0.84250635
-0.44188142 -0.5736702
-0.9972278 -0.15148921
-0.55067354 0.41236943
-0.9118749 -0.6863611
-3.080096 -2.2791762
-1.9365437 -0.4341734
1.0222704 -1.090038
-0.037296176 -2.1466887
2.2119164 -2.2996774
0.73014724 -1.0126157
0.5068096 -2.3539932
1.2935385 -0.7040967
2.97793 -1.1221322
-0.72750425 -0.22063115
-0.12485589 1.2791137
-0.2878557 -0.8429428
-0.056785464 -0.30693698
-1.0592458 0.39148134
-1.1324643 0.62298274
-0.36780265 -0.79521525
0.26015893 0.058334902
1.3645875 -0.20890443
-1.7578026 -0.460608
-1.002132 -1.5204529
-0.12788066 -0.56283855
-1.5279255 -1.4179016
0.48240098 -0.6418385
-0.28992525 -0.4047431
0.09373233 -0.92320055
-1.5591611 -0.8053743
0.5852574 -0.2165358
-1.4088422 -0.5398031
-1.349805 -1.9132186
-1.4478065 0.18072687
-0.4782873 0.7227945
0.48832706 0.68243104
-0.5231309 -0.73593396
-0.5224489 0.35783297
-0.26811492 0.028897122
0.24066985 -0.80274284
-0.2087331 0.22441898
-1.7349713 0.16748635
-1.2641518 -0.88716936
-1.1262338 -0.88565373
-1.9337015 -0.34572715
-1.6665971 -0.4061278
-0.4717732 -0.8906301
0.48043653 -1.5936191
-0.82951844 -0.3097227
0.2786639 -0.22131696
-1.0811175 -1.8806341
-1.3756089 -1.091809
-1.0177206 -0.30833268
-0.2803238 0.6679599
1.8665491 -0.20771638
-0.8923707 0.5491232
0.54652464 -0.87875724
-1.0368232 -0.21127912
-0.9819437 -1.7422986
-0.86176944 -0.27015162
0.16728649 -0.00041629374
-1.4150634 0.27176005
-1.7395157 -1.7453598
-0.9202213 0.095057294
0.15240505 -1.806129
-0.31132883 -0.698835
0.9949075 -0.44979495
-0.8122752 0.4439327
-0.73363876 -1.4201806
-0.30253932 -1.4123749
1.7317629 -2.233098
-1.3958795 -0.45294625
-1.4490154 -0.7734146
-1.6465116 0.099935696
-1.2329464 -1.6186985
0.22091109 -0.65260386
-0.40507448 -2.172764
-0.06757286 -0.007751465
1.6769326 -1.617598
-1.0753196 -0.91211075
-1.4002944 -0.7876281
-1.3727293 1.1945063
-0.04394929 -1.4487514
-1.2510252 -0.36956707
0.37295178 0.13891019
0.06259549 0.3935423
-0.5986901 -0.45068222
-0.10618612 0.75105894
-0.7650577 0.27693182
2.3500075 -1.8974427
1.849948 -0.9995754
-1.228406 -0.47857282
-0.6153753 -1.2588814
-0.40512288 -0.11149888
0.40760526 -2.0472686
-1.1956482 -0.8725098
-0.21461827 0.5243519
-1.6396403 -0.5945662
-0.65573925 0.09669475
0.2584817 -2.0296192
-1.311899 0.47134852
-0.09517214 -0.3631717
0.21567053 -0.5802903
-1.1388688 -0.51878387
0.17228886 -0.1948323
-1.5115006 -0.13552366
-0.0077455193 0.34866935
-1.2760143 0.9631966
1.7400663 0.17803486
-0.2786082 -0.4534995
-1.1183587 -0.41328275
-0.6133237 -0.462664
0.26257947 0.6830195
-0.07279079 -1.5084554
0.7984073 -1.1323918
-0.5989138 0.6832662
2.4794886 -2.2111816
1.5273312 -1.7566271
-0.4225883 0.1729141
2.1937556 -0.6349292
-1.4191897 -0.9709279
-0.023801327 -1.469103
0.5390278 -0.8366289
-0.41258252 -1.3642713
0.47712848 -1.5221573
-1.3531879 -0.34644052
0.16685125 -1.0955139
0.5079856 -1.2191718
1.2967778 -0.6725986
0.07868248 -0.11405456
-0.4039702 -0.9272938
1.2094592 -1.583964
-0.19597386 -1.9611505
1.3828671 -2.1197906
-0.14696276 0.048361555
0.013891429 -1.2098888
1.2590995 -1.793593
0.96636486 -1.0611434
-0.89105856 -1.4335519
-0.9761143 0.3316173
0.6624559 -1.2669015
0.67517066 -0.036476806
0.878279 -1.2232864
-0.88859904 0.483105
0.6244818 -0.8015545
-0.44091195 -0.54169923
-0.04940179 -0.19169262
1.2168548 -1.0194554
2.2901301 -0.7200667
-0.3274443 -0.74964374
1.3732815 -0.18789509
-1.7183417 -0.39491802
-1.1609441 0.21769841
-0.71940225 -0.07408024
0.71261394 -0.66831666
-1.1343306 0.20181774
0.8408878 -1.1809483
0.18608245 -0.46619418
-1.7007917 -0.5171847
-0.6182828 0.4296378
0.9195957 -1.2114563
0.20942986 -0.5780063
1.0126245 -0.33244622
-0.70843124 0.103529856
0.59200835 -1.0168167
-0.3123635 -0.8916881
0.2617481 -0.14450467
0.15723535 -2.1161392
-0.18625276 0.7711765
0.40226623 0.85824317
1.581646 -0.8697905
0.62514377 -1.3626254
1.5837224 -0.50525427
-0.7573489 0.16462551
-1.0010052 0.3327682
-0.21058065 -1.5406169
-1.1107985 -1.2074366
-2.0554326 -0.079443306
2.7919836 -0.98664755
-0.2594 -0.71032006
0.23727098 -1.8650724
0.33754256 -0.53152233
-0.9150814 0.09906416
1.7730082 -0.88476884
1.674397 -0.7367321
0.83764577 -0.6865904
-0.3061841 -3.0531092
-0.24485911 -1.2126213
-0.11535989 -1.736034
0.9878746 -1.6553147
-0.7549069 -1.2795546
-1.5969863 0.18753405
-1.7364323 -1.4888843
-0.6998782 -1.3243293
0.13937378 -2.3823562
-0.17085102 -0.09746534
0.060664862 -0.54512405
-0.8906863 0.12501948
0.116978794 -0.88362086
-0.3329597 0.39555603
-0.05274616 -1.6238817
-0.4783867 -0.6424209
-0.8110055 -0.18614687
-1.1669512 -1.1973697
-1.7945335 -0.34620887
-0.08727707 -0.9047827
-1.1827052 -1.1188842
-1.1114943 0.51635265
-0.15821919 -0.15362683
-2.3123064 0.111681476
0.4728882 -1.0692319
0.63103616 -2.0946271
-0.96429944 -0.2106632
-1.6845754 -0.44146252
0.9127985 -0.7907329
0.36390564 -1.2315562
0.101475686 -0.024804711
-1.9735712 -0.904362
-0.4945049 -0.54967606
-0.47400942 0.09196128
0.918692 -1.3683907
0.48338726 -1.5344543
0.7547543 -1.7559052
0.69313025 -0.28558415
-0.78119886 0.032418177
-1.116395 0.57621634
-0.27660218 -0.98917407
1.2396431 -1.0378064
-0.6477543 0.37101877
1.5178214 -1.7537287
-1.2827622 -1.22672
-1.9606048 -0.2730052
-0.63290715 -0.3641073
0.5809504 0.8214548
-0.90394723 -1.1344187
-0.7797717 -0.8287138
0.7924609 0.03116627
-0.32463017 -0.8878158
-0.58164585 -0.1482923
-1.0280036 0.3735751
-0.28618076 0.32910627
-0.47570515 -0.738152
-0.52214175 -0.31313258
2.759457 -0.7131717
0.91797745 -2.009226
1.4347584 -0.35367072
-0.50606996 1.0229722
1.8589133 -1.2359296
0.2936162 -0.9276097
-2.2915242 -0.019392073
-1.0759546 -0.5346494
1.0445164 -0.29053444
-1.6714052 -1.1564615
1.122128 -0.9623867
-0.68519115 0.7237814
-0.30479658 1.0240023
-1.0499753 -0.36324447
-0.2140687 -1.5010756
-0.11154829 0.44742227
-1.1470338 -0.9564897
-0.6510651 -0.5979755
-0.12373647 0.09243445
-0.82662165 -0.61564046
1.0665854 -0.8336742
-0.33761573 -2.1237211
-0.49217308 -1.2537462
0.74044883 -0.7345136
-0.47822097 -1.1568093
-0.68921965 -1.5230436
-0.98196316 -1.1951419
0.43671992 -1.3148315
0.6485981 -2.1051376
-0.649889 -0.81453294
0.4892852 -0.61059767
-0.6392718 0.14119847
-2.3477802 0.019821241
0.123936236 -1.2508881
0.1695995 -0.010723546
0.68763363 -0.88665193
0.56195295 -1.9255737
0.4986234 -0.92127454
1.7394539 -1.1244022
-0.17648798 1.2049032
0.33309987 -1.5513813
-1.8124974 -0.31882733
1.2883732 -1.3967034
0.12825286 -0.77550805
-1.4608148 -0.041459545
2.2348127 -1.3346255
-0.8281443 0.41958213
-1.3953053 0.49249828
-1.1946397 0.7918045
-0.85038173 1.223403
-0.106946245 -0.5512836
-1.0884154 1.1097358
-2.5521529 -1.3549299
0.17273113 0.29591465
-1.394792 -0.36600322
-0.7624022 -0.57569575
1.038994 -0.61770743
-0.34069252 0.17567725
-1.3853323 0.6108978
1.6999747 -1.455073
-1.1527735 -0.838812
1.1400534 -2.2907982
0.54480743 -0.7766628
-1.5671023 0.5700268
-0.7477906 0.57496953
-0.4843896 -0.5237298
-1.459317 -1.3804177
-0.9389515 -1.7279232
-0.9716903 -0.94197166
-1.0794033 -0.6747265
-0.31435615 0.02215068
-0.59082973 -0.3106785
0.2845712 -2.6800213
0.06409964 0.07345329
-1.2005867 -1.6696011
0.6262412 -1.1860421
-1.0655236 -0.17410144
0.102169216 0.4085086
-0.35365212 -1.4792504
-1.7836848 -0.31575993
-1.981479 -0.036073253
-1.7906051 -0.27472517
-0.5855006 -1.3463358
-1.4716405 -0.031841904
-0.80113316 0.41099894
0.3609129 -0.8595002
-0.82459414 -0.4146716
-1.5115451 -0.1965794
-0.56422853 -0.5744692
-1.3079841 -0.5536632
1.4072906 -2.1527646
-1.255466 -0.13419598
-0.51721865 0.814457
1.383766 -0.36824465
-0.16394384 -1.0765754
0.21280324 0.7672593
-0.9927161 -1.7982417
-0.20589629 -0.9993078
-0.041669816 -1.0151118
-0.8643327 0.6060446
0.89626074 -1.3302631
-1.1619931 -0.8332105
-1.1650637 -0.049775675
-0.332498 -0.7338387
0.49218944 -1.1620505
-1.9409941 -0.65954053
0.23347124 0.09869678
0.69663036 -1.0640918
0.48549744 -0.79266167
2.04144 -0.32296324
-0.92975605 -1.7100378
-0.89424765 -0.07741952
-1.0116181 -1.0404172
-0.42490774 -0.6533789
-0.7143488 0.8298374
-0.5016639 0.2885751
0.56616294 -0.45544666
1.8278359 -0.86999905
0.6350924 -1.5490279
-0.16255887 -0.5778944
-1.6442163 -0.23999947
0.6442549 -0.6335339
-0.31004417 -0.58809656
0.6407387 -0.8261496
0.095416605 -0.36207658
-1.084786 0.36935186
0.53088975 -0.3467987
-0.10317582 -0.09003495
-0.36571524 0.35816103
-0.14336145 -1.460422
-0.60874563 -0.54862857
-1.4955993 -1.9454596
-0.9413121 0.19589756
0.62710214 -1.0193803
1.3629817 -1.4093899
-0.42797673 -0.10333337
-0.8182545 0.8182314
-2.0162263 -0.351166
-0.98827946 -0.4442898
-0.53575146 0.90390116
-1.2346787 -0.10072529
-0.8783468 0.5599645
-0.15378618 -0.9062879
0.5542824 0.06309165
-0.76148975 -1.051759
-0.9029622 -0.5497267
-0.8583758 -1.9762553
-1.4116405 -0.7816905
-1.2866253 0.51483196
0.30971792 -1.2400924
0.55585194 0.106177226
0.115311 -1.2716987
-0.06424619 -0.64005774
0.89458 -1.2760364
-0.7489307 -0.7831775
1.4769877 -1.0564414
-0.43629292 -0.95034117
-1.1362438 -0.20219749
0.00793764 -2.1186874
-1.4765743 -2.2226846
0.44644704 -2.9430566
0.079583436 -1.9167727
-0.31340766 -0.102480575
-0.74743176 -1.0369008
1.9102675 -1.3195341
0.781778 -1.1914932
1.5562094 -0.3441106
0.037688017 -0.52017885
-0.70532715 0.6441091
-0.23937626 -0.7371965
-0.30964285 -1.7576112
0.88330054 -1.7479037
-1.0271542 0.569813
-2.2342553 -1.4706893
-0.08118002 -0.59529877
-0.9213526 -0.3940894
-0.4583575 -0.65936196
0.07453871 -0.40757102
-1.7743156 0.32614064
-0.519386 0.2824781
-0.22003278 0.9451907
-0.9521085 -1.2429103
-1.7987732 0.6700732
-1.0254674 -0.63651466
-1.0636207 -2.0940754
-0.5650378 0.21865688
-0.8388492 -0.39789104
-1.3247042 -0.16441382
0.9713125 -1.1684607
0.34609964 0.2821629
0.230842 -2.759575
-1.0650836 -1.9118501
0.23380733 -1.5297939
0.76888573 0.06878604
-0.8039875 0.33172297
0.7898222 -0.88718104
-1.9728484 -0.2874108
0.032235533 -0.19208635
-1.1310354 -0.007173881
1.4271479 -1.5441805
-0.54993963 -0.78530645
0.99787784 -0.16202316
1.1645284 -1.8307053
-0.20189084 -1.301735
-0.7953937 0.008755311
-1.4949217 0.41419077
0.48491892 -0.14701626
-0.9203272 0.46767265
-0.07840821 -0.4195458
-0.7419903 -0.4261682
-0.19643678 0.45607293
1.5672019 -1.5277333
0.08863574 -1.09799
1.5736946 -0.8704433
-1.8630412 -0.36605462
-0.74350727 -1.6243874
-0.966969 -0.14563602
1.0743805 -0.66479367
-0.16007942 0.6744326
-2.5054877 -1.7013613
0.28925154 -2.1194346
0.6740434 0.849328
-1.1110635 0.33241612
1.1572391 -0.49205828
-0.8319547 0.08012436
-0.52464795 -1.4129212
-1.2598596 0.051368818
-1.1491797 0.09725781
-0.77496386 0.26259035
-1.4807848 -1.5142733
-1.0244818 -2.2590685
0.029536039 0.8254189
0.9262458 -0.74607295
-0.5693338 -1.2779982
-0.189955 -2.075996
1.0863625 -1.1346732
0.73933256 -1.132595
-2.0898829 -1.241438
-0.21323538 0.42196614
0.78979707 -1.041633
-0.2402605 0.32714576
-0.101560965 1.6065892
0.44360045 -1.9083333
-0.8647691 -0.93708897
-0.3023159 0.5499404
0.8063297 0.12996663
-1.284141 0.342283
0.10250032 -0.8513567
-0.13701445 0.62280786
0.21480921 -0.27134556
-1.7360619 1.5764196
-0.46459717 -0.4185716
0.9604999 -0.74408025
-1.077137 0.9849816
-1.0277288 -2.0162554
-0.37936008 0.24998923
0.6752088 -1.0837101
-0.32626826 -0.9535166
-0.046336874 -0.97337335
-1.0868615 -1.7626662
-0.9242077 -0.048978493
-0.5785177 0.28017336
-0.7781688 -0.8269542
-0.42911434 -0.79786813
0.11040291 -0.080023885
-0.9909996 -1.4343358
-1.619334 -0.8449548
0.82628274 -1.218181
0.9495746 0.8795921
-0.87359977 -0.0898664
-1.2006655 -0.36968166
1.6412865 -0.7558098
-1.993672 -0.836992
1.418433 -2.2802224
-0.9734577 -0.77462006
-1.8523587 -1.633041
0.06005019 0.047468677
-0.44297588 -1.8408728
-1.1130837 -0.3223579
1.0992064 -0.8763987
-1.160135 -1.2305022
-0.0016486496 -0.80510986
0.53773654 -1.1766989
0.4832091 -0.027458906
-0.8751813 -0.21045506
-1.1862732 0.16263129
-2.0536773 0.008410081
0.027709782 -2.5914621
-1.3150609 -0.40787354
-0.20487759 -0.5624969
-0.06598653 0.77052253
-1.2997335 -0.6109155
0.68917775 0.54842436
-0.6750761 0.1814845
-2.261919 -1.1703372
0.06807789 -0.8660803
-0.9210453 0.38414878
-0.34059864 -0.16259903
2.1501753 -1.8908868
0.20098981 -0.61920255
-0.38624412 -0.34919828
-1.5388767 -0.21151991
0.8246554 -1.6946843
-1.1105425 -0.6182187
0.45429477 -1.2674019
-1.2343445 -0.007528901
0.21330199 -0.56760466
-0.76340604 0.35183632
-1.3094945 0.90075177
0.052654535 -1.0654131
-1.5274515 -0.27955157
-1.2781161 -1.37246
1.8178655 0.11985166
1.2123779 -1.0547729
-0.41313004 -0.87004215
-1.2439086 0.51249677
1.0853132 -0.86052567
0.023244321 -0.6342639
0.2453162 1.0769817
0.42638806 0.5071992
0.41929087 -1.0733458
3.0023792 -0.988296
-0.7524307 -0.53795797
0.50996566 0.24864589
-2.4623804 -1.7152607
1.4432803 -1.5704645
0.8097348 -1.7943268
-1.573497 -0.7186618
2.1637142 -1.2190801
-1.0076616 0.2767831
-0.21127816 0.15986837
-0.035604373 -1.3004172
-1.2105587 0.61679786
-0.4950418 0.3621801
-1.1407168 -0.05449663
1.275196 -2.5622425
-0.7995682 -0.3118497
-0.4653787 -0.3255849
0.9027283 -1.1774511
-0.29093358 0.12459014
-1.1901956 0.07438968
0.53425276 -0.87257063
-0.5632679 -0.050452337
1.1727659 -0.41921604
0.9036875 -1.1213992
-0.2124657 -0.98220503
-1.9905328 -0.05654183
0.41175255 -0.7350159
1.7474878 -0.8250455
-1.4383214 -0.15036215
-1.9732567 -0.534587
-2.0424178 -0.80042255
1.2241004 -0.5220317
-0.008677483 -1.2187647
-1.6222202 0.7072009
2.3251584 -1.6894901
-0.3786105 0.5705191
0.06947434 -0.7145593
-0.800558 1.1754891
-1.218551 0.036543325
0.025966614 0.36254078
-0.90977633 0.42443776
-1.0007706 -1.4393708
-0.09946267 0.9912203
-1.6718372 -0.8373585
1.3791702 -1.1337799
0.67161477 -1.1891584
-0.37275293 -1.0656695
-0.60760367 -0.9069627
-0.7788459 -0.9256435
0.21852851 -1.6439618
-0.8938769 -0.045039013
-0.76563585 -0.5296294
-0.01819627 -0.15926476
-1.2182099 -0.18339303
-0.643916 -0.1927017
-0.9770632 -0.8753401
-0.780766 -0.70403075
1.046431 -1.2860824
-0.83181334 -0.70028234
0.15087283 0.33361852
-0.87994444 0.09706275
-0.15400302 0.44297183
-0.77175725 0.4877652
-0.3416958 -0.24238454
-0.9903486 -0.8575619
-1.1484119 0.1995718
-0.16352248 0.61421794
0.15988141 -1.82373
-0.15991677 0.07620175
0.6972419 -1.3212302
1.4064591 0.19673897
-2.1710615 0.42716378
-1.6735011 0.17349999
-1.0094386 -1.5705506
1.5718424 -1.2806451
-0.25230208 -0.46309114
0.99320734 -2.278173
0.24584243 -0.24495551
-0.6905495 -0.5828604
-0.8522239 0.16801597
-0.7626885 -0.54622537
-1.6543074 -1.2976373
-0.11011143 0.7013091
-1.9455838 0.08613409
-0.5335914 0.18293963
1.623373 0.28185534
-1.6899881 -0.0877265
1.4795498 -2.221099
-1.4320834 -0.014985234
-0.98702157 0.47590268
0.04537216 -0.7537239
0.801566 -0.59729064
1.4460664 -2.2777898
0.28565416 0.16503574
-0.92459154 -0.7710076
0.5823246 0.64132357
-0.67948544 -0.7872341
-0.17495686 -1.1302979
0.16800115 -0.30735108
-0.84095836 -0.624777
-0.13962376 -0.72870576
2.1220603 -1.0120403
0.38938174 -0.9897177
-2.030704 1.2822239
-1.7001936 0.6588507
-0.34650275 -0.5334766
-0.86145294 -0.9979617
-0.6747757 0.1467524
-0.5839498 -0.0017983168
-0.59328884 -1.0066516
0.095053315 -1.5126479
0.0022498071 0.97490305
-1.8441129 -0.044945568
-1.58228 0.3091123
0.64219856 -1.4392915
-2.363634 -0.67866814
-0.6331763 -0.57283765
0.4056193 -0.7320566
0.65521705 -0.70734227
-0.4290732 0.24095683
-1.0839682 0.9415166
-1.0249364 0.25112802
-1.825701 -0.6714162
-0.41972494 -0.17116219
-0.69984853 1.2514038
-0.60172975 0.17690559
-0.9865781 0.5417969
1.1019648 -1.0145426
0.113539815 0.31533998
0.45485428 -1.9938713
-0.27988 -0.70677644
-0.92320776 -1.5347083
-0.5377017 0.41093022
-1.553715 -0.75225097
-0.62297446 -0.37988532
1.1027856 -1.3678383
-1.0322015 -2.4343886
-2.1990466 -0.67716014
-1.0646876 0.22719209
0.088994086 1.2829429
-0.26923537 -1.030569
-0.28726396 -1.2139019
-0.26372138 -1.5121493
-1.1445707 1.0853385
0.3873094 -0.18740727
-1.7722142 -0.6281051
-1.6690731 -0.40474945
-0.27505797 -0.23194537
0.77643526 -0.6732461
1.3506799 -1.6182685
1.5043194 -0.2864334
-0.97669804 -0.66078633
-1.2189975 1.1307895
-1.7737343 -0.9390463
1.0941726 -1.0940229
0.4785526 -0.04472311
-0.48354876 -0.86952555
0.36655417 0.34536546
-1.5472962 0.27423203
-0.14005941 -1.4839602
-0.5811765 -1.3786738
-0.44207153 -1.7027663
1.1419458 0.4561758
-1.528076 -2.4027805
0.9024097 -0.5485618
-1.8430886 -0.6698512
-0.8869772 0.2674728
-1.1404849 -0.2580263
-0.21372356 -1.6347848
-0.6629622 -0.0127693415
0.5137454 0.028314903
0.17525718 -1.1786021
0.988973 -0.8352561
-0.6324285 0.8921326
-1.2841043 -1.0232455
-0.9096652 -0.46187264
-0.9620689 0.65577465
-0.26474115 -1.9159621
-0.398804 -0.34712413
-0.114106834 -1.0794283
-0.6067172 -0.5603774
-1.19054 -0.5582655
0.048485518 -1.1921271
1.6019592 -0.8612687
2.3783393 -1.5582846
-0.39280075 -0.7621531
-1.3269155 -0.4693485
1.6931567 -1.4866433
-0.9910035 -2.0623324
0.27856746 0.5743018
-2.2699223 -0.959081
-0.49308807 0.2774623
-0.51791143 -0.18702379
0.6345378 -1.7099466
-1.4404818 0.4845667
1.9016093 -1.1722081
-1.7219256 -1.1453016
-1.2656105 0.29248077
-0.8552104 -0.48938024
-1.6641806 0.5570351
0.8180257 0.18224715
0.021740437 -0.58202565
-1.0169297 -1.0120082
0.51560426 -0.7561177
1.0369962 -0.8656154
-1.4603746 -1.2781472
0.39237896 -0.86652774
-0.45568487 -1.2131444
-1.00878 0.22333117
-1.9539086 -1.2791432
1.6089574 -0.7431535
1.39665 -0.5262622
-0.8500024 -0.8795381
-0.64185464 0.04188244
-0.2895728 -1.3284551
-1.4724271 -0.52125937
-0.45280892 -0.8095763
0.8692275 -1.3635658
-0.76807463 -0.3744282
-0.6346749 -0.6161143
-1.2893488 0.4446439
-1.8977305 0.43236232
-0.74131966 0.7093674
-0.77398086 -1.1478468
-0.21292192 -0.89678144
0.13370997 0.21094786
-0.058660626 -2.5237103
-0.082698196 -0.69270027
-0.5234041 -0.6617299
2.0661077 -1.2529185
-0.5342994 0.42637032
-0.6949924 -0.6550622
-0.8746501 -0.2561554
-1.7463325 -2.1030908
-0.8033279 -1.151655
-1.1441875 -0.03547384
-0.8814503 -1.3184555
-1.0471346 0.08816235
0.4742237 -0.18567967
-0.78515935 -0.08928417
-0.5243434 -0.2890247
2.519197 -1.5054926
-0.11301765 -1.0882314
-0.18706661 -1.670681
-1.0962435 -1.0804268
0.14492163 -0.7786382
-0.25803497 -0.38645408
0.41130987 -1.6605377
-0.59790504 -0.13801098
-0.7837577 0.9179036
1.1178817 -1.5337117
0.835207 -0.7663274
-1.6134523 -0.3537606
-1.0728487 -0.5798686
0.22810173 -1.1789398
0.070117086 0.1260746
-0.6458452 0.08607085
1.1439357 -0.93081516
-1.366081 0.6012695
-0.45590672 0.5572687
0.7632667 0.22040318
0.51660025 -0.9946988
0.46379444 -0.87708277
-0.8633374 0.013084874
0.3947452 -1.0989606
-0.71839106 0.059223846
-0.048404634 -0.5703282
-1.7363031 -0.8243786
1.1632981 -2.6678274
-1.0757465 0.68623835
-0.8705994 -0.8134077
0.4520447 -1.2501141
-0.7132951 -0.4549964
0.6738652 -1.6571009
-1.0426826 -0.53717786
1.2599663 -1.4815114
1.1944306 -1.2046422
0.54665613 -0.30271366
-1.4374014 0.7514485
-0.45604908 0.3078648
-0.5579624 0.8716735
-1.239017 -0.04317768
-0.13353571 0.6727119
0.55604446 -0.4053601
-0.48452896 -1.8582772
-0.7091863 -0.12463714
0.493019 0.94733006
-2.2430894 -0.6601638
-1.4232534 -0.9491527
-0.99311864 -1.1769143
-0.19437337 0.3333702
-0.69796944 0.5389322
-1.9287138 -0.28228933
-2.148801 -0.4268723
-1.5103725 0.062236622
0.088923365 1.3104922
0.95495474 -0.7615949
0.15518269 -0.17407645
0.66051686 -0.9312641
0.15011767 -1.3546662
1.0838084 -0.47116542
-0.2995789 -0.6999478
-0.3890869 -0.62203604
-0.008923084 -2.0388103
0.39672473 -0.8581508
-0.34173268 -1.5493691
-0.058679 -1.3343551
-1.1086252 0.20622168
-0.50247526 -1.0057472
0.21818772 -2.0881882
-1.4885355 -0.9746282
0.7601013 -1.8340458
0.5622796 0.7126559
-1.595311 0.4075529
0.33583716 -0.6449607
-0.89535654 -0.9316987
0.4819598 -0.15963137
-0.016569406 -0.8148084
-0.54249 -0.099544674
-0.41940963 -0.1328176
0.8243052 -0.39509255
-0.4640165 0.0111375
0.27662864 -1.2567881
1.587407 -0.88909644
-2.2394116 -0.6228341
-1.0810623 -1.0193347
-1.0826703 -0.5870901
-0.44004488 -0.8485638
-1.3969145 -0.87843364
0.44359526 0.19650476
-2.3636959 -0.53899604
1.0834088 -0.08072893
-0.40454847 -1.0186679
0.0061902404 -0.8834471
0.33095202 0.36504078
0.9331193 0.3060394
-0.8188381 0.31090957
0.48402253 -0.03929217
-0.802467 -0.3744067
-1.9717491 0.26911992
0.2472612 -1.1212659
0.46448186 -0.94426
-1.5362257 -0.36848253
-0.107437074 -1.0558909
1.0323043 -0.19083136
-0.41915524 -0.19481485
-1.370681 -0.15963817
-0.99005055 -0.076571465
1.9165751 -0.89975744
-1.0462557 1.0151954
0.13293767 -1.0221802
1.5793602 -1.028042
-0.004679024 -0.450268
0.7496153 -1.8816124
-0.52819306 0.43818963
-0.47154367 0.31467158
-1.0744396 -0.44386858
-0.6937428 -0.94901186
1.1877625 -0.33496857
-0.62336296 -1.6558291
-0.17036341 -0.72435546
-1.0727241 -0.2837072
0.5172808 -1.9017215
1.1661607 -0.811742
-0.43385166 -1.7617847
0.40840074 -1.6659523
-0.67522466 -0.66542673
-3.041652 -1.6152513
-0.979535 -0.22596048
-1.3796643 0.27499378
0.18758115 0.57137436
-0.45934188 -0.44720528
0.64050984 -1.9668949
-0.20089224 0.86380464
0.49823323 -0.99098325
-0.69514686 -0.9814743
-1.0333644 1.5162572
0.055756778 -0.5181787
0.58409894 -1.3003157
1.5082145 -0.42550623
0.5104784 -0.8859066
-1.3065336 -0.34589297
-0.5707818 0.27299732
-0.23000187 -1.3010765
0.16278431 -0.85256094
0.9885185 -1.548562
0.28237727 -0.20925198
0.80732167 -0.52467656
-0.13705221 -1.6275961
1.7112018 -1.0288782
-0.22479175 -0.48799354
0.85749567 -2.2919147
1.3893589 -0.9421026
-0.32410997 -0.3098989
-0.9259615 -0.15934199
-1.1303138 -0.88648283
0.4842821 -0.6922286
0.116656214 0.7845296
-0.9238603 0.1972123
-1.4878271 -1.9895473
0.36700556 -0.64541274
-1.39742 -0.33086008
-1.0719529 0.07078971
-1.6419588 0.14045446
1.2750427 -1.0821769
-0.46050322 0.059841797
-1.0081518 -1.7582704
-0.7661395 1.0182621
0.30377713 -0.12590846
-1.3464643 0.2763127
1.8726302 -1.0044413
-1.2068348 -0.19719058
0.35761222 -1.7276727
0.35149834 0.19031577
-0.15148342 -0.777508
-2.011586 -1.4101883
-1.252487 0.52775586
0.427501 -1.8969039
-1.0962329 -0.48315465
-1.2173103 0.540893
0.025694191 -1.4499414
1.008477 -0.08959395
0.077005416 -2.0150363
-0.2965613 -0.4134168
-1.4255257 -0.16048121
-0.76609516 0.31304252
0.1752966 -0.25878385
-2.0095153 -0.9695731
-1.1462628 -0.32067323
-0.8367797 -0.2018162
0.27920887 -1.1107119
-0.8370849 -1.2150378
-2.357152 -0.40149564
1.3162007 -0.4602986
-0.9672457 0.22480623
-1.3324081 0.891025
-1.0576353 -1.0368773
-1.1936469 0.37516046
-1.3692114 -1.3589371
-0.46481228 1.6125324
0.21696508 -0.1051923
-1.2872064 -1.4748081
-0.97565114 0.2510029
0.039892823 -0.04415965
-0.2091662 -0.01714632
-0.29563117 0.37003607
-0.98500097 -0.08919373
0.6843107 -0.58790326
-0.6653895 -0.047800794
-2.1679454 -0.77362365
-1.44006 -0.18934278
0.30641523 1.3305537
-0.7518672 -0.09696029
-1.456301 -0.056825355
-2.140255 -1.1977571
-0.01765208 1.3995488
-1.3647168 0.1522076
2.004238 -0.70847327
-1.7345039 -1.239422
0.36177948 -1.0702025
-0.96705115 -0.5795318
0.13660824 -1.347545
0.13286772 -1.7772561
-2.0820289 -0.5368186
-0.8640413 -0.4223023
-1.1040589 0.568031
0.7479907 -1.0284132
-0.26932055 1.1863744
-0.99278593 -0.12972638
1.0071958 -0.8500089
-0.13743998 -1.0271875
0.711081 -0.9539974
-0.8766582 -1.1246305
1.549092 -1.2456589
-0.50396407 -1.0633209
-1.4992634 -0.15277901
-0.6367144 -0.91852754
0.24638009 -1.5379299
-1.5740713 -0.22053126
-0.8133166 -1.0270321
0.14344895 -1.3654783
0.27683756 -2.0557513
