-2.5607142 -1.5656462
-1.7499669 -3.5712078
-3.2647104 -3.394092
-3.4637785 -3.1689913
-3.1628532 -3.7089627
-3.3334756 -3.3812861
-3.2160897 -3.5966685
-2.45677 -2.494412
-3.2591825 -2.980115
-3.189065 -3.9937
-2.4804182 -3.2935076
-2.966239 -2.0433397
-3.1227226 -3.7710762
-2.8260603 -3.7436593
-2.8308973 -1.7648247
-3.467958 -1.7405196
-3.1408987 -3.1206815
-1.6473207 -3.4388182
-2.6510506 -2.6530747
-1.8621873 -2.8504827
-3.1904278 -4.2805753
-2.900877 -2.0271795
-2.5306106 -3.744657
-1.1556542 -3.6301465
-3.5939603 -2.290318
-2.4468331 -3.0158997
-3.9126754 -3.8623097
-3.3759456 -3.9830952
-2.8697844 -2.3806784
-2.111102 -1.3044217
-3.5050006 -3.3022833
-2.109398 -2.9460964
-2.3696299 -5.537939
-2.9589863 -1.7440716
-4.0127263 -2.2559533
-3.0752988 -3.0556555
-2.362516 -2.2764266
-3.5239034 -2.041886
-3.7074542 -3.556954
-2.7752757 -2.943101
-2.58432 -1.5311028
-2.6375952 -3.1886756
-1.7392424 -1.7738191
-2.8929496 -2.3596747
-3.2403736 -1.480159
-3.7372313 -2.854181
-2.0711954 -1.1805619
-3.0346246 -2.9578824
-3.5740643 -1.612046
-3.7527246 -3.1918042
-3.3219442 -3.5578928
-2.483729 -2.7102842
-1.9914482 -4.4742956
-3.0283237 -3.0194302
-2.3628883 -2.6129024
-1.9783276 -3.8021698
-2.375835 -3.3409958
-3.4776707 -2.226393
-4.1192856 -2.497159
-2.7292624 -2.8111565
-3.8558655 -2.5695252
-3.437469 -1.6902064
-2.2607908 -2.1124053
-4.121933 -2.087703
-3.286553 -3.9034863
-2.6667638 -2.674227
-2.083578 -4.1122704
-2.5403528 -1.7448555
-2.3736653 -1.7181141
-0.1715568 -4.3908334
-3.5663123 -3.498349
-1.4007477 -4.45959
-3.5875244 -4.458368
-4.486826 -3.7284553
-2.3530416 -2.9774442
-2.7733126 -2.3855848
-2.0400357 -2.6727982
-2.8924665 -3.580703
-2.2843952 -2.4890432
-3.2508883 -2.5757365
-3.182517 -3.6457293
-3.1432762 -2.0958614
-1.9843047 -3.794076
-2.9954033 -2.2317479
-3.345374 -3.1776748
-3.0733933 -3.4707167
-2.97157 -3.4957674
-3.0816855 -1.1950727
-3.330346 -2.758494
-2.102053 -4.0437202
-2.2674737 -2.4902854
-2.492364 -3.7567763
-2.334537 -4.0765977
-3.18217 -3.5899918
-3.4189057 -2.8960075
-2.9243855 -1.5855983
-2.9580374 -4.806618
-3.5569448 -2.807046
-2.2671866 -2.5630128
-3.2425318 -0.85693526
-3.8631835 -4.1360106
-3.9314857 -2.985733
-4.0232215 -1.7988355
-2.8179612 -1.7217069
-3.1234498 -1.382297
-3.163828 -3.422802
-3.6050262 -2.2166665
-2.6740875 -3.336849
-2.4631362 -3.0137844
-3.313799 -2.342143
-3.281259 -2.7287998
-2.6106496 -2.7186675
-2.675383 -4.0313144
-2.7200027 -1.6533233
-3.965848 -2.6928968
-3.030529 -3.7439027
-3.169557 -3.2249506
-2.9526253 -2.6545093
-1.9740537 -3.5638785
-1.5500252 -3.351263
-2.954317 -2.4184744
-1.4772489 -3.3806484
-5.001538 -3.3257546
-2.4030151 -2.566363
-1.6416105 -2.8458614
-2.662753 -2.312863
-1.0923529 -1.3571196
-2.6402726 -2.4586086
-2.035708 -2.2744162
-3.0687656 -3.248563
-3.01022 -2.64802
-2.8341599 -4.528672
-3.0786982 -1.4976127
-2.906805 -3.4730287
-2.9167376 -2.9326382
-3.026743 -3.7960274
-3.9268093 -4.623152
-3.3016176 -1.9882389
-3.2396412 -3.7619796
-3.5745225 -3.8411822
-1.8832009 -2.0984936
-2.0642083 -2.305629
-3.3168993 -2.6731868
-2.4825969 -1.3117028
-2.5278993 -2.8423057
-1.9825087 -3.605948
-4.5002027 -3.9957454
-2.4274879 -3.2691936
-3.7049146 -4.2512746
-3.079455 -3.4611866
-2.8876867 -1.7324344
-2.3836675 -3.617956
-2.6246843 -1.9638077
-2.3041835 -2.5996811
-2.4615626 -2.9245276
-2.1081247 -2.6062884
-2.3213873 -2.7421274
-3.3140278 -1.4052037
-3.6589203 -1.3005819
-3.2255282 -2.9890099
-2.2201078 -5.15392
-3.7367992 -2.7723737
-3.640605 -3.8085442
-2.706738 -3.3151686
-4.0495086 -3.2063887
-2.049841 -3.989194
-3.6013646 -2.5635674
-3.9807105 -1.9625986
-2.2578406 -2.6681697
-1.4618262 -4.2761054
-2.3078475 -2.119491
-3.518415 -3.3130968
-2.5523376 -2.506606
-2.4521923 -3.3323967
-3.5016804 -1.8567836
-3.141128 -1.7212917
-2.7329965 -3.856074
-2.7576823 -1.650598
-3.0699391 -4.1275806
-3.86653 -2.489478
-2.773295 -2.567535
-3.2967935 -2.5818174
-2.997952 -2.797831
-2.4465308 -3.4392583
-2.5120287 -4.1101913
-3.4699326 -1.2151598
-2.8287954 -1.5235137
-3.624639 -2.941297
-5.060622 -5.264402
-3.1183124 -4.499986
-1.9156504 -3.4717824
-2.248811 -2.7428982
-3.4963717 -2.2486486
-2.7004604 -1.753769
-1.8693343 -1.7307494
-2.9969592 -1.8452523
-3.6205926 -1.9749141
-3.336782 -1.9606307
-2.6959715 -4.679363
-3.4832091 -1.7864488
-2.8470464 -2.51115
-2.25425 -3.1190445
-2.491188 -1.8170176
-2.0067248 -1.0379579
-3.2622056 -4.1196513
-2.5995216 -4.5017953
-2.322257 -1.0037768
-2.8135605 -4.1020513
-2.128788 -3.8319266
-1.1271877 -2.5611417
-1.7380145 -3.0932927
-2.819615 -2.1875823
-1.7604421 -4.114043
-2.0534363 -2.0383327
-3.075029 -3.7539704
-3.8419523 -2.6206522
-2.9659872 -3.6525068
-3.4125051 -2.1146169
-3.3221798 -4.4498234
-2.7440443 -2.3938735
-3.8242397 -1.5145432
-2.594996 -4.5290017
-2.0541465 -3.278192
-2.2828794 -3.1103382
-2.7119093 -1.6922272
-2.1218348 -2.8993564
-3.7747817 -1.8122958
-3.0507035 -4.067013
-2.4421415 -4.025004
-3.1628408 -3.0190527
-3.4205608 -2.2310479
-2.8906631 -3.057497
-2.8456125 -2.8657892
-3.1062574 -1.3727791
-2.9329624 -3.914903
-2.9399028 -4.566982
-3.1146512 -3.4144437
-3.435183 -4.2867346
-2.0619724 -3.5292022
-3.2883177 -0.40085638
-3.4251766 -1.8195193
-3.6516676 -3.8334026
-4.0318093 -2.625704
-2.6412148 -2.8896408
-2.3856468 -5.440591
-3.591241 -2.1065235
-3.0077167 -3.8920124
-3.4363532 -3.3813014
-3.0529332 -3.222931
-3.495111 -3.7895992
-2.4828267 -2.2957582
-3.6266565 -1.060937
-2.9041882 -1.7594631
-3.1401844 -2.7408519
-2.8292365 -1.9588368
-3.3020692 -3.7388763
-3.0926414 -1.69858
-2.9964247 -1.6438322
-3.1865869 -1.7458156
-1.101713 -4.031081
-3.8655252 -1.843791
-3.6255941 -3.7997568
-2.3979983 -2.1553767
-2.9909978 -2.8962061
-3.2590704 -3.5559185
-3.997538 -3.5946746
-2.7556033 -4.0007896
-2.2044573 -2.0836477
-1.4618393 -3.769558
-3.0938778 -2.2165892
-3.8560238 -2.1454668
-2.172593 -3.9627671
-2.9278893 -2.6439521
-2.1526341 -2.899703
-2.6128063 -3.4289398
-2.3180013 -2.3603172
-2.4728694 -2.366441
-3.1697974 -3.2991955
-3.8755236 -3.1889033
-1.5642741 -2.5667553
-3.9135633 -4.869858
-2.409937 -2.6459281
-3.0118732 -2.0511432
-2.1384196 -4.4843836
-2.390335 -1.2849276
-3.0057282 -4.057935
-3.4045272 -3.0610812
-1.8138312 -3.1240776
-5.101315 -4.085498
-3.0058084 -2.429156
-3.034124 -3.2921145
-3.6274128 -2.4188697
-3.3891501 -3.2269819
-4.181212 -3.6491497
-3.259698 -1.4684197
-4.0645695 -1.9017295
-3.4331589 -3.2064698
-2.810133 -5.1059
-2.3881507 -3.1966918
-3.213531 -2.861519
-3.6725798 -4.6232285
-3.0391283 -1.8591547
-2.0639882 -4.575206
-1.5905899 -3.3482742
-3.618404 -3.6019557
-2.117125 -1.4137295
-2.9186473 -1.7851837
-2.9509778 -4.6733236
-1.77003 -2.597291
-3.5325384 -2.2149544
-2.4188423 -2.7155023
-1.7383007 -2.7275333
-3.4269052 -3.545461
-2.423924 -4.0988326
-3.175582 -3.1145368
-2.9480348 -3.4087899
-2.9798784 -2.7037294
-4.2518024 -2.903307
-3.1336703 -2.7992873
-2.779439 -2.9219427
-3.3490968 -3.249225
-2.074361 -5.132038
-1.55791 -2.3996534
-2.6603045 -2.906811
-2.4288778 -2.796373
-1.7099518 -4.8023295
-1.9614285 -1.3187773
-2.4075546 -2.4447324
-3.8630276 -2.4010706
-2.4526482 -2.312493
-3.6093907 -4.693512
-2.281126 -3.8452196
-3.7841368 -3.0204482
-2.9635444 -5.76873
-4.1504884 -2.6096666
-3.2957182 -1.4267404
-3.7834997 -3.2393074
-3.3834996 -1.9110237
-4.139675 -2.9775126
-1.6480948 -1.7064782
-2.6569834 -4.1340804
-3.5002089 -3.7032802
-3.460044 -3.0373447
-3.4937563 -2.092671
-2.7864265 -3.3303862
-2.441351 -4.1252947
-3.1866665 -3.779335
-3.0240908 -2.3882513
-3.095234 -1.5008248
-3.1537309 -4.583254
-2.7198672 -4.344535
-1.8846601 -4.234448
-3.300343 -3.3822432
-2.7614775 -2.2986224
-2.609386 -4.7549367
-3.3964682 -3.0866745
-1.552688 -2.211079
-2.0934792 -2.7088656
-2.4598536 -3.247647
-0.33592114 -3.3981662
-3.2099643 -3.556319
-3.1264324 -1.6381514
-1.7114186 -1.2452221
-1.1505182 -3.0329716
-3.2856088 -2.0304139
-3.1786737 -2.4136174
-3.4012966 -3.7248359
-2.9552355 -3.5244107
-2.4928718 -3.9092636
-3.4609003 -2.9324317
-2.6983137 -2.7197616
-2.8996973 -1.942999
-3.1058927 -3.1823864
-2.5517383 -3.4811237
-3.5925589 -2.5122812
-3.6342025 -2.7331705
-3.086144 -2.8030736
-2.6168766 -2.1990669
-2.4014325 -4.0237546
-3.1611357 -3.3407464
-1.096699 -4.0785728
-1.7016188 -4.2143745
-1.0870442 -2.3252125
-2.6509948 -1.5464715
-3.2243505 -2.7034385
-1.7802356 -2.8660614
-3.0679016 -3.2707
-2.3780918 -5.4808483
-3.048746 -3.6475093
-2.9760423 -4.185593
-4.347045 -5.1713715
-3.0616698 -2.7997851
-3.3456492 -3.48904
-3.6701322 -3.301166
-2.56352 -3.0390074
-3.4599323 -2.4838595
-2.6888466 -4.523252
-2.2046854 -3.2381368
-3.3062449 -2.1548712
-3.6969075 -2.2597892
-3.0331097 -2.9991083
-3.185009 -2.004539
-3.485756 -2.0124774
-2.7432861 -3.595873
-2.9584827 -3.648817
-3.2975745 -2.6575904
-3.4225154 -3.3234367
-3.868987 -2.9856522
-2.2090585 -4.737664
-3.3857074 -1.7994947
-3.0756693 -2.0217757
-3.2890506 -2.0075383
-2.448471 -2.473084
-3.0831294 -1.9023548
-2.8393745 -2.4159212
-2.598949 -2.0245113
-3.1826901 -1.2626754
-4.3297477 -3.2294738
-3.0219364 -2.359759
-3.828236 -2.4196734
-1.1958343 -3.830603
-2.7892218 -2.383378
-2.6069622 -3.3076766
-3.0218716 -4.7403398
-2.3430614 -2.0310435
-2.7078376 -2.8093095
-2.1777883 -2.3076303
-1.1941833 -1.8511132
-3.1505327 -4.203475
-2.5829659 -3.814895
-0.97169983 -3.3556845
-2.96176 -2.6170378
-2.984528 -3.384968
-3.0311007 -2.5505066
-1.0368638 -4.068905
-3.0020828 -3.280495
-2.4246511 -4.0495133
-2.2116218 -4.406685
-3.1977034 -2.0145812
-2.927197 -3.3039877
-2.5607433 -4.10473
-2.6469836 -2.8739595
-3.1276383 -2.7318175
-3.048346 -3.7394717
-2.4378443 -4.285699
-2.880319 -2.15339
-4.086348 -3.559236
-1.6351354 -2.3000407
-3.1466079 -2.3580275
-3.753469 -2.6753814
-3.7393956 -3.2686133
-3.1490884 -2.8071074
-3.3655753 -2.5836942
-3.1711178 -2.3576035
-3.6851802 -3.0316086
-3.9763541 -2.832221
-3.296526 -2.2194734
-3.3018317 -3.1666214
-4.039994 -2.7085419
-2.9051962 -4.0292807
-2.1005883 -2.0430992
-2.661108 -0.8974119
-3.8980641 -2.8179355
-2.573413 -2.9397223
-3.6471524 -2.3589952
-1.8774617 -2.118287
-1.7559673 -2.69303
-2.6186666 -3.1162922
-1.1493598 -2.2733417
-1.9199927 -4.2820926
-2.848164 -2.421664
-3.5451097 -2.5745091
-3.68004 -2.5206313
-3.1226912 -1.9262879
-1.1389947 -3.4195507
-3.5392365 -2.4451036
-0.42389578 -4.8964677
-0.26257405 -3.1043565
-3.2581458 -1.8354406
-2.0938241 -3.8095565
-3.5207148 -4.2359214
-1.6988307 -1.6581362
-2.6097999 -2.0351963
-1.3529718 -4.824573
-2.1108563 -2.1603196
-1.7565979 -2.7387137
-3.5996509 -5.937639
-3.0773978 -1.997874
-3.271977 -1.827524
-1.7568324 -3.1200964
-3.1487842 -5.300332
-3.4567056 -2.5872145
-2.6711602 -2.3046126
-2.6525478 -2.489077
-2.5654202 -2.3714573
-3.2624674 -3.9203267
-4.1167145 -2.9476202
-3.4627805 -1.6196971
-2.6668057 -1.5373405
-3.2352595 -5.2804813
-2.4166226 -3.7362747
-2.3201418 -3.1558573
-2.6437984 -2.2708592
-3.5770473 -2.7794785
-2.3201933 -4.6203284
-2.1748526 -3.9805007
-1.5872343 -1.4354407
-2.4232574 -3.7717621
-1.7454821 -3.8739407
-2.532127 -1.862162
-3.3950906 -2.413703
-2.6525784 -2.4585638
-3.1442757 -1.2349755
-3.4156146 -2.3564913
-3.4582253 -3.636702
-2.4168878 -3.6327472
-2.1006584 -3.51557
-2.623794 -3.292158
-3.151628 -1.5303448
-3.1154704 -1.7281796
-3.2387614 -2.5431287
-2.6073651 -3.3418062
-2.7153754 -2.7883337
-2.6638937 -2.9558764
-1.6319133 -4.0917163
-3.1604095 -2.2216384
-3.3495831 -2.723966
-1.784195 -1.5878493
-1.9689834 -2.5548048
-2.5404649 -2.5341222
-2.1741383 -4.3786182
-2.445798 -3.2456079
-3.3162456 -2.388419
-3.6803365 -1.7197574
-3.1868243 -2.1318421
-2.3085027 -1.8415929
-3.159916 -2.0123358
-2.0858335 -2.4867182
-3.2867532 -3.8165536
-3.0025973 -2.19892
-3.544488 -3.0119245
-2.348908 -2.8711972
-2.9699125 -3.3919823
-3.333506 -2.5930915
-2.8111467 -1.8403615
-2.7950377 -3.132367
-2.9951434 -1.7875943
-3.1471977 -2.4252145
-3.2792673 -2.9500268
-1.7515078 -3.2587612
-2.5330677 -2.8631527
-2.6839094 -1.7902225
-1.6403061 -4.1405277
-2.8989978 -1.6565075
-3.2708511 -2.8945827
-2.094448 -3.496034
-1.5843306 -3.956168
-3.2412653 -2.5865047
-3.1910768 -2.1374536
-2.873087 -3.877198
-2.908236 -2.7638805
-2.1663046 -2.2949564
-2.682416 -2.599194
-3.0472054 -3.6401865
-3.190764 -2.6027167
-3.087576 -3.793264
-3.2883577 -3.2952776
-3.6229687 -2.3484552
-2.4239202 -4.341039
-2.9439301 -3.531933
-2.4004035 -2.6734853
-2.8831854 -3.1450872
-3.162427 -1.8341968
-3.180859 -3.9035027
-2.841786 -2.6275141
-3.4653354 -2.9331367
-2.3573675 -2.7085133
-3.2970266 -3.344692
-3.3564482 -2.7660246
-3.025507 -4.473036
-3.7134204 -2.7681623
-2.4045153 -2.312477
-3.0330167 -3.0813158
-3.0651102 -2.4684124
-3.0872383 -3.4706185
-2.8921256 -1.8103068
-2.2410388 -2.8512661
-2.5738258 -2.319774
-0.5710598 -5.023492
-1.989943 -1.4424685
-2.5197515 -2.4554358
-1.9185184 -3.1490965
-2.4776974 -3.9036164
-2.9894948 -2.420076
-2.5577555 -1.7757462
-3.1903563 -2.112533
-2.3385372 -4.4796414
-3.2103796 -3.562472
-2.6209388 -2.719753
-3.2722015 -3.111097
-3.1902947 -3.3579972
-1.1527888 -2.9543884
-1.9362987 -2.01453
-1.861577 -3.445818
-2.5201998 -3.411172
-3.3771152 -3.5142412
-3.8982906 -2.539796
-1.4624863 -3.2813168
-2.7348986 -1.276708
-3.08816 -3.6747718
-1.9369133 -1.5952591
-3.252667 -2.0744352
-3.2414103 -4.654022
-3.2755313 -4.2249103
-3.6811824 -2.794128
-2.6087427 -3.4660316
-2.3457975 -1.3886458
-2.8488574 -4.125826
-1.9124324 -3.1474538
-2.620957 -3.5812292
-2.9075217 -3.9408827
-2.0960736 -3.2161279
-3.2334828 -1.6088614
-2.544023 -3.7623262
-2.2664213 -2.736978
-2.785676 -2.065575
-3.867526 -1.8602352
-4.1172223 -2.7618268
-2.847722 -2.0635111
-2.9071856 -5.03439
-2.3527846 -4.6489186
-2.7346244 -2.8996627
-2.3945484 -1.7307773
-3.265153 -3.6702223
-2.4004154 -2.2349908
-1.2378013 -3.836619
-2.2391987 -1.4432856
-2.8324432 -1.8656458
-2.6326585 -2.622419
-3.4053102 -2.77281
-4.1074634 -3.3610806
-2.817204 -2.4776766
-3.9992576 -3.4062195
-3.3747296 -2.3262548
-2.509779 -1.596908
-3.1500373 -2.2726874
-1.2748954 -4.2038393
-3.6880112 -3.2450905
-2.4360695 -4.2937503
-3.435254 -2.0934105
-2.4801126 -1.7201271
-3.127934 -2.8023176
-2.613514 -2.584203
-3.3312101 -4.6070566
-3.347044 -2.8238766
-2.0374463 -2.377734
-3.033393 -2.4410615
-3.1823592 -2.9413857
-3.3852234 -4.2514734
-2.1644404 -3.6616838
-2.507423 -2.1600025
-2.8025932 -2.8783336
-1.5188793 -3.6643264
-2.6682801 -1.9192241
-2.4341865 -2.7961023
-3.5071893 -4.177063
-2.609191 -1.2995915
-1.9800127 -1.6910127
-2.7948785 -2.7413447
-3.4205103 -3.0239816
-3.054069 -2.4271734
-3.134077 -3.12473
-2.5094662 -3.4471517
-3.4149976 -1.2954347
-2.9953814 -1.7197591
-3.2771392 -3.6137795
-2.8591957 -1.9307482
-3.9564042 -6.0690665
-2.2407417 -2.8397374
-1.5912123 -2.3157792
-2.2898493 -5.2886453
-2.7405553 -2.1086524
-3.5402632 -3.4234412
-3.210033 -2.3590963
-1.6633302 -2.2897706
-2.89045 -3.2059557
-2.8568454 -2.7801418
-1.9723052 -3.7720952
-2.1693676 -2.3032696
-2.615385 -2.3970702
-1.6593353 -3.7796838
-2.5309296 -0.98071253
-2.8480005 -1.8155745
-4.03427 -3.2152786
-3.7120757 -2.4947953
-3.9156857 -2.0484025
-3.5518684 -2.9110541
-3.7902112 -2.0287306
-1.3815353 -1.3222705
-1.6579373 -3.37254
-2.971933 -3.654433
-2.7737021 -3.068301
-3.61582 -1.878621
-3.4295516 -2.3344944
-2.386209 -2.5198576
-3.4512758 -3.199698
-1.1794567 -3.888861
-2.4410043 -3.5095968
-3.658257 -3.380946
-1.9252728 -1.4829913
-3.0379071 -2.684842
-3.644289 -1.9010977
-2.1417096 -2.8202147
-3.3367844 -2.826392
-3.5776606 -3.7155268
-2.9475956 -1.5762395
-3.1113782 -2.2397125
-2.7559514 -2.3613634
-3.586093 -3.111637
-2.5138083 -1.8171498
-2.759841 -3.90726
-1.6319216 -4.0814004
-3.486597 -2.6476476
-1.3034656 -2.5614338
-2.604443 -3.0566528
-2.90726 -2.1827805
-3.8821936 -2.8618948
-2.5525618 -3.4441254
-3.0296416 -3.6163352
-3.1787634 -1.9092832
-3.1929488 -4.37607
-2.4552608 -3.0742674
-1.6547185 -3.6203535
-3.341107 -1.8936952
-0.9652214 -2.6792047
-2.6168022 -3.4464495
-2.1252751 -3.241976
-3.0552197 -3.0813403
-3.9207978 -3.2925322
-2.0882723 -3.9718187
-3.2355375 -2.269116
-3.2836232 -2.6526906
-4.1485815 -2.6405776
-0.36537337 -5.302932
-2.2435315 -1.9103985
-3.6026006 -2.419128
-3.4993906 -1.9477223
-3.6515574 -1.9189662
-2.8144593 -3.6907766
-2.558322 -3.980506
-2.738174 -2.4601836
-2.4866142 -3.2502265
-2.658865 -2.0683315
-3.7229767 -2.4731495
-2.365744 -2.4231594
-3.229127 -3.20507
-2.4899292 -1.9437296
-3.3532705 -2.1220195
-4.069613 -2.142334
-3.5116062 -1.4696051
-3.5480223 -3.39314
-3.2846084 -4.9025927
-2.6457996 -2.1085892
-2.8247151 -1.7387244
-3.0062795 -4.469459
-2.0682936 -3.1461282
-2.5600963 -2.3632889
-2.9785252 -2.3034341
-2.788816 -2.0766442
-3.4462018 -0.7918257
-3.2366028 -2.501821
-3.5497432 -1.9016511
-2.7642703 -2.6666842
-2.8125668 -3.2291687
-2.9440517 -4.6178093
-2.1568894 -4.081964
-2.9893541 -3.3626478
-3.0617604 -3.2048821
-2.588152 -2.2128704
-3.2108965 -1.8998159
-3.0372138 -2.7959535
-3.8025436 -3.2840252
-2.0674105 -2.7185216
-4.2613244 -3.8271945
-2.7738256 -3.6548798
-1.8324075 -3.6307344
-2.2203348 -4.234746
-2.8768687 -4.40148
-3.3872886 -2.1388636
-3.124363 -2.120732
-2.5615768 -3.6574738
-3.4236493 -3.302534
-2.4832435 -3.1953635
-3.2725067 -2.6583238
-2.3753295 -2.5485308
-3.4865336 -2.1761794
-3.8164005 -2.8912292
-1.8187946 -1.9218626
-2.8413801 -3.1035097
-3.1186247 -4.1827927
-3.3599477 -3.0905285
-3.8463087 -2.1804771
-3.126635 -3.4407005
-3.111713 -2.8894143
-1.2048724 -3.6342478
-3.1676602 -2.7225378
-4.0093975 -2.340655
-3.493372 -2.2304332
-3.60289 -2.0285184
-3.2970753 -1.4446714
-3.609673 -3.1365118
-2.8297582 -2.0659168
-3.40725 -2.68912
-2.9779425 -2.2100384
-3.603252 -2.0536356
-2.3845587 -4.4644094
-3.0142827 -2.2972925
-3.5936332 -1.8292977
-2.6362505 -1.6731664
-3.5624213 -1.377427
-3.549069 -2.2692082
-2.939053 -2.375468
-3.995635 -3.0004704
-2.641323 -4.140989
-3.1515765 -4.4399657
-1.6342511 -2.802744
-2.9407654 -4.7924767
-2.0121174 -3.0639348
-1.2352765 -5.5144486
-3.30797 -2.4612346
-3.2093654 -4.1254196
-3.6991549 -2.3034544
-2.223001 -1.8181027
-3.4696383 -2.2926874
-2.3120341 -4.2996535
-3.1254525 -2.9567924
-4.028284 -2.0439043
-1.6182284 -2.4801736
-2.6934266 -3.9233024
-3.5128646 -2.139233
-2.2238126 -5.033058
-2.226653 -3.1197157
-1.928948 -2.448121
-0.8029302 -3.511901
-2.3993797 -2.6953437
-3.6275034 -2.3913202
-4.340819 -3.0828109
-2.541648 -2.3904326
-2.2068744 -3.9718661
-3.404995 -3.1321132
-3.4862337 -3.0040584
-2.4107494 -3.3088722
-0.8873997 -2.6205573
-2.9594893 -3.764886
-3.3865795 -3.7701719
-3.4490528 -3.4234807
-3.8364472 -2.8769455
-3.5434566 -2.6399302
-2.0892272 -2.388036
-3.3019123 -3.2012913
-3.597807 -1.571317
-3.5437708 -2.7114854
-3.2794414 -3.1879373
-2.7132993 -2.5875766
-2.6778483 -4.3761206
-3.5005302 -4.5945597
-3.7851648 -2.8436236
-3.5763354 -2.6182938
-1.5933162 -3.0397155
-3.33469 -3.8209393
-3.272616 -3.3482916
-3.1255279 -4.080037
-2.2475045 -2.3292809
-3.4256802 -2.842079
-3.6285682 -1.2919128
-3.1519437 -2.0186727
-3.2363086 -2.4329963
-1.8465182 -1.2390965
-0.5102303 -4.5753818
-3.12463 -2.0917444
-3.8502727 -4.011784
-3.2778015 -2.9491847
-1.95233 -2.1430106
-3.8449717 -3.2387307
-2.8471293 -1.5345777
-2.6009831 -3.1949513
-3.8461232 -2.8878632
-4.0497923 -2.0736115
-2.287137 -3.8646567
-1.5620724 -3.4920437
-0.75531477 -5.5591545
-1.5004586 -3.261549
-1.331188 -4.075373
-1.1182413 -3.2636046
-0.2016343 -4.017763
-1.7755171 -2.0994775
-3.1232624 -1.3724241
-3.1451802 -4.026445
-3.1052876 -3.1857414
-3.7869139 -2.7049463
-3.1364923 -1.359826
-2.6301947 -2.4168575
-2.742519 -2.5185568
-2.6253033 -3.2551537
-3.0726366 -2.6801956
-3.303287 -2.9784074
-1.7218965 -2.4671037
-4.1149273 -3.6892698
-1.6785474 -2.7395089
-2.956038 -2.9377496
-2.8140726 -2.7370892
-4.02611 -2.2930658
-2.138644 -3.2941701
-3.4208517 -2.821578
-3.1429482 -3.6189806
-4.0288315 -2.500915
-3.1393003 -2.2549284
-2.2457423 -2.112616
-3.2927675 -3.2005079
-3.2576303 -1.5915984
-3.5017295 -3.0825915
-3.4388156 -3.2422009
-2.8910847 -2.3647974
-3.480113 -1.8456875
-2.8598452 -2.1508474
-3.1189322 -3.198427
-3.4520345 -2.3860328
-3.9915934 -3.607327
-3.6378365 -3.4129791
-1.6697384 -3.2781572
-3.7895432 -2.5272257
-0.92827046 -2.7191362
-2.942511 -4.318687
-3.0063648 -2.70143
-3.5107837 -2.0743606
-3.362359 -2.3794813
-1.4368049 -3.1316016
-3.2738366 -1.4316503
-1.8383621 -3.5104737
-3.0605288 -2.3058672
-3.0842333 -4.293784
-3.8243685 -3.3617897
-2.9011474 -2.1410618
-4.000946 -2.6104295
-3.9890423 -4.2245913
-3.865625 -2.934385
-1.6484307 -3.185979
-3.1819315 -3.501475
-2.2961893 -3.3501625
-2.5176659 -1.6379966
-3.456552 -4.0222244
-2.3772407 -4.1215425
-1.8047634 -5.5893865
-2.91367 -2.192327
-3.079441 -2.6010058
-3.6293359 -2.11317
-3.1662946 -3.4301572
-2.864429 -2.9042833
-1.9527858 -3.7367961
-1.879909 -1.467674
-2.1319358 -5.2046447
-2.6789289 -2.8183913
-3.2777004 -2.8144686
-2.982761 -0.9745767
-2.4330716 -4.7199607
-3.1053214 -2.356632
-1.4728684 -2.4690123
-1.7875366 -2.1584282
-4.067928 -3.0427594
-2.4325786 -1.8644962
-3.6302457 -2.1660283
-1.0714679 -5.3074255
-1.0202007 -3.509222
-2.8625622 -3.1109319
-4.1839075 -4.7551184
-3.1373658 -2.7025125
-2.4296775 -5.2162085
-3.1006584 -2.4153585
-2.9921799 -1.750808
-3.5222564 -2.6657248
-3.2609177 -2.3461468
-1.0026431 -3.873299
-3.5393414 -1.4127663
-2.7221103 -2.9509113
-2.1557999 -3.5461912
-2.5839553 -1.9790562
-1.4678695 -2.7778687
-3.5687294 -2.882129
-2.4976168 -2.2881567
-3.2760882 -1.1836836
-1.5006651 -2.767736
-3.7529922 -3.5612793
-3.744547 -3.0207474
-3.220871 -2.6752737
-2.3067212 -1.7836043
-2.5288305 -3.7398367
-3.2512798 -4.1560187
-2.3440976 -1.4932555
-0.75012887 -4.981892
-1.1802626 -4.2340355
-2.8853917 -3.085643
-0.55052704 -3.19452
-3.736648 -3.3419182
-2.7299538 -3.8789742
-2.0528302 -3.9163253
-2.590702 -3.3636103
-2.8676066 -4.7622366
-3.5704637 -2.9830754
-2.427517 -3.748976
-2.4004383 -3.9425144
-2.5112839 -4.5009246
-2.414925 -2.9097176
-2.7978535 -3.348673
-1.2169379 -4.3850665
-2.8196578 -3.5705945
-1.7485578 -4.5180316
-2.9657402 -3.334786
-1.626611 -3.157282
-2.0230615 -4.1101003
-2.1402016 -4.12176
-3.223381 -4.176249
-2.6489882 -2.042431
-2.5294266 -4.4108257
-2.1014762 -2.6963964
-2.0783544 -3.8930717
-2.8816805 -2.2897
-2.8823156 -4.1322985
-3.2532296 -2.6043043
-2.5060754 -2.3126044
-0.94468766 -3.1906896
-1.4131571 -3.779588
-2.3492064 -3.1333034
-2.5019088 -3.4678931
-3.3240294 -2.1192424
-2.8908525 -1.665674
-2.3318558 -2.4594033
-1.6200018 -2.9796827
-2.576686 -1.8259001
-1.5913261 -3.1177034
-2.1129456 -2.7903268
-2.5157351 -2.5615485
-2.44833 -2.5428958
-2.3206935 -3.7266634
-3.6335144 -3.5627532
-1.9249315 -3.0818198
-2.727179 -2.2741776
-2.270679 -3.3582149
-3.114985 -3.491608
-1.9932351 -2.1231115
-3.2398725 -6.037632
-2.8911886 -1.670189
-2.68747 -2.4550755
-1.9044589 -3.773298
-2.7576942 -3.1656842
-0.63848346 -2.9486241
-3.5797687 -2.210989
-2.696712 -1.4574546
-1.9176188 -3.7289598
-4.000426 -4.11577
-3.355626 -2.107776
0.106322855 -4.122107
-3.1091328 -4.6589875
-2.2903843 -4.6389213
-2.2440379 -3.230497
-3.4630985 -2.6136112
-2.2404227 -5.241133
-0.88452363 -3.189322
-1.788143 -3.2605512
-3.0963812 -5.7360845
-3.5736098 -4.9462695
-2.6154046 -4.915007
-1.5110357 -3.2286966
-3.3774648 -4.5278187
-3.4425602 -2.2066877
-2.8202057 -3.0115824
-2.426762 -3.2741556
-2.931488 -4.984854
-2.2291393 -2.982851
-3.2622523 -3.6933086
-2.8440733 -2.4498947
-2.4446049 -3.256495
-2.363493 -2.090631
-2.1474793 -3.0538898
-3.7692456 -3.5993016
-3.8929677 -3.129775
-3.4369063 -3.1980867
-3.5938044 -2.4995773
-2.4503994 -3.2681227
-3.8874326 -3.3969152
-2.9247193 -1.849527
-2.4228473 -2.533024
-3.8774376 -1.8515822
-1.3868387 -3.2725332
-1.5920085 -3.4049406
-3.7757473 -2.497629
-3.7632952 -2.3561044
-2.5226102 -3.2666788
-1.2481399 -2.930888
-2.6362076 -2.6649957
-3.6051912 -2.7868462
-3.8066287 -3.4885314
-3.5403924 -2.746209
-1.7449698 -3.6647334
-1.5348209 -3.523177
-2.4757748 -4.33164
-1.4257832 -2.3464832
-2.439167 -2.2585108
-3.5841174 -1.88856
-3.2671456 -3.7666957
-2.550898 -5.021523
-2.7848368 -2.51461
-1.55411 -4.003126
-2.853675 -2.4779623
-3.458612 -1.9367164
-3.0698357 -2.0651903
-2.4549012 -1.8404714
-2.4994836 -2.8825588
-3.1586103 -2.932692
-2.9483771 -2.8860505
-2.5807223 -4.5554805
-3.3899512 -2.8394995
-2.832367 -2.2364697
-3.076531 -1.7970665
-3.6560383 -2.8123515
-3.260325 -2.6024618
-1.2162437 -3.76141
-2.8427615 -5.2875967
-1.5665854 -3.6900241
-2.7872243 -1.7441609
-1.1896896 -3.6757793
-3.0985599 -2.645901
-3.844727 -2.143256
-2.7081294 -2.376727
-2.0884976 -3.3289244
-3.066009 -3.069503
-2.279614 -4.563455
-3.030285 -1.7486554
-2.788237 -1.4648043
-3.7530422 -2.936711
-3.34263 -4.208485
-2.3958702 -2.021802
-2.870965 -2.846451
-3.417531 -2.7548757
-2.3493633 -1.9650263
-2.9258556 -2.2586217
-2.6742015 -4.3042474
-2.7737107 -3.2209044
-3.3667445 -4.673284
-2.3044095 -4.78095
-3.7402945 -4.047178
-3.5240345 -4.0331483
-3.5829396 -3.6262634
-2.4248495 -3.906307
-2.4999828 -3.0103126
-2.7854714 -2.615797
-2.6771016 -3.7211626
-2.4168973 -1.9933281
-3.8905315 -1.1762215
-3.0739985 -3.4613404
-2.5413556 -2.38237
-1.4843683 -3.614686
-2.2890277 -4.2377677
-3.0534334 -4.1799655
-0.90112704 -3.3505979
-2.205576 -1.4677
-2.4642754 -4.854827
-3.4345012 -2.0320423
-1.0518897 -3.1958814
-2.7569413 -3.0983129
-3.083786 -1.6598512
-0.36269704 -3.958509
-2.4565454 -1.8529261
-3.9448328 -1.702179
-5.042097 -3.0277755
-2.9029713 -1.1417265
-1.4649581 -3.209207
-3.566234 -1.6597216
-3.068614 -2.5686617
-2.1737547 -2.2753959
-3.2350082 -2.7134285
-3.2279348 -3.3148518
-2.3905764 -4.1142073
-2.807199 -2.311762
-3.22126 -1.8922536
-2.3744226 -4.787363
-4.0411086 -3.0975304
-2.6460252 -5.028944
-1.894955 -2.5712924
-3.9346704 -2.0923312
-2.8736987 -1.3525467
-2.5863042 -2.5357003
-3.1055489 -2.3942862
-3.4024935 -4.1589713
-2.7848916 -2.8990443
-2.6673312 -3.037254
-2.0562916 -2.4516377
-2.7266498 -2.3095644
-2.0822737 -5.8788905
-2.9278102 -2.917668
-3.6752896 -3.9126468
-2.4403691 -4.080244
-3.823411 -2.924991
-2.0973573 -2.0868294
-3.2283573 -3.4427047
-3.842749 -1.9469323
-3.4258556 -2.2492893
-3.811061 -2.206591
-2.8338003 -4.2584205
-2.9750342 -2.315971
-3.7620273 -1.9517971
-1.8067191 -2.8718047
-3.109435 -2.8660944
-3.5948296 -2.0024357
-4.2502093 -3.6493998
-3.185985 -2.7999895
-3.404346 -5.2484274
-3.3617516 -2.5856037
-2.6657076 -1.2488455
-1.6553687 -2.4386036
-2.6444664 -3.4746144
-2.3796587 -1.7821019
-2.7333117 -4.454212
-2.492053 -3.0601976
-3.2651525 -3.9302206
-3.5634913 -2.9566953
-3.2601795 -5.0027413
-3.7727942 -3.439365
-3.9269404 -2.3841588
-2.2002668 -3.2152836
-2.7592802 -4.272427
-3.6606956 -1.5270082
-1.800836 -1.7593913
-1.0174468 -3.4094968
-2.8450594 -2.7763398
-0.8619629 -4.1410704
-2.6914964 -4.4143753
-3.0147176 -2.521423
-3.3311248 -4.1334376
-2.9441113 -3.328352
-3.4363503 -1.7159604
-2.9112425 -2.0524166
-2.228692 -2.8321908
-2.401144 -4.2791147
-2.940843 -4.417505
-3.2854156 -2.5781095
-3.8004227 -1.6529886
-2.0209873 -3.3855205
-2.9919214 -3.2631464
-1.8524271 -2.5051842
-3.0904894 -3.0304358
-3.0533886 -2.105294
-2.4775553 -3.066307
-2.678288 -3.050274
-2.7870226 -2.2213907
-3.0029726 -4.408364
-2.3743906 -2.4791384
-2.9863887 -3.759432
-2.704609 -1.6976647
-2.6035724 -3.9736826
-2.2173789 -4.692504
-3.0747662 -2.3336434
-3.125743 -2.397223
-2.5725303 -1.7523928
-3.1285787 -3.0173995
-2.5819392 -1.37166
-3.1912713 -1.7589371
-3.078034 -2.3474107
-2.8847685 -3.195408
-2.5760055 -2.8319662
-3.6286693 -4.009247
-4.0072503 -2.7202652
-3.123767 -3.933467
-3.3796506 -2.4405088
-3.3230872 -1.4156755
-3.129755 -4.2902293
-1.0820694 -1.9935161
-2.9444866 -4.181622
-2.0442805 -2.9287522
-2.8807077 -4.361653
-3.3562007 -2.7596736
-3.5050063 -4.6000648
-2.529838 -2.8796406
-2.9528232 -2.2402248
-2.063745 -3.985885
-2.69454 -3.0964131
-1.888234 -4.919425
-2.542904 -4.0827675
-2.917097 -2.2508082
-3.5502334 -3.6831427
-1.9909275 -5.030924
-1.5904521 -3.0621521
-1.5592798 -2.8151574
-2.405828 -4.048335
-2.7160249 -1.8846335
-3.5312228 -3.8443034
-3.2665663 -4.218549
-1.9518353 -3.58595
-2.933226 -1.4035535
-3.8501692 -2.5097406
-3.297709 -3.427107
-3.2804003 -2.158199
-3.4707026 -3.2749972
-3.1450315 -3.219567
-3.9749203 -1.7865528
-2.4271412 -2.2701688
-2.6324177 -1.3223948
-3.0908222 -3.3281336
-3.9200182 -1.3998762
-3.8120499 -3.6413465
-2.7061906 -3.2367327
-2.5645862 -2.8853679
-2.927196 -3.1895604
-2.7762885 -2.014976
-1.9787824 -3.5041084
-1.8666257 -2.213979
-1.3536229 -4.2237997
-3.0987916 -2.7406201
-2.8490772 -4.6179357
-1.9485538 -2.6285489
-2.5812068 -1.540426
-2.5158038 -4.1773663
-3.4111362 -2.3126843
-3.399094 -3.8008049
-3.5295687 -2.067197
-1.1336465 -3.710156
-2.5677414 -2.8150477
-1.6493502 -2.776419
-2.6542373 -4.3487663
-2.7323046 -3.440179
-2.8247533 -1.5023736
-3.748931 -2.1500494
-1.7103736 -2.233207
-2.865786 -1.7894431
-3.2691274 -3.1009378
-2.276845 -2.8296437
-3.0408707 -2.283087
-0.9385129 -3.8026059
-2.227826 -3.3615167
-2.3147354 -4.936686
-2.7474284 -2.688714
-1.6783948 -2.8316898
-3.22295 -2.5496223
-2.5788689 -2.662236
-2.4733686 -1.7767099
-3.2982612 -2.9083285
-1.7679299 -4.3654823
-2.31255 -1.9520018
-2.959548 -2.3236387
-2.3865504 -3.0324955
-3.0556126 -2.3745246
-2.7805614 -3.557034
-3.9498143 -2.2710106
-2.4960814 -1.9991257
-2.2686162 -1.2859455
-3.3958688 -3.890241
-2.8295503 -4.0411363
-2.7901897 -2.2608457
-2.3997679 -4.023301
-3.1866975 -3.4974203
-1.5094495 -3.9476397
-2.1770701 -3.5685112
-2.1561713 -3.5118704
-2.933425 -2.7437625
-1.7890937 -1.6100943
-1.24387 -3.7319849
-2.941895 -2.369355
-2.367506 -1.1653067
-2.78274 -4.245562
-2.5851717 -2.3886316
-2.4245424 -1.2103406
-2.2762837 -2.6329772
-3.5282903 -2.047173
-2.4198608 -3.4789834
-2.9813461 -2.8259456
-2.2962399 -3.554582
-3.498259 -1.1119461
-2.433433 -2.4289153
-1.9354 -3.3289638
-2.740625 -1.4465518
-3.2910333 -3.6990664
-2.4222856 -1.8725935
-2.3194413 -3.3849752
-3.6331725 -5.2138605
-3.099143 -3.57598
-2.9871254 -3.982778
-3.7850056 -2.6789846
-3.1150966 -2.2478027
-3.9074712 -2.9736478
-3.4992557 -3.8442898
-1.5544935 -2.1340559
-1.6645766 -2.788942
-2.9112983 -2.6468642
-2.4393559 -3.832712
-1.6344197 -2.027405
-2.8394861 -1.8152162
-2.7299461 -2.4154873
-1.8195486 -4.11438
-3.5325913 -2.1402051
-2.9075065 -5.1747437
-2.71142 -2.890132
-3.133327 -2.8601837
-2.4737935 -3.1522443
-3.2906747 -4.5280175
-4.045929 -2.7305915
-1.7907447 -2.8409872
-2.5533 -3.8600578
-2.8870153 -2.8416207
-0.58526576 -4.322389
-2.8476672 -3.049998
-3.4251242 -2.7657034
-3.886446 -2.772977
-3.891355 -2.1590185
-2.4539542 -5.534543
-3.6529818 -2.0152373
-2.966692 -3.058412
-1.9903113 -1.8522592
-4.157529 -2.285845
-1.7611648 -2.5444684
-3.3716626 -2.5043993
-3.8192568 -2.9746127
-2.713678 -3.3196292
-2.3566947 -1.7885749
-3.438487 -3.2200613
-1.6846149 -4.4099865
-2.4872012 -4.22051
-2.3493114 -2.5343583
-2.4561763 -1.9961989
-2.5732312 -4.607584
-3.5261521 -3.3430555
-2.7450275 -5.2735233
-3.8451362 -2.9632225
-3.1595335 -3.527987
-2.883913 -1.5085264
-3.8519444 -1.1159605
-2.7241073 -4.059889
-2.6795692 -2.3356018
-2.976071 -3.5770006
-1.4074202 -1.8209759
-1.8056555 -3.1980314
-3.1941872 -4.076091
-3.2160692 -1.7473428
-1.6041458 -3.7639017
-2.5027847 -3.502202
-1.8353149 -1.8681061
-1.8626438 -2.1850607
-1.7337283 -4.0669317
-1.5379064 -4.4732213
-3.2605247 -2.5389364
-1.7980896 -2.8499312
-2.8630466 -2.9399302
-2.3214135 -4.94752
-2.2422204 -4.1941247
-3.7099605 -2.1475315
-1.402768 -4.055144
-2.8512917 -2.263717
-2.6729198 -2.065704
-3.1963243 -3.9469988
-2.2054372 -0.8539342
-2.627442 -2.1462138
-3.6058836 -1.5962536
-1.8846914 -5.8267407
-3.1430802 -2.2629533
-2.9020314 -2.302696
-2.8538237 -4.844237
-2.46734 -2.3695824
-3.2860832 -1.758422
-1.0223149 -3.4075537
-3.3788285 -2.7413287
-2.6243396 -3.6081505
-1.3324261 -3.3412788
-3.4694104 -3.8235521
-3.8846126 -2.0255628
-2.7374368 -2.979251
-0.5740558 -3.6737847
-3.4222116 -2.5921707
-3.9199853 -2.0626745
-3.7140884 -2.3822114
-2.3966346 -3.737022
-2.775486 -2.8839686
-3.2084765 -1.6186833
-1.8777558 -5.308316
-3.234634 -1.8968673
-3.6322594 -3.4861875
-3.5162973 -1.9199994
-3.1547656 -2.377484
-2.0353851 -1.9589092
-3.341754 -2.40449
-3.437873 -3.11603
-2.2428281 -1.351154
-3.6879635 -2.7584176
-0.72862864 -3.8340318
-2.4306264 -4.3127184
-3.3517327 -3.8953977
-3.4554772 -3.4432673
-2.867713 -4.4217067
-2.464304 -4.150677
-3.1936994 -2.1189
-2.530542 -2.7320411
-2.419393 -2.3784034
-3.1379485 -1.9260429
-2.2637177 -1.7289196
-2.8054357 -2.5216243
-2.807045 -2.9116285
-1.0635204 -3.1742942
-2.5392551 -2.9796405
-3.3023744 -3.473148
-2.7378345 -2.0886354
-2.6974506 -1.8489122
-2.6583848 -1.8570939
-3.1590056 -4.0686693
-2.6937947 -2.7889695
-2.9365492 -1.4957438
-2.1264296 -1.8652813
-3.325592 -4.36574
-2.574019 -2.5309074
-2.684578 -5.1905828
-0.62590283 -2.1906593
-4.014033 -1.461437
-3.7211537 -1.8510675
-3.7097254 -3.151614
-1.9853289 -4.4609914
-2.7523403 -3.066113
-2.3611684 -4.7141743
-3.866516 -3.1695702
-3.1029625 -3.157947
-2.4946027 -1.9005263
-3.4171557 -2.6857133
-3.072167 -3.0112221
-2.5542583 -1.8135562
-3.8156524 -2.0073764
-2.2497497 -1.5744462
-1.963048 -3.0394528
-4.3860645 -2.144203
-2.784083 -5.0343103
-3.468329 -1.6379014
-3.6852722 -2.044232
-2.4409966 -3.190706
-1.4007069 -2.6336524
-1.0421073 -4.8974032
-1.9755154 -1.886299
-2.855835 -2.3079848
-1.4994152 -1.5358129
-3.232163 -2.5998416
-3.0202808 -3.7042546
-1.901213 -2.362908
-3.5091681 -2.82474
-2.9986439 -3.217808
-2.5039854 -4.2555027
-2.1675265 -3.5028467
-3.9142613 -1.3618937
-3.1937914 -1.3708194
-3.2549562 -2.5010376
-3.369038 -3.1980157
-1.9919342 -2.2459097
-3.6518922 -3.1804044
-3.1246915 -2.9371958
-2.1273534 -3.99675
-2.1902063 -1.8002675
-3.6626487 -1.716171
-4.2851477 -2.7814133
-1.9332209 -3.5139754
-4.20423 -2.3256235
-2.594174 -2.659926
-2.4833646 -3.4475305
-2.444467 -4.1905932
-3.3177109 -3.0325398
-3.1790786 -1.3558784
-3.2497325 -1.3683305
-3.8626823 -2.3879795
-2.8883243 -2.9076765
-3.1255555 -1.4206672
-2.5150857 -1.7188276
-3.5410008 -1.9585916
-2.4383073 -3.8213038
-2.6069646 -2.4065623
-2.3271942 -3.4771369
-3.470685 -2.5221035
-2.661582 -3.1669335
-3.4259825 -2.2734687
-3.6048312 -3.0439541
-2.3307376 -2.7758708
-2.3602567 -4.3207464
-3.008891 -3.9852343
-4.1826577 -3.1307213
-3.396296 -2.690864
-3.1002703 -1.844634
-3.5724177 -3.4550354
-3.0387607 -4.0890007
-3.4540725 -4.2909884
-2.4941263 -1.1757878
-1.8583071 -2.79052
-3.0635204 -2.73311
-3.800437 -2.76825
-2.8929224 -2.6837113
-1.6012229 -3.1068642
-1.7152085 -4.6645527
-0.9411468 -3.7066998
-3.5069342 -3.0270038
-3.6367197 -1.6585338
-3.905223 -2.7671287
-2.6298928 -3.531807
-2.435133 -2.682928
-3.6160703 -3.1787803
-2.2508264 -2.5889661
-4.0156455 -1.4765055
-3.2558088 -4.270566
-3.2215786 -4.1550455
-3.2689824 -4.7329235
-2.0463758 -2.0292525
-2.7905555 -3.8578568
-1.4138453 -3.2160356
-4.0513806 -2.6403944
-3.2069468 -3.2746
-3.5729198 -2.7089593
-1.2616469 -3.5712402
-2.7465062 -1.9245538
-1.5358049 -2.3290813
-2.9427938 -3.9403617
-1.5262678 -2.9754531
-2.700203 -1.571705
-4.092728 -3.5934808
-2.802106 -2.6659782
-3.2697215 -1.483181
-3.0655065 -4.5741773
-2.777017 -2.8588622
-4.4476986 -5.427204
-2.273222 -3.0778503
-3.232398 -2.842425
-2.7722454 -4.0060554
-2.7967343 -4.751301
-1.2103662 -4.1345706
-2.7806497 -3.9400666
-3.84694 -2.6819603
-1.8309107 -4.7531824
-3.652022 -3.6503265
-1.5210782 -1.8333338
-3.106318 -2.43981
-3.3723378 -2.5580297
-2.6799707 -2.5682366
-2.426405 -5.054308
-4.089907 -2.0435755
-2.2703514 -4.652715
-3.5893683 -2.7063649
-3.2116013 -1.8302867
-3.021864 -2.6570508
-4.5936565 -2.4288511
-2.278832 -2.6072254
-2.6222477 -2.9748502
-3.8257747 -3.0735223
-1.7291263 -3.556195
-2.6605458 -4.1354504
-3.913104 -3.3433864
-2.4048586 -3.777669
-2.3377938 -3.4611893
-1.7659886 -2.1885698
-3.57801 -3.57876
-1.3850386 -2.5021963
-2.3012395 -3.136938
-2.9997587 -3.184692
-2.2653952 -1.9966809
-3.1015887 -3.5426176
-3.4164858 -2.154846
-3.4681306 -3.7987041
-1.544693 -4.7811646
-3.2563162 -2.971887
-3.1361055 -3.510211
-3.253612 -1.4784129
-2.9361777 -0.96953136
-3.3421926 -1.2407835
-2.9365025 -2.9560614
-2.9057612 -2.768485
-1.7929649 -1.6388977
-1.9787505 -3.065227
-2.3523493 -3.177486
-2.209691 -3.3408034
-2.5099654 -4.233123
-2.9189267 -2.399304
-2.7895122 -2.5990515
-3.1152153 -2.5826218
-3.196248 -4.2339416
-3.2247014 -3.8281136
-2.847074 -3.0925527
-3.7272272 -4.0021567
-2.7009416 -2.0278707
-2.7209473 -3.2982113
-3.0872717 -2.1668067
-2.2960706 -2.6147788
-1.0523423 -4.473443
-3.4374242 -3.785887
-2.6991282 -3.407547
-2.5917954 -2.6232955
-3.1206217 -3.7118564
-2.0149179 -1.6592184
-2.5713859 -3.9936523
-2.9047751 -2.657584
-2.7083778 -1.1886569
-2.522244 -4.31341
-2.8840213 -3.5111547
-3.768692 -2.287054
-3.458521 -2.8593335
-3.9527984 -4.1835556
-2.0013185 -2.0463848
-3.3536286 -2.3234336
-1.3713131 -3.7565954
-3.2284698 -1.2671689
-3.014811 -2.4338396
-2.6484604 -2.7767951
-2.7861104 -5.0058894
-2.6947832 -3.8360906
-2.777101 -1.8926808
-2.3331037 -2.9338815
-2.8994956 -3.4570742
-2.9241576 -3.022399
-3.621811 -2.6441135
-1.0451152 -5.14789
-3.7406383 -2.2209914
-3.0146766 -3.0782127
-2.9307737 -3.5441678
-3.3298192 -3.324945
-2.7753377 -5.1393933
-3.863678 -3.6276493
-2.4793382 -4.8157277
-2.9053326 -4.0169063
-3.175848 -3.037317
-3.1451144 -1.6420385
-3.0456305 -3.2020862
-3.1611943 -1.790747
-4.023223 -2.8894362
-2.5576234 -1.7723156
-2.4238925 -3.788894
-2.6529746 -4.74291
-2.8922563 -3.3432653
-1.9282881 -1.7492794
-4.305849 -2.3789682
-3.5079818 -4.0214677
-4.294775 -4.2170105
-2.8915396 -2.5550299
-2.4122524 -0.98637515
-3.528276 -2.1971931
-3.0179973 -2.0463119
-3.6469312 -2.3403895
-2.6247325 -1.891829
-2.4252353 -3.5979226
-2.5285006 -2.4745917
-2.579545 -3.138675
-2.720397 -4.5987535
-2.0871065 -3.8964608
-2.1323986 -2.7417138
-2.7011824 -3.3210714
-2.5451155 -5.1536775
-1.9380469 -2.7586434
-2.8477201 -3.7141378
-2.838551 -3.7071846
-2.4412665 -1.7042558
-2.9081974 -3.9525316
-1.5875888 -4.014608
-3.931981 -3.4312875
-1.0517229 -4.136886
-2.000846 -1.9123936
-3.5286984 -1.5671717
-2.514965 -3.8677561
-3.3476696 -3.2847712
-2.2056513 -2.1952214
-2.1096864 -2.9678984
-2.1395178 -2.1365123
-3.592721 -3.079594
-2.936244 -2.4270105
-3.6756482 -2.9209185
-2.5581198 -3.502891
-2.4289002 -3.818568
-2.9161477 -1.6180403
-3.1218872 -2.918757
-2.9869165 -3.0346563
-2.864479 -3.527612
-3.1206937 -2.807337
-1.7927098 -1.9333818
-3.6104584 -1.8321949
-1.3700116 -2.6476338
-3.3276453 -3.7769585
-2.9399395 -3.5841694
-1.1552956 -2.0388455
-2.0107684 -3.0225306
-3.3215384 -2.5294347
-2.0642405 -2.3903246
-3.0940275 -2.16045
-3.4148164 -2.162904
-2.820416 -3.4323392
-2.1140556 -3.020045
-3.8296847 -2.1029747
-3.1335506 -4.073944
-2.5596118 -2.9722612
-3.5388002 -3.0040455
-2.8082342 -1.6585684
-2.8285484 -2.8030977
-2.0917382 -4.82165
-3.377335 -1.5026445
-2.3550448 -3.523057
-2.6180325 -4.825179
-2.3159394 -2.528018
-3.0201178 -5.03038
-2.7250586 -1.7327503
-2.874745 -1.6999488
-3.3949718 -2.1702302
-3.2051125 -2.8168302
-2.2825294 -3.129778
-2.551228 -2.9721785
-3.2776647 -3.423674
-2.9273891 -1.3697089
-1.909757 -4.403071
-2.4830332 -4.464144
-1.7029582 -3.0010793
-3.669886 -5.0925937
-2.8875046 -2.848676
-2.7209778 -2.0587707
-3.456315 -2.2751777
-3.2209864 -2.2544281
-2.0123558 -1.8879529
-3.2858596 -2.6402407
-1.2831719 -4.349547
-2.099728 -1.6544104
-3.0072303 -4.883425
-1.9321188 -3.2089267
-3.2616534 -1.27477
-2.435431 -3.3456533
-2.8706293 -4.4627113
-1.8474947 -4.140072
-2.6223798 -4.769485
-4.1014967 -3.4514072
-2.4223251 -1.9044744
-3.316578 -4.196462
-3.3707342 -3.4814556
-2.196807 -5.004868
-1.8374386 -2.865042
-2.4135551 -3.232374
-2.751843 -4.922743
-0.040194556 -2.3678107
-2.7910376 -3.014432
-1.6255969 -5.265746
-1.8807523 -3.8835413
-3.3766556 -3.5834816
-3.193911 -2.759895
-3.7263403 -3.6004794
-2.3258667 -3.743545
-2.695006 -2.470896
-3.014485 -2.3644161
-3.4656672 -3.9310396
-2.988216 -3.7954688
-3.5202746 -2.444056
-2.2697573 -2.4845695
-3.8443618 -1.2729201
-1.480405 -3.4539115
-1.942765 -2.2991955
-3.2948895 -4.6068144
-3.0954647 -1.6247617
-2.1413822 -2.4658062
-3.5693784 -1.9406489
-2.404418 -4.46936
-2.5047598 -0.56239134
-2.4350386 -3.8479552
-0.8313582 -0.9465381
-2.0886624 -3.7166255
-3.9204345 -2.77586
-3.3681693 -1.6839185
-1.4057182 -3.8793492
-2.362568 -2.6322563
-2.3208604 -1.5336725
-2.8364892 -4.4558105
-2.2089176 -3.1571143
-2.571828 -5.047202
-3.1377172 -2.992983
-3.194189 -2.0595257
-3.1229734 -1.8557435
-2.8950305 -2.866203
-3.2470713 -2.8580565
-3.6954718 -2.6688879
-2.9748826 -2.4746807
-2.762608 -3.6092215
-3.2502155 -3.5804212
-4.6929135 -2.168108
-1.8769246 -3.355804
-3.1922264 -1.5970935
-4.0500703 -2.199069
-3.4737473 -3.071867
-3.4932961 -1.9789336
-3.0074816 -2.900027
-2.4534006 -1.628726
-2.1380882 -2.4985516
-2.6882024 -3.2024686
-2.4293156 -1.444837
-2.2427654 -2.5042815
-2.5373154 -2.438961
-2.2754836 -1.6014686
-3.5730214 -2.6195402
-1.6945157 -2.1968145
-3.1568108 -2.4154544
-3.35362 -2.7832725
-3.8322024 -2.2779443
-1.7795634 -1.6194334
-3.4841223 -2.6262283
-3.6164942 -2.5388818
-3.452857 -3.0925767
-2.7427511 -1.5088402
-2.5260787 -1.7635317
-1.7969755 -3.5368958
-3.7915263 -3.748676
-2.7589078 -3.433464
-3.3626814 -3.528977
-2.643906 -4.3439374
-1.95085 -4.2090125
-3.1586905 -2.2192862
-3.2038236 -2.5535972
-3.845491 -2.7386522
-2.8745065 -4.6514497
-2.8731008 -1.0756513
-3.139638 -1.7696414
-2.3854384 -3.7220662
-2.3470979 -3.111444
-2.369422 -3.4049146
-3.0220222 -3.1963499
-0.79532933 -2.4767416
-3.0007014 -3.4732888
-3.9456363 -1.662575
-3.4070678 -2.909692
-3.2329135 -2.737371
-3.2518878 -2.6739478
-3.4681091 -3.492667
-1.3973633 -3.1064653
-1.326111 -3.9984415
