-1
-1.996202544971277 -0.5436594310661357
0.6110936983022931 -1.490020388133237
-1.4001062016620809 -1.380389142531499
-1.573818710819213 -1.3452138559787594
-0.7803094688708666 -1.5042794630958247
-1.7988915511918901 -1.5799762329370022
-1.1255402594767079 -1.8986781151758634
-0.5410863258199371 -1.1078992045585325
-1.6895827198503504 -1.698735893343942
-0.9023695797095824 -1.897018216466353
-0.11179017164894997 -1.5812683536905625
-1.6537807748172826 -0.5616506755713251
-0.8682199669630704 -2.0851379556833214
-0.7619093916374609 -2.133774907751871
-1.9451389514902244 -0.5160219936867005
-2.416717481043688 -1.0005057235723294
-1.14568656280811 -1.127835278145788
0.23169578071272032 -2.222009910084138
-1.8036351249104514 -1.2848782544928796
-0.20841273865314985 -1.2302060902947043
-1.0585930886275645 -2.3166881092676803
-1.3651032321252716 -1.0371537224079168
-1.0182908403301956 -2.0994932371103068
0.3283577079304852 -2.070341022569346
-2.74575051383442 -1.7136140363924692
-1.1212037260498193 -1.5872981029093893
-2.6426544865102586 -1.1401636581993726
-1.696488876155443 -1.8861385437011828
-2.333023813517741 -0.8129064251585809
-1.7296735851308473 -1.4944157398590394
-2.173085817889356 -1.537447295179918
-0.8328006674839488 -1.428073933613324
-0.15738394351532703 -3.3310008048805217
-1.858598547044171 -0.7553400187798214
-1.9974861654878107 -1.0124292894163651
-0.6919217677692492 -0.909997839203717
-1.088859666066908 -1.7675695815288437
-2.517801792238475 -0.9604848582379679
-2.234029961816558 -1.7790624406053586
-2.211553478213855 -1.4310341725305575
-1.9121289748559016 -0.24046149681486848
-0.5065386925208785 -1.3053657489354573
-0.017484387352643026 -0.023804551052860213
-2.298071696069515 -1.4665024094921941
-1.9188318295331885 -0.2849150908843832
-2.137492595524982 -1.779214879000724
-1.5892184952445088 -0.3001874718604876
-1.6795464149085206 -1.6117325270330676
-2.3532165285976347 -0.6544946632773354
-2.307336383599324 -1.7074068810598602
-1.7139257924880527 -1.5557990616893074
-1.3499307919479604 -1.7437458806271784
-0.4864281042486121 -2.5740191825146033
-0.4043673113135409 -1.4078720972140963
-1.2671427701129616 -0.8993397578860728
-0.5095103641057206 -2.2201396423596433
-0.42859858463625394 -1.6524723359710356
-2.2837686688921073 -1.2628062051141686
-2.4244915175679456 -1.2307020861366162
-1.82708827367608 -1.1420339884755009
-2.6139024684132273 -1.4782808692903693
-2.4487754691189956 -0.8928170072560947
-1.4343616262592327 -1.321538046160753
-3.0203421854665704 -1.1538602485597396
-1.0384088985242579 -1.5196985398822112
-1.0954454093666426 -0.9532716765348781
-0.6270997679092445 -2.2474350221660635
-1.539476875594497 -0.43743290120975137
-1.0134987535346367 -0.3508586231049964
1.1568829057942558 -2.625117153832006
-1.2692706805533576 -1.1569539327805938
0.03647453870142419 -2.8532172227062516
-1.867674649454984 -2.6644198484112955
-2.9209262388616946 -1.6504888824388126
-1.6497622471117308 -1.1790829517830077
-1.2461115382058894 -0.7048327679698768
-0.8809281902590393 -1.375612846897635
-1.4424158063499881 -2.3418231440984796
-0.7561387587432296 -1.1924635677535604
-1.7125003511909245 -1.3470509526340815
-1.08714057337147 -1.3941406730021724
-1.711513145422351 -0.3743132961477191
0.355683302763215 -2.2184925571383056
-1.698105820432537 -1.2825710316142893
-1.6971997757446295 -1.567961987188511
-1.6377166413014719 -1.5795458649157614
-1.5213913970577846 -1.4425870155235336
-2.380056840182959 0.09719301211450644
-2.4035925267390783 -1.4557365821110306
-0.272727161173063 -1.9698516085221338
-0.883497505088583 -1.0835900126599083
-0.4661924466500604 -1.8428394872039588
-0.6829339635428434 -2.1438460014076757
-0.9030408157557326 -1.8370481780028967
-2.4155112733091966 -1.9412560421329474
-2.2599837824484674 -0.9688254406521843
-0.8467984900091722 -2.6156770168341787
-2.7675348205986006 -1.5024074593758148
-0.2668524751725803 -0.9375971594752595
-2.2293302594014 -0.515699839448226
-1.6852329697364232 -2.101665856075308
-2.421399452841902 -1.272856501098721
-2.419020134436882 -0.5424645362138548
-1.3336373139449436 -0.3622986911547189
-2.169431995960898 -0.16477718717451126
-2.170916165865315 -2.7002663134366403
-2.284716155592566 -0.9797476633975382
-0.4786266353425055 -1.3550933361474429
-0.6670945512581221 -1.3812268136408403
-1.5285727877431812 -0.6346584512782041
-2.295233084105238 -1.8668636034556603
-0.9985886879353125 -1.1994186187016656
-0.8321072955325126 -1.986860448992035
-2.373371618862661 -0.8546031736174752
-2.580091069240647 -1.674012418503017
-1.358335227210234 -1.8776661361390299
-1.69688694563273 -1.6058518077388366
-1.6268052935351196 -1.5522578219053824
-0.7037864086917693 -2.09507823012503
-0.5639475963422641 -1.9657965323301956
-1.8255252368550325 -0.9748363413449193
0.1232716340624668 -1.6012133095257544
-2.5450451296263576 -1.5036225084219164
-0.7530137071889935 -1.040093855906831
0.2498940270671495 -1.3022068120839974
-1.6582690472271302 -0.9980406128486605
0.20134428877335261 -0.810023040502052
-2.12214489040502 -1.7253600188303164
-0.6452102230377987 -1.1571535978431087
-1.4012363498339369 -1.6342438818126963
-0.7820481845807388 -0.7201405814105721
-0.7427049187183201 -2.515822193424089
-2.4056851666685977 -0.3858469818222544
-1.2612908090560466 -2.13920878033454
-1.2251075397204925 -1.1034609023178856
-0.6517032949809317 -1.7833824544052619
-1.7586080270036206 -2.747127880403572
-2.396573814180063 -1.25740573205455
-1.065323847628154 -1.5211441692010623
-1.4611746280512674 -2.2218422934076756
-0.39054127771064445 -0.6395475873762975
-0.822597055273956 -0.6657074212005794
-1.9699117602321992 -1.6371125506294957
-1.2122494984098482 -0.031482625951243015
-0.5590630594134685 -1.0749430835833937
-0.42934393777890406 -2.3620974753705046
-2.124896508574752 -2.4632247446739077
-1.4895674818409848 -2.102837781818972
-1.2955957311006518 -2.110196293804972
-1.0410426773279264 -1.8386516783166789
-1.3230803323958484 -0.2302369200661357
-0.46108346415409124 -1.516960221687859
-1.6596731333780355 -0.28148899711996145
-0.5920400078227371 -0.8986784380545498
-1.0829473912553704 -1.6065014493202994
-0.6612149852503018 -1.164780270078687
-0.6516930899435193 -0.8897102978037654
-2.2309351996910456 -0.43407861204290604
-2.1131564955356024 -0.5352357964209511
-1.7185769635983588 -1.6639132211981653
0.12500103870914794 -2.7112013628018348
-2.803115293607531 -1.4773142258725562
-1.4385154953536083 -1.9444402175969104
-1.545420558356264 -2.0442615953820904
-2.298203694409848 -1.3011423649794835
0.051654200029736905 -1.8225072133415403
-2.4453276850243784 -1.4556765620875693
-2.995794237530293 -0.9659973693478157
-1.0229034535590151 -1.2734833757740769
0.7331611319021 -2.391798631832006
-1.9334189266430124 -1.1697884455906347
-1.6352771994573978 -1.709262502391504
-0.5656631856746319 -0.8607620743468501
-0.9065024589205889 -1.5444168816574464
-1.6859702658167512 -0.6092099555701183
-2.501200833433743 -0.9120211541724813
-0.6428993824359162 -1.8691502111436162
-1.7995143822987787 -0.029231148864108054
-0.9942984947139754 -1.7923417568839006
-1.7317812766391507 -0.9869007969389333
-1.2014121131261408 -1.1322049616466328
-1.840471056363022 -0.9979290226063241
-2.1902948365203962 -1.5907561482275647
-0.502949933819551 -1.5371475568259718
-0.631273563409124 -1.8849380430296887
-2.548183969800628 -0.5339722738006275
-1.097744809083273 -0.2697364293854695
-2.0930699496973206 -1.7925705652136135
-2.233397854657495 -2.124526445595462
-0.8649380035737387 -2.060081969208303
-0.8438234702495776 -1.9822321843323196
-1.1563357296249095 -1.5456427408652669
-2.2579697915838763 -1.5755476012580258
-1.8382344094105718 -1.0914016319594497
-1.1506653970113445 -0.8105719567716632
-2.156214417789042 -1.0151731303306784
-2.9534957914796043 -0.9985598116574946
-2.2805689556495294 -0.7711117093009896
-0.3077706987545258 -2.8249337023499876
-1.8709732639428047 -0.3936834841689597
-1.3387761347354095 -0.9864464984001932
-0.4753969403830558 -1.1590432157214579
-0.8003082198759355 -0.7335501684199857
-1.418793610640116 -1.1184277069677047
-1.4098172227719046 -2.1686045326565297
-0.46536508822109585 -2.313663248292541
-1.5767072524197923 -0.015018114894810508
-0.6033253629741734 -1.885678202649288
-0.6590845813009897 -2.3581190737547475
0.8278603804817767 -1.0033071383326093
-0.27480459143393676 -1.3784516909949311
-1.580865755040792 -1.23343287933623
-0.27532942969152785 -2.679621274483225
-0.8079773138025585 -1.9454585105119964
-1.585986324159112 -2.6092003547381126
-2.49680917726575 -1.4095423334257786
-0.3007628974881969 -1.563062374799421
-2.1449442183734497 -0.8982823069301473
-1.5230054779401403 -2.449663521007
-1.4836337581221337 -0.8679525825387402
-2.653824002316196 -0.4140613975689114
0.09212790161622023 -2.342898674482694
-0.031570064071445796 -1.2143110811928555
-0.835309348235578 -1.8081501701100653
-1.7228758768568673 -0.7738352991867731
0.06614195504417097 -1.0741719282722666
-2.687430351140719 -0.6078544076945692
-1.097854991650591 -1.9393372200415158
-0.2263959712150615 -1.7801902899995172
-1.2849152235925079 -1.3692985337067631
-1.9980779527656285 -0.7219743469133478
-2.1294156957509056 -1.832447809483949
-0.7049778337620083 -0.6854730888163167
-2.466840632783973 -0.6959178638148685
-1.0376533153801593 -1.992602001941588
-0.5974112656587014 -2.143784330092204
-1.3292456163427468 -1.805261302370746
-1.6246617979362779 -2.150584457487811
-0.36617005071976827 -1.9517429194660874
-1.716179432017379 0.2535546870303645
-2.3249088456973213 -0.8652154929268645
-1.774627002208931 -2.4381135054742944
-2.147265275547671 -1.4754794234573978
-0.9526930233183684 -1.3406080654161239
-0.8661679623108858 -3.288944637739802
-2.208903122361574 -1.0727678838340333
-1.8402448280813422 -2.303253768825006
-1.2860146419291334 -1.725446702527637
-0.9586488335597393 -1.3960032869881729
-2.653164976868936 -2.562743743175477
-1.7734258990376055 -1.3032655243132996
-2.877182875225682 -0.5184485090981414
-2.076079982024137 -0.3575158935553946
-1.9920020100777218 -1.4425200500724114
-2.295542136613083 -1.210322394366884
-1.8531223209751388 -1.8446272189090034
-1.9336387171431328 -0.4339356055631186
-1.1080479011981654 -0.6857417634911899
-2.319709736061791 -0.7127705499729664
-0.20362020306927353 -2.8211564267883182
-2.7476381668066616 -0.8689250737431814
-1.9771118134849144 -1.9307859221800632
-0.9953439839768286 -0.5867844912309921
-0.981105714905817 -1.1491221990131788
-2.4369747780893074 -1.886470636724596
-2.4090534925397056 -1.7417274498629014
-0.9298391415056723 -2.305086386583635
-0.5657029003563118 -0.649662648160753
-0.007071166049722371 -2.194535088439102
-2.04308864924475 -1.4607817035786628
-2.2865521662592325 -1.0695849858759354
-0.8150098482191649 -1.9632727596507362
-1.206772272907555 -0.8897241468648323
-1.2199780317560225 -1.912935610370263
-2.0100426763552983 -2.3014884322925417
-1.7860428443934346 -1.2224543734902245
-0.9318013504693218 -0.8220880088018343
-0.9847385844728943 -1.467357349791938
-2.4587586932869905 -1.839024033478156
-0.6334020661672701 -1.2545687786685977
-1.6248275463644706 -2.2824752779169684
-0.5288387059903452 -0.8845366324327781
-1.5210684560884387 -0.4072859749500363
-0.22811484690803766 -2.5133320330021722
-0.8503566179590637 0.38071453695640833
-1.2318503322230268 -2.045041999617669
-2.4336838212136134 -1.2880062405778423
-0.541442156370746 -1.9383144552505918
-2.6231553193874007 -0.8271408648652185
-0.7973805069770699 -0.7866931161565051
-1.8681531406377025 -1.5099923744783976
-1.5343558261338885 -0.785237552924451
-2.1009499308703843 -1.64307218537147
-2.743666706589428 -2.4877669373970552
-2.0062624893482988 -0.3514884469628772
-2.6130686168496258 -0.8112683212643013
-1.7460685446468742 -1.428027391180787
-0.37780302827999035 -2.8266460393598845
-0.5009446309852764 -1.9003751997060099
-1.1009080465865317 -1.066786198463915
-1.8379040912005795 -2.9144824269370027
-1.0213821006710113 -0.5285150529394158
-0.20235455531933383 -2.6061579987834906
-0.6256921728212407 -2.0061137075896696
-1.7137653682133722 -1.6140530102626118
-0.7217808476920107 -0.25551090374366403
-1.8100287720960657 -1.3934599259357954
-0.8201175198696598 -2.5823936234100895
-0.7014056538744872 -1.9411382954506398
-2.0929929522910937 -0.41331511348974165
-1.0570243165056723 -1.0746953370060341
-0.6174298740492398 -1.7630390020482745
-1.126493308024427 -1.7795981991426502
-0.7921821187888004 -2.396142031339609
-2.844674527588704 -1.8258013552116825
-1.4056773232768525 -1.6958195890852037
-1.7315077662230267 -1.309673552355298
-2.2448139553753315 -1.5889621049809317
-1.2159676430432054 -1.073249610151581
-2.1503448979753803 -2.079164614964519
-2.148024169005552 -1.9225325829244508
-0.007293805893314053 -2.610647447577118
0.009559342617426957 -1.1981386166893555
-1.3569515624430608 -1.4203456603905384
-1.2993055056813905 -1.5545417341390297
0.0009129597811247932 -3.0661671642191655
-0.6104975896133238 0.08514272679893796
-1.3050884655833939 -1.3096969593277819
-2.9579375882346124 -1.498450799753319
-0.8100329637808351 -0.37641830256046344
-1.5969770639171617 -2.150942616588946
-1.1551266867048033 -2.5542538399526915
-1.9503845250248613 -1.170776888527637
-0.4976521452865073 -3.2964781593714703
-2.089728235953174 -1.0523158627825249
-1.6651955719375333 -0.16927550579097272
-1.919324962810524 -1.4598515132476464
-2.111235964189235 -1.065872386159884
-2.5548720942872314 -1.7667063310837559
-1.4181759490055035 -0.84183867837287
-0.9318764564848662 -2.3419177425715665
-1.792741422679218 -1.937779824711079
-1.61859667074825 -1.2575715279628288
-2.3544925267332855 -0.8066978525652909
-0.30453441806130827 -1.143458867290852
-0.07649870304598597 -2.024670524729906
-1.1166840522370263 -1.8144379234747767
-2.439166880869901 -1.3931812030243786
-1.9804367905382576 -0.7267731846406953
-1.5276342148887279 -2.7702199870644466
-1.17959171971832 -2.7295770448679706
-0.19230193538933146 -2.590703059936085
-1.387914943955588 -1.4116166050489984
-2.2731361472797493 -1.1840393885102585
-0.003624816243495115 -2.1799724792865076
-1.9544535696784944 -1.8074561090779628
0.3308264419850349 -0.4829231349051412
-0.5658225847004587 -1.014415959034516
-1.985707072185373 -2.159534654621289
1.651843308887589 -1.8875403141766833
-1.147230726858122 -1.6253231535244992
-2.0948406701163407 -1.2383159229983103
-0.762532842033985 -0.5094383277363264
0.5186005613729183 -1.9265422443504707
-2.179895002241371 -1.4231634709640355
-2.164990094130823 -1.2874605351484434
-1.5653415120646874 -1.8947809285836352
-1.5855045674588464 -2.430109199369539
-0.6425115457460777 -1.894035033706976
-1.9424242189664493 -1.365549936495052
-1.0025661380082067 -1.2708223297431815
-1.1060072882444605 -0.6008012149258025
-1.4929720325493703 -2.0851151889258994
-1.537522899534154 -2.096581611616703
-2.5516824427429396 -1.0617901359087616
-1.980410077508086 -1.20935324827441
-1.8553947603717116 -1.5327339125325607
-1.8174716853265753 -1.2478046679847938
0.242111845294521 -1.9105593097740767
-1.663083846909486 -2.039999690573015
0.6330560265380951 -2.526814915765388
0.015127473975669862 -2.941713619389814
0.225771795459329 -1.3916864000060343
-0.9822939144069516 0.0007617478126961349
-1.94982084132561 -1.6978496214455228
-1.4235266491088583 -1.8231767802172825
-1.3461000951766837 -1.658207506193097
-0.26115159405165334 -3.4022143586589433
-1.1564953890747767 -1.5955034967323196
-0.633019514705286 -1.904405451764422
-1.8582923809790008 -2.35374402386097
-1.6434267050026554 -1.0757834141148925
-1.5142785389930002 -1.7655382986714943
-2.9824121161515813 -1.9312980037002174
-0.6952175189581462 -1.3237886233611393
-2.1569774249794835 -1.1271472868720736
-0.8438629169698286 -2.1757108353410577
-0.8182433982635773 -1.6636569524414677
-2.4309949232247168 -0.9301382147660151
-3.1219725664137097 -1.4072068291049964
-0.9823237180270336 -0.9943257021747526
-2.0633394000067584 -0.8295060534631908
-2.0928907302659914 -1.3683985110238956
-1.0000348130108618 -1.8235612140419988
-1.9873418390306545 -2.480900800482743
-1.1171980577007001 -0.9275403550784216
-2.722811266213855 -2.1306433388269372
-3.0381558922075795 -1.6482614014810524
-0.5814660718643495 -2.8906673533719527
-1.9643263351643738 -0.6660463570654116
-1.4092043228462467 -0.6598615795103548
-1.665902407463432 -1.5843343126903209
-1.4514591344327301 -1.0341525699821386
-1.8216799280646876 -0.8384190127972002
-1.7140919984552259 -1.2095005207511464
-1.5625626569587256 -1.315748582618634
-2.127425202706252 -0.38143781311416847
-2.429810765697997 -1.8991100704484674
-1.296034386817765 -0.9154845760581706
-2.6108683945440507 -1.0020035703398504
0.34670904144899845 -2.291981407906348
-1.9862710719440022 -1.1093976094979483
-1.0576999383552983 -1.6409655575054793
-1.0031376429077965 -2.9233527264252963
-0.4057035111354091 -0.0419589877702148
-1.0267206192602463 -1.453558779992759
-0.3371143357170167 -0.7807645763823318
-0.409625825378711 -0.6813321859314505
-1.0560567343929521 -2.586439433324644
-0.34872751719932427 -2.4762757571909244
0.559767683359498 -1.526360187626599
-2.269492887523051 -1.373191398492397
-1.37441312211441 -1.1874417552918175
-1.969212363059136 -1.4196078655259474
1.3733674695261213 -2.452982742953898
-1.1728356425879798 -1.7037413079888968
-0.9402164957417332 -2.416559529194304
0.21848589895302925 -2.162594493459812
-2.0866592348694186 -0.8655986983578083
-0.8176893939493124 -1.60817562807917
-0.9738928000639635 -2.3031165195047065
-1.397629251435675 -1.1646591860975137
-0.9168151945406712 -0.7935133279058654
-1.2166568824228823 -2.0888862081979243
-0.640491088632392 -2.563279501950278
-1.586416416434468 -1.191310166068839
-2.201631576077239 -1.7022920390393435
-0.1176703791924692 -1.0215915067055275
-1.6618949872652666 -0.5674200383411055
-2.4632204467043204 -1.255615672080135
-2.4202538523514363 -2.1096324718329718
-1.1193131727400436 -1.1235941155037414
-1.8060362553468503 -0.9470300884971472
-1.7372666173217477 -1.06969336971832
-2.186142917120927 -1.8040911692836108
-2.3110517935476715 -1.86602471434854
-2.4821918432391983 -0.7615458875617669
-2.70160676404924 -1.8594184990827904
-2.582699140170891 -1.4538230099922762
-1.052770726877142 -2.7972322063046104
-0.854884904769008 -0.8277503041882694
-2.3881054737658705 -0.14619273493507123
-2.8448379722857835 -1.5008640952696115
-2.1955363328071447 -1.6998020585977893
-2.2332999984151582 -1.1799567962615256
-1.2304676624335023 -1.7959944617745596
-0.6713237174742941 -1.5973488064378472
-1.0366376675973934 -1.5175576451972002
-0.3504222887332851 -1.0862256614893797
0.03780058785807387 -2.3674734319314505
-2.174450418436882 -1.258060586920589
-1.6314990062802317 -1.6398381629705527
-2.5492873177296644 -1.8997131609958968
-1.4088602803900556 -1.0447625582592326
0.47909601411672714 -1.9896530869056241
-2.2780864761622017 -1.3141524003200582
0.6747298082164616 -2.870714969343954
0.8043866252358195 -1.8373208142944726
-2.5424445716707695 -0.9671225319418297
-0.32718772746705277 -2.1213721213555394
-1.270659285339609 -2.374997053491673
-0.7528385421773595 -0.48927573405020514
-1.116530764691769 -0.2815039954086411
-0.02919312616075301 -2.7204202584388133
-1.2779228566076275 -0.7992784376480812
-0.014119285882210984 -1.1051275596690804
-0.542976785461936 -2.6634253562708188
-1.9285288993738836 -0.271045229083273
-2.3782153896094615 -0.7375203250432053
-0.2500885717822834 -1.7606628986454258
-0.7733963319835866 -2.7453605608945213
-2.4519443234023655 -1.271724965615255
-2.041154222439296 -1.2528330426719767
-1.2877920176369781 -0.7813399237142168
-1.5437269146227373 -1.0398633224779146
-1.78823273823133 -1.8691924108694182
-2.399087833508086 -1.5324741146311855
-2.3987451727723874 -0.4322141197470432
-1.6989338029664494 -0.22147733869485878
-0.8548804488496259 -2.664379539299059
-0.06152103742891622 -1.7287129366323921
-1.460634576979194 -2.5210367702379917
-1.2293503899584843 -0.9669713617844558
-2.1606580466270824 -1.3548407459710357
-0.24795737445039823 -2.5647069949287955
-0.08428659404199855 -2.12438395859329
-0.2188514970108617 -0.9057564919824282
-0.553254625698769 -1.7643260356056
-0.05798787205406711 -2.2483416175602224
-0.8383380772092686 0.11965488361467548
-1.8781619072459572 -0.6199991507825248
-0.7644097420284818 -0.9351483013748492
-1.926831764188752 -0.5795640839208304
-1.9736937480429642 -1.0792781001631668
-1.2336054129584841 -1.8046755818551774
-1.2494491385117066 -2.106217716784456
-0.3222098428993483 -1.5141270305174994
-1.4520137026946656 -2.309471603527878
-1.8208892077883176 -0.5394938029611392
-1.6562285931952692 -0.3505945350499638
-1.539556208945885 -0.8232108100922038
-1.638654302516534 -2.5752722350094137
-1.7551287295051894 -1.9679649879517263
-1.3939480341228578 -1.151665763691045
0.014760603338643487 -2.451620490208062
-1.7847324976847694 -1.0092474025305334
-2.0692234422534397 -1.3538705521675116
-0.6396388698556601 -0.7309703312107169
-0.6691385363354092 -1.2628117919802075
-1.28033572106686 -1.447250871912334
-0.06437830038426265 -2.420915362632489
-1.357263588632392 -1.978237042960174
-2.4710179055766357 -1.2080331194081584
-2.093531685336037 -0.5307363922616462
-1.1662744240328267 -0.8560878194624184
-1.2273397021020997 -0.7847438379473813
-2.018726487944002 -0.5056191313762974
-0.33165812269611394 -0.9977834010946175
-0.9884399002510258 -1.6565343597252233
-0.5541217299676564 -0.3634896282983345
-1.7503463342862662 -1.516146828477915
-0.24129836203234367 -1.3014556938064206
-0.8084454600489163 -1.8853003803919866
-1.9366694383557805 -1.063851768896935
-1.194271459238716 -0.33876642621964753
-0.44519046176895977 -1.192539862275356
-2.2015749156533913 -1.1414684035696354
-2.2031326664706734 -0.8858514591836834
-1.4666293566541155 -0.7723978342843351
-0.40144509591503735 -1.5464415197557329
-1.4918065951552015 -1.4224535702645427
-1.38990225104224 -0.8988437754342264
0.615319012197345 -2.132472000157374
-1.6589763767306303 -0.7832029429080378
-1.1205449435500845 -0.8060960602833697
-0.42720201917740774 -1.5659240129682452
-0.4519614092987691 -2.5099003511585805
-1.5470177495358723 -0.7472450755440503
-1.7953736397591122 -1.0156847163666425
-0.682414955002655 -1.7895447722157856
-1.2247805559278302 -1.1302710835196719
-1.5632477131682359 -1.1081993849726384
-1.3850196134554673 -0.7361367679044171
-1.8524899386676321 -2.043042661202414
-1.7647249808998309 -1.6478893780294472
-1.4222054039765872 -2.24636988122182
-1.6260897727801114 -1.7111078016442196
-1.9004631760477921 -0.39474718667873526
-0.5474052095278784 -2.057231578117789
-1.3384240254176685 -1.9223654751233408
-1.4167341622703356 -1.5996675392372677
-0.9499378568668115 -0.9219998064967415
-1.9069181318899349 -0.7454260065073619
-0.6898678540535844 -1.6273135714964035
-1.6767657436138066 -1.3813187861964762
-1.7657248876546465 -1.203562905432054
-0.6026964017335265 -1.2551317203207821
-1.2806880015805455 -1.7810596692265512
-1.9826507759942074 -1.4933646620333092
-1.2481197716217718 -2.465637453642288
-1.6625374658256338 -1.1124472500555154
-0.6277392914057448 -1.131142863003138
-2.5211231984388127 -1.4797422134042966
-2.1542949158580744 -1.2839413322291093
-1.3100883524005311 -1.7914314207984552
-2.359145482736182 -1.2403920752124067
-1.0644694701742698 -1.6183327254646396
-0.9697901580212406 -0.9243307792083997
0.15382016722664743 -3.3987964705546707
-1.2903943385440504 -0.3594841257190442
-1.8631300513294717 -0.6779678160675838
-0.3347383413236785 -1.753435532050109
-1.3810044869500362 -2.9599071212850596
-1.6585977539942074 -0.91035374197707
-0.7357093444153994 -0.3365762054747767
-1.2922199381742698 -0.6857621764223992
-0.009823617620082112 -2.1387831318970796
-1.383497125306879 -1.660203677258991
-1.370208670764374 -1.1433805788409364
-1.6035496134289164 -1.4228980013859522
-1.2337569472860248 -1.6238017316731839
0.1181859711735458 -1.4228336367161383
-1.3178797379411056 -1.0682973288380402
0.14506630715616706 -1.5417955256317648
-0.4756405268771421 -1.5077259216253918
-1.874798517451123 -2.115860258897417
-2.0615869735375334 -1.636398449898528
0.7280121931481538 -1.7215285048112963
-1.4228532006533914 -0.11141637121119952
-1.3462401161877866 -1.882979482451943
-0.980019342993483 -0.3715789582486122
-1.9830170660260682 -1.1290545218544534
-0.9893314370018828 -2.498395541195269
-1.5856021294733282 -2.0573202173613323
-2.4143004736982867 -1.6202843613642772
-1.0089104349949314 -1.9494585937967657
-1.1268841887960417 -0.4303663932131306
-0.42108629277296655 -1.9478474004759836
-0.62202481907217 -2.1049508972271305
-1.0067440259748976 -1.498415658428675
-1.0025867239770216 -1.8855351612670048
-0.5355753615158099 -1.3792939488718323
-1.8372169769857591 -0.18069484989910697
-0.9332880706997344 -2.1771921969683805
-0.9646094849736907 -1.4064304922275646
-1.5302436990077724 -0.9464785549847937
-2.157016111319334 -0.19886864378083519
-2.1213902657880763 -0.7092433434501569
-1.7468459893106443 -0.8377488587159067
-0.38873943168718317 -2.2346051883292306
-0.40664687784774317 -2.9035816223007487
-1.1909124697067344 -1.2204978941055276
-0.7901170805146029 -0.00410419514554664
-1.2981819704798456 -1.8820210759295195
-0.9465531676466329 -0.9583729225546704
0.4560118310319093 -1.7556338994545018
-1.1682366978851075 0.24961355361911666
-2.2439245954245717 -0.8859493590181027
-0.738320981775525 -1.1886935088979
-1.8253290962505433 -1.163227773789259
-2.2399423926690805 -1.5980610425290853
-2.069448167165822 -1.0859539619398986
-2.0556299002915757 -1.2657672155490223
-2.450613189602704 -1.427205200462467
-1.7468490040664255 -0.870818186209993
-2.443822156896935 -1.774694570307024
0.8367305896048661 -2.5648470259599327
-1.7313847709051413 -1.4501657761916487
-0.44596282518464886 -2.346990154279508
-2.817611828053102 -0.9918712448752114
-1.2921557160043449 -0.20663766214868443
-1.9002411275114655 -1.730235654526189
-1.4733068292123581 -1.1331077643152305
-1.0755645553142408 -2.3339405233323682
-1.7541615243992277 -1.5891854998104757
-1.0435031285913592 -1.493887743319334
-1.5186224475726287 -0.7047994612025105
-1.6729183876924933 -1.6779570054931208
-1.3147043289104512 -2.005490067963312
-0.5668486277986 -2.2166737607410094
-0.6630846154380884 -0.9406802103108859
-1.282851144132561 -1.082784291513396
0.3645750768293507 -2.2979017928042484
-1.5400705526117306 -0.35807118105913593
-1.1435128324069515 -1.4017767021110306
-1.4456710380036206 -2.245249649697321
-1.8366630204851562 -0.4284816532903693
-0.7377465959922762 -0.7008303878643495
-1.123230680527444 -1.3806205819572774
-2.6912730139435195 -1.6447343147801112
-1.5187547362853007 -1.5171214734364473
-1.6198582894632876 -1.7550313343470916
-0.33506950120859275 -1.2210160522171374
-2.3086126084074343 -0.454701424888728
-1.255218231683804 -0.6891567184074342
-1.198996436338885 -1.712628508525706
-1.8520050269065895 -0.6097515379570362
-0.8867767106531499 -2.610303613347816
-0.6098654000975139 -1.722205651549119
0.36868300355220857 -0.7695799668332125
-0.2318844688677771 -2.803434394791697
-1.3358476905535122 -0.6357549159826213
-2.063406408135168 -2.035852460303162
-2.0901241100690324 -1.280811395074584
0.054356131023895776 -0.8761654004841901
-1.143343198469708 -1.5347461766951487
-1.4521321794315714 -1.420772989728989
-0.08078448484643976 -1.3397600940818735
-0.5817378037711803 -0.7646227600837558
-1.3453940004330196 -0.802784199925175
-0.199646347337678 -1.7028319957815594
-1.3780691231262372 -0.3377133209481052
-2.0631236609732078 -0.5901990780352402
-2.7733819635220858 -2.2139593701491673
-2.3089111665324644 -1.2919726528329714
-2.7047303907641806 -1.4768260304590877
-2.643840163646633 -1.963418417798716
-2.273378706160271 -1.179841174589428
-0.7645766121264784 -0.9931217083075066
-0.09605796678020756 -1.9409153714224479
-1.0209292008110065 -1.693974417716534
-1.3237497918812458 -1.1870709108129134
-2.9766374377842144 -1.010490141377263
-1.7596956033087134 -0.754547151237509
-1.299976254243302 -1.2799022919061067
-1.6692728997470432 -2.002266152905624
0.03892196570929285 -1.9310196508857929
-1.0468496433000243 -2.119633304007724
-2.209150000695148 -1.751143529380642
-0.813825884738016 -0.12291083771885103
-1.3742286317769732 -1.2575834925628775
-2.722034205413469 -1.6668376657026311
-1.1317532700159307 -2.1095604490726525
-2.267353885394159 -2.0909343459845524
-2.0570992364325367 -2.2426826602539225
-1.9881011142896452 -0.5475419635191889
-1.8396624883242096 -0.7834717334496741
-1.3244074434322954 -0.5554037786415642
-2.1578965093960902 -1.6154836614741974
-0.9739797452850592 -0.641528257052474
-0.8935039037538016 -2.5697493381945455
-0.07556061812937485 -2.0384276501226166
-1.973110960913348 -1.2685337133318852
0.67706041564084 -0.970189513453536
-1.1611643244267438 -1.3863236013652183
-2.0960808769905865 -0.8529118833207822
-2.1529778036630463 -1.1067825532903695
-0.5063291244563841 -1.8998645024928795
-0.8307204703548154 -1.7893531863234373
-2.3940207978991075 -0.9395678033598842
-1.0474865730827903 -2.219059566064205
-1.908158552093652 -2.359361703395607
0.131506145645764 -1.918655617281197
-2.7211074589118995 -0.908704812783249
0.7124396457370986 -1.114933705544002
-1.0365172720646876 -1.475085067434999
-0.16819026096644946 -1.847758764076756
-1.7279077342317157 -1.5396925675001205
-2.0817388489388367 -1.8565047214796042
-0.5331556811527879 -2.2307089135582916
-1.8672637529983105 -0.9738189428163168
-1.8077350387636977 -1.1860503698483227
-2.560339607078929 -1.279727530496259
1.1178717206383781 -3.4537521830132754
-0.9853277933241613 -1.045249579927106
-2.513868773377746 -1.3442558675760559
-1.970011527626358 -0.5567121196466328
-3.020291536458605 -0.9820822992643012
-0.5969382204605358 -1.779290348185856
-1.0432294389529326 -1.9766711313569876
-1.5786517470634809 -1.2745669628028
-1.048317848841902 -1.5349901369974415
-0.9916584263548154 -0.11110777523919856
-2.565078657708907 -1.2775404240178616
-1.4986499578595223 -1.3849912180106205
-1.8853931310407919 -1.2929000521310645
-0.719473614881004 -0.4081587877962829
-1.344668793594014 -1.7001133227767318
-3.020419558517982 -0.8682604059560705
-2.3140851064967416 -0.49618220321168244
-1.9687967863832974 -1.7312792355505673
-0.6278383530919623 -2.7146959793888485
-1.9854827712391987 -0.7386413157503258
-1.9138655508008688 -0.448907941863384
-0.6612449083516775 -2.5410719276292544
-1.0218782517885592 -1.5444619077931547
-1.0263134205903937 -1.1668476966087376
-1.4827214883591604 -0.9844709620009654
-2.3708728959942067 -1.1860231059116586
-2.6099774240115856 -0.18987856659425537
-1.5590154226203237 -1.2323401023111755
-2.2249176184841906 -0.7712988046060825
-1.3177527358102825 -1.6046503911498915
-0.8975928195462226 -1.3064482898404175
-0.776096298688873 -2.765744353788559
-0.4738809132184407 -2.3625471885763942
-1.3789133937019071 -2.246092402381849
-2.417145396541637 -2.0844164990325855
-1.4353343798447984 -1.0404918128254887
-1.992358914094135 -0.728411685930968
-1.8142369043746074 -1.2686864539734493
-2.4482276483205405 -1.3778860229891385
-0.12623144617272514 -1.1691939023659186
-2.7310155598686943 -2.1283775524615014
-0.7806904097057206 -1.8671768450687911
0.05409853752643013 -2.236082740524258
0.3530302666971761 -2.0383564293118512
-0.6676521038197442 -2.396043125460295
-2.124617845650978 -1.1056407168595221
-2.0270641605546706 -0.41832763796282885
-0.7754839562167513 -1.6133903059710357
-1.933772440140961 -1.7180275989350715
-1.5867393286056002 -1.9414186616602462
-2.776938827389815 -1.1349035927315954
-1.9654764723298095 -1.4232945905976346
-1.6655355527361817 -1.0068106839179338
-2.5200176954516054 -1.7101955961766835
-0.4027873107101134 -0.7306985793618154
-1.6943082496191166 -1.8923158767371469
-1.0436191439053826 -2.597608653504224
-1.6942422394351921 -1.4662822029005553
-2.8148579389592085 -0.7638111940369782
-1.8560168141221338 -1.9605887997335265
-1.941580737554912 -1.136723851150374
0.5256867323379195 -2.205754868350471
-1.7130652996891143 -1.3153289018291092
-2.8793651828172826 -1.4594744857286992
-2.801145725100652 -1.4910571982070961
-1.8138735504180548 -0.2818888547537533
-1.823788482437847 -0.43309146075645677
-2.760386686369298 -1.8719199615389817
-1.356219779694907 -1.0533047668597633
-1.4593022859015692 -0.8067654558995896
-1.8604290669538983 -0.7048205634047793
-2.657081143612841 -1.0076933194038138
-0.7676903473883661 -2.54930748419889
-1.5253458114400194 -0.9283981708796526
-2.9018029046825973 -0.6305329110012069
-1.3352753838561429 -0.4098421437122858
-2.568154768937485 -0.8785514557257542
-1.869322929594014 -1.46412742605735
-1.334902835107893 -1.1308391529770698
-2.2088462577146992 -1.4441069754395368
-0.49549532991841655 -2.0617256046410812
-1.03044574217958 -2.5277290413661597
-0.36768102513637463 -2.187547817370022
-0.5503634324866039 -2.498413954431089
-0.9544221172285784 -1.71268285812672
0.16114901230238954 -3.1473849155317404
-1.6427868610422403 -1.085353466205648
-0.8122242779048999 -1.8605570575109824
-2.302805083877384 -1.030165593305817
-1.8961562561520637 -1.1280559220830315
-2.487292168282887 -1.0059800066526672
-0.3322378251402366 -2.021983620262129
-1.9152763740255854 -1.3566839571238234
-2.570225658791697 -1.3665808484962587
-0.2785351737480087 -1.0799311488361092
-0.4990439890543085 -1.5795933525782044
-2.489998570032344 -1.2408339468747285
-0.13927236418604869 -2.817752332204683
-0.6485733237229061 -1.4606492243625389
-0.38020441760376533 -0.5543358177845039
0.7090339009040251 -1.9834640447339609
-1.4133572173072653 -2.1200530989910695
-2.6696671199353124 -1.3572303952240408
-2.711567185977312 -1.5886506762486123
-1.9854045088621775 -1.3984777431267201
-0.5838187482461985 -2.2780574417620083
-1.570730630336471 -1.619542680604876
-2.0883520517431813 -2.0400840442930246
-0.6387661452802318 -1.683140919635047
0.8839533420818151 -1.2169364020132756
-1.346150973306783 -2.0061777535602223
-1.3672209048805215 -1.9306167337409608
-1.8286083194781562 -2.045759212883418
-2.3690720280395845 -1.674690169991311
-1.3732025493803521 -0.9454057183499879
-0.6129545046386677 -0.9543726074047791
-1.4431661063664012 -2.096299024069515
-2.600975532206614 -0.8691380237726287
-2.3444015340313786 -1.2978819153043688
-1.939172668896452 -1.7733080446338405
-0.6084604251325127 -1.0996213105691528
-0.9392084176905624 -2.670609025973449
-1.4452184586797008 -2.712616681446295
-2.718404733622979 -1.8085155826150132
-1.6495449615114652 -1.3843700908701426
-0.12989658569152787 -1.548088030364905
-1.578332029109341 -2.165997059986483
-1.221615880819213 -1.6279335178889696
-0.7966474706768043 -1.7746718609818972
-0.9236910247719045 -0.9674004533142649
-1.300809587424282 -1.2395345072429642
-2.632132980373642 -0.7898713318749698
-1.650595648306143 -0.4827808058097997
-2.408773307114652 -1.203774731518996
-0.9132285735404297 -0.08575025473251273
1.2980211944239828 -2.322198757506155
-1.0100511869780742 -0.890250344176201
-1.3118630732773353 -1.9107459084701908
-2.07587750011441 -1.4801174578629015
-1.0703577149736907 -1.165328572342795
-2.198196309302438 -1.3866547866122134
-1.6257268093926625 -0.45072738454501565
-1.3861144977900073 -1.6403550667133961
-3.2347844320801356 -2.3375716017909727
-2.6850728530243786 -1.1853778751354092
-0.08805673610813418 -1.9491611952980932
-0.37263033913222304 -2.1845292691692015
0.8904853893478155 -3.5656104545807388
-0.09044866380690322 -1.7179020662466815
-0.512365409113203 -2.920154850988173
0.3336879216826454 -1.5868383745865318
1.657149057707169 -2.16557529537176
-0.9892545432448951 -0.9824358245957037
-1.5749556347101137 0.05542405783248857
-1.1771262373700215 -2.0405481254631908
-1.6694592258609706 -1.6476055626123582
-2.0473534959271062 -0.7684602834236061
-2.5214402504446056 -0.18352473724354337
-1.6019094656987691 -1.308043517637654
-0.9416708557566981 -0.8480139843108858
-0.1942928090060342 -1.2427528038961915
-2.3510841941704084 -1.3895325714675353
-1.6222007980839974 -1.6852029269601738
-0.33352233119478636 -1.007348942561622
-2.4437005552758877 -2.089589000694666
-0.458211234935554 -1.769919325062998
-1.3993837132867486 -1.6110396954096067
-1.4185418195418777 -1.703915476589428
-2.2656965570697563 -1.74196615231552
-0.6099811982944726 -1.881720581763698
-2.0141839231363745 -1.4196492718432052
-1.597813186888728 -2.0916219611032587
-2.8246719313724356 -1.0451020726333575
-1.4327116922797976 -0.3599536124889211
-0.6811903174781561 -0.5722564489452088
-1.6491738769143134 -2.004516038667922
-1.5288339274076757 -0.43089161862997827
-1.100513090118272 -1.0712675683263337
-1.6040901553087137 -1.602685693298576
-1.3141074919657254 -1.190197645996138
-2.5602720069176925 -0.853198389977794
-1.584615270870384 -1.1889095601790973
-1.8305494693874007 -1.6896080020424815
-2.7063231919662076 -1.2960250962051654
-2.7021911591918903 -1.656728107255612
-1.9844633021308233 -1.845714915123341
-0.23653277789765867 -2.127209632748733
-1.8751288382148206 -1.147973250462467
-0.08915599377185619 -1.4709024778269857
-1.5149875174363987 -2.27122529868057
-2.1773476143808836 -1.679592231330437
-1.9460011385208789 -1.186605988758967
-1.6103169814535843 -0.6530078144050205
0.6588528922494812 -1.2094466216968383
-1.635051788091721 -0.28130839098894517
0.03406961918300749 -1.3818641189114167
-2.12597134145595 -1.1617421900574465
-1.4521984877391263 -2.3421297421781317
-2.2119295637938694 -1.596013095560705
-1.310318140792662 -1.5978685333938742
-2.4877780326864594 -0.8419394344706734
-2.334479379428434 -2.6113289581868218
-2.094813976236544 -0.9500636260922037
-0.3237851041839247 -2.1249506006420473
-1.1246753961062033 -1.6072898735703594
-0.687913162232199 -1.7841361507323197
-1.5517851640685492 -0.4925690459261404
-2.228092253871108 -2.7652703255032582
-0.8095520739692492 -2.4965013514458123
0.42944243710432056 -3.2948924639691053
-1.9563058957760076 -1.2099676450885832
-1.4244788798819215 -0.9807358027670771
-2.488366126401159 -0.8887260349360369
-2.064514691568429 -2.1132792250736183
-0.8546240308797491 -1.3197938304991552
-0.8521500495500846 -2.5220743962993004
-0.7089531723456433 -0.6867634511834421
-0.889146915780256 -3.663890871511466
-1.6129233964648808 -1.4800898709146033
-1.8716637455105962 -1.4634391514680185
-2.1318203893574705 0.13357654663905388
-0.4679238424684528 -2.452111453491673
-2.1634987006043938 -1.1195461735785663
-0.16442184747043206 -0.8461290717344919
-0.6040491992980933 -0.9521281326275647
-2.0732724170031376 -1.120050308722665
-1.1857675722568188 -0.8508306019328988
-1.810156611988028 -0.7352598078030412
0.7546841603070008 -3.4038566788394884
0.6601497311888004 -2.2031935209442435
-2.000939056035723 -1.587051401363167
-1.6873748919290372 -2.1620275984817767
-1.6898689361733046 -1.3356878751917933
-0.22820207848129379 -2.87321747526237
-2.4421325077615257 -1.7857661375660152
-1.432595277654357 -0.15957328793627806
-2.1294351500806177 -1.2514187296789767
-1.4930565985141202 -0.7432861129219406
0.10009888749794839 -2.5008304250639637
-2.28422880437316 -0.7561502014057446
-0.9201510944388126 -1.3417615051358918
-1.1626247998624186 -2.3214070930263095
-1.5738947823224716 -1.253552851006276
-0.5131493634289163 -1.2774611299696839
-1.988976256371711 -1.2325110997779387
-1.2665979720805938 -1.1233271405411538
-2.1486227117171133 0.08987018996186337
-0.01236232283717107 -1.319682660948588
-1.8202334760048275 -1.818282222916727
-2.0201659534878105 -1.2997058070263097
-1.479813547208786 -1.3467491044650741
-0.6277692401848902 -0.20630654732126477
-0.96054748635916 -1.8358988385174997
-0.897561875291335 -2.0772941960231717
-1.20292479346126 -0.162331359423606
1.4641922476249674 -2.6500578054377986
0.9570047022283369 -2.341254772714458
-0.8831553258377989 -0.8183563946130823
1.1494219969855661 -1.2358520069027277
-2.399345919293266 -1.9749641461153753
-0.939066997543278 -2.4015954784262616
-0.6873936728563843 -2.307017624041516
-1.4157215495213131 -2.01651787161651
-0.9566907591479604 -2.701406219692011
-2.0132680639174514 -1.463907351527637
-0.9102010011846488 -2.023660573951243
-0.38973743334974653 -1.8436170965831522
-0.16278964699763465 -1.9429570247081827
-0.6782342208670047 -0.88346024886517
-0.9070509008765629 -1.4439238824605358
0.519381617893314 -2.1885315319748977
-1.4230545625836348 -2.4178136587883174
0.11512310164267447 -2.70188595433454
-1.128203463668163 -0.8301468559215545
-0.9119780171805456 -1.8995609919623462
-0.2375448064532947 -2.447335750187304
-0.1089778051585807 -2.1135617679787595
-1.775946927351195 -2.195816718566257
-1.8672210789572772 -0.6477003860743422
-0.5809959898199373 -2.637935958765146
-0.32013071092445095 -1.070168394811779
-0.03825710656268407 -2.020922947644316
-1.797837063708424 -0.7739524053893315
-0.3863652561641322 -1.8239715227034516
-1.9527689401704078 -1.1250226761100652
-0.9642129203804009 -0.9537891142809558
0.46360233811421675 -1.4732656880328263
0.5163140394846248 -1.8878141805324646
-1.097327932527637 -1.5319467364151582
-0.02993402987303886 -1.400566084707217
-2.4606671741955104 -1.2399278102592326
-1.9562402143557809 -0.38650924271349263
-1.8994618462534394 -1.4571501934525706
-0.37787527221337197 -2.015242604252474
-1.709789185384987 -0.4403808216867004
-0.55207732481902 -2.29121324915134
-0.6719210073019551 -1.489359702535168
-2.047130448145788 -1.257547950600531
-1.2144407461971714 -1.2811406737699254
-0.7229143844837076 -2.712201339425537
-1.1633251517538015 -1.4876579612109586
-0.46026507404006767 -1.815020881625875
-1.663767943541395 -1.1018852042399228
-0.7248398885237751 -1.9708948793388366
-1.4153328967383538 -1.8683691209722424
-0.6728446547665942 -0.8481137027296647
-0.9290208035537534 -3.233744957747526
-1.6142912062925416 -0.3606292952594739
-0.9941172183830076 -0.693618993393676
0.2996321117611394 -1.7282148124518464
-1.171504237580227 -2.1872561571296165
0.9022542869028242 -1.392826572013034
-2.0751663287202513 -0.9151611814293992
-1.7761429935819455 -0.6765930128390056
-0.4865976826325851 -1.8216034296842867
-2.0277656209852766 -2.2130249743982624
-2.898205703248854 -1.2610310715858075
1.702559735237075 -1.9884751475302922
-1.6867472883726768 -2.629875001131547
-0.12657116687907313 -2.391511551522569
-0.387839053053343 -1.4677672831436155
-1.5585248665440503 -0.8847232866811487
-0.15679510822592324 -2.932343383184166
1.1153025584241374 -1.5963630087647842
-0.3395413977007 -1.609549981309679
-0.6640548856055999 -2.9719132279010383
-1.5252150274704324 -2.452373599834902
-0.9194610584711562 -2.963181071828144
-0.2775571087945933 -1.8200578061988897
-1.5550938419642772 -2.5271595492174757
-2.1123513616905627 -0.8246646841742699
-2.282451368108134 -1.9003165323958486
-1.4003053800836884 -2.0705376356553225
-1.312204062170408 -3.187301082052619
-0.7947404158715907 -1.1750139599275886
-1.4166196090860732 -1.634720626776732
-1.6816426286125998 -1.0630873938993965
-0.7565765238807627 -1.8513459601042725
-1.3927170705305334 -0.6462917476970504
-1.0664666359797248 -1.8917751802927347
-1.7310751917832488 -1.5555396366097032
-1.6956487456138063 -1.1612937508066619
-1.49938677964644 -1.6394315651933382
-2.70109598797007 -1.2173220060704804
-1.0951442206179098 -1.61365196419889
-2.6845844560202754 -2.058194637365677
-1.6781919974742938 -0.41694079012744384
-0.9997039954641563 -1.0804696723069276
-3.143700077110307 -0.7928783797154237
-0.3751015716002896 -1.8862698825968622
-0.053356458123871575 -2.0552813026801835
-2.14894834702293 -0.8871237646261165
-2.740544709809317 -1.5808494457818005
-0.4998483423625393 -1.758928670117789
0.004260117263625409 -1.809877197860488
-1.1391637890238957 -1.2149274255754283
-2.416318997949312 -1.2835034805903933
-1.6999039572891628 -1.6987046768061789
-1.5854135334386674 -0.9763694858209028
-0.042756960734733306 -1.8351543331104996
-0.2694781257340092 -2.0289916102773837
-0.6861598180613083 -2.751517918685011
-0.05723362740902728 -0.981733990773063
-1.46144882566266 -0.9186488977629736
-2.400346495239199 -0.7072403540574463
-1.1156801357272508 -1.812170761349843
-0.4396674148037654 -2.894910027117548
-1.1610766107091484 -0.6454269829065894
0.07956780535959457 -2.598763914125996
-2.5836465463470915 -2.0208707319884143
-2.6620440703190926 -1.3952217431783733
-1.5246842424161238 -0.7061473389886558
-0.9279601583270093 -0.5900807490166545
-1.7684126498870385 -1.9788211414173307
-1.5580478250458607 -1.5767516848428675
-1.0063343165908762 -1.1311112525964757
-1.4510203550012069 -2.4775830699319337
-1.646445576804036 -1.3735774472425781
-1.488041590851557 -0.6139827435944968
-1.7927023181298576 -0.8680218269447261
-1.9905383888105241 -1.2273128219391745
-1.4704714181004102 -0.8583554106797008
1.0475919675309293 -1.9528980560255857
-0.5628610376688392 -2.9385551108597636
-0.03757062169828626 -1.9557334566265991
-1.6816505537516293 -0.33973476041902
0.3070064262367753 -2.197792589866281
-1.4276854182709149 -1.6613768568766596
-3.0361067605049485 -1.1257181572217718
-1.8289498493338159 -1.2238710362936038
-0.24843528558320058 -1.3244646700342748
-2.112902692847695 -1.9070616753251266
-0.2235761520355299 -2.4758480703263337
-1.9931793091648562 -0.4864675597595946
-1.575464441860681 -0.019720569087134914
-1.985183795166788 -1.0723646897190442
-1.8678098062669564 -2.6723425725203964
-1.333070922540285 -0.460914718145788
-1.8006499244557088 -1.782529509749264
-1.6043375571933383 -1.5527086783982622
-1.1146339755660923 -0.7368386187686218
-1.3136304199681392 -0.964624802651219
-0.08058258566198408 -1.7583148112367852
-1.2501075519676563 -2.219774706488535
-1.3457948081897175 -2.2710106296780115
-0.4104830417823799 -1.547534442472122
-1.6860407168843834 -2.02849858263384
-1.8952585742582675 -2.3519260815602223
-1.9478539802215789 -2.124290544404538
-0.8297078843804009 -2.388813784967415
-0.812264685676563 -2.1215299349722425
-0.9679251624207581 -1.0138716411189956
-0.7867139018049725 -1.9888144654458126
-1.391559087502293 -0.9076049307361815
-3.183781361511948 -0.5883513920316197
-0.794218537841178 -1.87517484709679
-0.6595722448235578 -0.8511863115843592
-0.7829870511725803 -2.579565591433493
-0.5656783302727493 -2.8124434736094623
-0.9387772020101376 -1.963708695187545
0.7207164695254648 -1.7968762100557083
-1.2067668200381365 -0.05707484223895729
-0.6594039836191167 -2.8333444455804973
-2.545411243438089 -1.1621113059985517
0.28567707381259966 -2.4320253466396338
-0.8948035247067344 -1.4386916782582668
-2.299331207405262 -0.5670339037125272
1.3159271916614241 -2.174071438120203
-1.3217547749937728 -0.39239135548008686
-2.3240480974752598 -0.5907479580897901
-2.5886026530465847 -0.805243215902486
-1.5176544572116826 0.376755121400338
-0.9234927516053586 -2.081884716106203
-2.1145542105913595 -0.13879929885493608
-2.532094619642771 -1.7906504336355298
-1.097965140110548 -0.6328603077600773
-1.7598339563466088 -1.2818428068390055
-1.3368749112112 -1.2523575385389816
-0.2914135455597393 -2.0155179303697803
-1.6428118486100893 -1.1389284926874248
-1.7840641762592324 -0.5559944966816316
0.0004116239521120639 -2.655333218564808
-2.6582517841033075 -1.7913744013796766
-0.31314360220468257 -3.0720161845174996
-0.37490225120444126 -1.215388266033309
-2.2799738555365683 -0.37915100724016415
-1.8559149664849626 -0.34772946747236305
-1.6049252659087616 -1.3206725316842869
-2.059458393079411 -1.5642480457803525
-1.2612676696398746 -2.075489292380401
-1.6103231474307507 -1.6708484681187548
-1.2781816059659186 -1.5466537159546225
-0.7310027705686701 -1.153017386922037
-1.7276704189722425 -1.3155143750215788
-0.23240172626695632 -3.5287670482046836
-1.3975286676606324 -1.3155080367060585
-2.059908817480087 -2.46971074290321
-0.9839216820952934 -2.7670240552015453
-2.506700342319093 -1.3131812772700944
-0.47663001624716395 -0.3715760100111031
-1.8287121987033554 -2.411352378017862
-2.379821858508327 -0.924705942273956
-2.502698020701907 -1.1233779596565292
-2.615720839043205 -1.1993715125257063
-1.273009233559329 -2.2395821713835393
-2.2104572120907555 -1.1510767252058893
-2.6195989802910935 -1.1929907167142169
-0.024437575581945446 -1.5467732800458605
-2.3151733870335502 -2.2482972464132276
-2.0993686376142895 -0.6315307129249336
-1.9882324513359886 -1.645673306843833
-1.510421010064205 -1.108161653277818
-0.54676324668308 -2.983531347485398
-1.4193288511060584 -0.6833114135036447
-1.8241734968167997 -0.9587015306801834
-0.2547925087028723 -1.3933664421574703
-0.98502361713203 -1.743363684612117
-0.2769537118992035 0.09751395842297853
-1.2588943074435917 -2.1052021992768526
-1.1968523923335748 -1.73753244788559
-1.0927121379073135 -1.8043027419551052
-2.1284751987477675 -1.4017430770673427
-0.8162768242090274 -2.8185403209056243
-2.1024074004576394 -1.5344928959874486
-2.7142696445049483 -1.5233494807200096
-0.9563438712845764 -1.1540596253816076
-0.6929961941660634 -2.2922938883697803
-2.5207446531923727 -0.7838282371576154
-0.5315729187207339 -0.5583791335264302
0.12182400048390062 -1.839616661432585
-1.0152959037106444 -1.7957287410972724
1.0270609390748964 -1.6635723402138545
-1.2974271185773594 -2.441597008975139
-1.7347743883250786 -1.1885680241955106
-1.5971512208747285 -1.9821466795901521
-1.224953107131161 -1.642036936273715
-1.5911505102229302 0.006096963659184146
-1.8079755243861937 -0.6985345028062756
-0.8861708295207339 -1.5721263408119721
0.2175111525552692 -1.8875757258155927
-1.2557345414701908 -2.758517347765388
-1.8901445471884142 -1.444024793955105
-2.607871701329471 -1.0067830458740044
-0.5650928734409849 -1.8106092021378228
-1.2308649487482501 -1.4133549095986486
-0.030887715108858266 -1.4385967936818729
-0.8305124869768284 -1.3768439276335989
-2.414526534248612 -0.8591481640308954
-0.7975809590857373 -1.2099906063099202
-1.7199297389263817 -1.6305784239123826
-1.497617931583452 -0.8401919662621289
-1.1372757540994447 -2.2794838760559983
-1.1381198846281437 -1.064953807145064
-1.8800773002662803 -2.4040928521496507
-1.3156554091643737 -0.7149813524214339
-0.7243497858841419 -1.967501491828627
0.1601086846327782 -2.388723927013275
-1.407662730634516 -1.216801155762491
-1.704729021509534 -0.8355251907213129
-2.2984242878049725 -1.0271674546908038
-1.6861305183799178 -1.3323138093461742
-1.2563090870557567 -0.11168622473859517
-2.0079666170199375 -0.622124817685735
-2.4107964109331403 -0.7302883915597392
-1.020365312910934 -1.3919418690916727
-0.8513674804788801 -1.2559354710876176
-1.7991570184431571 -2.164894639366643
-2.0250064409910693 -1.3631887256591844
-1.888419876636254 -2.7541450372927834
-2.1071380348095587 -1.131490344316196
-2.234463257623944 -0.4537169300724113
-1.1872854334129859 -2.441560154559015
-0.22060433628578327 -1.2963236813587256
-1.3568310542664737 -2.275882604952933
-0.7349333925459811 -1.4957959962283367
-0.799870354673425 -2.8225571239044176
-1.6436095425377746 -1.5081172575553945
-0.8876146507278784 -2.812155009228096
-1.7218265696133237 -1.9972345680883419
-1.9581740493642286 -1.0633455481973932
-0.5537426348501087 -2.466659224263577
-1.6141930905840214 -1.9291295013371954
-0.11755379312768519 -2.86594214237316
-0.8742261378245233 -2.442981215893314
-1.3270659288814872 -0.9237191117338642
-1.4559320906037172 -1.712409314866522
0.05864104245696349 -2.711388175086652
0.1052425973579532 -1.848922421370022
0.4575134874284337 -1.3163217360362058
-0.4933074712210959 -1.4630883451993728
-1.5620792379232442 -0.6988100995359885
-1.445822688809983 -2.1339389235539463
-1.547874237259474 -2.7536548487183206
0.10966433536683559 -1.9445910421665458
-1.7074068818402126 -0.6004513003427469
-2.7954129092435434 -1.7433655755027757
-1.5750744104359162 -1.8254047397726285
-1.816739072907555 -0.9174408956838039
-1.7068312112140958 -1.678690489255612
-1.1924102165667394 -1.3239112077487327
-3.043968144599566 -0.8648869655544293
-1.0172116757680425 -0.5574816950316197
-1.8817842133893314 -0.4236504731278783
-1.201539153963669 -1.5285059806975623
-2.7672726968641084 -0.09409283101472356
-1.8132047171489258 -1.4243946129331402
-1.5226267516471157 -2.1607502425739806
-1.0572559098686944 -0.8786409107931451
-1.6791849125421192 -1.6555788840154477
-1.5894836928911418 -0.8600106094091239
-0.9077522536707702 -2.3809039197856627
-0.6417703221337195 -0.7304734170340719
-0.15317613028896931 -2.910885572811972
-1.1943095834967417 -1.6141072653758144
-0.5734097458937969 -2.4455507500072415
-0.36077776210378953 -0.8740272985638425
-1.4504739863627325 -0.4930452766086411
-0.41933892516437365 -2.4302487662017858
-2.3990573798271786 -0.7781604439505189
-1.2655588377086655 -1.8457081956897414
-2.5227120829355543 -1.2213803182995415
0.349436230134492 -2.1353523371498913
-1.376397005354574 -1.4768491674940867
0.08619612507554915 -1.0499266201319817
-0.4504887188385228 -2.605288547828144
-1.2356020937281003 -1.8789852938220613
-1.8479283116510743 -0.6295731689797248
-2.358104391891866 -0.592707931777456
-0.07044281811634086 -0.8782759504639149
-1.413393534920106 -0.5207224593594014
-0.9122944810461021 -0.854937700675356
-1.3408033528689358 -1.4637761871268162
-1.3630158339780836 -0.7573389112010621
0.6699856619748009 -2.391416963764422
-0.5972459911687185 -1.8032138494346124
-0.42626230869321746 -2.545517083966208
-1.6942852632559016 -1.0003323166996863
-0.6743098229161478 -1.6947601256007725
-2.2416861624108138 -1.9998597574458123
-0.741304846200531 -1.413709111736423
-1.489841056390538 -0.5999311165792904
-2.821081208486604 -2.0899438613787114
-0.44810372973767804 -2.8210405971595462
-0.6316334196006758 -0.4636056665846007
-2.26071047904224 -1.1179387172712045
-0.24637795674149177 -1.5962098988283853
-1.9124371498513157 -1.1716320453202993
-1.0857142009917933 -1.7731131757144103
-2.5492609509833453 -1.3063323430308473
-1.3732214111979244 -0.7243313376794593
-1.2405239739995175 -0.5058509334815351
-2.1990473541095827 -2.451549288063722
-1.2199197684944245 -2.3743920943355064
-1.5033380918645909 -0.7184102620236543
-0.7132175064190199 -2.1719849783321266
-1.4770544607434226 -2.080035579573256
-0.27228712120588944 -2.4440307354496746
-0.10325798554863623 -1.8727091705025347
-0.5353680876099445 -2.0237354035993245
-2.359998373079411 -1.9230917840038622
-0.908645513664977 -0.9309387216852522
0.07356551725850832 -2.0406588189172097
-1.752122921045426 -0.8911180996272026
-1.3613264511078929 0.03193460257591114
-0.8584046302070966 -2.468659075383056
-1.8271536044373642 -1.864279465089935
-1.1463573163030656 -0.27585108424909494
-0.5213920313050446 -1.298378431968139
-2.2468875179860004 -0.5087693302317162
-0.7001282851008449 -1.7974177246261165
-1.2004319409891384 -1.251542672891818
-0.49515628797972494 -1.3960098589872074
-2.3983815134588466 0.3464477857253198
-1.4720468929711223 -1.058191592368332
-0.35400735076804246 -1.9083115237224235
-1.640882671880087 -0.16963032399034517
-1.4523195083907317 -2.0660117592546463
-0.9325175666447021 -0.47726383976393916
-0.6517070808375575 -1.8444865608037653
-1.4252771008447986 -2.4888308132681636
-1.356147106316679 -1.8986267086174657
-1.476128362344195 -2.328346937999518
-2.083707887420903 -0.8563087768093168
-1.1673230098790248 -0.6863531756466329
-2.1103966740844795 -1.9609609349297614
-1.347959406928409 -1.9397512292334058
-0.4863262795605118 -0.6804418451745596
-1.2790156601279268 -2.0458344279324163
-2.0654287305952206 -1.7905503711238235
-0.40467958179000724 -2.257306650459088
0.48924661645794837 -0.2734598461539947
-1.4210920588293505 -0.6480912053256095
-1.2435621993212649 -0.8548088592338885
0.004925242503499876 -2.181961352730871
-2.4432127164277095 -1.3837579651643737
-0.5797769050050688 -3.174763257805455
-1.5312572232898867 -1.454775681983297
-1.8807778635018102 -1.7295713805773594
-0.9585206589930003 -1.5130273349367607
-1.2767959781906832 -2.4551562455616707
-2.1440915275259473 -1.1375983995351195
-0.30320669405030176 -1.6928152081313061
-1.4005851926801833 -2.0106679938039105
-1.542031327319141 -1.7823475506589428
0.3686895459428435 -1.8998261951002655
-1.0613164982761285 -1.4686863821395124
-1.6991074343235337 -0.8336804714863626
-2.6023317155346373 -1.7027551412889212
-3.476293569591118 -1.090593112414434
-1.1022835849968622 -3.5282278906859768
-2.3790222803591603 -1.1840477396340816
-1.7881396861370986 -1.4401707314622256
-1.0220515429633117 -0.3996458841356505
-2.2559447585030172 -1.2212989466681148
0.0010394467387882982 -0.7255056782331645
-1.4046537383818491 -0.8233888046470673
-2.677192646282404 -1.7367460220412743
-0.7829941794028481 -1.514791192644171
-1.8931639018387647 -0.7627581964711561
-1.15705681161622 -1.0834718581239682
0.4834249537407676 -2.66244722127637
-0.885434856986242 -2.2365819968563843
-1.4316324619526912 -1.3993871146621293
-1.6318656991552019 -0.7517112478280474
-0.49003339639005544 -2.729936627479604
-2.222756022928313 -1.8270205978155927
-0.4756528154897417 -2.6748364677180785
-2.1969291496664254 -1.1260119067089067
-1.0761986900608256 -1.780198376734347
-1.9293321430229302 -0.6892877770292061
-2.323105027772146 -0.39574606255129136
-1.0893412308817283 -2.2065419168158344
-2.2937499976403575 -1.2507272250697563
-1.7281507975329378 -2.0815708374067103
0.07414680216268406 -0.8290947952025102
0.005208832448177642 -1.9355188224108133
-1.2577544352918177 -2.0549466145416364
-2.302679909124306 -0.5593214996364952
0.14761085242597155 -2.0723234354545017
-0.6816206802742459 -1.4969339970593294
-0.36088559678252474 -0.026122027111754768
-0.45594810936326335 -0.5642819510825006
-0.5731515303987449 -2.1256576634081585
0.9296435069393194 -2.4397374394511226
-1.554460690542988 -1.1966314654665702
-0.13789035175476705 -0.7607071025300506
-2.406501976555153 -2.2259683800183443
0.0920045796342747 -2.687377054062274
-0.4487469631479605 -2.5735457075713253
-2.494770997051412 -1.3501234809538982
0.6052231708371713 -2.100501918320058
-1.7229033778295921 -0.910864447217958
-1.194230547534154 -0.6603564151547189
-0.9322331299575187 -2.075670784297369
-1.7221788936587015 -0.7099880695090516
-1.0452006537967655 -0.7408387313988897
-1.936376705504224 -0.7814722497373884
0.05234560152353364 -3.607002594460054
-1.690829310345402 -1.2836729939057303
-1.7008147410885832 -1.389162908440261
-0.9427338824899834 -2.7601664598204207
-1.0683862258423364 -1.0244634377492638
-2.6117401362461985 -1.1605149864517499
0.31595603165223274 -1.4859291451503742
-1.6752981344190008 -1.006530024057736
-0.38809023756215316 -1.5124710717460779
0.4056784289324645 -1.7093700153965725
-1.533399535870915 -1.9645162157098723
-2.871755807629255 -1.3872720252640596
-0.5070768545286025 -1.4894050384675361
1.0048784661712964 -1.970261919813662
-2.049791713010862 -1.0348097077745595
-3.146934247810765 -1.2600976512005793
-2.7148779128419025 -1.6325993921066861
-0.3458520087105962 -2.0512892324204683
-1.1069021752408883 -1.9033947938068065
-2.155587344758871 -0.34371033616799423
0.5914659604171818 -3.000194874004346
-1.9674724676818733 -0.5140759482906108
-1.4725269179642773 -1.721228224625875
-2.015037711962346 -0.23016464024137095
-2.0781001965585326 -0.9621244015677044
-0.9868729920144823 -0.8153666252773353
-1.8532984796016898 -0.7684614133753318
-1.5933666282402128 -1.781347611169684
-0.9037771873507121 0.2036428526758388
-2.25039072855805 -1.3320009128022208
0.5315209651933384 -1.9823855508710597
-0.32799285172918174 -2.1551668518199376
-1.5179042119597395 -2.4351883278590396
-1.3537101429162441 -1.4235031034622256
-1.206269694707024 -1.9072668070113448
-0.4451797087873522 -2.238818285444364
-2.2524348664426745 -1.0901115781175479
-2.274800557826213 -1.7036232678402128
-0.9968844637470433 -1.0492362712708665
-1.9783757003852283 -0.8585605800944631
-1.4295840626946656 -0.5947187609427564
-1.8307338947772147 -1.5486835397518708
-1.1939369872923 -1.2742418830094138
0.6363477267060584 -1.6508090056869902
-2.1729092950972726 -1.8470095360849628
-1.5241186037900072 -1.6057816638971758
-1.3378010340690323 -0.5811763616727009
-1.1546847508404536 -0.579261831161477
-1.6604793241791942 -0.7415438802408884
-1.3269856873174029 -1.6550425134799664
-1.8914960656799422 -1.410050810732537
-1.6453715211054791 -0.12977647516775287
-1.2501183677523533 -1.0531955853661596
-1.127744174780111 -2.7243355673164373
-0.923347277523051 -0.9642831308201305
-0.7511394177058169 -2.573286725363263
0.5473976757769733 -1.0442041851841661
-2.8426471284489496 -0.3714084609307265
-2.6256775668568673 -0.7760993892300266
-1.977428136813903 -2.0529810103268162
0.2755069656635289 -2.339547717986001
-0.6681856286742459 -1.4507865529664494
-0.4601343885223269 -2.9756180324721218
-1.5909520243843207 -1.3607685201868214
-1.4781049758655085 -1.4985564905730628
-1.9960421331991314 -1.090070645148926
-2.2764705389438573 -1.6228078972111997
-1.9229812410277576 -1.7721144181617188
-0.909393378292059 -0.4394625558846247
-2.8207973414173306 -0.9769227098339369
-1.146851128886797 -1.0818846435592566
0.2620730170639634 -1.2508478905430847
-2.3391582337470433 -0.6920642194709148
-0.21563410310596193 -3.093312375041275
-2.3825136070963073 -1.3074478278247648
-2.158233387924692 -0.6977489186376057
-0.6344739789034033 -1.4354727010127926
-0.09580736739560707 -1.1015495646233404
0.5069258918926384 -2.9302114263104033
-0.7148444200068549 -0.9730085664262613
-1.9404510559748975 -1.8622854233762973
-0.26452369484093646 -0.26280473003620564
-1.773832251391745 -1.5233109839951728
-0.732455670318127 -1.8568420743528848
-0.48375553611199623 -0.9641222064455708
-1.9242922881264781 -1.4070773314135168
-1.1732533223702633 -1.607744046482742
-0.049759267723292304 -2.0895667526483224
-0.43336223305720495 -1.7963021359792417
-3.089147358083514 0.017552547736422917
-2.5236428352160276 -0.0827235721384504
-1.4392648491311126 -1.19637875420951
-1.599030094206131 -1.324433850292542
-1.3015325443398504 -0.7169077550760319
-2.0587511678793144 -1.2080357843322231
-1.074310414565291 -1.4802567821140624
-0.692581782262853 -2.235150900833213
-0.6514203134194304 -0.16965219800675835
-2.834664196884384 -0.8664469852475501
-2.3926283815047076 -0.8076362986420468
-0.6458606807245957 -1.8220231490214824
-2.6729178416702872 -1.5914033844315716
-1.3619784307820422 -1.303034070203717
-0.927357763706493 -1.7567291917711803
-0.5359197070716872 -2.336812451491673
-1.8262932131978757 -1.2664304142328748
-2.133691297148926 0.03279206452136134
-2.1637521557576633 -0.31818705501520633
-2.780960513700217 -1.573075445379677
-1.2113654661380402 -1.1769890822732323
-1.9037999051460297 0.17335598852908515
-1.8019132943552982 -0.9599654047476707
-2.0925972352073376 -0.30184129771083756
-0.9034897978682114 -2.374572707310645
-1.275116558358822 -1.0777786028592808
-0.7103731306034277 -2.2480482450794117
-1.3234152297603188 -1.2435381585508087
-2.016404498112479 -2.5020053338209025
-1.427613282333092 -0.5728329017636496
-1.7500519454520882 -1.270555312085204
-1.246256622151581 -1.3290904144228821
-0.24517163145913587 -2.298087627003621
-1.4628469462727494 -2.280381364933623
-2.8391173250118276 -1.426636506846247
-2.214003786086894 -1.0968972723307024
-1.0984721782124065 0.0972722250311368
-1.9314964735954623 -2.1036275711136856
-0.6939966737861454 -1.8548166219831044
-1.4823473645044656 -2.5321714804055038
-1.8536199331415886 0.22787654877161492
-0.6837155521950277 -1.1631747568867972
-2.3737721455679464 -1.3936429717267682
-1.8393932379053826 -1.0831663905150857
-1.0883777224759836 -1.0126574223775042
-0.36081880866666666 -1.6577539333256095
0.5738405019065219 -2.3686374938672463
0.18430458172821637 -1.844774189912624
-1.9648911066840458 -1.8342383275563603
-2.518458412333092 -0.33156805945015694
-1.8094232427651462 -1.3968707305923243
-0.1528373661161477 -1.934568520332609
-0.8805240686893555 -1.2602838726111514
-2.067604887607531 -1.9845199116611154
-0.5106111797237749 -0.7055317303806905
-2.755798106329713 -0.8699933486357713
-1.2750499638281438 -2.41715860999469
-1.457982978811972 -2.4545368632343716
-1.3084527374363988 -2.4580068973178855
-0.3494251191696838 -0.7030546461737871
-2.1321311052715424 -2.975308394791214
0.023837098546946597 -1.6106385232039588
-2.9321628839488296 -1.7762331040685495
-1.5348135414694668 -0.8193073279015207
-2.1988356833946416 -1.2808406012484674
-0.674459236127444 -2.400162740125513
-1.631936510005793 -0.9109814318031619
-0.3552731663364712 -1.065068645290852
-1.484855218866522 -2.2833876393241614
-0.10845010754622257 -1.435620286579049
-1.4960186721902247 -0.16550454380053098
-2.342389234828868 -1.8593545020989621
-1.248743845918127 -1.1576044234646394
-1.6698644013188513 -0.8466272146811489
-0.7792883545662563 -2.1629377876176683
-1.4620362477154236 -1.7155885737844077
-1.950834419555878 -2.4524668639637945
-1.407630712215303 -1.8270003534158825
-2.1012916018952454 -1.2584121923649532
-0.6964363535843592 -2.207201517254164
-0.31548134517286996 -2.5431901179488294
1.096618993005648 -2.3198234384592804
-1.4709770987265265 -2.0786313527883182
-2.3480842065681875 -1.6147072801690563
0.2633845465571808 -2.3917801602857836
-1.8539754367756698 -2.284361312911417
-0.8513646208071447 -0.48595937873038864
-2.5298432489635534 -1.4737854261462708
-1.7845902198392471 -0.861310651672701
-1.813341820275163 -1.403213599754767
-0.4052022523692976 -2.900673849776491
-2.8102539614153996 -0.8562655679835867
-0.04050938453352644 -2.593519249704562
-2.233526912776249 -1.223081013852281
-2.2384754097755257 -0.7440277912073378
-1.4863955231626842 -1.4410244563750905
-2.9567773419551058 -0.8855600198107652
-0.42121640632488533 -1.1338722101821481
-1.2483672447157614 -1.7349053609325091
-1.6736211631812699 -1.6501558890948589
-0.6413631326584601 -1.8900380549090032
-0.3678544069669322 -2.123516664170891
-2.5231468337784215 -2.2208926361332373
-0.5275106221957037 -1.7734641958122135
-0.9280107159481296 -1.8329697012391986
-0.8729045654909486 -0.6867510759135894
-2.6015544191619595 -1.973421276858315
0.39585621993183684 -1.156779489035723
-0.08365191771952689 -1.6834759651180309
-1.3647672106225441 -1.59369071152112
-1.374162446104755 -0.6555887325696355
-1.3142767523006518 -1.8293183252219167
-2.4594630836360127 -1.1364853290504469
-1.7636421290301714 -2.036189972721603
0.15090960110296886 -2.6780529040366883
-1.5442065554829838 -1.4522246154426262
-1.6168903168882454 -1.5007318044590876
-2.3399868013690566 -0.5578004296693219
-2.435748755448226 -0.214730958817958
-1.9949493113260923 -0.010943764528119614
-1.5013779009538981 -1.5116474840448955
-0.8142863236871831 -1.2993681299773692
-0.7625292747472845 -0.49059122897417334
-0.732244732076756 -2.4314380873888486
-0.6671371538508327 -1.4252394655264302
-1.0518547860183443 -1.9699458921752357
0.16322375514666673 -2.32800503423413
-1.5898693668042 -1.0182483239522084
-1.741623843239199 -1.3216894857900074
-1.6368941032860247 -1.2028095971505672
-1.7629713738344197 -2.5918430653651945
-1.2918691893008931 -1.7908097479082792
-1.5980629170606806 -0.9112402184711563
-1.8512709465749462 -2.2103184638522815
-1.7462137550987207 -0.7366938292570602
-1.2297446797171134 -1.5304683477653878
-1.8408755417649045 -1.0867802714170893
-0.9018057572140962 -1.24405333543664
0.984154107068115 -2.600014778596187
-1.5846722866362541 -2.1047389913125754
-1.2627375019076998 -2.1094464304426745
-1.654628986599083 -1.7852532626734248
-1.0755810145184648 -1.7693694782872313
-0.8161867013497467 -1.0245911054308472
-0.9306610833101617 -2.432049624941347
-1.6079270227931453 -1.01746801161622
-1.600549389586773 -0.39855390370456195
-0.28930879026406 -2.1062963299927593
-0.8635768393603669 -2.084868750990104
-2.504275750491914 -1.142349429033261
-1.7647953174907072 -1.461294472727975
-1.1782686786396332 -1.9379954840801352
-0.8659905589973449 -0.846093510452812
-1.858736443758967 -1.2784993125155681
0.4957753798433987 -1.8978604106953902
-1.89062877829399 -0.1561105853590152
-1.719132725680666 -1.1291925414357133
-0.9438027494797007 -1.3505757056036691
-0.6815095760241371 -2.4265368677962833
-0.5103307039702631 -1.7346251516519433
-1.7455587946280473 -0.9089553956630462
-1.5708712663639874 -2.3773580247559747
-1.4988554602877144 -1.1572604033053344
-0.9830036706729424 -1.2496600287409125
-2.591915670252474 -1.6822140937620083
0.677196153971325 -3.189995381990827
-2.396742418456191 -0.9855528573236785
-1.4776772841959933 -1.4052004755843592
-0.9225239706367367 -2.1108577898266954
-1.756223289148926 -1.5684013076635288
-0.5571923305768767 -2.6375753846000483
-1.802951365067053 -1.284363402490466
-0.36043839703017133 -2.9349099013970554
-0.699598862357905 -2.3648149209500366
-1.0812158979671733 -1.2952327336855418
-2.5371215131440987 -0.42650133461163414
-1.564003259743664 -1.2588250903847453
-1.339352180063239 -0.062156010111127175
-2.6882998662795075 -1.520766989951726
-1.8893243731889933 -1.1558524028858317
-0.9097997508107653 -1.9038591201095827
-1.1002058811165822 -2.790964828226889
-1.164145734739561 -1.356187973615979
-0.15605143587796283 0.15818374420024142
-2.8590366325908763 -1.3279476927598357
-1.862666487177408 -2.0039065453072658
-1.8489505010620322 -2.300532203506638
-0.8583236172102342 -0.6925523581955105
-1.1984368168320059 -0.214276654785904
-2.340340140441226 -0.7173260384586049
-2.4473549520106204 -1.1039148758416606
-2.716126688061791 -1.1910019465141202
-1.261778841801352 -0.6625497861723387
-0.5333474285667391 -1.780445105987642
-1.3384194132923004 -1.744765753992276
-0.7826668226845281 -1.8180355526190102
-0.3676484064074342 -2.252967276705769
-0.4930460976707699 -1.8316942363738835
-0.7107825396169732 -1.2427286545619116
-1.2280618696170507 -1.6257665066941833
-0.8909764637813179 -3.1255347686265997
-0.4230140826455226 -1.2297255612271782
-0.9028635135998069 -1.6768673232012554
-1.2316481624223994 -2.0234641569239677
-1.6838855969302442 -0.5659850417291818
-1.5377582134091239 -2.2331870650625154
-0.36049727913540913 -2.6606049313463673
-2.203501778333575 -1.634885173966208
0.0026063497378711453 -2.3681655782582673
-0.11630603254260194 -0.2174379321805454
-2.551892631758629 -0.7198598262529569
-0.4206819139860971 -1.7651580744402606
-1.851961078021241 -1.9314631473391264
-0.5070029360897901 -1.047325580793628
-1.0812313767506638 -1.9224213513992763
-1.2014991354197442 -1.268321573695293
-1.7844743653743667 -1.4955665168491432
-1.2586773943633116 -1.2357469064890179
-1.6834498668293507 -1.2322668586729424
-0.599863514016896 -1.7246267141564082
-0.39549706374125027 -2.368475281568429
-2.1286425245881726 -1.069327289964277
-2.0962535948221093 -2.113982728470191
-1.8989969969949314 -1.3867391402577842
-0.9066008234528601 -1.3954642628993486
-2.012747324827999 -1.6424097798865556
-0.7597345725899107 -0.8618912331832006
-2.850344045697321 -1.0196454537636979
-0.11873029337774564 -1.1645753944870867
-1.4026122437074584 -1.7525965801177894
-0.9996632123204441 -2.0780117418696595
-0.14950223793193335 -0.4560552500419986
-0.3108852722896451 -0.8299925605203958
-1.7148551134099934 -0.9448839448060826
-0.6034242389343953 -1.5016151567372436
-1.8360102494086412 -1.0724893405957037
-2.5432023906048755 -0.9574968511928557
-1.339109651689597 -2.32022455943133
-0.7664409817146997 -1.6492221071011346
-2.3795044070625155 -0.7780487597675598
-0.8198511539246922 -1.8368196555597396
-0.4125771643350229 -1.1475123781023413
-0.9512877132440261 -1.0574537162692736
-1.756711454886025 -0.7901630455370505
-1.5678102766232198 -1.022631774178856
0.34366503058039105 -2.169688577856626
-2.2217876647897663 -0.34787462775360856
-0.5204072101342023 -1.5788186678421436
-0.27077667588800386 -2.4100024197195267
-1.0000302284320541 -0.9953715230755493
-0.7957724885305335 -3.059469098787352
-1.4942207652251993 -0.5689360297557325
-1.6206750518247648 -0.4389830424272267
-1.9847936523089553 -1.0717385861778905
-1.8989899897986966 -1.888062511397538
0.029940781224426727 -1.1394799105005553
-1.2920654524593773 -1.840740747253681
-1.492635351087135 -1.6237172913193336
-1.8246013460082067 -0.7309630045884624
-0.4380769050663771 -2.8534037619985515
-0.27259176955500847 -2.435009643427951
-0.34654865628385234 -1.9158090592623702
-1.1863327607192855 -2.8120153906927348
-1.2231286719676564 -1.418118378193869
-2.301849073449192 -1.3198641783905385
-1.379995305131161 -0.9275303314825005
-2.3281807175824283 -0.8156783483770216
-1.451402826775525 -0.837852549283611
-1.9461834574105723 -1.5184513692845762
0.01800788160270338 -2.359905774775284
-1.1417270033642288 -0.12152925771663049
-0.8292426258194546 -2.3265922604755014
-1.33366228334154 -2.1183738181303404
-2.10124730142602 -0.13469890279700697
-0.8332334015843593 -1.3875535732633357
-0.5363788323941105 -2.182541090094617
0.22266066457793868 -2.1176074898551778
-0.9792648030895488 -2.383200907790973
-2.3923683555944972 -1.4821956847048035
-1.3111132745807388 -1.1228634267733528
-1.5542489474897418 -2.4496662841902013
-0.8856334594955346 -1.4636320078962106
0.22815304322796046 -2.305591541266232
-0.4448733133927107 -1.002003309682356
-0.1438998507723871 -1.1724779482517984
-1.1168119566898385 -2.806007276308472
0.98387596837735 -1.4339085040218005
-0.8684184397446296 -1.4373212194014
-0.4535085825213614 -3.3079554206671498
-0.36340939242384745 -2.1363738924557087
-1.7930433223388849 -1.7494794344967415
-1.5810594341039055 -1.0648520888160753
-2.0435263490613087 -1.8821650712121654
-1.161617225154236 -2.3054841946222546
-1.2539813034245717 -0.9130552722577844
-1.7593249392657497 -1.0198495858148686
-2.091612408854454 -2.545720472336954
-0.77967021208979 -1.5705971382059376
-2.115111102123582 -1.3694165351151342
-1.2523105077997587 -0.7284188991025827
-2.8113759536635294 -0.8953461978831766
0.4314571053958969 -1.3915357667620083
-0.32716736333671254 -0.49429381422278534
-1.578901848959884 -2.57822782674294
-1.7789828658344582 -0.06690766143857103
-0.9218103006347091 -1.198808705270094
-2.5620734425141203 -0.910575724016896
0.10410453307554914 -2.2353843680774803
-2.0549937394462954 -0.8687560603924693
-0.7985886585454984 -2.3408661204441223
0.2754636076463433 -0.30297066922877147
-0.49532530344629494 -1.6732740703736424
-2.512019605408641 -1.7257555571311607
-1.961776812430606 -0.08778866763504702
0.14290934388028004 -2.496314210341299
-1.7097592846705287 -1.4602151783325128
-1.349664587275887 -0.17354919989476228
-0.8940749396601497 -2.4080652320096547
-0.4505348307014241 -1.12310536197007
-0.8356318170229303 -3.0345748916360122
-1.4003053580352403 -1.2043780073058172
-2.35453062700169 -1.2097544948964518
-1.7469099318435917 -0.7872767714685976
-0.9433212345855659 -1.254634000462467
-2.1814349884277093 -1.4305968693425055
-2.240680503179821 -1.2938203093613325
-1.624534832699976 -1.117798382958629
-0.8647802064899831 -2.0341999273109344
-1.7906058240111031 -2.0297757579338644
-3.9076454741530293 -1.499436331128168
0.009590467220854448 -1.7199461714409847
-1.8180530136553221 -0.5803395017171132
-2.643273923150374 -0.6090484257658703
-2.0514004867776974 -1.7719840264528122
-2.137727299865798 -0.705886299865315
-1.9083429634419504 -1.8160764828974172
-1.358148954673618 0.0705346512816799
-1.012055558720251 -1.2759479102331643
-1.4496175645121894 -1.5857480974694667
-1.6453702156485641 -0.39385201428916244
-0.9628626084245716 -1.1123326943171616
-1.259570263681873 -0.9755593837230028
-0.8317106587009414 -0.2718030222877142
-1.8751116957750422 -0.8853428978556602
-0.3342279597069756 -1.0456893329304853
-1.3038905872749216 -0.8289395611199616
-2.5288989514342264 -1.815506729483949
-2.5166783087723874 -1.157372137038378
-0.835319387433454 -0.05399590623316439
-2.0278636781897177 -1.407890384599662
-2.364176117489742 -1.2319485611737873
-2.6555132619657256 -2.105029716202945
-1.49317433402462 -0.4964799560708666
-1.7044280066944728 -0.920142187920589
0.7374992710839489 -1.6381840685957036
-2.187189801881728 -1.80968818061791
-0.9936219645238716 -1.6077459733014727
-1.8016612412510258 -1.8784702115056722
-0.8344170004006759 -2.6827068266541154
-1.1102866587602704 -2.8884500297542846
-2.3341108164093654 -1.0564951059468985
-1.663465465021241 -1.1610062765090516
-2.185404013042723 -0.8443921608086893
-0.7469075458836592 -2.5116262671503744
-1.2209794116765629 0.22921519051798211
-1.7408474582895486 -0.8057225041115136
-0.7086246341067826 -2.2563551937224235
-0.5612502855973932 -1.6463159766126
-0.2795551144735699 -1.681608670631427
-1.5439523356504945 -1.5233923114390537
0.7534270760088824 -1.7351240493164377
-1.4115969788867972 -2.11717801318127
-2.444250109606566 -0.7057284909254163
-1.9794623373106446 -1.6441696098187786
-1.7099423174310886 -1.874720497303886
-2.376369880903693 -1.1556164510837557
-1.625581158948105 -1.8559692905006036
-0.5776903560873763 -2.1413490409118996
-0.3661700465266715 -2.800984449075549
