-3.4759898 -1.8436056
-1.2998102 -3.1956286
-3.6724343 -3.2469497
-3.528056 -2.6045308
-2.947205 -3.6681519
-3.742993 -3.031645
-2.6677403 -3.3901505
-2.4157717 -2.611557
-3.2749324 -3.1626072
-3.1027234 -3.592494
-1.9658237 -3.4918475
-3.1804104 -2.034445
-3.3277683 -3.4612257
-2.7355983 -3.4472468
-3.6827471 -1.6899861
-3.9683263 -2.0013516
-3.5314493 -2.7785108
-1.6660042 -3.7756505
-3.3589003 -2.5486124
-2.0112271 -2.7911584
-2.8110118 -4.056476
-3.1995811 -2.3693905
-2.496392 -3.9223402
-2.0150719 -4.174091
-4.371213 -3.3704853
-3.4774797 -3.7068782
-4.6709914 -3.3004267
-3.1308887 -3.6518357
-3.9391284 -2.5710275
-2.8468134 -2.103093
-3.9410532 -3.0597255
-2.5202925 -2.5497484
-2.0962212 -5.1885376
-3.8451853 -2.285445
-4.015211 -2.5881655
-3.1448908 -3.0670602
-2.880913 -2.6716146
-4.075326 -2.2723243
-4.573968 -4.2495136
-2.8923128 -3.0871916
-3.340281 -1.5870931
-2.6166723 -3.2424667
-2.1443882 -1.6549002
-3.635635 -2.407341
-3.391347 -1.6642647
-3.9282532 -2.6665287
-2.7571383 -1.0796677
-3.2131522 -3.2097886
-4.0412273 -1.9426202
-4.6914597 -3.5514534
-3.248208 -3.1575878
-2.495793 -2.9970188
-2.1607378 -4.260671
-2.9602637 -3.0979867
-2.5321734 -2.6984692
-1.9752827 -3.3630707
-2.3723614 -2.8616736
-3.588852 -2.4205234
-4.3428006 -2.5725298
-2.8595037 -2.6344573
-3.9827056 -2.1930223
-3.970229 -1.9256335
-2.7404726 -2.297167
-4.693079 -2.4494832
-3.3391876 -3.635306
-2.609807 -2.8271356
-2.407453 -3.8065586
-3.1394172 -1.5162649
-2.4985871 -1.5311158
-0.313011 -3.59212
-3.559325 -3.2149017
-1.6792457 -3.9906836
-3.7884479 -4.0097156
-4.864753 -3.3000128
-2.990491 -2.7511535
-2.841165 -2.3137674
-2.257447 -2.7394612
-2.7683337 -3.1313536
-2.6374602 -3.0833836
-3.2097118 -2.6517296
-2.9540653 -2.9406006
-3.5267663 -1.7609929
-1.6634712 -3.843065
-3.3555844 -2.0901334
-3.4088085 -3.2169468
-2.9875033 -3.0849931
-3.4810011 -3.2313697
-4.779004 -2.0532095
-3.8266423 -2.6413062
-2.12714 -3.5128877
-3.0474057 -2.9788635
-2.4526129 -3.4380746
-2.938131 -4.037161
-2.704307 -3.3161798
-4.7173653 -3.8623493
-3.6210403 -1.8464106
-2.9343731 -4.351972
-4.1418285 -2.742472
-2.366706 -2.5197747
-4.4097514 -1.6567211
-3.8225467 -4.0236707
-4.10485 -3.0584972
-4.206213 -1.8235607
-2.8001864 -1.6709238
-3.720656 -1.6251901
-3.4468372 -3.843919
-4.093061 -2.1046937
-2.9742577 -2.7775598
-2.6854327 -2.9706233
-3.2423158 -2.4097204
-3.2267063 -2.5868595
-2.956483 -2.8684888
-2.563318 -3.89738
-3.6164782 -2.1859813
-4.3111467 -2.5755596
-3.1693978 -3.355775
-3.5566359 -3.1471126
-2.965398 -3.1605537
-1.9082111 -3.6609056
-1.9764838 -2.895033
-4.099108 -2.7961037
-1.7590163 -3.3303123
-4.2822275 -3.0849805
-2.6597679 -2.9969501
-1.931157 -2.8421552
-3.0422988 -2.4023094
-1.8671925 -2.5320628
-3.2742462 -3.040664
-2.3005319 -2.7959347
-3.2769701 -3.1579056
-3.147322 -2.6427488
-2.5387604 -4.421403
-3.694027 -1.6835266
-3.8539093 -4.1424775
-2.8807096 -2.989104
-2.8015678 -3.8359942
-3.3701062 -4.0607724
-3.1330082 -2.4649277
-3.1788037 -3.4148037
-3.5329132 -3.8566256
-2.0320208 -1.8952904
-2.495646 -1.6720436
-3.4280272 -2.7534173
-3.2886891 -0.98049545
-2.3550293 -3.022174
-1.6783274 -3.6066253
-4.527043 -4.1273446
-4.017274 -4.807689
-3.7343342 -3.9244587
-2.8602285 -3.5349545
-3.213972 -1.7273257
-2.9879086 -3.7966747
-3.1079993 -1.6200602
-2.6881695 -2.748357
-2.2329693 -3.0700727
-2.304827 -3.0759127
-2.520979 -2.30097
-3.6841362 -1.9257048
-3.6599874 -1.863414
-3.629348 -2.914352
-2.4030285 -4.894251
-4.3064117 -2.75057
-3.302495 -3.7664785
-2.9505334 -3.3592262
-4.3803754 -2.8185148
-2.0453928 -3.7049062
-4.0933537 -2.801567
-4.094008 -2.1325512
-2.146059 -2.796328
-1.688926 -4.5901413
-2.9393344 -2.408982
-3.3244407 -3.3619773
-2.3206148 -2.4551835
-2.363302 -3.3895102
-3.7997541 -1.9640716
-4.360429 -2.2452455
-2.459768 -3.8618104
-3.6933799 -1.4520543
-3.0315487 -3.4651504
-3.8213413 -1.9646883
-2.6975293 -2.54291
-3.253875 -2.3282568
-3.267157 -2.9021046
-2.175925 -3.4175332
-2.5929785 -3.6014507
-3.929211 -1.9496583
-3.0465155 -1.7924548
-3.8772447 -3.101546
-5.4907074 -4.766125
-3.166022 -4.0883102
-2.208271 -3.439301
-2.3725367 -2.751515
-4.120642 -2.491867
-3.010979 -1.7389095
-2.4582102 -1.6258444
-3.3728065 -1.964439
-4.276948 -2.026053
-4.1037364 -2.0458527
-2.4757001 -4.7030835
-4.3710446 -1.8750932
-3.319983 -2.9866302
-2.3558512 -2.9652736
-2.9345367 -2.4149725
-2.521699 -1.80766
-3.1320581 -4.222768
-2.8222747 -4.820605
-2.7734807 -1.2541016
-2.559821 -3.7944646
-2.2923176 -3.5480485
-1.0951366 -2.5485554
-1.7530366 -2.7689254
-2.8318653 -2.3964667
-1.7015384 -3.8490999
-2.5338807 -2.083422
-3.3247778 -3.7530408
-3.910848 -2.6636624
-2.5410976 -3.867072
-3.7086773 -2.3099525
-3.3763628 -4.036375
-2.8842955 -2.2777166
-4.816919 -2.436697
-2.5636182 -4.401544
-2.2044775 -2.7691984
-2.2872972 -3.6882772
-2.9432843 -1.891153
-2.1043084 -3.1111677
-4.249185 -1.9129548
-3.0059562 -3.8150063
-2.180867 -3.6915572
-3.607656 -3.121505
-4.05401 -2.550406
-3.442054 -2.5036843
-3.059433 -2.5797684
-4.521531 -2.2248483
-3.6137497 -3.8413363
-2.736613 -4.1338077
-3.2571058 -3.531387
-4.6182437 -4.8885674
-1.851035 -3.2458825
-3.5934863 -0.69508564
-3.8284879 -1.7461096
-3.8349323 -3.705674
-4.385374 -2.8813815
-2.594727 -2.9131703
-2.4582992 -5.145753
-3.7536545 -2.6647596
-3.1998415 -3.7239144
-3.0706098 -3.2390835
-2.996875 -3.0179672
-4.7335496 -4.6090903
-3.105868 -1.9651088
-3.9427893 -1.5252784
-3.927399 -1.6163166
-3.5685685 -2.9473586
-3.4588826 -2.4185042
-3.241728 -3.28062
-3.5152452 -1.6469284
-3.3047824 -1.9322892
-3.946456 -2.1398337
-1.6701828 -3.996194
-3.9056292 -1.8159078
-3.7462547 -3.5301073
-2.7913582 -2.275271
-3.5032525 -2.5897977
-3.9643636 -3.8053756
-3.9494646 -3.299935
-2.6889338 -3.922431
-2.7069216 -2.3402646
-1.5879333 -3.977295
-3.9647992 -2.8463008
-4.149491 -2.4814851
-2.4149768 -3.8904917
-3.223724 -2.620595
-2.5898376 -3.0830877
-3.4207578 -3.5636303
-3.2543597 -2.2348611
-3.0677276 -2.2307622
-3.3095984 -3.0696218
-3.5732033 -3.1285038
-1.9075247 -2.0104752
-3.7810197 -4.642084
-2.2494333 -2.5660377
-4.0109797 -1.9379886
-2.5285542 -4.560546
-2.7558296 -1.1381024
-2.9204724 -3.995152
-3.499979 -3.1040041
-2.2632153 -2.9839554
-5.4103093 -3.8861575
-2.9752672 -2.1518717
-3.4526834 -3.417232
-3.9837782 -2.3155494
-3.6373878 -2.995257
-4.649928 -4.312443
-3.0675597 -1.5738091
-4.3542776 -2.0982428
-3.8703363 -3.4985974
-2.538588 -4.5816774
-2.6765354 -3.1057544
-3.493981 -2.9427896
-3.5720186 -4.523015
-2.6628947 -2.5305173
-1.9351631 -3.995957
-1.8487283 -3.265728
-3.3637216 -3.098955
-2.2606285 -1.5097493
-3.0485103 -2.4106088
-2.5180907 -4.347044
-1.8341144 -2.80468
-4.4933963 -2.2520876
-2.5875714 -2.221746
-2.008923 -3.1655385
-2.9954975 -3.6238909
-2.8722897 -4.614751
-3.853684 -3.2267063
-3.1487696 -3.4194322
-3.1146448 -2.3923016
-3.9493287 -2.9822018
-3.3961725 -2.8545141
-3.277477 -3.3215747
-3.8446786 -3.4467378
-2.1336854 -4.617755
-1.6826882 -2.717774
-2.7482355 -2.5955093
-2.3761287 -2.9246633
-1.2393628 -4.901335
-2.2057412 -1.1762629
-3.0052838 -3.0380292
-4.483475 -2.865783
-2.5244215 -1.8455702
-3.4003286 -3.8507867
-2.6518495 -3.9198465
-3.8734071 -2.6963482
-2.3600364 -5.1981416
-4.769116 -2.3349931
-3.5821352 -1.5310434
-3.8711388 -3.089492
-3.8228326 -1.6923118
-4.151149 -3.241278
-2.384098 -1.6228476
-3.1183841 -4.603261
-3.099453 -3.764061
-4.2689047 -2.8945174
-3.9694412 -2.111052
-2.7671955 -3.2897923
-2.1167192 -3.877003
-3.4046545 -3.4550223
-3.8739777 -2.531673
-3.6900685 -1.9737101
-2.9559705 -4.289558
-2.8660328 -3.963624
-1.8424367 -3.9376771
-3.4479668 -3.065727
-3.312268 -2.02818
-2.4105916 -4.6140046
-3.6937802 -2.8166306
-1.6745765 -1.848549
-2.2151456 -2.3165498
-3.5930238 -3.9602354
-0.293961 -3.2432835
-3.2024 -3.3907382
-3.6446002 -2.1608288
-2.1583502 -1.0924723
-0.95458335 -2.8315005
-4.9311495 -4.1285954
-3.4923003 -2.664622
-3.501857 -3.8328001
-3.231523 -3.5149932
-2.470336 -3.3893063
-3.9896846 -2.9528675
-2.749371 -2.6209824
-3.4400735 -2.0268133
-3.3743234 -3.307312
-2.5099444 -3.396416
-4.0331774 -2.5355515
-3.6570184 -2.746134
-3.2640946 -2.8749866
-3.0624728 -2.6633627
-2.2305694 -3.8215466
-3.2958183 -3.385782
-1.2132353 -4.1839266
-1.5069405 -3.9201748
-1.3315505 -2.881533
-2.8034403 -1.8757272
-3.6149452 -2.625587
-2.1462877 -2.411245
-3.534622 -3.4031441
-2.325133 -5.020717
-3.1047583 -3.1686122
-2.61629 -3.456335
-4.4442863 -4.608751
-3.479763 -2.3607123
-3.5590541 -3.1642277
-4.418973 -3.3351955
-2.6059742 -2.9748437
-3.6228294 -2.6044946
-2.7356653 -4.1558256
-2.408516 -3.1522431
-3.9032538 -1.9119489
-4.608831 -2.2486224
-2.962371 -2.5764048
-3.3170786 -2.1079664
-3.7352934 -2.2711456
-2.9164193 -3.3600986
-3.763595 -4.2637715
-3.0583863 -2.8442059
-3.9058907 -3.2644768
-4.4334803 -3.2258532
-2.1913357 -4.289731
-3.5620377 -1.9084046
-2.9924412 -2.13989
-3.8760543 -3.2661989
-2.8210733 -2.248541
-3.3803177 -1.9399307
-3.467825 -2.2618892
-2.407782 -2.1370146
-3.76779 -1.4818977
-4.73402 -3.5018952
-3.144535 -2.3259194
-4.0102663 -2.627602
-1.1212358 -3.9887083
-3.3251762 -2.279904
-2.6580088 -3.3316221
-2.5906901 -4.207948
-2.1989706 -1.7208788
-2.946548 -3.1876311
-2.1773686 -2.6079967
-1.9538336 -2.274487
-3.1144295 -4.554445
-2.5638232 -3.4898176
-0.95782167 -2.8722472
-3.4407737 -2.3600206
-2.916071 -2.8195572
-3.5043325 -2.9653819
-1.1360816 -4.603452
-2.968471 -3.2698278
-2.256013 -3.6194985
-1.9335387 -4.1148725
-3.5967274 -2.0499923
-3.1871357 -3.2264073
-2.8029716 -4.185681
-3.0186646 -2.7274404
-3.2705657 -2.3759797
-2.8669012 -3.6799858
-2.296384 -4.428423
-3.0734987 -2.2128313
-4.4044657 -3.2664073
-1.6415693 -2.3217084
-3.3370442 -2.1468468
-4.404653 -2.558717
-4.1057863 -3.5981395
-3.6412427 -2.8805752
-3.5286922 -2.485143
-3.2951882 -2.7304733
-3.6294544 -3.337376
-4.121777 -3.0506396
-3.6069996 -2.1190412
-4.1354747 -3.1822042
-4.4277716 -3.0003629
-3.1038256 -4.3150945
-3.4633641 -2.8708096
-3.2252905 -1.3137965
-4.503833 -3.185926
-3.2430303 -3.1061573
-3.9694993 -2.3663104
-2.5545716 -2.0661795
-2.1412709 -2.4360707
-3.172339 -3.3405638
-1.4725161 -2.5911362
-2.1076598 -3.9345322
-3.5252707 -2.5056436
-3.2096565 -2.9955254
-3.8784673 -2.6460292
-3.7321193 -2.2597256
-1.1167855 -3.071779
-4.184401 -2.9226608
-0.5020498 -3.7290337
-0.21592286 -2.9341671
-3.6210408 -2.1732683
-1.9979976 -3.689333
-3.0457788 -3.8970819
-1.9832944 -1.6532786
-3.1722772 -1.7533094
-1.5743357 -3.9887824
-2.5847397 -1.8891222
-1.6447153 -2.7149253
-4.4355254 -5.3517175
-3.3964808 -1.7233168
-3.865857 -2.6143029
-1.8548121 -2.9097223
-3.134125 -4.441308
-4.6461596 -3.4396222
-3.535918 -2.2613187
-2.8589947 -2.2690296
-4.9718623 -3.8388202
-3.7379694 -3.5994089
-4.11029 -3.1426291
-4.0340157 -1.7049133
-3.681589 -2.23364
-3.069454 -4.6091585
-2.481242 -3.9796948
-2.8630836 -3.2470844
-3.0383487 -2.6991827
-3.9429038 -2.9730265
-3.0402396 -4.708104
-2.0481074 -4.027868
-1.525203 -1.4156518
-2.2043183 -3.3788633
-1.8215073 -3.7372434
-2.7899358 -2.0830455
-4.048797 -2.1518803
-2.7094154 -2.3961086
-3.3762736 -1.9170811
-3.6887393 -2.6333942
-3.4844806 -3.471942
-2.4959545 -3.2224605
-2.148461 -3.5440483
-2.7868443 -3.2172863
-3.3877294 -1.6946841
-3.2351563 -1.7980009
-3.4406886 -2.6904707
-2.4447339 -3.3757153
-3.132525 -2.8217537
-3.3643153 -2.6501267
-1.6865786 -4.217534
-3.5820403 -2.4962406
-3.294829 -2.4349713
-2.1422448 -1.9269258
-2.6707804 -2.271838
-3.1462932 -2.8467045
-1.9890722 -4.068744
-2.5678585 -3.0490434
-4.033329 -2.4101562
-4.4506116 -2.0246792
-3.6382022 -2.1049397
-2.8628142 -2.1321044
-3.4690654 -1.6461316
-2.0408437 -2.4892123
-3.103521 -3.475786
-3.5459402 -2.5100632
-3.5492818 -2.4855285
-2.0661323 -2.9392395
-2.924821 -3.223343
-3.2339458 -2.1174216
-3.0898056 -1.7410467
-2.7295985 -3.211135
-3.323551 -2.3244867
-3.5266957 -2.5103698
-3.4179242 -2.4583635
-1.7923247 -3.0402617
-2.98418 -3.0364022
-2.9384408 -2.0857522
-1.6296812 -3.863867
-3.2128444 -2.3373833
-3.1837296 -2.693229
-2.023803 -3.5450034
-2.2596712 -4.014972
-3.4044006 -2.5991316
-3.2279592 -2.2930648
-2.8092794 -3.5747657
-3.253136 -2.9609394
-2.729084 -2.6228063
-3.0609722 -2.4402254
-3.0764225 -3.1606073
-3.038871 -3.0183895
-3.0757596 -4.097646
-3.342643 -3.2740088
-3.8986213 -1.8037014
-2.3002872 -3.9926355
-2.956631 -3.6737928
-2.6876261 -2.6032982
-3.139942 -2.7924764
-3.644721 -1.9587482
-2.8508878 -3.536758
-3.0292199 -2.6986597
-3.5795813 -2.8146343
-2.3641376 -2.7293456
-3.6085274 -3.1498063
-3.7203429 -3.043773
-3.067174 -4.3819304
-3.489851 -2.8029377
-2.4826841 -2.33149
-3.939775 -2.8297467
-3.8776524 -2.405147
-2.8527405 -3.2850199
-3.6518662 -2.4783144
-2.86298 -2.6557932
-3.0144615 -2.4758599
-0.9676068 -4.3029137
-3.1305444 -1.7194556
-3.283441 -2.2692118
-2.3780034 -3.5942209
-3.1910715 -4.2192416
-3.1924891 -2.5470266
-2.5541863 -1.6726943
-3.4289625 -1.7985237
-2.082724 -4.1099396
-3.3355234 -3.552554
-3.2697413 -2.8334649
-3.4886167 -3.001449
-3.240002 -3.68118
-1.2769074 -3.02549
-2.5659149 -2.1446686
-1.9292815 -3.4613285
-2.503767 -3.409056
-3.7503705 -3.2623067
-4.0123553 -2.2904735
-1.17045 -3.3642645
-3.1791492 -1.4614558
-2.4908328 -3.2825425
-2.5724316 -1.6577272
-3.0405512 -2.098191
-3.4712746 -4.3848853
-3.4678595 -4.2153335
-3.6818337 -2.845583
-2.832279 -3.173305
-2.7552242 -1.1530329
-2.4960027 -3.958192
-3.0413115 -3.4972942
-3.4044628 -3.5416942
-2.746585 -3.9574742
-2.450873 -3.07677
-3.553286 -1.6617384
-2.550036 -3.4932923
-2.028671 -2.5305731
-3.079396 -2.218826
-4.173048 -1.6568688
-3.925934 -2.3573263
-3.3842547 -2.4179506
-2.7961059 -4.2969275
-2.719467 -5.562729
-3.0833504 -2.8202667
-2.6581995 -1.5913355
-2.9493723 -3.5254612
-2.5436983 -2.497911
-0.96994513 -3.6686897
-3.0127628 -1.109899
-3.6498234 -2.1745977
-2.3881297 -2.553489
-3.386216 -2.1902418
-3.865065 -3.0956316
-3.2106857 -2.959882
-4.06192 -2.9965463
-3.84421 -2.4388795
-2.784046 -1.6642942
-3.5778034 -2.253876
-1.3720895 -4.1723256
-3.5499046 -3.1296277
-2.3760526 -4.016097
-3.7284474 -1.9471809
-2.8506215 -1.8187964
-3.3840387 -3.1303353
-2.6809678 -2.5266533
-3.080962 -4.444355
-3.170994 -2.8727598
-2.5618577 -2.3532598
-3.1517522 -2.4438868
-3.604167 -2.8010252
-3.2558854 -3.6559503
-2.9637 -3.6260684
-3.1790721 -2.2608962
-2.8052166 -3.1566672
-1.2795646 -3.640025
-3.1086407 -1.6735865
-2.8752956 -2.4937444
-3.4006658 -3.6510687
-2.8189623 -1.468494
-2.2854192 -1.9369732
-3.0974565 -2.6265316
-3.7347858 -2.9069285
-3.1811965 -2.2507253
-3.3244476 -2.9375687
-2.7803917 -3.42832
-3.9144878 -1.3983241
-3.4095707 -2.323268
-3.1613708 -3.2212944
-3.1835814 -1.9704014
-5.0974693 -5.485642
-2.0300474 -2.6693203
-1.3724957 -2.3143258
-3.7373517 -5.895751
-3.3417418 -2.2369952
-3.954479 -3.2968736
-4.1023016 -2.5100706
-1.6310439 -2.6191869
-2.684821 -3.2505581
-3.0282533 -2.5676806
-2.1176493 -3.400674
-2.0999026 -1.985826
-3.0177443 -2.3289938
-2.0249891 -3.5600522
-2.9200907 -1.2096777
-3.0072675 -1.8536096
-4.4199276 -3.568162
-4.026829 -2.7401729
-5.221807 -3.4017298
-3.869826 -3.039559
-3.944029 -2.4250555
-1.9660468 -1.4872652
-1.7083582 -3.952655
-2.9597278 -3.646887
-2.8735068 -3.065944
-4.2346926 -2.2794414
-3.5882154 -2.0456188
-2.6285515 -2.373098
-3.1517227 -3.6367185
-1.4967943 -3.5095444
-2.5776947 -3.4551933
-3.857589 -2.988854
-2.0763874 -1.6898768
-2.8058972 -2.5913553
-4.0013404 -2.4218202
-2.5485861 -2.9299664
-3.6635196 -3.1388967
-3.6132662 -3.4190464
-4.2388744 -2.4295077
-3.5111737 -2.339409
-3.1294131 -2.0786598
-3.7440312 -2.9143572
-3.0539765 -2.2451713
-3.004327 -3.8974335
-1.9021258 -3.8086534
-3.4148383 -2.6321986
-1.0797701 -2.5386477
-3.1504042 -3.3265352
-3.1931598 -1.9754119
-3.9048176 -2.7601016
-2.4936776 -3.227242
-3.0587635 -3.525811
-3.772095 -2.377342
-2.9678752 -3.814463
-3.0644412 -3.2740896
-1.6247957 -3.516759
-3.9345386 -2.3310857
-1.0837572 -2.6560712
-3.0079231 -2.9674866
-2.2129679 -2.940821
-3.198016 -3.1210692
-3.8073103 -3.2102852
-2.6115525 -3.7825606
-3.2743487 -2.1792502
-3.490396 -2.613353
-4.496481 -2.7134027
-0.37698233 -4.877893
-2.7891371 -1.8871324
-3.5960796 -2.592177
-3.6422584 -1.8984823
-4.1979127 -2.2041361
-3.1274276 -4.2213416
-2.805886 -3.489548
-3.0486517 -2.7505314
-2.3911178 -3.254892
-3.1856275 -1.7720156
-4.388291 -2.694742
-2.5901582 -2.724753
-3.2896268 -2.9389696
-2.4931223 -2.02559
-3.5273795 -2.8799374
-4.150115 -2.082294
-4.068888 -1.8840541
-3.4722354 -2.7206335
-2.9584825 -4.1740108
-3.1558573 -2.390137
-3.379144 -1.7340503
-2.4670136 -4.4670153
-2.3085759 -2.9621713
-2.2622638 -2.489187
-3.158766 -2.015957
-3.5558186 -1.8579935
-4.7172375 -1.7525927
-3.3492885 -2.525642
-3.5841205 -2.2982218
-2.7447004 -2.9572375
-2.5763793 -2.8828995
-3.1591566 -4.2877865
-2.4391189 -3.9241319
-3.2620745 -3.5679111
-3.6769493 -3.1757655
-3.1557543 -2.5022142
-3.7404985 -1.9480971
-2.9594357 -2.662002
-3.8103461 -3.132164
-2.016647 -2.975266
-4.1016207 -3.6196332
-2.66603 -3.569943
-1.9128702 -3.6812263
-1.9565629 -4.1991997
-2.9357526 -3.9159493
-3.7725122 -2.2236557
-3.864955 -2.0975235
-2.593831 -3.3620768
-3.5123372 -2.9325018
-2.981124 -3.402299
-3.7698572 -2.6048725
-3.1064682 -2.4473412
-3.4575262 -2.1151824
-4.4749613 -2.9029148
-2.0185494 -2.208367
-3.1177964 -3.2471943
-3.086019 -3.7907043
-3.0687046 -2.7582345
-4.7941256 -2.1642227
-3.6446362 -3.2589164
-3.3586454 -2.8745427
-0.6797869 -3.2039688
-3.2184756 -2.2605648
-4.3307295 -2.7207103
-4.1650004 -2.7123337
-4.1736846 -1.9487444
-3.6875558 -1.733846
-4.6357937 -3.4900649
-2.9370933 -2.4540653
-3.599883 -2.4789965
-3.7922668 -2.1324432
-4.63205 -2.0733893
-2.082971 -4.0324883
-3.5213425 -2.2349098
-4.277798 -2.3783882
-2.9239159 -2.0672536
-4.539215 -2.4043381
-3.493484 -2.8825
-2.9164577 -2.316057
-3.982474 -3.0803523
-2.4824097 -3.753972
-3.1635094 -4.038235
-1.8792037 -3.1673193
-2.4228644 -4.2015967
-2.3106463 -3.3626957
-1.1446985 -5.0914783
-3.3151069 -2.2845502
-2.9148486 -3.4712672
-3.7434287 -2.7568712
-3.3851879 -2.6937256
-4.066004 -1.9733156
-2.6995943 -3.6305265
-3.1511414 -2.7034917
-4.559949 -2.702453
-1.8182676 -2.838682
-2.731082 -3.7667835
-4.0988393 -2.2498643
-2.0832052 -4.473511
-2.3347454 -3.2853062
-2.068982 -2.2624812
-0.7815439 -3.5707097
-2.9161334 -3.2471771
-4.038938 -2.1176524
-4.4002337 -2.9124076
-3.138281 -2.9647105
-2.1083245 -4.011647
-3.3685257 -2.966933
-3.3192797 -3.1590197
-2.2699761 -3.5146537
-0.8161603 -2.358814
-2.9619544 -3.4853456
-3.2651443 -3.6788905
-3.288771 -3.1904829
-3.9420261 -3.2559285
-3.637151 -2.5301754
-2.1881409 -2.1984181
-3.1964934 -3.1308782
-5.0454254 -3.0363467
-3.5218203 -2.7125626
-3.4740162 -3.1787167
-2.9905913 -2.39135
-2.6596634 -4.062608
-2.9943974 -3.985944
-4.8771205 -3.577008
-3.7508814 -2.958073
-1.6925774 -2.9262598
-3.1248107 -4.0878663
-3.4794204 -3.2033558
-2.8569825 -3.3944416
-2.3394437 -2.4704144
-3.1849892 -2.4684184
-3.8820834 -2.1038496
-3.527158 -1.9631039
-3.621355 -2.5713212
-2.167534 -1.0585537
-0.92127436 -4.2917085
-3.1431103 -2.2504482
-3.8229814 -3.9028292
-3.5916293 -3.102491
-2.4873571 -2.2203686
-3.7634134 -2.7375288
-3.2505848 -1.7882032
-2.8077145 -3.1257377
-4.231843 -3.1205685
-4.534262 -2.3115392
-2.0496972 -3.0279186
-1.5066606 -2.9354892
-0.7708662 -4.7734056
-1.5722259 -3.290222
-2.05096 -3.7960255
-1.5936372 -3.1068294
-0.2692274 -3.3831446
-1.9976124 -2.109263
-3.262815 -1.3622577
-2.9380324 -3.951841
-3.4799902 -3.1001098
-4.146165 -2.531436
-3.9849408 -1.2221875
-2.946231 -2.4367464
-2.8383155 -2.5745149
-2.6775982 -2.9220366
-3.5646904 -2.7534335
-3.6485023 -2.7901783
-1.946831 -2.0339146
-4.3760595 -3.793212
-1.8264343 -2.8407564
-2.71352 -2.834068
-3.3075027 -2.8501892
-3.7729802 -2.790841
-2.3042402 -3.211188
-3.6244068 -3.2768683
-3.475873 -3.3375225
-4.546765 -2.6744635
-3.220663 -2.0410202
-2.749102 -2.52693
-3.5004516 -3.7312806
-3.8418927 -1.6662676
-3.0153992 -3.0214825
-3.2773314 -3.1407874
-3.2529163 -2.8350656
-3.984668 -2.1178625
-3.7446423 -2.77626
-3.364696 -2.863992
-4.0845666 -2.3092988
-5.3302226 -3.6431918
-3.7697203 -3.0849617
-1.8036666 -3.390947
-3.8289075 -2.7267241
-0.9113859 -2.0167222
-3.013308 -3.9367006
-3.9297447 -2.5373223
-3.5948994 -2.5269558
-3.6704967 -2.3288107
-1.4950713 -3.2368464
-3.2475548 -1.7458265
-1.9438525 -3.2618642
-3.6051617 -2.4123013
-3.129585 -3.7428575
-4.2118707 -3.3800836
-3.193882 -2.0232418
-4.268315 -2.6541827
-4.0700364 -4.5259433
-4.2098956 -2.460537
-1.9425808 -3.2092364
-2.9399395 -3.4585187
-2.4139845 -3.5373948
-3.1817517 -2.2460687
-4.1799493 -4.126577
-2.0549986 -4.2242737
-1.2205408 -4.694591
-3.1843512 -2.3828723
-2.9716876 -2.5526626
-3.87194 -2.2123919
-3.4465325 -3.4245534
-2.7713892 -2.67005
-2.3187215 -3.4743671
-2.109866 -1.2783734
-2.8604846 -5.2053328
-2.9371426 -2.7226884
-3.5288813 -3.2099369
-3.4489272 -0.8857906
-2.365204 -4.453211
-3.603215 -2.4076724
-1.8226454 -2.133469
-1.7338388 -1.9012281
-4.0780916 -2.6226265
-2.5591488 -2.2219007
-3.8161297 -2.4372923
-2.465295 -5.5061016
-0.96567476 -3.720728
-3.4644976 -3.8389385
-4.157211 -4.53326
-3.334427 -2.587679
-1.849838 -4.7859697
-5.379131 -4.076058
-3.4395995 -1.6024295
-3.9016714 -2.8450985
-3.4130456 -2.0868971
-0.81887007 -3.7897851
-3.745447 -2.0921214
-2.6295512 -2.8360586
-2.329269 -3.3990061
-2.5350263 -2.435538
-1.6310021 -2.2846093
-3.7942667 -3.0342376
-2.6776197 -2.024936
-3.7518098 -1.229524
-2.329694 -3.0755842
-4.2507114 -3.6791208
-3.7740128 -2.8918183
-3.2594943 -2.75978
-2.697802 -1.4493229
-2.9016325 -3.3971262
-3.372803 -4.1063466
-2.7168179 -1.2225095
-0.6058917 -4.4182053
-0.93271303 -4.0188236
-2.83681 -2.6046107
-0.7712927 -2.752235
-3.7030554 -3.7333603
-2.761531 -4.048182
-2.271627 -3.6804729
-2.7283053 -3.3790343
-3.260602 -4.9951887
-3.5138412 -2.9352963
-2.8272576 -3.8421872
-2.1805534 -3.71658
-2.1838152 -4.0719495
-2.7133343 -2.7076719
-2.8842359 -3.0794725
-1.163837 -3.8119643
-2.8498735 -3.9153974
-1.6779102 -4.2338758
-3.5140703 -2.4235494
-2.0160816 -3.2981334
-2.0842347 -3.9486747
-1.9242244 -4.453368
-3.8711138 -4.375472
-3.2225683 -1.935052
-2.5380673 -4.239465
-2.1920319 -2.4714177
-2.2097614 -3.709513
-3.4910932 -2.121964
-2.7668607 -4.174814
-4.6163383 -2.822025
-2.7859278 -2.3891842
-1.3268626 -2.8130882
-1.8077052 -3.8563802
-3.0250287 -2.8141701
-2.1587164 -3.164118
-3.7375386 -2.3016896
-3.6822267 -1.6370622
-3.417088 -2.2843304
-1.7462018 -2.9482539
-2.9578493 -1.9597609
-2.1262462 -3.9082937
-2.3927932 -3.1297228
-3.0761755 -2.4842908
-1.9315364 -2.796501
-2.3881617 -3.5932796
-3.7677026 -2.7321525
-2.2652605 -3.6780298
-2.9969351 -2.1680374
-2.5193706 -3.276052
-3.1075935 -3.1073947
-2.7217946 -2.0981226
-2.9990385 -5.548701
-3.525086 -1.5999161
-3.0607765 -2.5656838
-1.8828316 -3.7431996
-2.980996 -2.9877632
-0.47237265 -2.9456377
-4.041376 -2.4433372
-3.2887573 -1.8093164
-1.9802377 -3.4416087
-3.5702815 -3.7969997
-4.1802816 -2.548712
-0.06513812 -3.350143
-3.4476676 -4.461598
-2.0413847 -3.905187
-2.4678965 -3.2121918
-3.65263 -2.689463
-2.1274092 -4.5459223
-1.2347038 -3.2019339
-1.9405813 -3.2869794
-2.5527265 -5.146929
-3.4196084 -4.453256
-2.6485436 -5.150354
-2.559382 -3.5524242
-3.4162621 -4.346411
-3.7553174 -2.289086
-3.2413962 -3.0792277
-2.5677469 -3.308978
-3.207451 -4.952147
-2.4155102 -2.9233835
-3.7290618 -3.7620895
-2.98632 -2.6382713
-2.7390604 -3.174554
-2.5780158 -1.8033823
-2.6692126 -3.218744
-3.6639385 -2.8489423
-3.7143211 -2.936997
-3.5747974 -3.3278115
-4.243768 -2.5147402
-2.5414124 -3.2276304
-4.038205 -3.177358
-3.1148965 -1.9110417
-2.6861398 -2.8790119
-4.4393134 -2.2616253
-2.1162875 -3.3461046
-1.7341971 -3.0144734
-4.3284526 -2.5090206
-4.265162 -2.530033
-2.4184878 -3.5925925
-1.63554 -3.0806825
-2.9431024 -2.583334
-4.0241423 -2.7719967
-3.7802255 -3.5127647
-3.8569267 -3.158532
-1.6909232 -3.533824
-1.4703133 -3.5457823
-2.2412994 -4.2775216
-1.2167238 -2.0822012
-2.929598 -2.6343172
-3.9922845 -2.17124
-2.8330257 -3.514442
-3.3043523 -5.0820217
-3.1022663 -2.8785608
-1.53407 -3.9866323
-3.976289 -3.1098452
-4.0687222 -2.346793
-3.9046695 -2.1674826
-2.856488 -2.0033016
-2.8941321 -3.051666
-2.966955 -3.0663807
-3.2500522 -2.6945605
-2.6943092 -4.2295446
-3.7168953 -2.9714813
-3.0020013 -2.154634
-3.8249156 -2.235372
-4.110386 -2.3830385
-3.7490468 -2.1543705
-1.6938149 -3.9442165
-3.0762174 -4.9093156
-1.7539139 -3.6928961
-3.331446 -1.7685001
-1.5923197 -3.293097
-3.670008 -2.9618657
-4.1818395 -2.1829174
-3.3680656 -2.267739
-2.1412883 -2.5668626
-3.2161872 -3.4540155
-1.8536569 -4.523546
-3.4979663 -1.6750636
-3.6131587 -1.2827337
-3.981652 -2.6615844
-2.9355152 -3.7602153
-3.204228 -1.7806038
-3.02513 -3.1918485
-3.4575028 -3.2304614
-2.6404572 -2.0605636
-3.0649662 -2.7088044
-2.6542451 -4.239228
-3.5464516 -3.220065
-3.0585356 -3.9617922
-3.2153182 -4.04312
-3.5136511 -3.4811482
-3.8408923 -3.6300113
-3.5303526 -3.467738
-2.6438231 -3.8568153
-3.0357342 -3.187107
-2.6216397 -2.2132583
-2.6546628 -3.6104178
-2.7147837 -2.358542
-4.650513 -1.8815516
-3.1884112 -3.1222074
-2.6633453 -2.4496427
-2.0272257 -3.2512786
-2.296445 -3.9039617
-3.143739 -3.6562374
-1.1916436 -2.9899657
-3.0698965 -1.7847809
-2.4910464 -4.68201
-4.30004 -2.489842
-1.224629 -3.3111312
-2.7111356 -2.6640046
-3.6567106 -1.6829269
-0.14981307 -3.1031926
-2.9804764 -1.8896687
-3.8437874 -1.9010223
-5.3243985 -2.6707835
-3.366495 -1.1863458
-1.2832989 -3.1381016
-3.914563 -1.8969421
-3.6807108 -2.564549
-2.6676922 -2.1631851
-3.535752 -2.9979005
-3.4940782 -3.386264
-2.4009442 -3.82772
-2.9265213 -1.7729462
-3.72137 -2.347347
-2.3247237 -4.488565
-4.208008 -3.1718779
-2.0906317 -4.1773405
-1.8119211 -2.3094275
-4.119005 -1.4537094
-3.2898073 -1.2430865
-3.0220973 -2.7183297
-3.7784162 -2.126539
-2.6103702 -3.8856528
-2.975265 -3.1724179
-2.8020387 -3.0190828
-2.0140932 -2.4079082
-3.2059078 -2.6418276
-2.2224507 -5.941639
-3.1516435 -2.7228024
-3.3052022 -3.8854191
-2.6014128 -4.5358696
-4.208479 -2.858593
-2.5170176 -1.7907034
-3.4722683 -3.695327
-4.098932 -2.3998144
-4.0115943 -2.1464803
-3.8671083 -2.6775463
-3.2380726 -3.7844582
-3.5524836 -2.6189213
-5.95074 -3.7970176
-1.8779503 -3.0035207
-4.3191385 -4.1430173
-3.7854521 -2.0285814
-4.0464563 -3.4624367
-2.9588575 -3.0506394
-2.9521 -4.853994
-3.3600845 -2.9432223
-3.010842 -1.9728369
-2.104206 -2.5589428
-2.569491 -3.1024995
-2.3906534 -1.8887706
-2.9175837 -3.741076
-2.8451347 -3.1911843
-2.8260462 -3.5626097
-3.87419 -3.0948942
-2.6041038 -4.3880086
-4.13222 -3.3357093
-4.278977 -2.615669
-2.7704358 -2.8142464
-2.4859436 -3.939392
-4.73133 -1.9777759
-2.1920786 -1.9970219
-1.139025 -3.0107336
-2.7631042 -3.2687738
-0.96609503 -3.6949348
-3.1440644 -4.138718
-3.4281633 -2.207217
-3.523942 -4.19801
-3.0974605 -2.993633
-4.315104 -1.5235299
-4.0723953 -2.727618
-2.3539455 -3.2712815
-2.7240098 -3.8189166
-3.2733915 -4.068418
-3.815244 -2.2373142
-4.1789536 -2.03542
-1.9727092 -3.465716
-3.0242105 -3.2705925
-1.7963084 -2.663634
-2.8227062 -2.6537733
-3.748861 -1.9570869
-3.0390399 -2.9134138
-2.8305678 -2.8418884
-2.937262 -2.4713254
-3.0811079 -4.4750514
-2.4550037 -2.365793
-3.3905592 -3.6116452
-4.186895 -3.0150332
-2.38294 -3.8010404
-1.8563824 -4.113204
-3.3281648 -2.5190527
-3.3659647 -2.4872751
-3.5229685 -1.7810847
-3.5289836 -2.7439282
-2.9132042 -1.6334354
-3.6094964 -1.8865429
-3.5118902 -2.3938296
-2.8934107 -2.55632
-2.540613 -2.5697489
-3.4828224 -3.3137865
-4.3269386 -2.7890527
-3.1589165 -3.9055977
-3.533253 -2.0566893
-4.1602798 -1.9548014
-2.9660852 -3.9023647
-2.4739318 -3.39403
-2.8590078 -3.8700612
-2.1503184 -3.1691034
-2.7565067 -4.3089447
-3.7861662 -2.9177964
-3.4921117 -4.261936
-2.7365842 -2.8998132
-3.3741384 -2.3830116
-2.049136 -3.6535707
-3.1228526 -2.9887352
-1.9225355 -4.25166
-2.6260695 -4.003847
-2.669724 -2.5243332
-3.3040378 -3.5306885
-1.7399709 -4.460689
-1.512793 -3.3715866
-1.5459871 -3.3222358
-2.5470572 -3.8140354
-2.8770235 -2.3508482
-3.7257462 -3.4533489
-3.1645963 -4.0217266
-2.024242 -3.1779697
-3.3554072 -2.012982
-4.7358165 -3.0449076
-3.1885123 -3.1322908
-3.950287 -2.2196994
-3.2716959 -3.3912458
-3.1441233 -2.7584434
-5.593743 -2.8744378
-2.4601922 -2.1993492
-3.289647 -1.4955236
-2.7939932 -3.2034688
-4.4473476 -1.6283784
-3.8106434 -3.004975
-3.3025348 -3.4502602
-3.2551165 -3.0759184
-3.5285826 -3.5448508
-3.1027381 -2.3389955
-2.0384285 -3.5925508
-2.169935 -2.041596
-1.4910492 -4.225079
-3.2352645 -2.5726035
-2.4931936 -4.170444
-2.4029474 -2.8115363
-3.2209659 -1.8014529
-2.5561728 -4.2762213
-3.76138 -1.9664129
-3.18253 -3.187018
-3.7021182 -2.198215
-1.1989392 -3.0969665
-3.0807285 -2.735558
-1.7149268 -2.006734
-2.324244 -3.938668
-3.1315703 -3.3180337
-3.8928385 -2.0683877
-4.0251327 -1.8633604
-1.8539152 -2.333957
-3.0475836 -2.000722
-3.5175798 -2.5801504
-2.5499964 -3.0021138
-3.0423005 -2.629518
-1.0812436 -3.828965
-2.2814918 -3.2715247
-2.3581197 -4.3030744
-3.1800823 -2.905223
-1.8748859 -2.520342
-3.4289339 -2.8482058
-2.935514 -2.7459636
-2.847079 -1.8280411
-3.9078739 -2.7636437
-2.0224388 -4.0579896
-2.5655205 -1.9301594
-3.2819235 -2.2542682
-2.1178417 -3.0677333
-3.6219504 -2.8785267
-2.9867036 -3.1944401
-4.0490084 -2.322746
-2.514365 -2.0313146
-2.2122371 -1.436205
-4.3357854 -4.847276
-2.8239238 -3.427247
-3.2154806 -2.3877904
-2.5159886 -3.4455295
-2.8845685 -3.3273475
-1.4765841 -3.4659593
-1.9834011 -3.214966
-2.1122897 -3.9407127
-3.630824 -3.1029181
-2.162889 -1.7803538
-1.2134668 -3.4988744
-3.204026 -1.8849292
-2.5868459 -1.2008295
-2.625728 -3.870763
-3.5727623 -2.6688485
-2.8961792 -1.6489664
-2.759644 -2.340193
-4.1020446 -1.9526446
-2.1479251 -3.118521
-2.5929484 -3.2721176
-2.415107 -3.3498979
-4.4277883 -1.1319802
-2.5334206 -2.368401
-1.8703458 -3.224558
-3.2949235 -1.4792349
-3.4367993 -3.5602102
-2.6781948 -1.7380174
-2.3754487 -3.2893708
-3.1527708 -4.3627276
-3.127861 -3.2985244
-3.1243303 -3.993919
-4.049769 -2.583621
-3.1597738 -2.5576768
-4.5081477 -3.3221357
-3.4016504 -3.383604
-1.3996884 -1.7310294
-1.6573712 -2.9347396
-3.5321708 -2.8555
-2.0557911 -3.9532988
-1.6796001 -1.8845396
-2.768643 -2.0387177
-3.0024502 -2.6014292
-1.9980844 -3.9843068
-3.8187385 -2.1033213
-2.574831 -4.83244
-2.8385122 -2.9238825
-3.5716596 -2.3741536
-3.0209277 -3.141749
-3.0328355 -4.043794
-4.196396 -2.4890416
-1.9654363 -3.088657
-3.2521126 -4.1892076
-3.1129603 -2.8393865
-0.9181017 -3.739924
-2.973302 -3.1144724
-3.655629 -2.518604
-4.4062686 -3.0789049
-4.745622 -2.3414145
-2.7767646 -5.187865
-3.8148642 -2.6909788
-3.4783194 -2.4485986
-2.394431 -1.588205
-4.1509614 -2.440768
-2.04618 -2.778996
-3.456719 -2.5169802
-4.365322 -3.2598376
-2.9922323 -3.011724
-2.9898627 -2.1677828
-3.5562007 -3.0124037
-1.6650727 -4.084769
-2.693143 -4.673252
-2.7709885 -2.707744
-2.764408 -2.0463483
-1.9264133 -4.7368064
-3.6877723 -3.4574456
-2.6305842 -4.6382027
-3.75652 -2.4554071
-2.9693832 -3.6790223
-3.2379403 -2.1351058
-4.078003 -1.8521498
-2.8190942 -3.8131423
-2.9258857 -2.6359494
-3.4049675 -3.3972244
-1.5416301 -2.017645
-1.6007358 -3.2666678
-3.2197387 -4.1622405
-3.9144123 -1.7060791
-1.7172496 -3.6825511
-2.392471 -3.3653796
-2.0543652 -1.890439
-2.1494024 -2.2062898
-2.004873 -3.6430044
-1.8634597 -4.7072253
-3.951144 -2.711147
-1.6529967 -2.5624447
-3.349836 -3.6838894
-1.8425392 -4.2756467
-2.049209 -3.9279306
-4.086935 -2.5369117
-1.8478096 -3.845052
-2.8652132 -2.5036864
-3.0884476 -2.0661643
-3.222693 -4.1184072
-2.8213723 -1.5273087
-2.824248 -2.4575732
-3.950434 -2.2017508
-2.6540072 -5.0089555
-3.170034 -2.5927043
-3.414668 -2.4771545
-2.9433646 -4.06338
-2.5834308 -2.2143104
-4.400203 -2.4684424
-0.82758147 -2.902325
-3.968921 -2.806728
-2.747519 -3.1342912
-0.878455 -3.2557137
-3.2198079 -3.989406
-4.313575 -2.6710918
-2.4194152 -3.3279016
-0.37963328 -3.3107255
-3.8518088 -2.2810194
-5.0036263 -2.7297404
-4.159063 -2.41592
-2.8103757 -3.9532382
-3.057518 -3.0502682
-3.776938 -1.5677811
-2.1183336 -5.278963
-3.7238793 -1.8776429
-3.6056995 -3.1075332
-3.6267574 -1.7361042
-3.7332494 -2.5349455
-2.4388013 -2.2376614
-4.6744075 -3.0371194
-3.2540846 -2.7996
-2.5595968 -0.89654255
-3.704583 -2.613723
-0.99832803 -3.3615227
-2.397682 -4.0477967
-3.254171 -3.6197174
-3.0772116 -3.2879143
-3.0330307 -3.9276676
-2.392568 -3.8908448
-3.9213398 -2.4023204
-2.875612 -2.7440872
-2.4794981 -2.6357613
-3.8391292 -1.9247272
-3.0212252 -2.070915
-2.7771676 -2.8968663
-2.755315 -3.0710537
-0.7505376 -3.4133234
-3.4247274 -3.2760732
-3.541574 -3.4216125
-3.3135548 -1.877174
-2.7806249 -1.9563059
-3.4369135 -2.069583
-3.1931295 -3.9170918
-3.429375 -2.4478514
-3.4840899 -1.2388737
-3.2761838 -2.333822
-3.0718956 -4.2212815
-2.5938904 -2.559954
-3.245376 -4.8731637
-0.6901503 -2.3136983
-4.4975276 -1.6515377
-4.0650663 -2.2572956
-3.5689602 -3.2608395
-1.7811089 -3.9241178
-2.1053016 -3.3345256
-2.388926 -4.4222484
-4.4240623 -3.4735963
-2.7951326 -3.0197244
-3.2640185 -2.161321
-4.3338485 -2.984609
-3.338582 -2.9922192
-2.3987234 -1.8114011
-4.706248 -2.4400718
-2.619439 -2.3888295
-3.0096176 -3.550285
-4.875751 -2.414325
-2.574641 -4.8104143
-3.7174 -2.3713474
-3.8035805 -1.920728
-2.329708 -3.2376509
-1.892444 -2.506647
-0.97133666 -4.301388
-2.1733916 -2.1378474
-4.0253534 -3.6507123
-2.1274414 -1.4276727
-3.465847 -2.5560017
-2.7075565 -3.9632733
-2.3101425 -2.459646
-3.6411705 -2.7181742
-2.7489965 -3.0343046
-2.1059637 -3.6478405
-1.8991474 -3.5109138
-4.8100886 -1.4830312
-3.786432 -1.3718808
-3.8687696 -3.159901
-3.6522179 -3.0687454
-3.0693266 -2.4588833
-4.205264 -3.1296153
-2.8995826 -3.7546659
-2.5482275 -3.8576024
-2.4979072 -1.6338437
-4.041089 -1.7534466
-4.362826 -2.4285867
-2.3719583 -3.4683096
-4.0917797 -2.8486235
-2.863652 -2.7382133
-2.798511 -3.3252423
-2.5500634 -3.7298446
-3.727288 -2.9205244
-3.7047908 -1.3255852
-4.1939936 -1.6638213
-4.1566005 -2.8837624
-3.0019853 -2.7192903
-3.637701 -1.255712
-3.3435004 -2.1393747
-3.9682994 -2.053778
-2.5166078 -3.491232
-2.7054973 -2.618819
-2.5452943 -3.448669
-3.8151877 -2.328914
-2.8630283 -3.279945
-3.2868404 -2.1530843
-3.3297722 -3.0665114
-2.6261272 -2.6280622
-2.065362 -4.006124
-3.2725074 -3.5701463
-4.5428843 -3.0573545
-4.0182548 -2.514836
-4.017726 -1.7105021
-4.3370805 -4.2192025
-2.6277745 -3.8765833
-3.1078591 -3.7137275
-3.4252856 -1.0186365
-1.9959291 -2.2691116
-3.7141194 -2.4659762
-3.6424139 -2.905373
-2.9464953 -2.9025931
-1.6060324 -2.9113998
-1.5420576 -4.7314897
-1.4597571 -3.465526
-3.7316077 -2.9981039
-3.9617176 -1.4686579
-4.1161404 -3.1948059
-2.6240962 -3.866967
-2.5761113 -3.0893168
-3.8722653 -3.1784556
-2.8866115 -2.4878647
-4.2925086 -2.097957
-3.2279737 -3.5947092
-3.0253341 -3.860456
-3.357563 -4.424924
-2.249513 -2.0030553
-3.8781881 -4.7326837
-1.7314433 -3.5309968
-4.1441383 -2.744227
-3.1845903 -2.4310856
-3.8579006 -2.44192
-1.6390359 -3.7045228
-3.2637641 -2.300645
-1.7803197 -2.0616307
-3.039093 -3.92472
-2.6151743 -2.5618591
-2.7054484 -1.5992996
-4.014759 -3.2580905
-3.088495 -2.7410622
-3.4465914 -2.1372547
-2.5170352 -4.0259724
-2.9321842 -3.2367172
-5.2985992 -5.008975
-3.1777937 -3.2233462
-3.7253404 -2.5224247
-2.5102417 -4.201382
-2.5696762 -4.76044
-1.0176275 -4.160267
-3.4824066 -3.7973628
-3.2790854 -2.3362038
-2.1446385 -4.1218567
-3.9037058 -4.1221128
-3.45128 -2.3255727
-3.7697787 -2.4571283
-3.9773066 -2.3465471
-3.216162 -2.6903255
-2.541498 -5.0898647
-4.5924673 -2.3876157
-2.518524 -4.628018
-3.6535912 -2.872161
-3.6944764 -2.0320103
-2.8877547 -3.0533135
-4.657268 -2.4579206
-2.5266309 -2.7158139
-2.916128 -3.1291656
-3.5308855 -3.343086
-2.1232383 -3.0199316
-2.7220104 -3.6519322
-4.586038 -3.6709008
-3.0627928 -3.5770636
-2.2214699 -3.1184547
-1.6892276 -1.6498592
-3.7251332 -3.2819111
-1.3147798 -2.40837
-1.801988 -3.209513
-3.0699363 -3.2335925
-2.4490077 -1.8055338
-2.972536 -3.7556722
-4.11892 -2.0228822
-3.7462132 -3.6600966
-1.1803012 -4.270759
-3.12607 -2.893704
-3.2423983 -2.9187179
-3.7737825 -1.6018604
-3.536305 -1.0993087
-3.4171853 -1.228999
-3.118684 -2.9102588
-2.8072214 -2.792387
-2.2472434 -1.356124
-2.3810966 -3.093297
-2.4876301 -2.9656358
-2.245394 -3.6538143
-2.3123376 -4.173621
-3.0454998 -2.732343
-3.4872372 -2.4826336
-3.1871722 -2.8381062
-3.3800237 -3.9949958
-3.1562068 -3.8193362
-2.8796635 -2.6989987
-3.5516856 -3.6847813
-3.0694933 -1.4660358
-2.812854 -2.8100626
-4.142912 -3.0278096
-2.6039612 -2.8181698
-1.1236916 -4.2723756
-3.209228 -3.807616
-2.9331203 -3.4429474
-2.9100926 -3.4223742
-2.8468115 -3.4639523
-2.4962673 -2.256977
-2.6651165 -4.039436
-2.9485362 -2.5826776
-2.9772515 -1.5672683
-2.1225712 -3.9191356
-2.9595637 -3.5819366
-3.8272998 -2.350098
-3.071741 -2.497572
-4.0084677 -3.7044954
-2.4380221 -2.228205
-3.812678 -2.4984956
-1.0705959 -3.979733
-3.4513624 -1.3237084
-3.2656555 -2.4475255
-2.9417434 -2.7983396
-2.6123223 -4.5369563
-3.3406641 -3.7217398
-3.1315794 -1.8595555
-3.274334 -3.219874
-2.8682196 -3.0754228
-2.8253846 -2.622415
-4.0476804 -2.7857826
-1.0049313 -4.5912447
-3.816762 -2.2747793
-3.208986 -2.9816008
-2.906936 -3.357893
-3.4807608 -2.8153293
-2.9196925 -4.7489715
-3.8486977 -3.2462482
-2.1001103 -4.6572604
-2.581055 -3.8115833
-3.3750167 -2.7849312
-3.657868 -1.794485
-3.7002256 -3.2414448
-3.371864 -1.7603432
-4.202699 -3.0012698
-4.169 -3.410569
-2.6288803 -3.3896375
-2.7152064 -4.3509955
-3.2403247 -3.4668007
-2.405382 -1.5031036
-4.665934 -2.632239
-3.563738 -3.8306906
-4.02459 -3.5072107
-2.9353888 -2.378186
-3.0453684 -1.2308798
-4.372788 -2.2176208
-3.7687576 -2.2134893
-5.616657 -3.8662329
-2.9037514 -1.5195628
-2.1266177 -3.363318
-2.4376497 -2.5700407
-2.4248853 -3.2982047
-2.5604281 -4.604334
-2.0708218 -3.325636
-2.1188724 -2.6538944
-2.8419285 -3.2334907
-2.3111522 -4.7674046
-1.9861804 -2.663848
-3.133517 -3.4934413
-3.3103325 -4.148893
-3.247919 -1.8830518
-2.932486 -3.5615423
-2.1950192 -3.9933462
-4.0975785 -2.8289397
-1.4041903 -3.5582407
-2.2809355 -2.112141
-4.131679 -2.0396907
-2.3972228 -3.700251
-3.5003126 -3.0749419
-2.4990005 -2.2969656
-2.283585 -3.3325636
-2.4291282 -2.2450604
-3.4698532 -3.0846782
-3.3543081 -2.7409194
-4.188667 -3.5481725
-2.4165268 -3.3650057
-2.5049136 -3.6834414
-3.5344236 -1.7707968
-3.8096542 -3.2923715
-3.3940651 -2.9173124
-2.7141256 -2.5679045
-3.719448 -3.176198
-3.186177 -2.8481421
-3.938444 -2.4136853
-1.8478779 -2.0508897
-3.3031492 -3.783071
-2.8124304 -3.4871974
-1.3144155 -1.4960443
-3.1555557 -2.774162
-3.7918446 -2.4903295
-2.0078132 -2.6889741
-3.4915679 -2.3489945
-3.9079313 -2.1178906
-2.9898028 -3.5769236
-1.9661902 -2.8903644
-3.7115636 -2.253353
-3.0528355 -4.1271706
-2.215045 -2.663358
-3.1877995 -3.175424
-3.6120868 -1.9338309
-3.170165 -2.7112803
-2.2409058 -4.5564094
-3.7389925 -1.7602623
-2.6910884 -3.6414013
-2.6551301 -4.189717
-2.6556826 -2.445605
-2.742506 -4.4043202
-2.794051 -1.9168388
-3.3910174 -1.3826339
-4.350571 -3.3289688
-3.9640214 -3.14931
-2.214817 -2.7493796
-3.1861808 -2.6521103
-3.348448 -2.703016
-3.4758017 -1.8146454
-2.0056214 -4.075374
-2.4209056 -3.9494977
-1.677399 -2.892911
-3.3767292 -4.7930474
-3.2412062 -3.38414
-3.0954978 -1.9014434
-3.4350088 -2.6770647
-3.6994505 -2.446807
-2.490642 -1.8213968
-4.023776 -2.9102743
-1.5051363 -3.599712
-2.6449075 -1.4932952
-2.8226688 -4.2762365
-2.6310291 -3.7933836
-3.7118783 -1.6753178
-2.4916928 -2.9654756
-2.5433636 -4.408171
-2.0606885 -4.2753577
-2.8880813 -4.313142
-4.0513897 -3.3888729
-2.6142004 -2.711315
-3.2810986 -3.2396228
-3.123734 -2.762378
-1.8879142 -4.2417126
-1.8521409 -2.546229
-2.1550856 -2.7284122
-3.532662 -5.2247977
-0.7445376 -2.7070231
-2.858182 -3.2966518
-1.699867 -4.524318
-2.5799582 -4.297304
-4.0558844 -3.786897
-3.4928398 -2.4517837
-3.6957304 -3.4439137
-3.0416446 -3.9410672
-2.8141606 -2.0525117
-3.2748797 -2.1567328
-3.3808053 -3.662713
-2.996 -3.2666905
-3.8196964 -2.639098
-2.7344477 -1.9785848
-4.697882 -2.1966214
-1.4340365 -3.0435207
-1.7399657 -1.9509059
-3.4236088 -4.3494205
-3.430763 -1.2592705
-2.5134497 -2.727769
-3.931893 -2.2867684
-2.12315 -3.9169993
-3.348134 -1.1378378
-2.3974273 -3.5425634
-0.6495329 -0.71480346
-2.035298 -3.6980035
-4.457891 -3.1809347
-4.1112947 -1.6711563
-1.4975222 -3.9558785
-3.077258 -2.6005268
-2.8800135 -1.5017104
-2.6652684 -4.190913
-2.7050703 -2.722287
-2.51821 -5.175861
-3.6256895 -2.9418304
-3.6395922 -2.46926
-3.5916097 -1.9035028
-2.9752939 -2.913354
-3.8483932 -3.0872998
-4.571501 -2.8063345
-3.3292954 -2.749779
-2.3774893 -3.9418693
-3.4747744 -3.623597
-6.2421436 -3.3694456
-1.7090124 -3.3506727
-3.5820956 -1.7338834
-4.269365 -2.0462086
-3.297693 -3.061871
-3.3875332 -2.194567
-3.3331673 -3.0393941
-2.6165302 -1.4756784
-2.8401492 -3.5492494
-2.793492 -3.081286
-3.1827233 -1.0478885
-2.5653894 -2.820003
-2.649206 -2.238426
-2.3343856 -1.2914841
-3.580382 -2.1199517
-1.9484363 -1.8741974
-3.65677 -2.17306
-3.512235 -2.4613054
-4.420077 -2.8268735
-1.9023362 -1.3970449
-3.5560505 -3.0590577
-4.383747 -3.0967815
-5.1275153 -4.2416472
-3.208093 -1.5197113
-3.378084 -2.2620158
-1.4428556 -3.6830108
-3.8633718 -3.3504899
-3.2730412 -2.8567514
-3.5608203 -3.4226058
-2.591059 -4.6245685
-2.9839263 -5.1822114
-3.446097 -2.3940158
-3.3747318 -2.443348
-4.172718 -2.660807
-2.7599554 -3.9571917
-3.2219572 -1.0189409
-3.3897374 -2.0166686
-2.4805691 -3.8019838
-2.2945266 -2.8408463
-2.2967925 -3.1690855
-3.047813 -2.7946756
-0.54173 -2.5908015
-2.8279717 -3.3399668
-4.3287497 -1.7692649
-3.82574 -2.9057229
-5.4195776 -3.9162133
-3.4210072 -2.5261374
-3.1740177 -3.3608232
-1.4410307 -2.9605684
-1.7043856 -4.1787014
