-3.0468643 -2.2943146
-0.39251167 -2.6044168
-2.4089336 -1.9040818
-2.059314 -1.7957067
-1.7964245 -2.3903208
-2.3370385 -2.2865689
-2.21916 -3.021498
-1.7856048 -2.4674911
-2.4581132 -2.6395378
-1.0941052 -3.5038948
-0.43954143 -2.3390944
-2.8281784 -1.9709179
-1.800508 -3.0745642
-1.4825541 -2.9829621
-3.457346 -2.247337
-3.2749207 -2.2282898
-1.9459378 -2.5417037
-1.0885471 -3.7005172
-2.9827633 -2.25704
-1.0075568 -2.6697338
-2.022667 -3.2814677
-2.8536673 -2.5777144
-1.8001344 -2.847495
-1.0027273 -3.7094245
-3.2846944 -2.5108345
-1.8352134 -2.7714198
-3.1546865 -2.0508099
-1.7743497 -1.710237
-3.607958 -2.1995687
-3.2159946 -2.8428116
-3.2039056 -2.7464635
-2.0478902 -2.6776237
-0.7642467 -4.101667
-3.114678 -1.7918742
-2.5110145 -1.5372016
-1.8416324 -1.8449244
-1.7232308 -4.553523
-4.3098297 -2.430682
-3.9484758 -3.2805276
-4.2173886 -2.3928428
-3.1619608 -1.8066528
-1.7724644 -2.3283303
-1.496238 -1.6071175
-3.858049 -2.618028
-3.1663587 -1.5470864
-3.389584 -2.5600517
-3.8979561 -1.9436675
-3.5067356 -2.780032
-3.6763558 -2.0112412
-2.4834137 -2.4017265
-2.3247998 -2.517289
-3.1279128 -2.8844807
-1.6099285 -3.7619677
-1.2399334 -2.7288117
-2.7877877 -2.1459925
-1.7976704 -4.1197248
-1.0820137 -2.438882
-3.6039555 -2.3714678
-3.1244175 -2.3332129
-2.69616 -2.0188627
-3.5457537 -2.3944962
-3.867578 -2.4974425
-2.5224042 -2.8668447
-4.3527265 -2.3476086
-1.66042 -2.1309056
-2.7257357 -1.9507431
-1.4338268 -3.744844
-2.7381508 -1.9553633
-1.8393022 -1.8196893
-0.73728883 -4.6853213
-2.3971918 -1.9900882
-2.0222046 -4.293345
-2.0878718 -3.1280034
-3.9778202 -2.4839973
-3.0827246 -2.6928806
-2.9793742 -2.286291
-1.5649652 -2.4805124
-3.2982621 -3.7317936
-1.1046772 -1.8236178
-2.7016954 -2.1985822
-1.2319134 -1.9813542
-3.476222 -2.2599125
-0.8228191 -3.4375288
-3.3933673 -2.607336
-2.8837311 -2.0917354
-2.4856558 -2.1708784
-2.533663 -2.1753058
-3.8464444 -1.4950463
-3.869925 -2.8089938
-1.569396 -3.3110213
-2.4620783 -2.7363722
-1.2400028 -2.8909082
-1.5320851 -2.7676258
-1.888782 -2.3199599
-2.890422 -2.8928118
-4.2440085 -3.1705725
-2.0792017 -3.676681
-4.1556234 -2.772431
-1.3228817 -2.1166687
-3.1943371 -2.3076584
-2.5751364 -3.0264416
-3.4962285 -2.171174
-3.8205817 -1.6121694
-2.78445 -2.2974904
-3.391731 -1.693164
-4.070078 -3.900729
-3.085747 -2.2164912
-1.2597567 -2.8268867
-1.0058733 -1.8816137
-2.461444 -1.6317034
-3.1575196 -2.982605
-2.380967 -2.5735283
-1.6305219 -2.6984887
-3.5937037 -2.0706587
-3.4816258 -2.3104775
-1.988998 -2.72517
-3.2741027 -2.6763015
-3.5048308 -2.7125244
-1.7284831 -2.9764886
-2.2339165 -3.3770626
-2.7141964 -2.223255
-0.77072823 -2.6941307
-3.3427284 -2.3316734
-1.5921525 -2.1943855
-0.32720914 -2.687711
-2.297154 -2.178391
-1.3334397 -1.629333
-4.2403526 -2.617206
-1.870238 -3.011356
-1.4636755 -2.0532753
-1.914021 -1.6565915
-1.5875032 -3.5375233
-3.2125795 -1.7241235
-1.6885679 -3.090442
-3.1641495 -2.0892804
-1.6089206 -2.6813548
-2.5460103 -3.3197865
-3.811712 -2.4812412
-2.2088888 -2.6035588
-1.7759222 -2.6388144
-1.5607442 -2.567038
-2.9479368 -2.4640024
-3.0291011 -2.610602
-2.4362583 -1.3218515
-1.1915361 -1.7747004
-1.6985949 -3.1911132
-3.5159545 -3.943622
-2.1752064 -2.8488128
-1.6423675 -3.1168196
-1.9449687 -2.6062183
-2.8278782 -1.5439593
-1.7954261 -2.888184
-3.2152572 -2.0060961
-1.962166 -1.8744
-1.7489579 -2.5810928
-2.1623204 -3.1145575
-1.5467708 -2.2514224
-3.2588313 -1.3417116
-4.013293 -1.4654294
-2.2322533 -2.1370912
-1.0257834 -4.1765656
-3.6727595 -2.2958267
-1.8692499 -2.5021415
-3.1475883 -2.991015
-3.6038487 -2.7234406
-0.3053041 -2.9370472
-3.3233829 -2.3467438
-4.3647733 -2.3896601
-0.8466941 -1.5633398
0.16511181 -3.1665092
-2.5615494 -2.19636
-2.5309927 -2.728883
-1.8164141 -1.8590127
-2.469354 -2.5524545
-3.272616 -1.9888563
-3.725573 -2.1183116
-1.9194959 -2.8597724
-3.2533896 -1.5072082
-1.9843105 -2.9414907
-2.47435 -1.8386958
-2.374199 -2.3348892
-2.6126788 -2.3491542
-3.5479558 -2.6353757
-0.9498445 -1.8888451
-1.1123674 -2.7709248
-4.189675 -1.8934478
-2.4667716 -1.7128379
-3.79749 -3.148146
-3.0486898 -2.7602181
-1.6890199 -2.8578966
-2.280729 -3.6969976
-3.2352939 -2.711272
-4.0519943 -3.1234066
-3.1992135 -2.2878087
-2.8046174 -2.4479291
-3.3161178 -1.9664795
-4.5802784 -2.3469014
-3.3535876 -2.2036848
-1.050322 -3.5084207
-3.544156 -2.3513076
-2.6452727 -1.9196756
-1.3929416 -2.193764
-1.9891803 -1.917254
-2.616303 -3.0618837
-2.068231 -3.0287857
-1.1270567 -3.269179
-3.0664446 -1.4055529
-1.2454468 -3.1705933
-2.201295 -3.661321
-0.5146251 -2.9723012
-1.4825774 -3.0416083
-3.2101283 -2.9634693
-1.7782556 -3.939145
-2.7432077 -3.77266
-2.8579261 -3.8380277
-4.448205 -2.7048664
-0.65009403 -1.9932839
-3.7610848 -1.9651842
-2.1762226 -3.0894861
-3.435248 -2.5123467
-4.502416 -1.8600338
-1.2958746 -4.2087393
-1.2342609 -2.845125
-1.9868302 -2.8050888
-3.1829453 -2.3806345
-1.0652856 -1.8703982
-4.208391 -1.9344369
-1.5977365 -2.5508456
-1.1628691 -2.878566
-2.1133964 -2.2287931
-2.9250371 -1.6219505
-3.0894082 -2.4964635
-2.0830803 -2.07703
-3.3215272 -1.7217773
-2.1943977 -3.712647
-1.308899 -2.9830039
-2.0960267 -3.1944578
-1.3504548 -2.2988887
-1.60434 -3.3674853
-3.3327346 -1.0383418
-3.5646815 -2.151709
-3.8279119 -3.6238909
-3.3189752 -2.5907605
-2.3786416 -2.8423
-1.9750967 -4.536777
-3.964147 -2.4288025
-2.5280063 -3.6748037
-2.0325584 -2.2515833
-1.6262045 -1.9124207
-3.473754 -3.331976
-3.6612296 -2.8498023
-4.540976 -1.4138949
-3.677611 -1.9192075
-3.6329174 -2.7220156
-3.1650004 -2.3847642
-2.5354383 -2.9441788
-3.6117837 -1.7202408
-2.4164872 -2.1193464
-3.8881845 -2.4352248
-1.7195799 -4.683709
-3.9854848 -2.2867966
-2.955547 -2.765576
-1.8565673 -1.6931145
-1.6649839 -2.7066572
-3.0385394 -2.3130875
-3.4984915 -2.5608118
-2.054476 -3.2554448
-1.6830959 -2.16944
-1.0374416 -3.6937928
-3.4111764 -2.5380206
-3.2252443 -2.0696201
-2.2324543 -3.5040052
-1.827514 -1.909335
-2.817823 -3.5679574
-2.8510323 -3.3606832
-3.1945424 -2.3627868
-2.0281615 -2.4053717
-1.3045907 -1.8633653
-3.7566152 -2.743212
-2.4660316 -3.041681
-2.3933032 -2.8291001
-1.324211 -2.0222805
-2.108093 -1.5946083
-1.5950238 -3.9065373
-1.1981368 -0.54313004
-1.6462462 -3.408278
-3.9959795 -2.4355564
-3.192637 -3.5445986
-4.077241 -1.3958755
-1.542071 -1.5469221
-2.7345707 -2.340815
-2.1922765 -1.9747468
-2.5254686 -2.348187
-3.047543 -3.3116305
-4.0324574 -2.1083033
-3.6275032 -2.0288632
-2.9057546 -2.3727574
-1.834298 -4.5863576
-2.355384 -2.9270408
-1.7339072 -2.2579405
-2.2839043 -3.7492263
-1.9926047 -0.9127909
-1.6482992 -3.710904
-2.2776961 -3.247442
-2.838412 -2.4972382
-1.991722 -2.204015
-2.920036 -2.563882
-1.2382784 -3.259992
-2.2581785 -3.1341908
-2.4987621 -1.6631036
-2.587561 -2.6019304
-1.8092849 -3.0608582
-1.6684221 -1.977841
-1.4691352 -2.6916852
-3.7931712 -3.0662413
-1.6134135 -2.0377486
-2.855599 -2.3660102
-2.994903 -2.469563
-1.7065827 -1.9406699
-3.5677123 -3.182353
-2.4095464 -2.669309
-0.8027489 -3.4437344
-1.3597045 -2.485001
-2.3675005 -2.490382
-2.5830896 -2.405583
-1.2741339 -3.958678
-2.5304234 -1.7283468
-2.6962874 -2.5841975
-3.7577457 -2.603383
-2.3904734 -1.9632007
-2.5549955 -2.6227355
-2.773864 -3.6775959
-2.870872 -2.4361346
-1.2338411 -4.4340196
-3.1432686 -2.6164014
-2.7141888 -1.7087052
-2.4063334 -1.9454591
-3.5092688 -2.7822137
-3.933834 -2.9897091
-3.901989 -2.440469
-1.3095123 -2.910826
-2.5494964 -2.6622188
-3.0320272 -1.7642916
-4.0558925 -2.3204327
-1.6909012 -2.1327922
0.062621444 -2.4215233
-2.063839 -2.6082525
-3.842127 -2.6829534
-3.4214752 -2.056126
-1.8989959 -3.660434
-2.2350304 -4.0852323
-1.3215708 -4.228164
-1.8131745 -2.0780017
-3.5927234 -2.6945212
-1.0111182 -3.3626387
-2.736172 -2.2859187
-1.8206606 -2.5023108
-1.4919059 -1.9106891
-2.769162 -2.5981383
0.20047024 -3.7791612
-1.9426489 -2.788559
-2.837303 -2.2155864
-2.3924165 -2.4741285
-0.4644462 -3.2582684
-3.1083171 -2.6868637
-3.4852774 -2.4723754
-2.3802638 -2.3556712
-2.744612 -3.0018003
-1.2938571 -2.877056
-3.1990988 -2.4534194
-1.9828805 -2.2489269
-2.6068184 -1.5172055
-3.04021 -2.9838028
-3.1922967 -2.5203109
-4.213323 -2.6747139
-3.1445763 -1.7281593
-3.1534784 -2.5999582
-2.3214011 -2.107931
-0.19493754 -2.7558239
-2.7538397 -3.1001542
-0.8693656 -4.0765195
-1.2173982 -4.761932
-1.1245993 -2.9655974
-2.527153 -1.9384675
-3.1814227 -2.859214
-5.127153 -4.7195816
-1.9311179 -2.2593796
-1.5545218 -5.1933203
-1.8872665 -2.5684795
-1.6309328 -2.5587025
-1.8427402 -2.8166199
-1.8845756 -2.3338606
-1.7744515 -2.508129
-4.4333878 -3.0836358
-1.7555689 -2.6436973
-4.3450017 -2.3306727
-1.1499097 -2.958867
-1.661264 -2.3133786
-3.934693 -2.6483872
-4.0526958 -2.516553
-1.606491 -2.211104
-3.7731094 -2.525969
-3.7742236 -2.844151
-2.288802 -3.441278
-3.4618464 -3.3155818
-1.6992909 -1.478548
-3.7516396 -2.6454694
-4.3696675 -2.7041206
-1.5319834 -3.9620852
-3.102127 -1.75984
-2.6307344 -1.6545936
-3.1245208 -2.714903
-2.5116754 -2.3253047
-3.2736464 -2.0923336
-2.9474027 -2.5718832
-3.6843164 -3.1359112
-2.9576228 -1.922516
-4.410004 -3.1469352
-2.898555 -2.1782422
-3.9250638 -2.0396092
-1.4304203 -3.9199855
-3.5193205 -2.7842243
-2.2777457 -2.5616403
-1.7218792 -3.7288444
-2.0246615 -1.4170419
-2.2208152 -2.9335992
-1.6057794 -2.0292218
-0.8738564 -1.5038115
-1.1388437 -2.7293074
-1.2697104 -4.242651
-2.6683786 -4.1358047
-3.5816236 -2.693704
-2.4507234 -2.1326473
-3.3910651 -2.717456
0.2088097 -3.96463
-1.6818515 -2.5231988
-1.5628713 -2.7233377
-0.7516887 -3.2646527
-3.4954393 -1.9772965
-1.7263031 -2.761551
-1.6622952 -3.3699083
-2.97966 -2.5600452
-1.521872 -1.5102866
-2.497128 -2.9202754
-1.4773606 -3.8295388
-3.263721 -2.1962187
-2.9584298 -2.5419445
-0.93917155 -1.7069793
-2.8922648 -1.6785314
-3.2255273 -2.30621
-3.2868934 -3.0703173
-1.3162806 -2.6350093
-2.4625795 -1.6430439
-2.9313307 -2.2486615
-3.5432599 -2.738431
-3.4375682 -2.600481
-3.4130569 -2.4219453
-3.6329691 -3.0982785
-4.0025954 -2.5127833
-1.7727807 -3.6472747
-2.2552552 -2.2245295
-3.76731 -1.5768672
-4.232264 -2.517099
-3.704639 -3.0031917
-3.4769342 -2.2157226
-4.5497437 -3.3425772
-2.3239162 -2.9608898
-1.7065339 -2.5755594
-2.2579343 -2.7030313
-1.0284755 -3.8390782
-3.6358426 -2.5396574
-2.8997767 -2.4478555
-4.796152 -3.0817955
-2.1036534 -2.219997
-0.54257715 -4.185902
-3.8770096 -2.3395317
-0.6044813 -4.6264997
-1.377512 -3.5026577
-4.095804 -2.461805
-0.9865806 -3.3506896
-2.3651323 -3.290447
-2.1088305 -1.9286609
-2.1904387 -1.5373455
-1.0664306 -4.3483853
-3.151395 -2.4426653
-1.6639273 -2.169116
-0.83934677 -3.4809406
-3.3632905 -1.9265203
-3.881506 -2.0895803
-1.2634972 -3.3702464
-1.6588578 -3.8965712
-2.8183846 -2.0696115
-3.720614 -2.4956105
-2.2819932 -2.0171397
-1.9075905 -1.9413522
-1.6484383 -2.266893
-3.8942094 -2.6693935
-3.597705 -1.7674634
-3.508086 -1.8249764
-1.5934979 -3.8263478
-1.0483657 -3.2444448
-3.007048 -3.9053059
-3.0240717 -2.0880473
-3.302243 -1.8924392
-0.5863772 -3.373685
-1.2476043 -3.247724
-1.7300034 -2.846797
-1.7593259 -2.9145687
-1.837501 -3.965676
-1.8529937 -1.5172521
-2.7692523 -1.7395949
-1.9312409 -2.7144258
-3.761477 -2.190061
-3.200747 -2.5540524
-2.1148949 -2.7722132
-1.6494933 -3.1001954
-1.4481393 -3.1703532
-3.5437837 -4.035057
-3.3157232 -2.4614127
-2.791092 -1.7929312
-2.7708738 -1.8546735
-3.7127619 -3.7447555
-3.0819404 -3.732116
-2.2429302 -1.7439419
-1.7645503 -4.0633655
-2.7861996 -1.7648574
-3.6755474 -2.7076256
-2.1249492 -2.1848812
-2.1098042 -3.3771117
-2.606298 -2.2031782
-1.1608452 -4.142672
-2.6907527 -3.3543708
-4.019606 -2.3700855
-3.484853 -2.3865263
-1.81358 -1.7234161
-2.5546856 -2.281941
-3.504754 -1.8475965
-1.5216439 -2.4147198
-2.0456455 -2.7603934
-1.6444197 -1.5378569
-2.7957163 -2.4727798
-0.8083954 -2.2865121
-2.2534852 -3.0111485
-3.3957984 -2.2446625
-3.035127 -2.1531432
-1.0796033 -1.7817696
-4.004941 -2.5054913
-2.758636 -1.9778212
-2.273812 -2.4448917
-1.3277339 -2.6310592
-2.4536548 -2.261813
-3.0379758 -2.473597
-0.614622 -3.8595386
-2.659763 -2.095345
-2.0820537 -1.8046407
-1.7973092 -3.2832186
-1.3600014 -3.427152
-2.3893232 -1.8461089
-3.0669742 -2.025235
-1.5151396 -2.5036304
-1.6155435 -1.6921786
-3.2102053 -2.3229625
-2.6539276 -2.4137344
-2.9662638 -3.2089067
-2.8324955 -2.8221574
-2.3512611 -2.9900513
-2.6012805 -2.9434621
-2.903897 -1.9046373
-1.4633776 -2.8317854
-2.5481231 -2.8200529
-2.843928 -2.6380057
-1.5547862 -1.8779501
-2.9063303 -1.939449
-1.417821 -2.3100202
-2.8855114 -2.522766
-3.0006511 -2.2134778
-2.045647 -2.315462
-2.2255986 -2.7100954
-2.939988 -2.6010563
-2.0909653 -3.5504036
-2.9295812 -2.3988605
-1.3746302 -2.6266923
-3.6352577 -2.4522913
-3.8585148 -3.0029857
-2.637015 -2.752973
-3.667629 -2.5188394
-2.1161487 -2.5861223
-1.7894073 -1.6297033
-2.4394698 -5.2730217
-2.9122484 -2.0263052
-3.2250392 -2.0143514
-1.3532884 -2.7893152
-2.5889375 -3.7464104
-2.7393043 -2.0795958
-2.6497633 -2.1628973
-2.450349 -2.2136056
-1.0126803 -2.859285
-1.7149075 -2.3008423
-2.8800673 -2.7197413
-2.386461 -2.7543485
-1.8258877 -1.8575633
-2.1576753 -3.0385303
-2.8179603 -2.6015077
-0.3765875 -2.2740767
-0.6735699 -1.8816543
-2.642385 -3.3703728
-4.176292 -3.4633908
-0.9432868 -3.4522762
-3.2810037 -1.4938941
-2.8830051 -3.1605408
-2.7010386 -2.1323462
-3.6045907 -2.5016756
-1.632145 -3.7978659
-2.0705645 -2.935679
-4.0767813 -3.1519046
-2.0393257 -3.0647795
-2.8522 -2.1665006
-0.67815137 -3.041654
-1.6112448 -3.58587
-2.1186674 -2.3319476
-2.2598777 -2.2463727
-1.5147952 -2.4467072
-3.0879402 -1.3461735
-2.211189 -3.0295048
-1.2417903 -2.0977914
-2.9850628 -2.6571546
-3.3963504 -1.9766703
-3.2137153 -1.5676255
-3.2936957 -1.9264145
-1.3349307 -3.6473713
-1.4512744 -3.7266233
-2.1544156 -2.7255669
-2.146599 -1.6795671
-2.0135496 -2.7835407
-2.7413716 -2.6780243
-0.47918582 -2.6431117
-3.0895386 -1.6900194
-3.0648851 -2.3328774
-2.0575752 -1.9574491
-2.8506553 -2.898931
-3.1315694 -2.4330688
-3.626239 -2.4286726
-3.1790729 -2.0509222
-3.9272194 -2.4613013
-3.5284111 -2.4402697
-3.902874 -3.3817067
-0.24997003 -4.0608087
-2.5401368 -2.0794313
-1.3568501 -3.2445588
-3.786984 -2.3224788
-2.80511 -1.6675894
-3.6520073 -2.7435439
-3.4882262 -2.0908952
-1.6751896 -2.9468396
-2.181606 -2.6518967
-3.4718397 -3.510985
-3.2083023 -2.3336554
-2.1584153 -2.7274828
-2.4315317 -3.1201625
-1.4915701 -3.2582626
-1.750881 -2.2408743
-2.4019291 -1.8366457
-1.0984263 -3.3422384
-2.8454182 -2.2129025
-3.4367452 -2.933725
-2.2869768 -3.510606
-3.7102623 -2.3924172
-1.8452847 -2.105447
-1.6351646 -2.544171
-3.7872045 -2.5800564
-2.8217938 -3.4094572
-3.8976655 -3.253817
-1.6105639 -2.0999372
-3.4048035 -2.124347
-2.5609288 -2.104155
-1.8783733 -2.252071
-3.8020205 -2.3524356
-1.5214295 -3.040673
-1.0609998 -2.5563323
-1.2189041 -2.0115778
-0.82917786 -3.3415
-2.547543 -2.1468792
-2.841185 -2.5888844
-3.7955933 -2.4588773
-1.5583943 -2.4147828
-2.5795317 -2.503172
-1.8979411 -2.414577
-0.28184193 -1.7063987
-2.635626 -2.3909414
-2.3554292 -1.8946995
-1.3326308 -3.1248114
-2.284477 -1.9303625
-3.8259683 -2.2307074
-4.2718287 -3.2787511
-3.870199 -2.412227
-4.048799 -2.5210116
-4.184987 -3.149854
-3.8465135 -2.1638982
-2.5513418 -2.318317
-1.3610877 -3.253031
-1.540412 -2.6525097
-3.027443 -2.575827
-4.480467 -2.4736104
-2.7445998 -1.6203231
-2.4695013 -2.7529309
-2.3933692 -2.780311
-0.7576215 -3.2158308
-2.29692 -2.929362
-2.5617363 -2.3164368
-1.7432834 -1.3845983
-2.6162019 -2.630932
-3.912417 -2.76411
-2.650475 -3.034657
-3.928619 -2.7715585
-2.54816 -3.2684188
-3.4994888 -2.3093977
-3.2983465 -2.319296
-2.3422072 -1.8268188
-2.705878 -2.5799692
-2.200659 -1.4360948
-1.8659995 -4.037579
-1.6402189 -3.2955196
-3.071092 -2.0932004
-1.2588733 -3.0583863
-1.7159249 -2.2473679
-3.415056 -1.9528289
-2.9776902 -2.1469953
-1.7714844 -3.3978412
-1.9079235 -2.8669395
-3.995961 -2.5533345
-1.8299284 -3.1120245
-2.9769533 -3.6463952
-1.2562567 -3.4918914
-3.654836 -1.9153594
-0.89133227 -2.4399946
-2.1701553 -3.0262778
-1.0965191 -3.209993
-2.2254393 -1.9610456
-4.242979 -3.9580755
-1.3506076 -3.6745842
-3.4212031 -2.3893268
-2.8258395 -2.2294536
-3.314961 -2.0019152
-1.2324506 -5.7952724
-2.5429149 -2.4633195
-4.299635 -2.3808491
-3.5716321 -2.4720106
-4.406175 -2.35921
-1.3960724 -2.701785
-1.4199902 -2.7536504
-2.792738 -2.0765398
-1.6242172 -2.2115562
-2.194537 -1.3129296
-3.4400265 -2.3479004
-3.1883516 -2.7378001
-2.6907787 -2.4714048
-1.535951 -1.5633434
-2.8504453 -2.9109628
-4.573868 -2.4451437
-3.7202568 -1.7323434
-2.707641 -2.9055963
-1.8444557 -4.649244
-3.4077268 -2.0886142
-3.4070704 -1.8912104
-1.1656798 -3.0754
-2.004312 -2.6754882
-2.5484169 -2.7775555
-2.405172 -2.2194257
-3.4051955 -2.249672
-3.4089196 -1.467942
-2.1189404 -2.291746
-3.3904057 -1.559491
-2.2323773 -2.4823475
-1.9692388 -2.1016262
-1.1430854 -3.734069
-1.7860813 -3.502007
-3.2030056 -3.641735
-4.083255 -3.2282214
-2.875658 -2.7329478
-3.2752547 -2.2667763
-2.8637486 -2.0315955
-3.2574785 -2.0526614
-1.6809405 -2.3391562
-2.5771642 -2.4166207
-0.902388 -2.1665404
-1.1569712 -3.4758422
-1.0259641 -3.6845696
-0.9357059 -3.3426523
-3.8686662 -2.6428926
-3.6019855 -2.1143723
-1.3838822 -2.4859874
-3.135504 -2.633443
-3.5538864 -2.933346
-4.8067975 -2.6598568
-3.6637077 -2.780606
-2.3580732 -1.9482918
-3.6157992 -2.602819
-1.9027463 -2.4323714
-3.1445074 -2.710708
-2.0804887 -4.0305324
-2.3763814 -2.6949668
-3.878613 -1.9440572
-3.0741127 -3.2930062
-2.7446406 -2.5027568
-1.0438864 -3.589239
-2.5892255 -2.767723
-4.947405 -2.8271956
-3.9351354 -2.6862154
-2.6038358 -1.5039169
-3.2076216 -1.8325124
-4.4030795 -2.729101
-2.9938197 -2.1500928
-2.1450522 -1.7797619
-2.6744587 -1.7104038
-3.6425242 -2.5859666
-2.3095334 -3.4141428
-2.126123 -1.3657435
-4.0566945 -1.6979301
-2.075911 -1.5912834
-3.4027536 -2.2055845
-3.7573335 -2.760227
-2.7983336 -2.0063202
-2.542498 -1.9710603
-1.2125626 -3.1091225
-1.3576592 -3.3334706
-1.6353878 -3.1375418
-1.6249568 -3.4999914
-1.9491383 -2.5618546
-2.1612656 -4.6079793
-3.1931007 -2.525359
-1.460323 -2.916603
-3.1772485 -1.7240534
-3.2690554 -2.6344407
-4.0364237 -2.5790715
-1.1900753 -3.6053321
-2.45331 -1.9095594
-3.532332 -1.6544014
-1.6628647 -2.6364977
-1.5847495 -2.0819983
-3.8063002 -2.3467512
-1.8535056 -4.522516
-1.9119358 -2.405499
-1.3462664 -1.8096918
-0.51303256 -3.6253936
-2.638882 -3.6681826
-3.9612164 -2.6320245
-3.410845 -2.7599387
-3.391223 -2.9338505
-1.9850389 -3.7442594
-3.380307 -2.8777838
-3.4307764 -3.0614138
-1.5880201 -2.7765093
-0.87374496 -2.9960089
-1.5151284 -2.6220224
-2.688018 -3.2372274
-2.941593 -2.968491
-3.9571662 -2.7692027
-1.9655906 -2.1009283
-1.6193066 -2.6506438
-2.9931967 -3.8163233
-4.0418844 -2.1937997
-3.2247157 -2.4971201
-3.6229827 -2.9783678
-2.4940867 -3.0093565
-1.9710326 -4.0091023
-2.264039 -4.0497847
-2.896476 -2.2883878
-3.2232099 -2.7954195
-1.8271401 -3.0128255
-2.382345 -2.8884487
-2.3412564 -2.97274
-1.8717344 -2.911793
-2.4531248 -2.3334928
-2.2182326 -2.171222
-4.0528255 -2.076891
-2.6818652 -1.88988
-3.1795728 -2.3709378
-2.119683 -1.6961687
-0.009104252 -4.386343
-1.9948812 -2.1495569
-2.1472702 -2.469951
-3.3941414 -2.1769857
-3.685504 -2.9549818
-2.4681184 -2.1429322
-3.7864404 -2.1655557
-2.4228294 -2.6346443
-4.710266 -3.0007832
-3.068377 -2.2955625
-1.0910386 -3.293197
-1.989324 -3.9976892
-1.1005815 -5.3427773
-1.4645367 -3.2042105
-1.8752813 -4.771759
-0.9485568 -3.1397076
-0.066470385 -3.9578397
-2.6318798 -2.3260462
-2.939385 -1.7185359
-1.473541 -2.4610121
-1.904161 -2.3254151
-3.0726655 -1.9230376
-4.0218067 -2.1000798
-2.4671981 -2.197927
-1.3826071 -1.7980922
-0.75451255 -3.0155387
-4.03489 -2.70852
-2.1039965 -2.470115
-2.1083682 -2.6438298
-3.1943111 -2.330463
-2.3601449 -4.01369
-2.5241435 -2.6575599
-2.780929 -2.6810956
-4.22437 -2.8918028
-1.722864 -3.2407665
-3.3825223 -2.5956807
-3.1769943 -3.197027
-3.7012665 -2.1444101
-2.6303897 -1.270244
-2.2001748 -1.6250534
-2.9730332 -3.4142344
-2.807926 -2.2347338
-1.9696887 -1.7495246
-3.1305046 -2.5055282
-2.9851894 -2.5919883
-3.964313 -2.232243
-2.6485932 -2.4212713
-2.346896 -2.2744098
-3.7661862 -2.4043126
-3.9038587 -2.6669123
-2.2503319 -2.7246175
-1.1336306 -3.3682969
-3.7413895 -2.7552972
-2.3894951 -4.0815887
-3.2986014 -3.8751166
-3.298097 -2.8843882
-3.5785673 -2.1727455
-2.4841063 -2.0084038
-0.35704637 -2.3548381
-3.4184856 -1.6753306
-0.59495866 -2.0157933
-3.2353702 -2.4559457
-2.1431527 -3.1143038
-2.9193823 -2.3706312
-3.2457504 -3.1180067
-3.5729568 -2.0029294
-3.28627 -3.4730346
-2.768566 -1.7293466
-2.0366724 -3.7751706
-1.8899496 -2.1816382
-2.3252833 -3.0870688
-3.2688596 -1.9529784
-4.17802 -4.200179
-1.0004131 -2.9423647
-0.7871804 -4.591839
-2.9585483 -2.33807
-1.8694432 -1.3092679
-3.7576246 -2.4002485
-3.597417 -3.040136
-2.265146 -2.4815457
-2.2713587 -3.6013901
-2.2250245 -2.4935827
-0.9285557 -3.4654899
-3.2108152 -2.6941195
-3.282783 -2.337148
-3.347355 -1.2583388
-1.0103893 -2.908424
-3.5327008 -2.4097762
-1.4464467 -2.085067
-2.8821802 -2.958021
-3.1330698 -2.1960623
-2.7420843 -2.452994
-3.2489207 -1.9958092
-1.0735142 -4.8186135
-0.9595319 -3.9997542
-3.1233008 -2.4064753
-1.7868885 -2.4123323
-2.4082887 -2.5581977
-0.5149454 -3.6603515
-3.730413 -2.737043
-2.6105785 -1.7740006
-3.1329417 -2.5421743
-2.4491487 -1.8664962
-1.2322258 -3.3854945
-4.611674 -2.3388968
-2.2796164 -2.2825348
-3.8706243 -4.024726
-2.8549035 -2.8081253
-1.7732615 -2.6342208
-2.7377093 -2.2029588
-3.7249813 -3.1048524
-3.2964845 -1.3708675
-1.159123 -2.0126266
-2.153276 -2.334356
-2.6520073 -2.026455
-3.321428 -2.2263746
-2.1613379 -1.8919266
-2.6144786 -3.3722246
-2.0503414 -3.738092
-2.5368752 -1.9425241
-0.65382427 -4.066667
-0.07194953 -3.9729338
-1.69459 -1.7027515
-0.11667372 -2.7101636
-2.8959115 -2.568664
-2.1722856 -3.049389
-2.0314171 -3.4403598
-2.594398 -3.007289
-1.5549536 -3.244383
-2.7565165 -2.5128965
-1.7529604 -2.8912847
-0.8445066 -2.7555745
-0.58203536 -2.6591864
-1.767187 -2.1272848
-1.5457877 -2.0067115
-0.46093345 -3.8236527
-3.0049217 -3.25544
-0.8679906 -3.7096186
-2.23477 -2.632278
-3.6708543 -3.5093153
-1.1805652 -3.3939471
-1.067413 -2.8756204
-2.1171463 -3.0665536
-3.1266959 -2.13917
-1.7133222 -4.250611
-1.8752899 -2.2161286
-1.3858058 -3.1069975
-4.0585046 -2.5466359
-1.1137038 -2.9384222
-3.72673 -2.8460991
-2.408648 -1.9523867
-1.413909 -3.4144628
-0.71617025 -3.560431
-2.8641982 -3.3910658
-0.3322516 -1.7226645
-4.067549 -2.3930767
-3.4219837 -1.8229047
-3.2464168 -2.720289
-2.045384 -4.34532
-3.2582858 -1.961793
-1.6217369 -3.5935206
-2.5569599 -3.0988169
-3.310587 -2.7992449
-2.5311182 -2.6556554
-2.126121 -3.7668815
-1.3848943 -2.3329277
-1.9007387 -2.6237311
-3.4638247 -2.2539318
-2.230496 -3.4873908
-2.240962 -2.8684468
-1.562082 -2.17319
-1.5878191 -4.003879
-2.5573506 -1.810591
-2.0806775 -1.6386653
-1.1527046 -2.1916046
-1.970655 -3.6923943
-0.94441676 -3.1616292
-3.0599003 -2.2908113
-3.340458 -2.2392428
-1.7394207 -3.150678
-3.0232136 -3.4163823
-4.1780467 -2.6091895
-0.16348638 -3.9457552
-2.3650548 -3.5929224
-0.4577211 -2.847859
-2.011465 -2.7827737
-2.84563 -1.7803134
-0.83349323 -4.3729453
0.14701238 -3.0059488
-1.3743471 -2.9531903
-1.2363659 -3.7762213
-2.4226496 -3.7102008
-1.6981013 -3.710465
-1.140302 -2.810602
-2.1802883 -2.88225
-3.0812826 -2.1273746
-3.8866284 -2.9404943
-2.4536293 -3.1976883
-2.5429978 -4.485819
-2.505575 -2.5713356
-2.403516 -2.7959313
-2.6183028 -1.9372187
-1.7616614 -3.1489067
-2.942702 -1.9308091
-2.4554217 -2.978261
-2.470572 -2.4488528
-2.8692477 -2.2666807
-2.264128 -2.1448834
-4.155682 -2.6564357
-2.3170607 -2.5295389
-3.778058 -3.0178764
-3.251774 -1.8447589
-2.4003596 -2.3121102
-4.1883006 -1.6982517
-1.9207361 -3.3598304
-1.0665766 -3.3032982
-3.0474067 -1.7833346
-4.04734 -3.1704748
-1.8663126 -2.9037626
-0.5648915 -2.221391
-3.0433433 -2.2687929
-3.5011716 -2.2061868
-2.52197 -2.334145
-3.4175792 -1.970458
-1.3867172 -3.36359
-2.171982 -3.0784647
-1.7534959 -3.771441
-1.3676841 -1.9372227
-3.0808654 -1.6147912
-4.2708554 -2.1895268
-2.3693676 -2.6181087
-0.8163253 -4.184387
-1.3133856 -1.0713571
-1.2194234 -3.44016
-3.6690192 -3.2503126
-3.9018612 -2.6015449
-2.5597224 -2.052585
-2.3416216 -1.6222512
-3.3509164 -3.1374402
-2.3237028 -2.294379
-1.9032187 -2.5630262
-2.4322698 -3.1141973
-3.1484685 -1.9408848
-3.1771498 -2.086929
-3.2810698 -2.3776045
-2.8712347 -2.1017663
-2.6973627 -2.3096788
0.025365412 -3.387365
-0.7965585 -3.7193897
-1.2076715 -3.9123945
-3.0499992 -2.0780618
-0.36407974 -3.1118193
-1.9740169 -3.194936
-3.9940898 -2.178468
-2.885118 -2.3639233
-1.2826976 -3.4941044
-2.3512895 -2.3237023
-1.2338991 -3.754606
-3.3024642 -2.1688607
-2.804345 -1.7638377
-2.7700315 -2.226052
-2.4914103 -3.1960208
-2.4912457 -2.0888033
-2.9683347 -3.155797
-3.432661 -2.678679
-2.7896533 -2.2879584
-2.2405791 -1.5723517
-0.84006083 -2.6673524
-2.930243 -3.7760613
-1.934688 -3.134913
-0.42434508 -2.0497565
-2.1663005 -2.9939206
-2.0236175 -3.2613957
-2.7362716 -2.9906836
-2.2487943 -4.027394
-1.4577473 -3.2474327
-1.8921357 -1.8438648
-1.7709686 -2.8730242
-2.2060595 -1.9650943
-4.6666374 -1.8441588
-1.6831378 -3.15661
-2.4336343 -2.242969
-2.6102455 -4.3276725
-2.0993931 -3.6500373
-1.1989249 -2.3939006
-0.65601015 -3.398162
-3.071683 -2.023457
-2.0926316 -4.187454
-3.8465178 -2.4961417
-1.5522671 -3.6374543
-1.8504784 -2.7441826
-3.474294 -2.2091415
-1.6927621 -4.615931
-2.7913296 -1.8100547
-3.7233884 -2.0229754
-3.478667 -1.9126009
-2.6403372 -1.3266478
-2.8932443 -3.5402613
-3.3027258 -1.724734
-4.029987 -3.219203
-2.907049 -2.2192967
-2.4716268 -1.6950336
-1.9597781 -1.4993998
-0.9516666 -2.5917354
-3.5937858 -2.8672035
-2.4228384 -1.669962
-1.6427938 -4.7560806
-3.6793349 -2.867832
-0.8802924 -3.9354506
-2.1345809 -2.6862385
-3.536173 -1.983158
-3.3474452 -2.077713
-2.5481012 -2.3908591
-2.9060287 -2.6844635
-1.930394 -2.5132551
-2.8384895 -2.8474991
-2.5734205 -2.251237
-2.1151984 -2.0483973
-2.1779885 -2.1780121
-1.1740817 -4.743513
-2.3223343 -2.6395478
-2.690325 -2.8965056
-2.1395328 -3.771432
-3.191034 -2.3534868
-1.5371205 -1.7423271
-2.990733 -3.4772813
-2.897662 -1.8768307
-3.5290005 -2.4002602
-4.36844 -1.9417223
-1.8791767 -2.4940794
-3.245096 -2.0676177
-3.700667 -2.2147954
-1.3277793 -2.499215
-3.9884052 -3.2114968
-3.221278 -1.6345047
-2.7804258 -2.5136662
-2.028195 -1.6699239
-1.0324514 -3.998931
-1.6715231 -0.5776662
-3.4710157 -2.44921
-1.4703391 -2.9434261
-1.3762877 -2.4384198
-1.0528052 -1.0439323
-1.2527479 -2.551434
-2.5191114 -2.717888
-2.2106931 -2.7301354
-2.9332783 -2.7533648
-1.9254557 -4.0988626
-3.3897095 -2.345397
-3.9056964 -3.0025694
-2.37283 -2.3636677
-1.5177549 -3.2766654
-3.675294 -1.8438057
-1.7560666 -1.7421274
-1.1897678 -3.4702353
-2.4863067 -2.886318
0.0060250163 -2.9015746
-1.5165191 -2.419919
-3.3918927 -2.621697
-2.7657025 -2.8678641
-1.7813385 -2.9206207
-2.5057857 -1.3598427
-2.739957 -2.375396
-1.672452 -2.9375484
-0.44348913 -3.1082342
-2.460507 -4.6118135
-3.467357 -2.717718
-3.7783442 -2.3749523
-2.1745057 -3.3963037
-2.675608 -2.3730505
-1.3755991 -2.2845726
-1.9685323 -2.7140515
-3.8465974 -2.2306144
-1.453557 -2.167781
-2.7668426 -2.7548456
-2.5313485 -2.0506082
-1.8597413 -4.151247
-2.3082712 -2.3190708
-3.346772 -3.4978564
-2.4298406 -1.8009512
-1.7347873 -2.8287802
-0.58399576 -3.6525862
-2.2294674 -2.8451483
-2.7903304 -2.0481331
-3.382189 -2.3388667
-3.1009738 -2.403453
-3.12537 -1.5225247
-3.341325 -2.230253
-3.0521722 -1.8005126
-2.426195 -2.7787204
-1.5908698 -2.6643054
-2.5067863 -3.6654696
-3.1898916 -2.7778265
-3.591603 -3.894292
-2.9575465 -2.2604866
-3.3071856 -2.0425322
-1.8473835 -3.2354774
-1.8435813 -2.67655
-1.2887112 -2.8932843
-2.2761052 -3.2239077
-2.2432575 -4.48091
-2.3247793 -2.1321938
-1.6910925 -4.1251845
-2.8232114 -3.0339642
-2.7989013 -2.214335
-2.1861792 -3.9420667
-3.0357306 -2.7377443
-1.118452 -2.8566792
-1.8711796 -3.4059834
-1.7024878 -1.422965
-2.5241525 -2.6399355
-1.2468245 -3.933215
-1.2660996 -2.9023564
-1.2155411 -2.9593964
-0.5462748 -2.103304
-3.250459 -2.246412
-2.2846432 -3.3023648
-1.6731277 -2.953915
-1.372285 -3.0785706
-2.3109145 -1.7750616
-3.5624778 -2.7862983
-2.3964345 -2.7499087
-3.5578685 -2.6616526
-2.842584 -2.6313417
-2.0431724 -2.8039305
-4.428207 -1.9550742
-2.5626729 -2.062956
-3.2284555 -2.2429361
-1.8690419 -2.3305955
-4.0468473 -1.7700639
-2.2720437 -2.3009174
-2.6727502 -2.8338835
-1.7567395 -1.9526404
-2.599538 -2.5952513
-3.2363157 -1.9537702
-1.6856434 -3.2022216
-1.4458873 -1.9213377
-1.2817253 -4.185138
-2.2829726 -1.8438349
-1.846934 -3.4454134
-1.6154215 -2.2744272
-2.6294425 -1.7726414
-1.4228548 -3.6731527
-3.7682874 -1.6994642
-2.1157901 -3.507615
-4.3756657 -2.8126147
-0.76993966 -3.3604417
-2.8153558 -2.3905423
-1.4507804 -2.8578143
-1.8559556 -4.298713
-2.3342 -3.5937588
-3.3303878 -2.1349032
-3.2232985 -2.0817032
-1.1898816 -2.136082
-2.3913987 -2.1860733
-1.713739 -2.116305
-2.9451792 -2.8341208
-2.601478 -1.9995353
-0.60994637 -4.208041
-1.8473248 -3.101661
-1.4520382 -3.8766258
-3.3889706 -2.0366862
-1.7096016 -2.9288669
-4.1511106 -3.3703425
-1.9786958 -3.2649207
-3.1050498 -2.1427982
-4.0590987 -2.990724
-1.489671 -3.567933
-1.4943073 -2.0351512
-3.8527973 -2.6085773
-1.2694635 -3.077672
-2.9271216 -2.3739269
-3.2953866 -2.967105
-3.8054154 -2.2923076
-2.1188612 -2.0425415
-2.8045325 -1.4991744
-2.9900677 -3.1110003
-1.9304497 -2.9519093
-2.664869 -2.11203
-1.7927668 -3.686143
-2.8049252 -3.2496617
-1.9051931 -3.8194256
-1.2345309 -3.5383852
-2.0608978 -3.3664734
-3.6362073 -2.728032
-2.8036075 -3.7785366
-1.4083198 -4.1127796
-3.4663765 -2.4730957
-2.6237447 -1.714488
-1.6535596 -3.9871192
-3.2684784 -3.0180507
-2.525997 -2.1282895
-1.5032507 -2.8442888
-3.592719 -2.200163
-1.2428945 -3.234107
-2.352432 -2.08183
-2.0440333 -2.4623911
-3.416425 -1.0656557
-2.730269 -2.3488035
-1.2995552 -3.217614
-3.025496 -2.120811
-2.311419 -3.0130336
-1.8784493 -2.0971937
-1.6887325 -2.7747831
-2.2894464 -3.538072
-2.1168084 -3.4104357
-2.644319 -3.3036618
-3.004507 -1.8669848
-2.1071613 -1.5211369
-3.5419397 -3.3345487
-1.9212434 -3.3738368
-2.6733484 -2.2170408
-2.2113972 -2.5913694
-2.535056 -1.9421476
-1.4246538 -2.9227405
-1.788216 -1.8295227
-2.790942 -1.4870518
-2.8598738 -1.7085075
-1.0408986 -3.62343
-4.180494 -3.0703888
-1.5030558 -4.7148504
-2.371284 -2.0917172
-3.3504336 -2.9958758
-1.9499736 -2.562003
-1.7088616 -3.166852
-3.1700776 -2.441726
-1.3930326 -3.2397175
-2.3151104 -3.1407368
-3.9463372 -3.1072779
-0.45655805 -3.0694199
-1.8765296 -2.752945
-2.8626642 -2.1155214
-2.7746973 -2.4938767
-4.7938523 -2.5919266
-1.7806417 -4.249569
-3.8357522 -2.4334652
-2.9954455 -2.7104502
-2.5312219 -1.7988322
-3.245303 -1.6499403
-1.3482164 -1.6259584
-2.1782541 -1.5409327
-3.9190414 -2.9674666
-1.6509974 -2.219561
-2.7400417 -2.1711519
-2.1931527 -1.5304241
-1.0320121 -4.2588234
-2.5433645 -3.5826094
-2.5442724 -2.7834842
-2.174612 -1.4079936
-1.6942146 -3.8465815
-2.8554542 -2.8187766
-1.7364271 -4.661358
-2.9746282 -2.3542888
-2.0426447 -2.7644615
-3.5759935 -2.1969264
-4.295933 -2.1583588
-1.6941035 -2.95484
-3.5890048 -2.6048899
-2.5558994 -2.9707828
-1.5294429 -2.3018758
-1.0545827 -2.6002777
-1.8463342 -2.6206918
-3.2111094 -2.2154143
-1.2960238 -3.4510126
-1.3126637 -2.779713
-1.3439596 -1.0806682
-1.6003882 -1.6291131
-2.0985432 -3.6825714
0.07158613 -3.3042574
-2.824184 -2.4205801
-1.4677407 -2.064803
-3.9679012 -3.3165662
-1.3519634 -4.122656
-1.4058654 -3.5468886
-3.8991754 -2.6754475
-0.44515115 -3.1272454
-3.5363436 -2.6385903
-2.7353508 -2.1684182
-1.4538158 -2.3225298
-3.3749044 -2.4208171
-2.6978917 -2.005695
-2.8945882 -1.6749612
-1.1091596 -4.8335495
-3.4920177 -2.602405
-3.195406 -2.6672373
-1.3935119 -3.3696897
-1.7620721 -2.3839204
-3.7554088 -2.6010187
-1.2109936 -2.6182694
-2.3306596 -1.6601962
-1.2916913 -2.9480724
-0.9094603 -2.8596635
-2.743349 -2.723777
-4.233001 -2.576225
-1.1207181 -2.2269595
-0.32408807 -3.660952
-2.7322407 -2.3798106
-4.5440936 -2.463638
-3.7544036 -2.6723504
-1.4507784 -3.4616475
-2.2578223 -3.2327583
-3.0075765 -1.8883586
-0.25732967 -3.9039397
-3.4469597 -2.1190417
-2.3744147 -3.1475525
-4.0181174 -2.0731888
-2.9954228 -1.9966984
-2.5660174 -2.0018935
-2.846211 -2.1003494
-3.397216 -2.9077153
-2.4084558 -1.4960512
-3.6470633 -2.7266884
-1.4875118 -3.7661874
-0.9339665 -2.4809937
-2.154194 -3.5071607
-2.0176578 -2.0817163
-1.6773938 -2.4863575
-1.805205 -3.6036022
-3.607799 -2.6439588
-3.722201 -3.0253718
-2.408311 -2.4212213
-2.8658035 -2.0277047
-2.3777642 -1.5256275
-2.788201 -2.6609464
-1.6117618 -1.5427552
-0.26401776 -2.0175838
-3.206688 -2.6827734
-1.9289141 -2.2741113
-2.120294 -1.7997845
-2.9527152 -2.086025
-3.6394873 -2.6104915
-2.012745 -2.6664858
-2.8818278 -2.4165094
-3.036896 -1.8078232
-4.0138526 -4.2573905
-1.8160086 -4.3043127
-2.2824485 -1.9061438
-1.6843162 -3.7368584
-1.7321109 -3.7403216
-4.4921093 -1.6460407
-3.9763849 -1.7324493
-3.5250528 -3.004396
-1.3283656 -4.1910467
-0.80746996 -1.2313669
-1.3614743 -4.0331883
-2.3412793 -2.531639
-2.7961786 -2.3751602
-3.098598 -2.5714521
-3.6441703 -2.8691342
-3.0301173 -2.5351086
-2.6572735 -1.5983574
-4.4052253 -2.4421391
-2.4495902 -2.4491892
-0.3436767 -1.6907109
-4.141858 -2.075358
-1.0580267 -3.9568763
-3.971649 -2.3581314
-3.3403227 -2.2978253
-0.65570724 -2.0296187
-1.537289 -2.795556
-1.3317312 -4.505196
-1.6539795 -2.2169573
-3.7810009 -2.6340604
-1.658752 -1.366542
-2.4985616 -2.312889
-1.259131 -2.1946502
-1.6941663 -2.4567957
-2.5878658 -2.6009207
-1.9828632 -2.8019648
-0.80886173 -3.248344
-1.8821318 -3.1054707
-4.6367435 -1.7222168
-4.1546936 -1.6476303
-2.8160396 -2.2277334
-3.1110122 -2.2725947
-2.2909064 -2.0476928
-3.0656414 -2.1202252
-1.8549186 -1.9672829
-1.9238118 -3.5705278
-2.381649 -1.9120668
-3.579149 -1.810509
-3.1773372 -1.7597809
-1.2798893 -3.046008
-4.4319644 -2.960144
-2.1403182 -2.1464422
-1.9856669 -3.158502
-1.5168989 -3.3327765
-2.9737117 -2.0562768
-3.3059235 -1.5645404
-3.7927825 -2.154833
-4.4049945 -3.0352924
-1.863331 -2.031175
-3.6694942 -1.6710185
-2.9278307 -2.1043034
-2.7618134 -1.7308341
-2.3224006 -3.6666753
-2.8785439 -2.5243685
-1.641485 -3.3511908
-2.6523755 -2.336288
-3.5630994 -4.509535
-2.1518807 -1.5444633
-2.7542312 -2.3055618
-2.366355 -2.6558924
-1.5113634 -3.483289
-2.7551947 -3.5560744
-4.0667906 -2.62031
-3.5279033 -2.261846
-2.2495062 -1.1616578
-3.2014036 -3.1997726
-1.4566379 -2.4461088
-2.2683356 -3.1459978
-3.2160447 -1.9781388
-1.8369946 -2.4260986
-2.917648 -2.333442
-3.362645 -1.7422599
-2.0252192 -2.466521
-1.7612636 -3.834218
0.27344045 -3.27244
-1.5265971 -3.5337853
-2.528453 -2.9098835
-3.5368764 -1.7449707
-1.997743 -2.2659996
-0.7625996 -3.3169649
-2.4546368 -2.7726052
-3.512095 -3.233476
-0.4440135 -1.462963
-4.1454616 -2.294144
-2.2022834 -3.821953
-1.8803922 -3.1318011
-1.4902312 -2.8426485
-1.6291001 -2.3368316
-2.970297 -3.6561885
-1.4290982 -2.8537304
-4.8365626 -3.4401534
-2.5109084 -2.0696144
-3.35541 -2.3190563
-1.8793476 -2.7448094
-3.0341182 -2.3749132
-2.6959066 -2.8328872
-2.4966707 -3.17242
-0.6633969 -3.0080907
-1.8434442 -1.421446
-3.360673 -2.7366123
-2.3191988 -2.1321619
-3.3210602 -2.0230343
-1.6855832 -2.6541958
-3.0128884 -2.642437
-2.7810643 -3.055827
-3.221223 -3.2364314
-3.326671 -2.446242
-1.2767519 -2.6940527
-1.042643 -3.8104022
-0.4375646 -4.084572
-1.9722638 -2.4885054
-4.2229385 -3.1868026
-1.1070315 -4.0101867
-3.2762313 -3.3390117
-2.2431855 -2.0494993
-4.0251403 -2.6972072
-2.2742026 -1.6483815
-3.5676968 -3.1372154
-1.4652631 -4.3572836
-3.840954 -2.1514108
-1.282632 -4.0917006
-4.276088 -1.8696852
-3.6710527 -2.1525712
-3.121201 -2.6285887
-3.8692462 -1.8354626
-1.7258592 -1.9930989
-1.7981659 -3.056187
-2.5812116 -2.2474303
-2.1293113 -3.5185025
-1.575971 -3.5428815
-4.083298 -3.0097842
-1.039801 -2.269328
-2.4317021 -2.9455464
-1.3310461 -1.4361838
-3.4503558 -2.6380546
-1.1376079 -2.5012047
-1.5718207 -2.6245494
-2.4485295 -2.385389
-3.0114775 -2.194193
-1.7200093 -2.189334
-4.3542147 -2.6796725
-2.4499424 -3.4499302
-1.2896403 -4.3958545
-2.2649322 -2.4234507
-2.5857217 -2.5752428
-3.8662271 -2.1866088
-3.3921468 -1.0881782
-3.4330323 -1.9883326
-2.2403197 -2.2824726
-2.1071713 -2.4462204
-2.0628984 -2.0027916
-2.4202397 -4.1484127
-1.759395 -2.5621693
-1.9280068 -2.889936
0.008302242 -3.1120138
-3.2140906 -2.5413558
-3.1572084 -2.4902153
-2.8028228 -1.8838042
-1.766938 -2.4703028
-1.7248358 -2.7243345
-3.1571681 -2.088944
-2.530882 -2.8343732
-2.9706874 -2.0055864
-2.479381 -2.4891214
-3.4547167 -2.2528405
-2.8314173 -3.0171053
-0.5581703 -4.3142695
-2.8695598 -2.83299
-2.8479204 -3.206765
-3.030456 -2.457558
-1.909581 -2.5562043
-1.8365781 -2.1823723
-1.9246805 -3.7532954
-3.036384 -2.4858968
-3.6086018 -2.5159574
-0.7985718 -2.6257946
-2.02334 -3.5303338
-3.882089 -2.1017487
-2.5969403 -2.557162
-2.1233816 -3.0339227
-2.3486848 -2.6633997
-3.1743858 -2.949451
-1.0729672 -3.188164
-3.2744238 -1.6159604
-3.454677 -2.5553372
-1.7562687 -1.8354187
-1.4858149 -3.4698913
-1.1952666 -3.1914687
-3.4364736 -2.6558332
-1.829142 -2.766127
-2.4360056 -2.3041902
-2.123395 -2.3318489
-3.947747 -2.5361574
-1.0807179 -5.1778526
-3.4993286 -2.0723946
-3.001807 -2.590367
-2.9969184 -3.4227889
-2.273974 -2.5892372
-1.501664 -3.5477438
-3.0663137 -1.8389109
-1.5260918 -4.0801687
-0.74015915 -2.7206357
-1.9951246 -2.5444543
-3.6078482 -2.0691483
-2.1053128 -1.8811822
-2.6043139 -1.6866589
-4.29339 -2.8275607
-3.1662698 -2.1299605
-1.9962072 -3.989967
-1.8903499 -3.3653858
-1.5225028 -1.9916575
-1.5628101 -1.0173664
-4.1253386 -1.981009
-3.1647625 -2.814215
-2.5336857 -3.200249
-1.9720303 -2.01174
-3.2347124 -2.0640695
-3.426293 -2.2304041
-3.665103 -2.192746
-3.536548 -2.5097399
-2.5861301 -2.3374338
-1.5950384 -2.9035754
-2.356851 -2.8754702
-1.8410974 -2.8679447
-0.9624398 -2.5435276
-1.6511563 -3.6587863
-1.6807487 -2.7024906
-2.3777795 -2.3584971
-1.997684 -4.2394934
-1.7349478 -1.9766271
-2.0358684 -2.2919352
-1.6411855 -2.971056
-3.3696802 -2.3165634
-1.3392832 -2.2977757
-1.1673269 -4.0200534
-2.6670332 -2.6809616
-1.1939977 -3.9221637
-1.7846613 -1.5967801
-3.7454507 -2.105662
-0.9546194 -2.5731256
-2.6570156 -2.8110538
-1.9469838 -2.1113749
-3.1324348 -3.1536865
-2.773501 -2.7220461
-2.7714007 -2.5041265
-2.8245845 -2.2791839
-2.9978683 -1.9611048
-2.1782303 -2.6647065
-1.6618367 -3.7926228
-4.0309715 -2.5092928
-3.3207796 -3.2626495
-3.5247006 -3.0300288
-1.3489301 -1.8687394
-3.9655519 -3.0317245
-1.8275477 -2.3374114
-4.0175824 -2.0092325
-2.1995993 -2.9119475
-1.728157 -2.467765
-1.9214276 -3.4744785
-2.0635097 -1.9289492
-1.6609668 -2.417817
-2.8183155 -2.0385504
-2.567052 -2.780237
-2.9863312 -2.3312573
-4.161229 -2.7864113
-2.4416742 -3.537834
-2.2981277 -2.8142076
-3.7018905 -1.7965032
-1.2188994 -2.3461285
-1.1687527 -2.3919585
-1.7154393 -1.3645786
-2.3925202 -1.640689
-2.0907419 -1.7635618
0.036456198 -2.4667442
-3.291679 -2.0170293
-1.7266759 -2.4263225
-1.0818181 -3.5435944
-2.410779 -2.8389928
-2.0948048 -5.096404
-3.0271182 -1.7172414
-2.3925552 -1.9909883
-3.7208192 -2.3049006
-3.6174796 -3.4557462
-0.49925527 -1.5948578
-2.7825348 -3.3027894
-2.2002063 -2.6830122
-3.210615 -1.8936217
-2.331842 -4.670656
-1.5061681 -4.3055367
-1.6313686 -3.0647745
-2.155151 -3.9303796
-2.0990117 -2.7714772
-2.8303976 -2.294321
-2.7732778 -1.7355127
-3.1850095 -1.848549
-2.2441988 -2.2475696
-2.556071 -2.4471862
-1.6766025 -4.112705
-2.615871 -1.7610775
-1.4556911 -3.4123263
-2.4816668 -3.3217416
-2.981223 -1.8742347
-2.0838497 -2.7177255
-1.2281748 -2.9917746
-0.49473816 -3.362987
-1.3993018 -2.6560688
-3.0090866 -2.2077496
-2.779172 -2.1615717
-2.6417198 -3.90694
-1.838325 -2.9995368
-0.39723626 -3.2408876
-1.6941415 -2.3062768
-1.3455626 -2.7204976
-1.8608677 -3.5850384
-0.516393 -2.2885432
-1.844309 -2.589376
-2.3368587 -5.340394
-1.547863 -3.3235917
-2.2104647 -2.5342677
-2.6641448 -2.8595932
-3.2179914 -2.7157938
-2.261701 -3.6988835
-2.2212281 -2.3431852
-3.8416975 -3.0320837
-2.2649248 -2.9399745
-1.4458712 -2.6189055
-3.7207398 -2.843116
-3.3221483 -2.1439934
-3.862766 -2.1701572
-0.7251525 -1.8257452
-1.4483784 -1.5946858
-1.5140091 -3.2150612
-3.525041 -1.8778929
-1.8874463 -2.5551267
-3.976572 -2.3460956
-1.2677478 -3.8319988
-3.379588 -2.4093237
-1.6492577 -3.5850546
-1.7950069 -2.393806
-1.623443 -2.377546
-3.978801 -2.693679
-3.5816479 -1.6101048
-1.3621172 -3.798062
-3.2280982 -2.5200672
-2.2083495 -1.1864393
-1.6942173 -3.0834084
-1.5392632 -2.7564337
-1.8655367 -3.6166363
-2.1965892 -2.3621495
-3.5178847 -2.3738787
-2.4908085 -2.0416808
-1.5335134 -2.4970121
-3.1553485 -2.318125
-3.429835 -2.7189949
-2.5416589 -2.1706085
-2.0505843 -2.977
-2.824318 -2.8128314
-5.4763894 -2.5425096
-0.9546205 -2.6563776
-3.5053837 -1.9514742
-3.6447897 -1.7122576
-3.0245807 -3.010502
-3.1845806 -1.7770501
-3.1687584 -3.007216
-3.1724539 -2.17554
-2.859705 -2.6902132
-2.41299 -2.2654963
-2.764735 -1.8989304
-2.7084076 -2.4511547
-3.534677 -2.7085378
-2.48933 -2.0736592
-2.8496087 -2.2996047
-2.3645408 -2.8061314
-2.1739755 -2.039891
-3.9803195 -2.6068275
-3.9967465 -2.6040962
-1.8599296 -1.5579821
-3.407238 -2.7228377
-3.4943585 -2.0436358
-3.477362 -3.070228
-2.2725153 -1.8065078
-3.3152113 -2.5837815
-0.37184548 -3.0261602
-2.901119 -2.5975876
-2.0364828 -2.913707
-2.7026093 -2.9864526
-1.3699017 -3.890402
-2.979094 -4.383225
-3.667564 -2.1469169
-2.2673311 -2.0857656
-2.7746122 -1.7829438
-1.8355205 -3.7569845
-1.633363 -1.3114533
-3.1227956 -2.3646698
-1.5354503 -3.5876756
-1.3845772 -2.852302
-1.5678858 -2.7994616
-2.2036204 -2.3205504
0.5285312 -2.9284327
-2.1762266 -3.3285284
-4.274109 -2.3093536
-2.76403 -2.8339903
-1.9919076 -2.576327
-4.0577836 -2.7265816
-2.2478118 -2.5972111
-1.7865788 -3.0082662
-1.8419379 -4.627778
