-3.3141053 -2.0422153
-0.82624614 -3.2834792
-2.7281127 -2.91327
-3.2888598 -2.873201
-2.573741 -3.281908
-3.4493473 -2.9076805
-2.7960863 -2.8961115
-2.0406854 -2.577477
-3.2296026 -2.6158767
-2.3694046 -3.3160844
-1.9853764 -3.0149422
-2.6284978 -1.7407326
-3.1066551 -3.857885
-2.103377 -3.4669452
-3.3250802 -2.2377405
-3.406434 -2.359087
-3.2360513 -2.9724126
-1.6863817 -3.5130548
-2.6638076 -2.4549623
-1.1468122 -2.5255857
-2.8513684 -3.6949477
-3.1897728 -2.1981888
-2.6491177 -3.3531656
-1.3711079 -3.9144344
-4.082573 -4.1484637
-2.3552783 -3.1418486
-4.3430953 -3.4874768
-3.2407568 -4.1711993
-3.031137 -1.993444
-3.0688872 -2.1642163
-3.6290271 -3.2188253
-2.3914273 -2.5510354
-1.7480394 -4.6994514
-3.2215066 -2.306655
-4.2522793 -3.0933518
-2.5589583 -2.7566967
-2.9553468 -2.94027
-4.197332 -2.5793395
-3.8706203 -3.2660046
-2.9962726 -2.7187304
-3.0535307 -1.663944
-2.1747353 -3.0162525
-1.5315946 -1.5600227
-3.6825683 -2.5049515
-2.6331315 -1.4411242
-3.7061055 -2.892159
-2.661134 -1.5648609
-2.8610816 -2.6374297
-4.1945224 -2.3355985
-4.0068603 -2.97474
-2.5880995 -3.0848799
-2.52404 -2.8069367
-1.6721339 -3.628932
-2.6168396 -2.9138746
-2.088853 -2.5133877
-1.7122965 -3.0409274
-2.0034873 -2.789775
-3.0417447 -2.127495
-3.9328942 -2.49223
-2.404496 -2.4861865
-3.7141323 -2.5882201
-3.4794202 -1.8071035
-2.4513443 -2.3692966
-4.0921745 -2.3123913
-2.8526292 -3.3464103
-1.9672122 -2.3538866
-1.7861012 -3.5456152
-2.5319843 -1.8087314
-1.9541816 -1.5907458
-0.48108017 -3.643806
-3.5220625 -3.5255818
-1.3115541 -4.0643497
-3.8047795 -4.557443
-4.4468303 -3.6861467
-2.4267855 -2.6069732
-2.6810815 -2.2267594
-1.5073978 -2.3377619
-2.7987142 -3.622316
-2.8582368 -3.3567529
-2.6421914 -2.7428823
-2.9054227 -2.882885
-2.9004776 -1.7181889
-1.533625 -3.6357198
-2.34718 -2.3730783
-2.671005 -3.0693693
-2.9397736 -3.0934272
-2.847292 -3.4749222
-3.6673777 -1.5123193
-3.3655472 -2.5538511
-2.3984153 -3.5284696
-2.5966551 -2.5353231
-1.93792 -3.4605255
-2.1970668 -3.7070446
-2.4306958 -3.3471293
-3.7552478 -3.0978289
-3.135023 -1.7182726
-2.8855968 -3.9264898
-4.012514 -3.245388
-1.6760907 -2.4783978
-4.3397837 -1.4917887
-3.4919958 -3.7056756
-3.907326 -2.7666597
-4.0937934 -2.0598392
-2.44251 -1.5002133
-2.903582 -1.4336627
-3.3730462 -3.405581
-3.8788304 -2.372984
-2.922844 -3.0661178
-2.3977919 -3.5043101
-3.2418892 -2.4468336
-3.4282703 -2.7771716
-2.853412 -3.0841045
-2.2463515 -3.2050996
-3.121443 -2.801249
-3.3168814 -2.5045657
-2.6362536 -3.24711
-3.157119 -2.9177294
-2.5986757 -2.65798
-1.3584177 -3.116961
-1.4228135 -3.3384027
-3.2376032 -2.271172
-1.6964225 -2.9320817
-4.1968207 -2.9886475
-2.108913 -2.6069899
-1.7371756 -2.8323274
-2.877452 -2.3085408
-0.7899341 -2.2909732
-2.643916 -3.4445548
-1.9023876 -2.5761375
-3.006249 -2.913197
-2.4655182 -2.6518717
-1.7030454 -4.0584865
-3.2405086 -1.5596379
-3.2282238 -3.3977308
-2.7146735 -2.961043
-2.6217844 -3.4122725
-3.4002414 -3.726789
-3.0654888 -2.2479916
-2.6339552 -3.3660007
-3.199206 -3.28657
-1.9904693 -1.7945031
-2.2843807 -1.7794367
-3.3836515 -2.5582666
-2.6501741 -1.37804
-2.3786256 -2.6005425
-1.7571136 -3.3766346
-3.8813372 -4.339359
-3.4507182 -4.1153173
-2.796985 -3.154519
-3.0099533 -3.1224918
-2.7248778 -1.5891273
-2.550154 -3.234199
-2.7632391 -1.8595977
-1.9180647 -2.35676
-2.2233832 -2.686139
-2.0683727 -2.6544232
-2.1576936 -2.2953553
-3.0797267 -1.7113619
-3.0706723 -1.8937477
-3.0520735 -3.0223508
-1.8116399 -4.221993
-3.7257807 -2.4622087
-3.123218 -3.6506352
-3.0516431 -3.679615
-4.498621 -3.1867394
-1.1574717 -3.3218803
-3.8156211 -2.8079329
-4.0266275 -2.208494
-2.391965 -2.3552618
-1.8414546 -4.648934
-2.8803573 -2.1508312
-2.726399 -2.7049608
-1.8862166 -2.186008
-2.4646144 -2.9361343
-3.2905774 -2.0588255
-4.2916718 -2.1298535
-2.632268 -3.3677769
-3.026332 -1.6198612
-3.1027396 -3.8620615
-3.2485888 -2.5947862
-2.4794772 -2.4994774
-3.313631 -2.3210583
-3.4036639 -2.9506497
-1.8830589 -3.1994567
-2.1480825 -3.5391917
-3.0944238 -2.1129882
-2.5619378 -1.969377
-3.2293713 -3.1391692
-4.969423 -4.317068
-2.8249273 -3.4725447
-2.05707 -2.988421
-2.429913 -3.0036364
-3.349381 -2.965951
-2.3879724 -2.073471
-2.0761483 -1.9452459
-3.4061856 -2.185792
-3.5816789 -2.5594764
-3.442968 -1.8562694
-1.950609 -4.1142783
-4.587513 -1.9709966
-2.4307284 -2.3557057
-2.0319133 -2.7680287
-2.3133113 -2.0945816
-1.3456583 -2.3533735
-2.7187548 -3.5266075
-2.2190824 -3.732914
-1.979496 -1.1571438
-2.019571 -3.3596497
-2.3634815 -3.4806366
-0.83631617 -2.2535143
-1.5209007 -2.5627885
-2.4725025 -2.4211593
-1.7741506 -3.7427435
-2.365277 -2.5102348
-2.6731515 -3.0795746
-3.6634963 -2.381199
-2.0739403 -3.3201008
-2.914165 -2.7834535
-3.2681947 -3.7360067
-2.7140455 -2.1421843
-4.2420926 -1.9926721
-2.2694554 -4.1858797
-1.9600414 -2.8828192
-2.2367482 -3.4292216
-2.740899 -1.936619
-2.2241635 -3.3381877
-3.688806 -1.8779153
-2.9259152 -3.5245352
-1.9569957 -3.2156887
-3.3208952 -3.0482283
-3.73324 -2.3739715
-2.9301362 -2.9363823
-2.4594119 -2.2145176
-4.066018 -2.1640277
-3.6065161 -4.010945
-2.8900478 -4.069678
-2.605551 -2.9667397
-3.7231786 -3.4693522
-1.3491799 -2.9112353
-3.20512 -1.2108393
-3.5689073 -2.2096534
-3.6408412 -4.2740283
-3.8948727 -2.9877243
-2.2751646 -2.5961123
-2.1963184 -4.2543745
-2.971706 -2.6198344
-2.7716625 -3.4757333
-2.7484415 -3.077527
-2.4919891 -2.9168472
-3.8532126 -3.3381228
-3.0620902 -2.4364076
-3.5078456 -1.1881571
-3.2395484 -2.1230526
-3.405209 -2.8138132
-3.262605 -2.2494059
-2.8896801 -3.2921562
-3.1128337 -1.664705
-3.4929109 -2.49024
-4.0339904 -2.7066112
-1.5298083 -3.7960453
-3.5358198 -1.7436396
-3.3218908 -3.095348
-2.5047867 -2.4385247
-3.2909782 -3.1488361
-2.7664316 -2.9751358
-3.758421 -2.869503
-2.6623466 -3.5596151
-2.8028643 -2.4852438
-1.6798187 -3.5371346
-3.3541272 -3.37667
-3.7932305 -2.4743514
-1.934375 -3.765277
-2.9911294 -2.6939106
-2.1968071 -2.719531
-3.5917835 -4.4783926
-2.7639453 -2.7465796
-2.657681 -2.5965133
-2.9655774 -3.057589
-3.4359572 -2.6588159
-1.3784978 -2.5157113
-3.721146 -4.811095
-1.6215298 -2.4967475
-3.6219277 -1.9291608
-1.7226609 -3.9982219
-2.3662481 -1.5407517
-2.4281993 -3.5217366
-2.891548 -2.8549485
-1.5408399 -2.924313
-5.4114347 -3.9031544
-2.3362045 -2.2790718
-2.7421322 -2.640325
-3.655022 -2.8617463
-3.5713165 -2.8449545
-4.1220627 -3.7504416
-2.5705817 -1.7881402
-3.7060993 -2.0438223
-3.3927464 -3.2590432
-2.0293243 -4.1876187
-1.9475157 -2.8912783
-3.185514 -2.739449
-3.4911947 -4.1104355
-2.3502972 -2.706427
-1.4559962 -4.210643
-2.12143 -3.0354295
-3.081066 -3.1087742
-1.9530982 -1.3207983
-3.287919 -2.452776
-2.4516616 -3.884563
-2.05445 -2.8165588
-4.3911543 -2.7228289
-2.701711 -2.5047445
-1.1499027 -2.870648
-2.5701354 -3.335494
-2.4227028 -3.797422
-3.4863415 -3.1663084
-2.710243 -3.1570163
-2.652359 -2.3654566
-3.229534 -2.5270467
-2.6674533 -2.5658946
-3.3560185 -3.5300379
-3.8072407 -3.5572314
-2.1515038 -4.2886305
-1.2536197 -2.7392597
-2.1169071 -2.8100805
-2.2700114 -2.6051273
-1.4427378 -4.05172
-1.8148376 -1.5614492
-2.5654101 -2.3094506
-3.8729408 -2.450416
-2.0183039 -1.9451512
-3.1460938 -3.591823
-2.797222 -3.842495
-3.5244308 -2.7309961
-2.0706108 -5.0851274
-4.4508486 -3.151393
-3.169704 -1.7899667
-3.7042797 -3.0428505
-3.7362552 -1.9967816
-3.5948822 -2.8231292
-2.2539644 -1.4914467
-2.7439716 -3.6453714
-3.0803518 -2.919464
-3.845487 -3.1951146
-3.396111 -2.0330915
-2.577417 -3.2075253
-2.2388775 -3.9047618
-2.8766875 -3.5048628
-3.5053427 -2.6383123
-3.0648222 -1.8319136
-2.6853936 -3.8296003
-1.8402771 -3.635695
-1.9556856 -3.3856344
-3.3518016 -2.9040437
-2.8503895 -2.219021
-1.970352 -4.3350153
-3.3448288 -2.7987037
-1.8065202 -2.430439
-1.9969072 -2.564878
-2.846544 -3.283576
-0.30336806 -2.986288
-2.5713506 -3.2252274
-4.1055636 -2.103665
-1.92003 -1.3961451
-0.6385605 -2.6194139
-3.196579 -2.9507756
-3.2394419 -2.4866319
-2.9969766 -3.6418371
-3.064114 -3.0204644
-1.9948189 -2.9606314
-3.4862788 -3.220436
-2.6788368 -2.4864163
-3.3574054 -2.4556994
-3.1115422 -3.2365947
-2.4715474 -3.7486916
-3.4948452 -2.0287914
-3.0789497 -2.5272503
-3.2911077 -2.4942808
-2.5745146 -2.0091627
-1.8275143 -3.8320236
-3.088132 -2.8555918
-1.3034489 -4.476092
-1.5023767 -3.5505347
-1.0437524 -2.4415092
-2.8922048 -2.092433
-3.2444296 -2.5292368
-1.7813635 -2.635697
-2.6289818 -2.7657452
-1.5633707 -4.657918
-2.6442544 -2.917214
-2.7093878 -3.616396
-4.2933497 -4.365143
-2.7024097 -2.4343567
-2.9857886 -3.0980887
-4.2426696 -3.3222685
-2.0731165 -3.2303953
-3.4801254 -2.606669
-2.7638965 -4.1262174
-1.8056066 -2.979299
-3.595257 -2.2971148
-4.325771 -2.7751737
-2.698883 -2.6000109
-3.274775 -2.230216
-3.1929536 -2.2015166
-2.403641 -3.3019433
-3.570957 -4.2825537
-2.897658 -2.722732
-3.455528 -3.1629214
-3.845604 -2.8225965
-1.8915834 -4.1201534
-2.9762921 -1.9578325
-2.6328547 -1.9179243
-4.1747355 -3.325357
-2.6432106 -2.2071128
-2.6771276 -1.8389473
-2.8950818 -2.2312098
-1.5176302 -2.786601
-2.9708278 -1.478725
-4.767201 -3.8774805
-2.9681692 -2.3551636
-3.5799973 -2.175397
-1.1676702 -3.7479844
-2.9758465 -2.307817
-2.7355804 -3.2363677
-2.539713 -3.6462235
-1.8977326 -1.5253205
-2.8837101 -3.1934133
-1.4645576 -2.2268808
-1.8933166 -2.008376
-2.30709 -4.02089
-2.372227 -3.5286303
-0.8142654 -3.2118988
-3.2747486 -2.384122
-3.1808138 -2.9943304
-2.9021814 -2.5780725
-1.3692262 -4.5314927
-3.0607467 -2.6537871
-2.0408998 -3.061471
-1.7384585 -3.9748569
-3.1228597 -2.368568
-2.5508914 -3.3151045
-1.8801618 -3.426506
-2.3250077 -2.866633
-2.7056534 -2.5404553
-3.0246909 -3.2779365
-1.8934846 -3.6103978
-2.4348204 -2.1767216
-4.0872874 -3.794115
-2.1083682 -2.755106
-3.2480514 -2.4622612
-3.6702232 -2.6582618
-3.3192616 -2.8055058
-2.8920326 -2.8128915
-2.8114092 -2.5015354
-2.9703383 -2.3142328
-3.3085337 -2.9168491
-3.5734792 -3.6631994
-3.513839 -2.2000556
-3.896355 -3.3885908
-3.8885617 -2.8907123
-2.749573 -3.3530889
-2.6605923 -2.342414
-2.7218618 -1.1694632
-3.8154783 -2.5002656
-3.1250722 -2.6884413
-3.4446385 -2.2724104
-2.2692907 -2.665761
-1.7416426 -2.5390124
-2.2656887 -3.0305476
-1.2009572 -3.0037026
-1.5363357 -3.8983536
-3.0542595 -2.3108206
-3.0317423 -2.882886
-3.6586468 -2.429309
-4.081476 -2.8913074
-0.97531027 -2.9254928
-4.4786468 -2.5870757
-0.45768657 -3.6424618
-0.4434883 -2.8024535
-3.0854146 -2.3783875
-1.9615576 -3.5603228
-3.0849369 -3.5034213
-1.6163149 -1.794245
-2.696441 -1.6392001
-0.98538816 -3.7717142
-2.2755263 -1.9158621
-1.7431164 -2.604847
-3.6217878 -4.9705186
-2.7940493 -1.5567276
-4.2378345 -2.6207662
-1.7265546 -2.7539344
-2.6749299 -4.4148817
-3.6294813 -2.666915
-3.0823503 -2.7629914
-2.5555618 -2.2632704
-4.377834 -3.7016878
-3.7013507 -3.581688
-3.9021344 -3.4595857
-3.6551492 -1.9908608
-2.809555 -1.4841315
-2.558481 -4.2693753
-1.8636016 -3.483756
-2.3618686 -3.9212012
-2.5550337 -2.5732913
-4.0142612 -2.913797
-2.5509598 -3.920793
-1.327704 -4.1705947
-2.125016 -1.7755939
-2.0050187 -2.97263
-1.5775665 -3.5378442
-3.0159924 -2.5246053
-4.226626 -2.67303
-2.6288984 -2.8963752
-2.9418924 -1.8505403
-3.399167 -2.6158128
-3.0256524 -2.9832144
-2.1803288 -3.096181
-1.7844272 -3.177425
-2.4879158 -2.839323
-2.880295 -1.7232913
-2.9514463 -1.7764155
-3.4102273 -2.6770048
-2.7694788 -3.694056
-2.4000437 -3.08669
-2.8243587 -3.0584126
-1.7022595 -3.753665
-3.5677094 -2.865242
-3.2030187 -2.5323362
-2.1270108 -2.1133084
-2.15901 -2.6872487
-3.1156316 -3.530559
-1.9666662 -3.4967275
-2.6637294 -3.0668306
-3.2090662 -2.394908
-3.8568194 -1.6046451
-2.9538133 -2.563766
-2.5678542 -2.0989347
-3.0680091 -2.0273306
-2.207277 -2.7202563
-3.0361745 -3.8782983
-3.4192297 -3.384994
-3.3032992 -2.606248
-1.491367 -2.786344
-2.4965775 -3.3203697
-2.9070797 -2.0205574
-3.0240457 -1.782934
-2.2081726 -2.78448
-2.448107 -2.0441017
-2.8368917 -2.412541
-2.9651463 -2.6470904
-1.2689562 -3.2399936
-2.7177455 -2.5319529
-2.3755906 -2.2005699
-1.2755197 -3.6587076
-2.8652894 -1.9548917
-2.9377167 -2.4824347
-1.6011623 -3.2602487
-1.3089197 -3.4829192
-2.7759032 -2.4744744
-2.5061493 -1.9004177
-2.2672827 -3.2363925
-2.790864 -2.4836173
-2.8314188 -2.5027814
-2.6500306 -2.067923
-2.8485687 -3.030285
-2.9869628 -2.8561554
-2.8897564 -3.4394107
-3.5015225 -3.1214132
-3.1698184 -2.0165915
-1.9645287 -3.8344188
-2.8085322 -3.0307941
-2.38437 -2.4212012
-2.9319737 -2.8142824
-3.3220108 -2.040545
-2.7201014 -3.488758
-3.0486186 -2.395224
-3.0079808 -2.5974164
-1.9978924 -2.5396972
-2.9340572 -2.8677416
-3.3187587 -2.8694663
-2.6752727 -4.015454
-3.2551615 -2.61624
-1.7295848 -2.349543
-3.4669127 -2.571422
-3.0590935 -2.1901474
-2.337128 -3.0086336
-3.216276 -2.0278177
-2.3342748 -2.897192
-2.194166 -2.1358125
-0.7432292 -4.2226095
-2.4466348 -1.3173103
-2.9742959 -2.3891068
-1.7428125 -3.2014022
-3.1419451 -3.9251533
-2.4970703 -1.9785076
-2.0711274 -1.4894286
-2.8042932 -2.0281668
-1.8037628 -3.7269397
-3.0628142 -2.9392266
-2.9714446 -3.0088158
-3.3379164 -2.8414898
-2.7897146 -3.3203402
-1.1759017 -2.7305012
-1.9592379 -2.2003877
-1.8942418 -3.2305136
-2.4847224 -3.6560593
-3.3238006 -3.186758
-3.5960975 -2.6136823
-1.2744306 -3.0974498
-3.0053308 -2.1391525
-2.7801385 -3.2800632
-2.7312977 -1.6365386
-2.7439375 -1.787268
-2.5917776 -3.6780949
-2.588542 -3.8761377
-3.5998027 -2.4686375
-2.5801628 -3.288261
-2.2506428 -1.4767631
-2.0946896 -3.6039357
-2.9549325 -3.8331819
-3.570481 -3.4375534
-2.090949 -3.4317417
-1.9022274 -2.7245278
-2.9271066 -1.3158365
-2.7220294 -3.5650744
-1.8564608 -2.80119
-3.09433 -2.1559334
-3.7402446 -2.1630883
-3.6179295 -2.5229578
-2.9199417 -2.214719
-2.2054007 -3.6803312
-2.1114068 -4.0969396
-2.6432514 -2.3033767
-2.1624544 -1.6935638
-2.417101 -3.0051947
-2.506488 -2.6586452
-0.69971806 -3.6481705
-2.2903848 -1.4673706
-3.2225595 -1.9521031
-2.3772526 -2.4782977
-3.0400546 -2.4351015
-3.8501554 -3.25983
-3.0704267 -2.7882948
-3.7083013 -3.0945578
-3.6400304 -2.6828341
-2.642463 -1.75559
-3.5470903 -2.5864906
-1.1336157 -3.5272918
-3.2437575 -3.1913242
-1.8366611 -3.3932357
-3.5445929 -1.8206
-2.309562 -1.7320989
-2.9751627 -2.5200167
-2.7691011 -2.5021787
-2.504796 -3.9376192
-2.8720522 -2.6974883
-2.0047362 -2.1546135
-3.0323691 -2.2562203
-2.8458738 -2.8990164
-3.3781059 -3.3904757
-2.1482728 -3.7510672
-3.3327327 -3.1403522
-2.3723419 -2.4741416
-1.5325414 -3.7529225
-2.742687 -1.546188
-2.4537482 -2.8893151
-3.1473892 -3.3284197
-2.7571778 -1.7469833
-2.0313444 -1.8854425
-2.4873695 -2.541253
-3.547634 -3.1301403
-3.2077 -2.9975576
-3.1448212 -3.5616703
-2.629886 -3.3765035
-4.225083 -1.9049134
-3.2872255 -2.326796
-2.812285 -3.362843
-2.7984009 -2.0350895
-4.059228 -5.2135224
-2.3080554 -2.6645017
-0.876563 -2.1093493
-2.622259 -4.9624615
-3.093343 -2.0636
-4.3483806 -3.4266295
-4.0193257 -2.822072
-1.5566117 -2.3597226
-2.4871814 -3.0358648
-2.766178 -2.819521
-1.9828366 -3.2562566
-1.6829147 -2.0042846
-2.509153 -2.1603382
-1.0647467 -3.351561
-2.3541427 -1.2409582
-2.6848426 -1.8338958
-4.330667 -3.4119015
-3.7565143 -2.8080983
-4.0123334 -2.9187632
-3.6547337 -2.9468074
-3.4215376 -2.4148269
-2.1972148 -2.2294798
-1.5270072 -2.9900403
-2.0997612 -3.2359686
-2.5158303 -2.8939013
-4.100389 -2.3646479
-3.2996807 -2.495008
-2.2640705 -2.4442606
-3.0384727 -2.8672643
-1.2456901 -3.1718583
-2.459019 -2.850953
-3.3490624 -2.8552203
-1.6323401 -1.4634396
-2.8562713 -2.8227096
-3.6386383 -2.934885
-2.3176877 -3.052999
-3.2119272 -3.5534544
-3.301116 -3.4263425
-3.6065702 -2.1113296
-3.5775278 -2.285963
-2.391937 -1.8396872
-3.6759317 -2.7102313
-2.8020806 -2.2703729
-3.1553152 -4.245354
-1.9410206 -4.0886827
-2.8225014 -2.4129305
-0.6760304 -2.1738954
-1.9416368 -2.5340257
-2.5078695 -2.0363483
-3.5164952 -2.396748
-1.833316 -3.1471276
-3.605699 -3.6902251
-3.907795 -2.7819285
-2.5548744 -3.6133347
-2.97144 -3.2934785
-1.066193 -3.2160153
-3.4832733 -2.2259727
-0.89928675 -2.8291283
-2.4153357 -2.796557
-1.7232902 -3.024386
-2.440316 -2.626411
-4.040406 -3.2030778
-1.5002213 -3.416461
-3.6193557 -2.4898992
-3.409086 -2.4688206
-4.111365 -2.7582188
-0.42683578 -4.5577292
-2.5630152 -2.1825676
-3.3875372 -2.276287
-3.1948645 -2.0645237
-4.134317 -2.2863946
-3.2317834 -4.117578
-2.2618015 -3.2278137
-3.2422588 -2.970448
-2.5784245 -2.6932907
-2.4588318 -2.0880642
-3.8954215 -2.7834196
-2.2250617 -3.1077838
-2.9210613 -2.5371618
-2.0916984 -1.7963228
-3.4466853 -3.5432625
-3.983957 -1.8883935
-3.5571253 -1.743402
-3.3836727 -3.047215
-2.6132293 -4.4121523
-2.6909144 -2.1127279
-3.21068 -1.7628745
-2.153544 -3.7803907
-2.204982 -2.6193857
-2.2918425 -2.0056324
-3.005292 -2.199079
-3.6845007 -2.6732311
-3.7321594 -1.2772093
-3.2879624 -2.5009933
-3.4213276 -1.9494354
-2.248375 -2.6370182
-2.6838713 -2.764843
-3.0226636 -4.587518
-1.8660244 -3.4114919
-2.9709332 -2.8730407
-3.255978 -3.2179313
-3.315684 -2.5279856
-2.8972688 -1.7044203
-2.7781434 -2.3773017
-3.8105195 -2.9752407
-1.7648177 -2.6656027
-4.09014 -3.266296
-2.315159 -3.1110816
-1.6990719 -3.6255999
-1.4092498 -3.9042974
-2.3068905 -3.836475
-3.1018841 -2.3946123
-3.4238596 -1.9597751
-1.897973 -2.9104004
-3.0304916 -3.0397987
-2.7690675 -3.3254628
-2.9788725 -2.451099
-2.8973262 -2.4868083
-3.4852414 -2.2646537
-3.431616 -2.671887
-1.7973558 -1.9532768
-3.156167 -3.0397801
-2.4691865 -3.7613697
-3.234746 -3.143671
-4.5650887 -2.39192
-3.0129278 -3.0684762
-3.0694268 -2.4763956
-0.9682121 -3.0063972
-2.7555795 -2.613286
-3.653131 -2.504457
-3.9588618 -2.4311433
-3.924972 -2.4534822
-3.482857 -2.0220451
-4.329283 -3.12986
-3.168986 -2.5146413
-2.889634 -2.2709808
-3.053718 -2.307588
-3.9436584 -2.507504
-2.409287 -3.6431637
-2.8162558 -2.4539685
-3.3287177 -1.8108822
-2.7726612 -2.0829105
-4.825526 -2.085744
-2.7475352 -2.7673078
-2.415363 -2.271017
-3.4370573 -2.7250104
-2.1632361 -3.6375704
-2.6095343 -3.6138096
-2.05105 -2.7560382
-2.497978 -4.025108
-1.5561888 -2.7848072
-1.0761341 -4.7670135
-3.2773886 -2.5884514
-2.7520826 -3.394373
-2.992306 -2.1603057
-3.2123415 -2.5193758
-3.274551 -1.9109226
-2.3261673 -3.4185405
-2.8810883 -2.6153054
-4.4672165 -2.2172492
-1.9355702 -2.7959094
-2.1921139 -3.7437515
-3.8127055 -2.4668813
-1.7349534 -4.508977
-1.942702 -3.0785236
-1.7592115 -2.1742826
-0.66770947 -3.2002006
-2.5316815 -2.518363
-3.247496 -2.1376014
-4.0025225 -2.9161592
-3.5582392 -2.8985004
-2.1063397 -3.2695618
-2.65628 -2.6949315
-2.9335132 -2.7811809
-2.0468245 -2.9392252
-0.59663135 -2.6279259
-2.5454693 -3.007297
-3.0444045 -2.9977708
-3.0547857 -2.778286
-3.6259089 -3.090641
-3.220784 -2.9659562
-1.8698739 -2.6037035
-3.3325524 -3.0143127
-3.8525925 -2.2592278
-3.1039634 -2.30942
-3.1333482 -3.8560562
-2.8657415 -3.2043223
-1.8195524 -3.4959035
-2.9860559 -3.646449
-4.2406693 -2.9120545
-3.6242814 -2.7393126
-1.2316871 -2.8075714
-2.8706422 -3.5302978
-3.2091756 -3.4117227
-2.3892236 -3.5654416
-1.6664132 -2.2323658
-3.3311284 -3.0215092
-4.2162952 -1.82965
-3.2657602 -1.780087
-3.0833635 -2.3061361
-1.2375904 -1.1658835
-0.7293791 -3.716433
-2.7765617 -2.4100933
-3.6467066 -4.1728177
-3.5848641 -2.971438
-2.1682432 -2.1750698
-4.2482805 -2.814991
-2.9968588 -2.1868963
-2.3615654 -2.8807373
-3.6982892 -2.86025
-4.224686 -2.4938316
-1.9065272 -3.1088185
-1.5339891 -2.9358454
-0.8811646 -4.7111325
-1.2568477 -3.008655
-1.7224892 -3.392177
-1.1884304 -3.1327682
-0.24364154 -3.5572667
-1.6996403 -1.9292161
-2.8916354 -1.3758034
-3.031205 -4.2153525
-3.1030066 -2.7054992
-4.0532 -3.0280476
-3.306988 -1.7071326
-2.5982919 -2.3701472
-2.8901412 -2.5909066
-2.273191 -3.058981
-3.3482637 -2.9671884
-2.7988703 -2.8403907
-1.6554475 -2.3729725
-4.5575376 -4.0387664
-1.5680062 -2.4086094
-2.4663794 -2.6001654
-3.225617 -3.1655946
-3.2344184 -3.2419152
-1.4924842 -3.2361102
-3.1319504 -2.9558115
-2.6034617 -3.0748248
-4.1525736 -2.6297178
-2.8449192 -2.1835265
-2.2760224 -2.0892544
-3.3633049 -3.5048451
-3.2761862 -2.180592
-3.086893 -3.0859303
-3.3047998 -3.0029483
-3.6945167 -3.0122194
-3.4182858 -2.405827
-3.0212288 -2.4591732
-3.099798 -2.782443
-4.036862 -2.566774
-4.927183 -3.7163987
-3.7197726 -2.931748
-1.8748074 -3.5677238
-3.1418715 -2.6098695
-0.5792186 -2.3815346
-2.9093466 -3.47996
-3.310436 -2.6450696
-3.0564935 -2.610373
-3.592155 -2.619339
-1.0554808 -2.9766884
-2.8327157 -1.5228708
-1.3641238 -2.9726129
-3.0597756 -2.4883356
-2.5393393 -3.669036
-3.9990325 -3.228015
-2.3538651 -2.4940443
-3.8966856 -2.6345825
-3.9638045 -3.861967
-3.6973674 -2.4784765
-1.7839781 -2.9463139
-2.9456978 -3.3887672
-2.251928 -3.0258398
-3.5480466 -2.100369
-3.9290426 -4.277709
-1.9857352 -3.6074467
-1.1854348 -4.1756163
-2.7532578 -2.1796331
-2.8989406 -2.2298846
-3.469433 -2.25844
-3.1427045 -2.8178978
-2.4320135 -2.545784
-1.9465537 -3.145112
-2.4030037 -1.2519422
-3.1371028 -5.572962
-2.435127 -2.865954
-2.7094738 -2.7974286
-3.301048 -1.1651368
-1.6750604 -3.9553266
-3.3647356 -2.3410015
-1.1369627 -2.1219063
-1.7679083 -2.156886
-3.8477054 -2.8370643
-2.4751225 -1.9975576
-3.6787374 -2.6943932
-1.8799908 -5.664753
-0.9670348 -3.2659798
-3.2859604 -3.4813824
-4.05847 -4.4776464
-3.061099 -2.2405105
-2.3053308 -4.471677
-4.860806 -3.8456411
-2.9945745 -1.9680241
-3.3752306 -2.2785573
-2.9475951 -2.4382143
-0.73682004 -3.7434163
-3.2181313 -2.3081632
-2.340651 -2.9159408
-2.7080712 -3.8010588
-2.0908237 -2.446097
-1.3655494 -2.7045145
-3.6585445 -2.8394098
-2.4970634 -2.2107918
-3.084188 -1.453126
-1.6802958 -3.02671
-3.5757928 -3.5159721
-3.300521 -2.617044
-3.0161762 -2.5660763
-2.0006123 -1.7066176
-2.4397652 -3.4551692
-2.8002005 -3.8872776
-1.9532621 -1.3501903
-0.39975607 -4.6206827
-0.5608018 -3.4031796
-2.6493995 -2.6925278
-0.6764591 -3.6114125
-3.3071241 -2.8186812
-2.539414 -3.3630934
-2.3840601 -3.344005
-2.657449 -3.2639093
-2.42516 -4.0657463
-3.6223571 -2.8200884
-1.889203 -3.4273329
-1.8630241 -3.265307
-2.2941382 -4.0987215
-2.3808157 -2.459558
-2.279979 -3.39811
-0.9532093 -3.5702357
-2.702981 -3.3622117
-1.4586532 -4.057723
-3.1619358 -3.6175623
-1.2204565 -3.1819687
-1.7409273 -3.614358
-1.6655487 -3.284523
-3.3264127 -3.2504458
-2.5356283 -1.67039
-2.216415 -3.5455332
-1.6833882 -2.515873
-1.9383951 -3.6826296
-3.1748734 -2.4508653
-2.5694928 -3.8681393
-3.6698883 -2.6757298
-2.0147665 -2.188567
-0.9554495 -2.4788527
-0.9379482 -3.3528686
-2.720228 -3.0172286
-2.3663654 -3.3738608
-3.33777 -2.0144393
-3.4528003 -2.0878663
-3.0155303 -2.9534326
-1.3357598 -3.0125504
-2.6317017 -1.7581196
-2.1500394 -3.7164278
-2.1829326 -2.725525
-2.8419952 -2.6177444
-1.4966214 -3.0079894
-1.6781898 -3.6505604
-3.355799 -3.1559095
-1.9423835 -3.2953486
-2.5464735 -2.5087156
-2.121307 -2.4972363
-3.1570148 -3.3490672
-2.5867715 -2.0538237
-2.4962864 -5.2298446
-2.7985742 -2.061514
-2.63462 -2.8046227
-1.5702423 -3.3274603
-2.4138682 -3.491931
-0.34755984 -3.08819
-3.4770932 -2.1947389
-2.6423366 -1.6289058
-2.330178 -3.4620614
-3.3552868 -3.2624197
-3.849842 -2.4880543
-0.09229931 -3.4176154
-2.6100667 -3.900136
-1.9570181 -4.0217013
-2.5039763 -3.0993705
-3.3193386 -2.6149797
-1.5443634 -4.0766554
-0.67233616 -2.8541093
-1.6887916 -3.3907056
-2.3429842 -4.5273085
-2.879042 -3.8572578
-2.5144281 -4.8456736
-2.1055956 -3.3808756
-3.4554243 -4.83817
-3.368848 -2.0754242
-2.6006765 -2.6270514
-2.637293 -2.7970223
-3.2320218 -5.212442
-1.9378321 -2.9408169
-2.885166 -3.3332005
-2.1757889 -2.2755136
-3.04679 -3.1072354
-2.5273125 -1.8946259
-2.2082808 -2.5675821
-3.6873298 -3.1998363
-3.3932612 -2.7619162
-3.6244075 -3.6636562
-3.5350869 -2.0958776
-2.4932337 -2.6432328
-3.8418684 -3.1080494
-2.8235304 -1.7570671
-2.116862 -2.6353588
-4.3147964 -2.1721404
-1.9972516 -3.3010058
-0.7597978 -2.8013415
-4.2586455 -3.2754035
-3.7738564 -2.528676
-2.1085021 -3.0667992
-1.0707302 -3.0850983
-2.788733 -2.9982872
-3.2257075 -2.1748116
-3.3489747 -3.268797
-3.4759016 -2.6588354
-1.1299351 -3.1139827
-1.399263 -3.3097944
-2.104761 -3.5912066
-1.324546 -2.4080315
-2.457903 -2.4467654
-3.9791703 -2.1915588
-2.663704 -3.0832071
-2.9531486 -5.424799
-3.0657175 -2.6385584
-1.5543399 -3.9732676
-3.78947 -3.2371125
-3.7267413 -2.3134084
-3.484088 -2.852398
-2.1144764 -1.8997201
-3.3228414 -3.0545774
-2.294613 -2.4126096
-2.5865521 -3.4322872
-2.451434 -4.168063
-2.8471174 -2.7513208
-2.848405 -2.2613592
-3.5530112 -2.3285785
-3.898912 -2.9852362
-3.098718 -2.6799355
-2.14056 -4.384998
-2.118397 -4.363096
-0.97966635 -3.4772682
-2.7188659 -1.7799519
-1.4331694 -3.5811687
-3.595011 -2.699926
-3.765839 -1.9646112
-3.2651894 -2.758338
-1.6045328 -3.4725986
-3.4183576 -3.083033
-1.5283867 -4.2976
-2.9209952 -1.6341316
-2.5846174 -1.1199961
-3.7068338 -2.5754929
-2.79857 -3.036593
-2.8815777 -2.0323632
-2.9708853 -2.944119
-3.1088033 -3.0546503
-2.39517 -1.8755027
-2.1747184 -2.566537
-2.4195666 -3.737979
-2.3045754 -2.6008954
-2.5746434 -3.7897816
-2.651108 -4.1294465
-3.0525525 -3.3994765
-2.6945407 -3.1691036
-3.2454705 -3.0679708
-2.5623198 -3.812317
-3.2166288 -3.2211194
-2.0858226 -2.4629254
-2.4683473 -3.1597023
-3.1548014 -2.528101
-4.284567 -1.9991598
-2.9884348 -3.195334
-2.4976518 -2.5974092
-1.9506587 -3.4125528
-2.131512 -4.21423
-3.1462183 -3.7253637
-0.9328794 -2.7839794
-2.4579086 -1.5732455
-1.8852085 -4.1243
-4.3855844 -2.963079
-0.34059358 -3.2623124
-2.5947664 -2.9499764
-3.1124046 -1.5865982
0.023769274 -3.6174111
-2.449785 -1.6515465
-3.5243285 -2.0863786
-5.080624 -3.2641602
-2.8586402 -1.443097
-1.536323 -3.3726668
-3.2875695 -1.6503537
-3.777817 -2.944498
-2.4706666 -2.3728676
-3.454183 -2.964491
-3.369791 -3.5543318
-2.052358 -3.9957547
-2.8375268 -2.6840305
-3.4021416 -2.6492558
-1.9099507 -3.8524637
-3.5135803 -2.7701402
-2.0976346 -4.078672
-1.755144 -2.1523361
-3.729682 -2.4229898
-2.7263284 -1.3571393
-2.4655492 -2.3831892
-2.937787 -2.376987
-2.8815675 -3.8072972
-3.0542426 -3.0082302
-2.4950547 -3.071931
-2.1632783 -2.4964895
-2.5893812 -2.100604
-1.6360164 -4.7981887
-2.6922102 -2.7446485
-3.100582 -3.0177703
-1.996517 -3.9246798
-3.7123818 -2.50567
-2.0270207 -1.8642232
-3.4414394 -3.153029
-3.705893 -2.387762
-3.3631816 -2.3280964
-3.7146244 -2.5657277
-3.2040267 -3.8689117
-3.1976912 -2.4321766
-5.128185 -3.2170506
-1.6242296 -3.0986733
-4.044847 -4.84021
-2.8972337 -2.186748
-3.6711133 -3.341652
-2.768759 -2.7264242
-2.4889126 -4.620016
-2.5975544 -2.457715
-2.463438 -1.9014828
-2.3843832 -2.5805473
-2.3823373 -3.3487773
-2.4846644 -1.8795282
-2.832188 -3.9624429
-2.599902 -3.0000691
-2.8945332 -3.0641975
-3.4771106 -2.958067
-2.7961187 -4.0376577
-3.2622044 -2.8194542
-4.222064 -2.8545823
-2.7279875 -2.842235
-2.2177882 -3.6308055
-3.9407654 -2.1507251
-1.5993724 -1.928667
-1.1552835 -3.0270119
-2.2385864 -2.909265
-0.4450102 -3.6594687
-2.8538916 -4.3089557
-3.1369119 -2.6064253
-3.3132463 -3.6880722
-2.4898205 -3.3050227
-3.5618026 -2.5018282
-3.348649 -2.035738
-2.2779365 -2.7398305
-1.991192 -3.772798
-2.473878 -3.944293
-3.4343913 -2.7019048
-3.8724234 -2.1186268
-1.2679994 -3.4564352
-2.158186 -3.0294123
-2.1948302 -2.6771011
-2.7454677 -2.8704681
-3.5192175 -2.4486976
-2.8051937 -3.0566025
-2.6977606 -3.0009913
-3.0266159 -2.1700864
-2.3199723 -3.8419256
-2.294524 -2.207905
-2.6369176 -3.1230226
-3.175164 -2.4855094
-2.1425557 -3.4662876
-1.1870993 -3.7991014
-3.3969994 -2.4280863
-3.4979193 -2.3628712
-2.9015071 -2.1371531
-3.461696 -2.9464574
-2.7589426 -1.5046039
-3.028016 -1.8362308
-3.1360445 -2.2273765
-2.9908035 -2.9802427
-2.4452717 -2.8018231
-3.500466 -3.6518831
-3.1439521 -2.4882479
-3.108266 -3.4727411
-3.2024734 -2.17171
-4.504091 -2.0242896
-2.2347088 -3.6675634
-1.8074795 -3.9097319
-2.6592703 -3.15703
-1.5986252 -2.6199565
-2.4153306 -4.013447
-3.3325999 -3.151195
-2.9666393 -4.1961637
-2.90932 -2.726841
-2.7949364 -2.1102188
-2.1666298 -3.7103462
-2.189665 -2.8442512
-2.0091345 -4.3344207
-2.338481 -3.2596087
-2.143727 -2.2629337
-3.1024957 -3.051115
-1.4749987 -4.2316465
-1.1958165 -2.8335876
-1.6153264 -3.160336
-2.0701354 -3.1397376
-3.3165302 -2.4038544
-3.2943573 -3.4574633
-3.4069812 -4.1200447
-1.8403945 -3.2708411
-2.6649327 -1.7967465
-3.5856764 -2.5609107
-3.1378038 -3.0585904
-3.0610096 -2.3055186
-3.2055786 -2.943211
-3.0046115 -2.6876903
-4.5952454 -2.562697
-2.6213129 -2.0139313
-3.371695 -1.7216213
-2.0912328 -3.0694032
-4.211847 -1.6495312
-3.522717 -3.3005605
-2.9664972 -3.4554148
-2.0502658 -2.350419
-2.288713 -2.6336503
-2.4627821 -2.1090117
-1.9383413 -3.483118
-2.1114352 -2.0882888
-1.2959982 -3.762837
-2.5721948 -2.860931
-2.0156515 -3.922717
-1.9689658 -2.7177734
-2.2937133 -1.5780313
-1.8478521 -3.9472156
-3.1028867 -2.1295247
-2.786296 -3.620767
-3.7538278 -2.297965
-0.57751 -3.1894226
-2.6089864 -2.8941755
-1.1455266 -2.5126438
-2.3289418 -3.5668082
-3.1264 -2.9334817
-3.468047 -1.6504928
-3.998441 -2.1158137
-1.1085907 -2.1277137
-2.293555 -1.9920219
-2.7908022 -3.3192654
-1.8331306 -3.0116692
-2.7624373 -2.1556635
-0.7892085 -3.2529216
-2.16119 -2.8462958
-1.7931951 -4.12727
-2.5740445 -2.416574
-1.1691605 -2.1399522
-3.0512605 -3.421587
-2.6980975 -2.881956
-2.5258975 -1.6907158
-3.7916944 -2.7667518
-2.0825717 -3.9407277
-2.0658875 -2.0361028
-2.912033 -2.1464984
-1.6040488 -2.6383586
-3.527427 -2.6605062
-2.8578923 -3.5410175
-3.774746 -2.5016017
-1.9228833 -1.606464
-1.7213613 -1.1492603
-3.852036 -4.030116
-2.43431 -3.7304535
-3.1629472 -2.3819423
-2.0663688 -3.9948845
-2.7883754 -2.996234
-1.3050709 -3.2510142
-1.1815699 -3.109283
-2.3527122 -3.036306
-3.2507539 -3.1781893
-1.6255333 -2.2380896
-1.4782027 -3.0688815
-2.9587367 -2.1972628
-2.5222607 -1.5116248
-2.1923532 -3.7588258
-3.0374932 -3.3820038
-3.190303 -1.48266
-2.3328729 -2.6363354
-3.5316167 -2.1724243
-1.4811919 -3.2610588
-2.3651779 -2.4889383
-1.9268789 -3.3197603
-3.816631 -1.163764
-2.680034 -2.4526982
-2.1479788 -3.1535153
-2.5430698 -1.8365399
-3.1840801 -3.0091434
-2.1369197 -1.7522675
-2.1581879 -3.235074
-2.982524 -3.9830785
-2.4361334 -3.4482388
-2.5705874 -3.4691353
-3.7344623 -2.4589586
-3.0262454 -2.1657724
-4.3177805 -3.6809616
-3.0100787 -3.715506
-0.68735397 -2.280676
-1.755504 -2.963839
-3.8862011 -3.1975298
-2.0558038 -3.2071543
-0.97972614 -1.7853074
-2.626602 -1.7099369
-2.3917906 -2.2421012
-1.329985 -3.594183
-3.0230095 -2.3950982
-2.3364058 -4.230825
-2.818412 -2.469511
-2.5889268 -2.2194016
-2.1058018 -2.9035287
-2.4416044 -3.5458484
-3.6388907 -2.601995
-1.6535183 -2.6948762
-2.1785216 -3.5050044
-2.6574948 -2.5285907
-0.57697797 -3.8012295
-2.5731966 -3.2033672
-3.047603 -2.1187305
-4.012952 -2.9316726
-4.5911045 -2.5376673
-1.9794685 -4.387108
-3.4648855 -3.1690116
-2.9389439 -2.5385165
-2.2407017 -2.0582027
-3.405721 -2.3982964
-1.079355 -2.2379105
-2.9752264 -2.110045
-4.0057535 -2.989839
-3.135972 -2.8036003
-2.864974 -2.1252065
-3.0030515 -2.8219671
-1.2433767 -4.1696672
-2.8823988 -4.1825924
-2.1874342 -2.4437537
-2.4943483 -1.8216878
-2.288516 -4.3068757
-2.9890122 -2.8899803
-2.1824188 -4.2040358
-3.4872973 -2.5886116
-2.8307621 -3.1538877
-3.387947 -1.8515121
-3.288794 -2.1546664
-2.5668664 -3.4673257
-2.5694115 -2.472465
-2.941168 -3.2295065
-1.2678859 -1.8200651
-2.001598 -3.181769
-2.664214 -3.9715533
-3.5428724 -1.7097299
-0.8668923 -3.7327566
-1.6876366 -3.0796504
-2.0086472 -1.7416153
-1.6126244 -2.0832148
-2.0356178 -3.0701737
-2.4165487 -5.104533
-3.2270598 -2.8666677
-1.6591216 -2.1140225
-3.351453 -3.4212513
-1.7514482 -4.172549
-1.7915112 -3.2398143
-3.7427278 -2.4311323
-1.4779433 -3.4235172
-2.3918114 -2.2949343
-2.7418678 -1.904967
-3.3544962 -4.5139885
-1.9207021 -1.845004
-2.205137 -2.1081958
-4.2504573 -2.5654569
-2.2599394 -5.496205
-2.5001287 -2.7891588
-3.2940388 -2.521655
-2.573536 -4.2533975
-1.9452578 -2.4693437
-3.9101524 -2.5599604
-0.4969707 -3.025579
-3.20587 -2.8895555
-2.0554888 -3.187706
-0.90000623 -3.002822
-2.9486425 -3.3026175
-3.9711936 -2.5460982
-2.272439 -2.690702
-0.023008734 -3.7238483
-3.1293075 -2.3606362
-4.9168916 -2.8832593
-3.907746 -2.6318421
-2.242618 -3.7998805
-2.413482 -3.0123572
-3.1109283 -1.4970038
-2.3922033 -5.588059
-3.4920323 -2.269916
-3.166011 -3.3500395
-3.3012097 -1.812448
-2.8829186 -2.144352
-1.4114877 -1.6149467
-4.0510454 -3.1048837
-2.5967534 -2.5265307
-2.1961455 -1.2149692
-3.2488425 -2.6960878
-0.8045001 -3.4759421
-2.0504827 -3.3171449
-3.2182992 -3.5168643
-2.93276 -2.945979
-2.5260603 -3.696021
-2.0919363 -3.3812127
-3.3074574 -2.0603805
-2.6275716 -2.241664
-1.8761817 -2.43885
-3.1028311 -2.0146217
-2.9040327 -2.4290009
-2.8571107 -2.5700927
-2.5825548 -2.9294171
-1.1167313 -3.2929454
-3.235938 -3.631093
-3.2691557 -2.994317
-2.466901 -2.145421
-2.391643 -1.8241043
-2.5455225 -2.2292304
-2.3281274 -3.5773368
-2.5457227 -2.5826674
-2.9147666 -1.5966926
-3.1424139 -2.350161
-2.7534375 -3.704701
-2.1495013 -2.4874868
-2.92369 -4.939772
-0.6577491 -2.0521793
-3.7512197 -1.6056429
-3.4458036 -2.111285
-3.2572482 -2.8593535
-1.5455942 -3.747385
-1.8681197 -3.3019838
-2.5211823 -3.7289453
-3.8267283 -3.4813347
-2.620318 -3.0084066
-3.2198286 -2.4653468
-4.208313 -3.0829196
-2.995805 -2.9070702
-2.5049021 -1.915554
-4.006544 -2.1770225
-1.708003 -2.246851
-1.6559969 -3.2520547
-4.88632 -2.855322
-2.4183347 -4.514582
-3.1254225 -2.2201188
-3.2468362 -2.0829272
-1.9849015 -3.0802088
-2.0239556 -2.6463323
-1.1457388 -4.0941095
-1.6070986 -2.1475432
-3.0913584 -2.9689474
-1.6640854 -1.440811
-3.16492 -2.5206175
-2.4530587 -3.219503
-1.7394538 -2.0672293
-3.1567578 -2.5411377
-2.6662183 -2.5351543
-1.9989142 -3.410756
-1.9383342 -3.0723605
-4.067301 -1.5612373
-3.5146985 -1.4760909
-3.2654464 -3.138414
-3.4859824 -3.1019254
-2.7365084 -2.4495072
-3.6591322 -2.9781165
-2.650005 -3.0089307
-2.2125475 -3.1965494
-2.0793157 -1.766514
-3.4499955 -1.8941423
-4.3068013 -2.6898108
-1.9892875 -3.2548084
-4.3571825 -3.079482
-2.6285887 -2.441656
-2.2687552 -3.047615
-2.4247541 -3.6001077
-3.4958405 -2.810255
-3.3384116 -1.5163463
-4.004588 -1.9182067
-3.6350236 -2.6566148
-2.7125373 -2.5002327
-3.1350024 -1.5595759
-3.3632634 -2.3172307
-3.5605457 -1.9931237
-2.2778432 -3.3408332
-2.6680894 -2.4065719
-2.1021128 -3.48703
-2.7930293 -2.3615856
-2.9258459 -3.6578288
-3.1567771 -2.2457933
-2.7047024 -2.9608774
-2.4415772 -2.5276933
-1.7862365 -3.3054
-2.9853592 -3.343937
-3.8935418 -2.6425953
-3.9017637 -2.6810918
-3.3266642 -2.3366032
-3.9545605 -3.3313088
-2.7241445 -3.7565298
-3.2689219 -3.7331176
-2.8631306 -1.2667694
-1.9638362 -2.2568722
-3.192198 -2.9910545
-3.3204174 -2.7336698
-2.1474671 -2.582148
-1.3418252 -2.3945522
-1.468748 -4.243576
-1.0874091 -3.3420644
-3.7620623 -3.2097225
-3.2854676 -1.6064827
-4.2380934 -3.3594985
-2.230791 -3.5491672
-2.5209126 -2.7498555
-2.9038606 -2.7762952
-2.6574094 -2.703556
-3.7103198 -2.1638026
-3.0705357 -3.5489764
-2.5834696 -3.4742098
-2.9546912 -3.5141015
-2.1482234 -1.9639328
-3.3679638 -4.033602
-1.6628581 -3.164176
-3.9181094 -2.7136874
-2.9587653 -2.922721
-3.304052 -3.1089272
-1.9067804 -4.646408
-3.025711 -1.9737225
-1.4674678 -2.1285148
-3.0034413 -3.4745092
-1.460246 -2.8831363
-2.4539008 -1.8284463
-3.6952808 -3.246283
-2.7039356 -2.7364922
-2.5964346 -2.5248575
-2.3255253 -4.071377
-2.5851574 -3.6170115
-4.1494966 -4.1573358
-2.4872587 -2.9505143
-3.508706 -2.4040713
-2.2018156 -3.6787853
-2.166919 -4.6419683
-0.9514319 -3.5039654
-3.1628325 -4.0942388
-3.1133473 -2.3627963
-1.431833 -4.225863
-3.3471506 -3.5000815
-2.2141564 -1.9172168
-3.4140296 -2.2868829
-4.6884093 -2.4948373
-3.104346 -2.7056346
-2.367802 -5.136434
-3.6981082 -2.105207
-1.7986827 -4.2995467
-2.9740574 -2.8609877
-3.5281327 -2.1735513
-2.261243 -2.5700908
-4.7901297 -2.7074575
-2.6506763 -2.9258542
-2.5093489 -2.7834811
-2.8282716 -2.7934928
-2.1162298 -3.0110826
-2.4256055 -3.6575613
-4.7973223 -4.0253224
-2.7716012 -4.0233912
-1.9483144 -3.0888267
-1.1558872 -2.0403953
-3.2369208 -2.997005
-1.2811335 -2.2804193
-1.6325749 -2.4766192
-2.800545 -3.2823825
-2.0118136 -2.2367325
-2.78791 -2.9199243
-3.1787415 -2.02839
-3.5573046 -3.5889053
-0.7690903 -4.275666
-2.888237 -2.882032
-2.619284 -2.8295856
-3.4495192 -1.373632
-2.7983706 -1.4783581
-3.59998 -1.4659009
-2.6125028 -2.7358427
-2.1880143 -2.561914
-2.2748475 -1.7385465
-1.766599 -2.8945804
-2.1671727 -2.8419929
-2.3980756 -3.8595595
-1.7561672 -3.5498147
-3.1795917 -2.37295
-3.1768456 -2.2577128
-2.583579 -2.3551722
-3.1439002 -4.2480373
-2.905412 -3.4371762
-2.3631675 -2.6492743
-2.8856387 -3.2797222
-2.6696086 -1.5927434
-2.6064975 -2.8922205
-3.492276 -2.3443766
-1.9828359 -2.6051993
-1.3760834 -4.743991
-3.1899579 -2.9133105
-2.4991999 -2.9486537
-2.4249074 -3.345221
-2.934032 -3.3262382
-1.8554493 -2.3318787
-2.4417634 -3.5569649
-2.7082467 -2.5032983
-3.1055803 -1.8450513
-2.0483725 -3.9433022
-2.880286 -3.4389281
-3.8930457 -2.1893287
-2.910229 -2.9653788
-3.197645 -3.6724257
-1.9246097 -1.7774518
-3.1764379 -3.1106095
-1.3643125 -3.9594345
-2.951329 -1.3897083
-3.1799157 -2.414361
-2.8052242 -2.861895
-2.517249 -3.907168
-2.5600169 -3.4328213
-2.5037985 -1.8896317
-3.0525157 -3.5108957
-2.3866012 -2.9704385
-2.648432 -2.4761896
-3.2184904 -2.413989
-0.8900715 -4.1377325
-3.517472 -2.0976713
-2.6152363 -2.6328607
-2.8021667 -3.7521734
-2.9003456 -2.641159
-2.2977386 -4.3118415
-3.2609508 -2.7807055
-1.8538591 -4.0606217
-3.0118077 -4.558062
-2.8887882 -2.732039
-3.2455864 -1.7268976
-3.0688953 -2.7635255
-2.889916 -1.8069047
-3.6093311 -2.598692
-3.2258687 -2.6670208
-2.4120991 -2.9130406
-2.5882454 -4.5662837
-2.506105 -2.7662983
-1.6841904 -1.3082644
-3.6926663 -2.3911586
-3.3694346 -3.785911
-3.479475 -3.4695277
-2.6099236 -2.236219
-2.4796076 -1.6378525
-3.3313396 -2.035612
-2.8036335 -1.9740939
-4.892052 -3.173555
-2.7451534 -2.1967278
-2.2221706 -2.9616542
-2.3326242 -2.6406898
-2.7076628 -3.1080213
-2.4680288 -4.053942
-1.8542538 -3.5444322
-2.1157396 -2.3665195
-2.9406703 -3.5487351
-2.0399504 -4.491957
-1.5334646 -2.9863315
-2.6317809 -3.1296425
-2.7903063 -3.0698204
-2.5906792 -1.5761544
-2.834262 -3.5979066
-1.8606205 -3.4265585
-3.4472003 -2.8204474
-1.3073285 -3.3565125
-2.0380769 -2.0159009
-3.4888082 -2.0162013
-2.11814 -3.4135695
-3.0980442 -3.2820349
-2.5148215 -2.0319896
-2.4408338 -3.283105
-1.6528306 -2.475165
-3.777167 -2.863203
-2.827821 -2.7108278
-3.4421868 -2.8336792
-2.3766835 -3.1055622
-2.0044918 -3.4026265
-2.8580754 -2.3387828
-2.780908 -3.6087432
-3.075 -2.6261435
-2.2079725 -2.8175435
-2.9361613 -2.6901765
-2.346226 -2.3487139
-3.2630277 -2.0251896
-1.6017969 -2.4178495
-2.9388528 -3.032467
-2.4188478 -3.307187
-1.1468363 -1.5443773
-2.4127285 -2.6795135
-3.0965958 -2.3964882
-2.2773564 -2.8714113
-3.0706236 -2.379005
-3.2179596 -2.1446862
-3.2407858 -3.505909
-2.02765 -2.6329226
-3.4931598 -1.998229
-2.621357 -3.4765677
-2.3695345 -2.4070578
-2.4263802 -2.5973716
-3.2575464 -1.9672302
-2.8494372 -2.5558267
-1.7904047 -4.332115
-3.4122686 -1.5553344
-2.4485576 -4.320454
-3.0413506 -4.392443
-2.5747633 -2.307087
-2.4558027 -4.348676
-2.6719382 -1.6177484
-2.8857887 -1.8290927
-3.3686278 -2.6320982
-4.1058283 -3.7208676
-1.9351386 -2.5828156
-2.8095977 -2.8171248
-2.609936 -2.8730044
-2.4087615 -1.53057
-2.0738792 -4.502372
-1.9460434 -4.0050964
-1.4737852 -2.8736234
-3.0357032 -4.100025
-2.5380275 -2.9637094
-2.793022 -2.334731
-2.9732542 -2.4773693
-3.1367514 -2.1090622
-2.1286998 -1.869763
-3.1241565 -2.6636047
-1.5732388 -3.5037174
-1.9841509 -1.1851997
-2.3342948 -3.84543
-2.2941747 -3.6836061
-3.3291945 -1.6520517
-2.2052464 -3.0487132
-2.4208503 -3.7030406
-1.6642034 -3.8865018
-2.8491087 -5.0061703
-3.6854744 -2.6940928
-2.0264626 -2.7163835
-2.8989983 -3.5816097
-2.816196 -2.99997
-1.7053719 -4.0974665
-1.8661126 -2.5055766
-1.8799903 -3.0078535
-3.3052375 -4.931078
-0.53842175 -2.9462032
-2.0050967 -3.1292424
-2.1332946 -5.0169654
-2.0991912 -3.3022332
-4.203651 -3.148656
-3.0338423 -2.8218808
-3.7298722 -3.069139
-2.1120582 -3.400106
-2.1197941 -1.8509055
-2.6695352 -1.9131131
-3.0172813 -3.1945124
-2.8423028 -2.9019718
-3.1436253 -2.426467
-2.3243818 -1.9538733
-4.8473434 -2.2551517
-0.83032715 -2.790452
-1.395572 -2.0862582
-2.8756237 -4.0775743
-3.1652467 -1.8486035
-1.7385602 -2.4352221
-3.530002 -2.1811588
-2.0371969 -3.5232186
-2.8665624 -1.3317962
-2.306679 -3.1851296
-0.14973423 -1.0102115
-1.6073852 -3.558805
-3.4419115 -2.5141835
-4.297057 -2.022347
-1.3412592 -3.6723228
-2.5527966 -2.3259654
-2.338874 -1.495757
-2.910574 -3.4972115
-1.9924543 -2.4843292
-2.8659165 -5.554107
-3.2119453 -2.7980003
-3.3638525 -2.7636719
-3.1616533 -2.0061495
-2.704109 -3.0653896
-2.927216 -2.592327
-3.894595 -2.5938325
-2.7832975 -2.6942806
-2.4320319 -3.211464
-3.4381046 -3.1413288
-5.4891267 -2.9752107
-1.3830504 -3.091032
-2.9759617 -1.8125141
-4.10193 -2.2541165
-3.071691 -2.5681505
-3.3209174 -2.141357
-3.379985 -3.116644
-2.3507934 -1.5316812
-1.7126161 -2.1366239
-2.4577994 -2.7174172
-2.4378037 -1.4126842
-1.9791946 -2.1280353
-2.546282 -2.0201683
-1.9837327 -1.6393203
-3.2883515 -2.5508904
-1.4610595 -1.6881475
-3.1632938 -2.7690287
-2.8571963 -2.9000826
-3.6286678 -2.5846386
-1.8355942 -1.6102357
-3.6690974 -2.6958632
-4.2058926 -3.3224654
-3.8213048 -3.7994246
-2.5766826 -1.6989129
-2.7279382 -2.289524
-1.0991385 -3.3439922
-3.4222386 -3.0703778
-2.3414392 -3.2019734
-3.5211306 -3.3069906
-2.391098 -4.4628243
-2.5706306 -4.250569
-2.947284 -2.4350314
-2.8322694 -2.2909784
-3.9048743 -2.7621465
-2.4766457 -3.8338413
-2.8579657 -1.4298931
-2.6817732 -2.1763303
-2.273327 -3.4699001
-1.7153883 -2.994133
-2.2887504 -3.389039
-2.7134957 -2.5928173
-0.67103606 -2.512198
-2.6646285 -3.0035152
-4.487475 -2.2974925
-3.3745859 -2.649714
-5.049841 -4.354529
-2.9093347 -2.227687
-3.3084202 -2.902965
-1.4276464 -3.3110104
-1.7471236 -3.6192307
