-2.4967754 -1.101058
-0.64155084 -2.0685384
-2.7622867 -2.2575881
-3.026461 -2.492244
-2.6147013 -3.0338705
-2.9354894 -2.7502131
-2.1112065 -2.89691
-1.7737472 -1.6883681
-3.009335 -2.8402228
-2.6215806 -3.2698677
-1.7443339 -2.781833
-2.1141958 -1.0628109
-3.2259145 -3.0954576
-2.4130397 -3.1252139
-2.6286411 -1.7096813
-3.609799 -1.916266
-3.3280683 -2.6507773
-0.89886075 -2.8595114
-1.6449534 -1.6444228
-0.8394705 -2.259591
-2.0942848 -3.4012682
-2.5177097 -1.6644015
-1.965268 -3.0784228
-0.8360073 -2.8634288
-3.701171 -3.4838274
-2.0405254 -2.7428806
-3.392497 -3.0515122
-2.9523358 -3.4774606
-2.489116 -1.5971928
-2.5520363 -1.7120774
-3.635164 -2.7893732
-1.8630322 -2.15414
-0.9203744 -4.401701
-2.7109823 -1.9395413
-3.9315877 -2.1970115
-2.055277 -2.0738378
-2.6524045 -2.2570665
-3.7671123 -1.6400614
-2.7063265 -2.4345326
-2.445565 -2.5388455
-2.3667188 -0.8803466
-1.743255 -2.723965
-0.94894606 -0.4522929
-2.1754637 -2.138413
-2.1624 -1.147717
-3.4314828 -2.226367
-1.8100343 -0.9233575
-2.251826 -2.383138
-3.4016309 -1.2913642
-2.958688 -2.3694153
-2.3444834 -2.5636282
-1.9393934 -2.604518
-1.0404881 -3.8642707
-2.4597907 -2.6164494
-1.8865354 -1.906548
-0.7411656 -3.0745559
-1.4118353 -2.0513694
-2.786771 -1.7905793
-3.9001272 -2.5211189
-1.8109909 -1.8789203
-3.4261618 -2.1969528
-2.74197 -1.6824343
-1.7865385 -1.9158809
-3.854536 -2.0963175
-2.4371667 -2.9443965
-1.4005936 -1.5521147
-1.4446398 -3.3648043
-1.863072 -1.2752528
-1.855344 -0.6832311
0.48817044 -3.4932292
-2.8002787 -3.0581505
-1.0674373 -3.558995
-3.2188742 -3.8354597
-4.456042 -3.4864316
-1.9882157 -2.3850486
-1.8893152 -1.768023
-1.4499477 -1.7589333
-2.1187556 -3.3625073
-2.338855 -2.19658
-2.3953779 -2.3568177
-2.1419935 -2.5504923
-2.4335063 -1.0320473
-1.1050546 -3.2080429
-1.769915 -1.5209846
-2.4436836 -2.4904954
-2.381903 -2.3445137
-2.3284776 -2.820905
-3.0136566 -0.77476496
-2.847255 -2.571662
-1.659345 -3.0461574
-1.9082919 -1.6006873
-1.4248772 -3.046693
-2.1107574 -3.6698356
-2.17867 -3.0891614
-3.2299685 -2.7440019
-2.3502002 -1.3167245
-2.2912366 -3.8701272
-3.8059208 -2.8598137
-1.0946399 -2.062686
-3.3078713 -0.9398727
-3.091613 -3.3350782
-3.3393958 -2.2770379
-3.9850774 -1.5433493
-1.82449 -0.80568016
-2.172672 -0.8289863
-2.6424642 -3.3033106
-3.5472186 -1.5773647
-2.7583632 -2.6599927
-2.2408571 -2.7640917
-2.780679 -1.6491444
-2.330432 -2.4128888
-2.6525261 -2.707379
-1.6878852 -2.9836128
-2.6856542 -2.0254145
-3.5384388 -2.3261812
-2.638918 -2.3503804
-2.5291936 -2.5453076
-2.2830324 -2.8214245
-1.3388959 -3.013579
-1.3872358 -2.429258
-2.2166214 -1.5327342
-0.90028214 -2.8224173
-3.9303372 -2.6051993
-1.7052339 -2.6170979
-0.24362582 -2.0380857
-1.7444986 -1.5336931
-0.45642188 -1.2319653
-2.8968182 -3.1327567
-1.43986 -2.1476905
-2.3781145 -2.7345028
-2.4267392 -2.031264
-1.7199932 -3.8508782
-2.8452764 -0.96377647
-2.7502973 -2.6944847
-1.7737138 -1.9619296
-1.8999614 -2.747675
-2.7069278 -3.4094393
-2.0287044 -1.9993279
-2.2537854 -2.962052
-2.8113804 -3.030701
-0.6365101 -1.2267959
-1.2061868 -1.1215268
-2.6587565 -2.018472
-1.5181245 -0.77516514
-1.9426528 -2.19587
-1.2150302 -3.11603
-3.4736314 -3.8396823
-1.8343084 -3.0615418
-3.0775301 -3.4226213
-2.7609816 -2.9508908
-2.103151 -1.1434579
-1.9957995 -3.3860312
-2.2190137 -1.210791
-1.2163695 -1.6161268
-1.7177973 -2.2149272
-1.1701888 -1.6605706
-0.92276967 -1.608352
-2.7164435 -1.1822753
-3.1004245 -1.4649954
-2.7931492 -2.4471307
-1.3523899 -3.947159
-3.8961484 -2.3078988
-2.731779 -3.4772003
-2.271003 -3.0985198
-4.68111 -2.7158258
-0.925214 -2.8427901
-2.9031637 -2.0651
-3.8851466 -1.5320091
-1.5586649 -1.7506568
-0.95447314 -3.7023578
-2.626307 -1.6553042
-2.29982 -2.538832
-1.3408127 -1.5810213
-1.8752172 -2.5836978
-2.7726238 -1.539263
-3.5025775 -1.8854713
-1.7190015 -2.6759596
-2.9523952 -0.96086997
-2.796763 -3.1760163
-3.08803 -2.147358
-2.1315413 -1.8444424
-2.670862 -1.9915628
-2.0893297 -2.6858373
-1.7447876 -2.7628243
-1.5830963 -3.1780813
-2.5248342 -1.5052037
-2.177695 -1.3455842
-2.6977844 -2.8074672
-4.5087423 -3.9808471
-2.2379577 -3.5044386
-1.1741452 -2.542529
-1.7849553 -2.179205
-3.3336637 -2.4255123
-2.3780024 -1.3821349
-1.6315343 -1.3296764
-2.8384345 -1.7625456
-2.7560945 -2.0237756
-2.974787 -1.4664114
-2.0875542 -3.7167332
-3.5255122 -1.498879
-2.2410657 -2.5193248
-1.3125854 -2.3331623
-1.7080256 -1.94155
-1.5471667 -1.2690814
-2.302009 -3.2280104
-1.5677994 -3.6571722
-1.8809642 -0.5021038
-1.8454124 -3.224269
-1.5366948 -2.8177192
0.3095675 -1.6537211
-1.26732 -2.1190953
-1.8430629 -2.2845554
-0.33779445 -3.0049899
-1.9555627 -1.9025035
-2.520872 -3.2968714
-3.0480065 -1.9897585
-1.4096168 -2.765888
-2.6100671 -2.200254
-2.5129955 -3.525156
-2.1329405 -1.4569774
-3.51817 -1.0896926
-2.0117915 -3.9033828
-0.85098314 -2.2498195
-1.5378146 -2.9201355
-2.1887844 -1.2931728
-1.2398785 -2.4766576
-4.2672663 -1.4966917
-2.3102071 -3.1222987
-1.2784057 -2.9217522
-2.913341 -2.8554628
-3.5267112 -2.0586033
-2.9071677 -2.2284372
-2.2777958 -2.0517607
-2.5851696 -1.8706081
-3.5076025 -3.0327837
-2.1956868 -3.7743757
-2.5798743 -2.6978695
-2.752634 -3.4482694
-1.3651215 -2.7255402
-3.401541 -0.5711347
-2.4392812 -1.979084
-3.0434752 -3.9764173
-3.2867343 -2.560145
-1.5762023 -2.1054776
-1.5570645 -4.261718
-2.5513246 -2.2883406
-2.0907307 -3.0792465
-2.084795 -2.5650578
-2.481947 -2.600386
-2.9556706 -3.1822512
-2.2707422 -1.7866414
-3.451952 -0.7657077
-2.8037086 -1.252063
-2.2468648 -2.5516644
-2.4979982 -1.9103322
-2.931113 -2.6813138
-1.9809294 -0.9887675
-2.6911786 -1.5962825
-3.1635163 -1.6122708
-1.1699246 -3.2754197
-2.6353555 -1.0340984
-3.0630083 -2.756544
-2.234889 -1.5825806
-3.0626497 -2.3027494
-3.213864 -3.5871944
-3.1449666 -2.6646821
-1.8867877 -3.4863107
-1.760826 -1.5700836
-0.85454184 -3.5427892
-3.005342 -2.5939403
-3.428822 -1.8264599
-2.3580613 -3.7981718
-3.0219 -1.9811985
-1.573622 -2.3411937
-2.8397803 -3.9780385
-2.1978402 -1.9859843
-2.186454 -1.8725812
-2.8137765 -2.4206433
-2.1228251 -2.3273802
-1.5331838 -1.9860027
-3.596461 -4.324598
-1.4178163 -2.3630288
-3.80279 -1.6096756
-1.1898133 -3.8251393
-2.23288 -0.32130125
-2.5060003 -3.262435
-2.5514054 -2.466696
-1.3559179 -2.9498396
-4.7398252 -2.8466654
-2.184856 -1.6298125
-2.0884051 -2.3623314
-3.8676088 -2.0039315
-3.5598168 -2.6943696
-3.9018989 -3.7910402
-2.0655937 -1.5395124
-3.668718 -1.8124337
-2.9289057 -2.8482816
-1.6426879 -3.799146
-1.2248523 -2.3837104
-2.7098606 -2.5220687
-3.0573227 -3.8027534
-2.3969514 -2.078835
-1.248888 -3.2512174
-1.3947306 -2.6978345
-3.2532518 -2.67648
-1.4346812 -0.60331076
-2.855307 -2.2126908
-1.8464695 -3.6942582
-1.1920936 -2.374942
-4.2089305 -1.869844
-1.8239648 -1.6787343
-0.7798308 -2.5505311
-2.18899 -2.9883583
-2.1799426 -3.7475305
-2.5292387 -2.840648
-2.4073431 -3.0357642
-2.3192775 -2.1843197
-3.3922315 -2.47917
-2.3683026 -2.2901134
-2.0785952 -3.186056
-3.6275976 -2.6239862
-1.1397872 -3.8231218
-0.7546091 -2.380375
-1.8777275 -2.6243725
-1.5652535 -2.0663757
-0.6282955 -4.0662236
-2.2121427 -0.5506418
-1.9884652 -2.0539238
-3.132663 -2.05689
-2.1867154 -0.97223616
-2.5111206 -3.399523
-1.7270877 -2.939748
-3.4069753 -2.3364255
-1.9982659 -4.886678
-5.316572 -2.4903657
-2.4666991 -0.91958237
-3.5721335 -2.5946577
-2.5668666 -1.7835987
-2.9178908 -2.1912534
-1.3261611 -0.8101727
-2.031505 -3.2512984
-2.31818 -2.61801
-2.9881184 -2.5181413
-2.9569595 -1.8321056
-2.1752527 -2.3241441
-2.1774147 -3.7901225
-2.277563 -2.8825219
-2.722982 -2.3839488
-2.3452992 -1.4780073
-2.5391502 -3.6164925
-1.6708603 -3.5177786
-0.456289 -3.439597
-3.2585354 -2.6472461
-2.1322918 -1.735575
-1.7075301 -3.9082005
-2.5370185 -2.2912145
-1.0493103 -2.045215
-1.6255995 -1.5541201
-1.8614113 -2.9094906
0.28127825 -2.4530501
-2.3279054 -2.768982
-3.2415996 -1.796284
-1.4046991 -1.0266647
0.046000525 -1.9179683
-2.7808273 -2.0482485
-2.8517635 -1.9619079
-2.4463239 -3.2060816
-1.8653957 -2.7585979
-1.8492153 -3.0430155
-3.647317 -2.6972601
-2.0740225 -2.4071727
-2.9438586 -1.5127294
-2.6006844 -2.7704237
-2.3712993 -3.462208
-3.1005874 -2.0698502
-2.5263715 -1.9809024
-2.398749 -1.9586112
-1.9784377 -1.6907918
-1.4181967 -2.990838
-2.5563147 -2.6900852
-0.9072652 -3.8400981
-0.6114422 -3.3062654
-0.37801164 -2.092287
-3.0402486 -0.9401835
-2.3888083 -2.0786421
-1.4947203 -2.2423284
-2.1910622 -2.6516492
-1.8856457 -4.660757
-2.2347 -2.4906113
-1.513495 -2.986471
-3.9378326 -3.9924748
-2.7537425 -2.1509094
-2.8481448 -2.710432
-3.399353 -3.176112
-2.0254464 -2.9637537
-2.8230126 -1.885747
-1.9940066 -3.559042
-1.0910834 -2.3865404
-2.7573936 -1.7018466
-3.2290418 -2.087173
-2.770149 -2.1348014
-2.7412164 -1.2515864
-2.4575186 -1.8394756
-2.2683175 -3.0111487
-2.8819454 -4.0456114
-2.6862955 -2.3409796
-3.2357278 -3.0647023
-3.6534133 -2.7727685
-1.4582255 -4.037023
-2.4840088 -1.437351
-2.3160956 -1.2772987
-3.2873924 -2.4058828
-1.4594477 -1.6694639
-1.973132 -1.2228537
-2.3161764 -1.7310002
-1.9928807 -2.4163706
-2.5666208 -0.88325655
-3.9907897 -3.3287537
-2.109031 -1.408246
-3.2656138 -1.7068133
-0.2936539 -3.2134397
-2.6484282 -1.8004348
-1.543126 -2.4671044
-2.0783398 -3.5003095
-1.1611754 -1.3179793
-2.1989698 -2.6359975
-1.3451138 -2.141457
-1.9423714 -1.4275177
-2.3414416 -3.3130717
-1.5463934 -3.2522256
-0.7087215 -2.4397304
-1.9727298 -2.0713313
-2.1036472 -2.1585953
-2.5883434 -2.5670767
-0.18517444 -3.618764
-2.305044 -2.4841452
-1.1537628 -2.7255251
-1.2409515 -3.5551853
-2.8312583 -1.7433245
-2.599978 -2.7110088
-1.7865282 -3.2835884
-1.6364799 -2.3669238
-2.7596557 -2.2592902
-2.4560592 -2.910265
-1.1684906 -3.245519
-2.0436912 -1.4913404
-3.833838 -2.8285198
-1.0536133 -1.8905053
-2.519368 -1.6603451
-3.6047986 -2.1510293
-2.847582 -2.5169117
-3.1870608 -2.4503016
-2.7613945 -2.2202253
-2.4641461 -1.9737015
-2.7962918 -2.8529327
-3.2831583 -3.1360185
-3.0188134 -1.807811
-2.7185712 -2.630036
-3.0771189 -2.0453787
-2.2082808 -3.279811
-1.4678483 -1.491251
-2.41159 -0.7750745
-3.1352699 -2.2955852
-2.0870767 -2.4654915
-2.995601 -1.8919435
-1.7063633 -2.0905304
-1.3389041 -2.0304213
-1.907149 -2.9407365
-0.5084354 -2.466544
-1.5573028 -3.597827
-2.4401305 -2.1302626
-2.5818608 -2.447847
-3.373379 -2.614382
-3.8288636 -2.7918725
0.06259082 -2.5391812
-3.0999703 -1.9409604
0.6953653 -3.8188858
0.67172784 -2.2606912
-2.5774605 -1.8333323
-1.0032688 -2.966004
-2.7225723 -3.2967238
-1.2687634 -1.0831493
-2.1389081 -0.6824151
0.19304027 -3.520034
-1.4044771 -1.2018759
-0.8077048 -1.9353995
-3.7073603 -4.7083197
-2.6793244 -0.9023172
-3.0283492 -1.9284098
-0.24814785 -2.4800487
-2.6443257 -4.384278
-3.0207973 -1.661396
-2.7830486 -1.8616829
-2.2109249 -1.4757168
-3.102818 -1.7883396
-3.5425365 -3.028759
-3.3712046 -2.6947925
-3.1033566 -1.1327797
-2.351743 -0.6490226
-2.6243284 -4.09907
-1.6666744 -3.3842695
-2.2744472 -3.2380965
-1.973314 -1.7558486
-4.0100455 -2.2920065
-1.559314 -3.7949913
-1.2978026 -3.5919366
-0.67950064 -1.7683954
-1.9097449 -2.7273915
-0.826498 -2.7586975
-2.5114098 -1.1388481
-3.8491786 -1.6223888
-2.0019126 -1.730823
-2.4452693 -1.5265021
-3.2247415 -2.425805
-2.9755206 -2.8589127
-1.5140116 -2.6298997
-0.9695959 -2.392561
-1.6423386 -2.667234
-2.6817734 -1.070122
-2.5757535 -1.2413719
-2.4506574 -1.9702718
-1.9258783 -3.2124538
-1.8643318 -2.7270293
-2.6934555 -2.4645
-1.4915531 -3.4124641
-3.237668 -1.9613826
-2.3760548 -1.8535755
-1.2930468 -1.4721303
-1.4306321 -2.506048
-2.3335664 -2.3609443
-1.4429771 -3.5084736
-1.9260072 -2.6362712
-3.4049766 -1.9790075
-3.5281148 -1.5408447
-3.3381622 -1.7721903
-1.7999915 -1.5472066
-2.51449 -1.3024106
-1.4211483 -1.7857454
-3.0166419 -3.3150628
-2.7589345 -1.8032134
-2.9271038 -2.348392
-1.3055269 -2.244047
-2.149298 -2.6834939
-2.680561 -1.6886578
-2.0648513 -1.1842096
-2.0154958 -2.60013
-2.5862808 -2.029904
-2.3366175 -2.0713012
-2.6587622 -2.2044528
-1.398474 -2.629287
-2.3521273 -2.6122353
-2.1078935 -1.9978364
-0.9617731 -3.3367953
-2.5237672 -1.7088864
-2.3419504 -2.1165516
-1.3569945 -2.959716
-1.3363129 -3.4315712
-2.614282 -2.003337
-2.1686985 -1.4914832
-1.9391687 -2.9566524
-1.8470821 -1.7393281
-2.0705357 -1.6240437
-2.2663567 -1.607425
-1.6077938 -2.4467254
-2.3211288 -2.2241719
-2.1553915 -2.9970858
-2.783852 -2.6914978
-3.1627584 -1.8506134
-1.714635 -3.383228
-2.4604228 -3.2810118
-1.5368807 -1.8204899
-2.3763766 -2.527809
-2.4183207 -1.4445946
-2.0813959 -2.8556464
-2.1247303 -1.9184864
-2.3597 -2.1650388
-1.0714824 -1.892257
-2.6781151 -2.6049778
-2.7812216 -2.502325
-2.6926172 -3.8048334
-2.9752703 -2.3646722
-1.5907675 -2.0185316
-2.8866394 -2.4223733
-2.4392722 -2.112643
-2.1746066 -2.7345684
-2.4198968 -1.816915
-1.6845263 -2.3055434
-1.8060545 -1.5097883
-0.0061670244 -4.3409543
-2.00342 -0.6519481
-2.0780163 -1.9024403
-1.3672857 -3.1980882
-2.3818107 -3.7975602
-1.9556671 -1.4527731
-1.7470239 -0.73306364
-2.6630514 -1.8262618
-1.1006839 -3.4662573
-2.423184 -2.7395272
-2.2866957 -2.3032918
-3.4794786 -2.4856184
-2.3815806 -2.8311155
-0.41618645 -2.2842016
-1.3920602 -1.8940446
-1.5174171 -3.0198765
-2.1047187 -3.1412117
-3.3749843 -2.9475653
-2.7041845 -2.14058
-0.23273616 -2.3723269
-2.7076821 -0.8930886
-1.931587 -2.739408
-1.6690919 -1.340512
-2.5001452 -1.8629065
-2.4137793 -3.8118615
-2.6018395 -3.8526006
-3.1891758 -2.4196744
-1.7255243 -2.7142766
-1.7258977 -0.8417847
-1.9038615 -3.335562
-2.4858243 -2.844983
-2.9823356 -2.7514834
-1.7225347 -3.1800292
-1.3519351 -2.3675036
-2.374043 -0.8035536
-2.0201137 -2.798343
-1.5468274 -2.3537052
-1.9421208 -1.5349815
-3.5604215 -1.1336765
-3.0445728 -1.8856533
-2.6617763 -1.7739604
-1.9697269 -4.1362643
-1.5544951 -3.7601008
-2.3415618 -2.1443
-1.9735655 -1.0323603
-2.0992446 -2.6740775
-1.8548527 -1.9826736
-0.60839295 -2.6248875
-2.063065 -0.66487384
-2.7188196 -1.5332534
-1.2265055 -2.1389868
-2.5642219 -1.6288924
-3.5664492 -2.909916
-2.370308 -2.3857305
-3.25256 -2.4837713
-2.4992354 -2.372671
-1.7479347 -1.3683858
-2.9656956 -1.778733
-0.514307 -3.3743582
-2.5804355 -2.8542097
-1.1627358 -3.101199
-3.4335473 -1.5170264
-2.016778 -1.4013312
-2.2590876 -2.5440035
-2.188022 -1.942038
-2.3433733 -3.6821995
-2.5536659 -2.4221125
-1.2993304 -2.1976914
-2.645268 -1.7990098
-2.9561572 -2.5278242
-2.9750006 -3.2997239
-2.316638 -3.129297
-1.8425266 -1.6326213
-2.052227 -2.3350744
-0.54570943 -2.8648944
-2.6960187 -1.1579525
-1.979485 -2.4285176
-2.6862593 -3.2240999
-2.1272593 -0.85238373
-1.4598253 -1.2063439
-2.9309137 -2.6157415
-2.7118769 -2.7648985
-3.2648838 -2.1227558
-2.5666704 -2.7471776
-1.6617347 -2.2737641
-3.9926724 -0.94954026
-2.9070375 -1.8515103
-2.4023693 -2.6943038
-2.0891583 -1.5012197
-3.7444758 -4.947296
-0.8692716 -1.7710681
-0.6254855 -1.4862995
-1.8090863 -4.656468
-2.5563195 -1.8282866
-3.1047318 -2.5334215
-3.3370104 -2.648528
-0.7303085 -1.7069862
-2.359777 -2.298676
-2.461843 -2.3389306
-1.0800272 -2.7625644
-1.6553775 -1.3711913
-2.0042934 -1.3152311
-1.0509115 -3.3187304
-1.9416912 -1.0217433
-1.9025731 -1.3803878
-2.9403448 -2.6586685
-3.2435255 -2.363165
-3.645282 -2.4684026
-2.9404495 -2.4289062
-3.1805568 -2.2059517
-1.8130392 -1.6941841
-0.60742426 -2.8526237
-1.9447612 -2.681972
-1.5801048 -2.4226987
-3.0255363 -1.6617465
-3.3671944 -2.0646355
-1.6590056 -1.404135
-2.6556058 -2.697268
-0.21388699 -2.9202588
-1.0330174 -2.4009376
-2.9226437 -2.6483674
-1.4737986 -0.8575861
-1.993408 -2.0088465
-3.1631486 -2.289232
-1.5468918 -2.3771224
-3.085894 -3.016471
-3.1545017 -3.0752213
-2.5453074 -1.1513593
-2.8669038 -1.7296283
-2.3856301 -1.1760242
-2.9930837 -2.627802
-2.680045 -1.5770795
-2.63985 -3.4413366
-1.3524717 -3.0324593
-2.3687482 -2.1099806
0.09974308 -1.5499811
-1.5704255 -2.5751414
-2.7322536 -1.4674199
-3.1429992 -2.1522255
-1.6403458 -2.5081851
-2.0033343 -2.666865
-3.1981325 -2.2906027
-2.376057 -3.2890143
-1.7548574 -3.0031128
-0.8164402 -2.8084717
-2.8825102 -1.6606364
-0.23670885 -1.9937322
-1.9919626 -2.4573886
-1.4779409 -2.961439
-2.2613556 -2.2698123
-3.1229706 -2.6607609
-1.8286668 -3.2215369
-2.8636932 -1.6863041
-2.7199283 -1.8746481
-3.9396207 -2.242036
0.38219607 -4.6412945
-2.9818878 -1.6791399
-2.5930936 -1.72177
-2.0414715 -1.434932
-3.5277975 -1.870584
-3.17068 -3.2398643
-2.0308604 -2.8637512
-2.6430988 -2.0025551
-1.4237808 -2.244277
-2.419568 -1.4567773
-3.4661582 -1.9789109
-2.2175462 -2.9011886
-2.7941308 -2.3050127
-1.7491252 -1.2751849
-2.8531218 -3.289433
-3.5036588 -1.3771985
-3.5348186 -1.6556017
-2.7970653 -2.50421
-2.3725643 -4.2068615
-2.400306 -1.7698505
-2.0633984 -1.0703363
-1.8466583 -3.3085067
-1.4741765 -2.1127605
-1.7814716 -1.824482
-2.700961 -1.9927096
-2.3657126 -1.8686888
-3.0120344 -0.5742686
-2.7991836 -2.1668437
-2.8131132 -1.2273057
-2.0220275 -2.2249298
-1.9292179 -2.2312868
-2.7284408 -3.6418848
-1.0899552 -2.8696814
-2.2144585 -2.9625876
-2.5388474 -2.7388077
-2.097465 -1.8078425
-2.8422823 -1.7012143
-2.5263095 -2.1735144
-3.492135 -2.9601808
-1.1149858 -1.9988253
-3.528157 -2.7305357
-1.8562163 -2.7265882
-1.0523568 -3.1219838
-1.003546 -3.1269875
-2.1362462 -3.3291028
-2.6365833 -2.0553768
-3.202926 -1.7081017
-2.0744138 -3.2080784
-2.2212925 -2.4653447
-1.8539344 -3.129982
-2.9752455 -2.4938335
-2.6115253 -2.1962469
-2.9298964 -1.7363327
-3.4083042 -2.3223603
-1.0629114 -1.3721592
-2.498905 -2.8127544
-2.3194537 -3.6929352
-2.9527392 -2.8126886
-4.180212 -1.7018261
-2.1501749 -2.8222506
-2.5397584 -2.1690805
-0.10976818 -2.6667821
-2.6025984 -2.1389704
-3.189107 -2.3120492
-3.7337382 -2.093907
-3.6307776 -1.943852
-2.9998548 -1.2256367
-3.552618 -2.488048
-2.152795 -1.7319565
-2.7962556 -2.2869644
-3.7409775 -2.0417004
-3.5826092 -2.0296988
-0.997596 -3.0045755
-2.7441196 -1.7383306
-3.4586952 -1.7111235
-2.0295572 -1.2925656
-3.6730223 -1.609689
-2.5222342 -2.441816
-1.7486578 -1.6955228
-3.1468415 -2.597416
-2.1165788 -3.6266015
-2.2287827 -3.298116
-0.97475636 -2.8398652
-2.0034351 -3.663406
-1.5143536 -2.7791147
-0.7062712 -4.5135226
-2.5050168 -1.8198256
-2.4287794 -3.1674428
-2.7745454 -1.6787994
-2.1365206 -1.7637763
-3.0136445 -1.6686702
-1.647713 -3.0627966
-2.6908102 -2.2078838
-3.596835 -1.5790353
-1.241374 -2.04027
-1.8546869 -3.1689637
-3.3787036 -2.0383525
-1.565354 -4.3237433
-1.4128432 -2.3490837
-1.0073174 -1.35359
0.024370208 -2.8381793
-1.8635098 -2.7819858
-2.8218987 -1.5963044
-3.7250593 -2.4482117
-2.4657645 -2.5954957
-1.3693879 -3.2582953
-1.8262529 -2.310617
-2.1124146 -2.3988154
-1.7039651 -2.4925563
0.18595801 -1.8921454
-1.9341669 -2.6947875
-2.258847 -2.9174986
-2.522708 -2.3044767
-2.6204004 -2.7418537
-3.4555461 -2.2202222
-1.6754524 -1.4017828
-2.1273115 -2.276333
-2.9838314 -1.3823495
-3.2265065 -2.112162
-2.4923525 -2.9898927
-2.5531704 -2.0109408
-1.4838109 -3.4854224
-2.3430643 -3.417187
-3.850757 -2.2965498
-2.8260632 -2.1437926
-0.7153991 -2.4740682
-2.477655 -3.2549863
-3.3430383 -3.4266393
-2.1151423 -2.9989982
-1.5250546 -1.8201141
-2.7674053 -2.3106778
-3.1138904 -1.9023623
-3.3697796 -1.6669774
-1.9715466 -1.8706007
-1.0741607 -0.4785126
0.36386877 -3.0499284
-2.586751 -1.6653547
-3.31353 -3.861823
-3.02691 -2.1902575
-1.5935519 -1.1570964
-4.1670246 -2.847777
-2.3913891 -1.4567251
-1.7064595 -2.353791
-3.4085283 -2.8131642
-3.409969 -1.9345386
-1.4453027 -2.9159584
-0.14545521 -2.4915454
0.41790795 -4.57016
-0.72354865 -2.267225
-0.90281457 -3.3631675
-0.13036105 -2.028507
0.692867 -3.6075494
-1.2670016 -1.8622165
-2.3942578 -0.64968234
-3.300575 -3.6394887
-3.2418814 -2.6794353
-3.9933841 -2.238687
-2.834507 -0.85995865
-2.1338701 -1.7523146
-1.8677658 -2.0327308
-2.2227597 -2.4117892
-2.3901272 -2.47278
-2.8727608 -2.791136
-1.066909 -1.3061707
-4.0024767 -3.5744598
-1.0177205 -1.9207637
-2.1269825 -2.3309264
-2.6377954 -2.7107906
-2.8090556 -2.959557
-1.3817209 -2.9862049
-2.8107986 -2.6489809
-1.84442 -2.8215394
-3.8352613 -2.2218819
-2.3368244 -1.6076121
-1.4704113 -1.4767342
-2.3954349 -3.0902243
-3.8797734 -1.5907636
-2.7253156 -2.5383124
-2.772663 -2.3544679
-2.8031137 -2.222801
-2.480887 -2.0646403
-2.1158266 -1.7818525
-2.3485057 -2.506622
-2.8186457 -2.164607
-4.4369307 -3.273772
-3.2234137 -2.8070772
-1.3294599 -2.5339766
-2.5186129 -2.037957
0.20700543 -1.6737127
-2.0042007 -3.272705
-2.7181194 -2.4671957
-2.9606023 -2.2975001
-3.6461 -2.213837
-0.62600446 -2.1449897
-2.3657606 -1.2058382
-0.9681626 -2.5597093
-2.4763765 -1.907223
-2.4751306 -3.4810135
-3.8498712 -2.818396
-2.582931 -1.8205914
-3.3143466 -1.9362376
-3.8633819 -3.8716102
-3.3289049 -2.1381388
-1.1054457 -2.4637477
-2.3597486 -3.032015
-1.6127908 -2.6838923
-2.535921 -1.0918157
-3.0188687 -4.184945
-1.2882243 -3.416338
-0.18607081 -3.9918525
-2.0965629 -1.9262631
-2.0397308 -1.426383
-2.6775894 -1.9330127
-2.2056646 -2.4057271
-2.0307143 -2.0620701
-0.9265126 -3.3753793
-1.2794105 -0.97619164
-2.0857904 -4.7530923
-1.8820904 -2.3844573
-2.3563406 -2.680034
-2.183518 -0.3879502
-1.2690579 -3.7011862
-2.3178241 -1.7808907
-0.4486931 -1.2912569
-1.01723 -1.6553676
-3.8523343 -2.2961793
-1.8657744 -1.4290874
-3.459945 -2.106271
-0.51781064 -5.0228357
0.10873462 -2.9265296
-2.0721545 -2.6411963
-3.9266999 -3.8869195
-2.3071275 -1.9185781
-1.3560406 -4.446735
-3.9155145 -2.2609184
-2.4893167 -1.1230538
-2.8577974 -2.1669526
-2.7857003 -1.8806102
-0.31047586 -3.1492999
-2.9597745 -2.049742
-1.5208713 -2.2803066
-1.8679097 -3.0861804
-1.8213739 -2.2091825
-1.2672997 -1.815249
-3.2377634 -2.4451287
-2.511088 -1.650851
-2.5119517 -0.5413408
-0.8708548 -2.2980478
-3.6906743 -2.769575
-3.2402077 -2.507927
-2.2228918 -1.987762
-1.8312509 -0.82187927
-1.7371039 -2.6641088
-2.4095821 -3.1991127
-1.8069141 -0.41747534
0.23167475 -3.9929981
0.0626197 -3.4528506
-1.4808551 -1.8134294
-0.22876616 -2.9237523
-2.8698702 -2.675679
-2.2146764 -3.0450895
-1.5315113 -3.1685696
-2.0900452 -2.7751915
-1.8966861 -3.842886
-3.052153 -2.4476871
-1.8570154 -3.0396643
-1.3764145 -3.0165634
-1.6300824 -3.4007568
-1.6138872 -2.0805402
-1.9779997 -2.9565575
0.055573717 -3.1541984
-1.667015 -3.1680717
-0.6926034 -3.939731
-3.3540685 -2.7599747
-1.0344412 -2.4114678
-1.5571048 -3.261986
-1.2382739 -3.1623514
-2.7297957 -3.330467
-2.6256032 -1.201674
-1.4714923 -3.2137153
-0.99585354 -1.8322754
-1.4942348 -2.8315918
-2.3031015 -1.5955203
-1.9100684 -3.217599
-2.968342 -1.9721427
-1.8237199 -1.8578222
-0.22378764 -2.4753206
-0.8822189 -3.3072786
-2.2996771 -2.1364205
-1.580715 -2.9438605
-2.3878033 -1.7975047
-2.6400282 -1.3222487
-2.0051236 -2.3576021
-0.7649194 -2.111108
-2.5639095 -1.2163274
-1.4653586 -3.4579413
-1.6064335 -2.228288
-2.4617748 -1.7814379
-1.2913908 -2.3726227
-1.6654278 -3.6324058
-3.0699303 -2.6855934
-0.82579184 -2.5293076
-1.7529911 -1.9766395
-1.336561 -2.8502533
-2.7106245 -3.1236646
-1.6492045 -1.5844269
-2.2806928 -4.8111224
-3.1656115 -1.1959519
-2.3724437 -2.1844916
-0.9471996 -2.7956681
-2.4849596 -2.366271
0.57641196 -2.4906182
-3.0779116 -1.7174449
-2.0963006 -1.4338331
-0.9670253 -3.081136
-2.9762866 -3.0496712
-3.0046175 -2.30434
1.0147438 -3.0124147
-2.781217 -3.9568498
-1.4058329 -3.6185222
-1.7259363 -2.4423726
-2.86988 -2.0415022
-1.5702224 -4.015685
-0.19083555 -2.447966
-1.4592844 -2.706888
-1.9432774 -4.4510655
-2.7612677 -3.8785434
-2.111885 -4.1032605
-1.4314551 -2.6995697
-3.0319843 -4.1488814
-2.8471212 -1.6566906
-1.8946974 -2.3957732
-1.7154478 -2.5381143
-2.2967134 -4.540936
-1.4801728 -1.9824665
-2.7268188 -3.5012567
-2.1439383 -2.100189
-1.6327344 -2.6364224
-1.412198 -1.5544586
-1.0202813 -2.021132
-3.2724724 -2.933279
-2.87459 -2.3887808
-2.6030767 -2.9713671
-2.7260346 -1.7315454
-1.5927324 -2.3328905
-2.6821375 -2.9427702
-2.267618 -1.2465537
-1.8210741 -1.7112477
-3.5572362 -1.9199562
-0.6636477 -2.865884
-0.13869214 -2.5479827
-3.7163126 -2.2375247
-2.9225605 -2.1770003
-1.8005536 -2.8241315
-0.6714866 -2.490661
-2.1128416 -1.8945994
-3.3543212 -2.1441712
-2.9172525 -2.8424675
-2.9548929 -2.1003792
-0.80718213 -3.2472174
-0.928474 -2.7112992
-1.86028 -3.653042
-0.6006356 -1.8653619
-2.2286837 -2.3262901
-3.1162963 -1.4597266
-2.136684 -2.9484844
-2.553068 -4.8549857
-2.4593189 -1.8577917
-1.0328771 -3.679799
-3.4351554 -2.8055565
-2.6794713 -1.9084492
-3.6676698 -1.769942
-1.5600675 -1.3232338
-2.1344929 -3.1313138
-2.0068839 -2.3014414
-2.782862 -2.2088606
-2.1908638 -3.8804343
-2.5909042 -2.402186
-2.5394795 -1.6317358
-2.71623 -1.8744564
-3.9452431 -2.3563442
-4.142474 -2.47731
-0.7729591 -3.3919082
-2.2627995 -4.2879224
-1.2834468 -3.1733637
-2.334412 -0.8947508
-0.7978115 -3.701163
-3.591611 -2.133827
-3.3475716 -1.5382214
-3.4626136 -1.4604771
-1.4020495 -2.9118948
-3.0967345 -2.8353946
-1.6415845 -3.7953758
-2.7202888 -1.0987885
-2.574431 -0.7901202
-3.6085284 -2.0902474
-1.4319706 -2.739668
-2.3626428 -1.4003723
-1.7299634 -2.6332068
-2.2564313 -2.5548682
-2.007557 -1.5371423
-1.816012 -2.5113795
-2.0874226 -3.4925523
-2.019036 -2.6455069
-2.5139492 -3.7967048
-1.9693674 -3.4025137
-2.7049768 -2.9478996
-3.4342299 -3.2615821
-2.762148 -2.827476
-1.955373 -3.478807
-2.2781668 -2.3178248
-1.5874629 -1.7043116
-2.1799026 -3.0844972
-2.4824457 -1.1578791
-3.3677878 -1.2505801
-2.7470927 -2.9327803
-1.4614275 -1.503356
-1.1288085 -3.151365
-1.7307949 -3.6042295
-2.8360455 -2.798542
0.26532 -2.274662
-1.6661768 -0.53419846
-1.6636926 -3.918108
-3.5626626 -2.1362393
-0.75667185 -2.7341402
-2.2746542 -2.2566369
-2.7373984 -0.9612106
0.3639924 -2.8106732
-2.181961 -0.9927931
-3.057459 -1.4128897
-5.251985 -2.7324321
-2.6909192 -0.47876433
-1.0798464 -3.1316407
-2.9160233 -1.1477451
-3.0966644 -2.5247707
-1.6893176 -1.7264581
-3.3124363 -2.9266336
-2.850941 -2.8870883
-1.9790395 -3.7107532
-2.1896608 -2.213909
-2.7907617 -2.3092203
-1.7509403 -4.1271067
-2.7430239 -2.5774155
-1.1374006 -3.9366093
-0.8288645 -1.7458041
-3.7025726 -1.8193681
-2.641191 -0.8028234
-2.4803271 -1.8350492
-2.2929552 -1.6125829
-1.9212441 -3.1450863
-2.1105042 -2.6600919
-2.3506105 -2.5767534
-1.5794953 -1.6552386
-1.9706664 -2.1053522
-1.7286979 -4.870262
-2.6595843 -2.3432844
-2.3826835 -2.7260716
-1.8635641 -3.6105006
-3.3157759 -2.040489
-1.4765902 -1.0836043
-2.7604823 -3.2792642
-3.3580184 -1.7955563
-2.395285 -1.650595
-3.3298707 -1.9474015
-2.6410291 -3.4880137
-2.5075564 -1.9986675
-3.506469 -1.91361
-1.1424481 -2.1839986
-3.4254153 -2.9567232
-3.6443243 -1.3684845
-3.3305185 -2.7813663
-2.6013837 -2.375603
-2.7805164 -4.6165366
-2.659257 -2.1647694
-2.5046828 -1.5906491
-1.9717929 -2.383848
-2.076977 -3.0221605
-1.7286525 -0.82489055
-2.6561608 -3.330097
-2.0326715 -2.6658447
-2.099725 -2.7697153
-3.5036242 -2.4610667
-2.194827 -3.9196093
-2.9003916 -2.6396322
-3.02774 -2.1525927
-2.0845466 -2.4082186
-1.5968356 -3.3720136
-4.1860323 -1.670124
-1.0146431 -1.0734189
-0.07885572 -2.5636046
-1.5971599 -2.8998299
0.24285595 -2.6651464
-2.5871773 -3.8260453
-2.184255 -2.1914608
-2.591473 -3.1444278
-3.020165 -2.9390123
-4.24716 -1.6187997
-2.227747 -1.1646987
-1.6646051 -2.361996
-2.1420333 -3.1768684
-2.1747327 -3.6990714
-2.6522346 -2.1830704
-3.3486052 -1.8107805
-1.5349134 -3.1849692
-1.8492826 -2.8116195
-1.3419422 -1.7695649
-2.6797438 -2.2764304
-2.4029872 -1.9400833
-2.242024 -2.6226623
-2.0428326 -2.4012487
-2.1540508 -1.64556
-2.199696 -3.3451986
-1.2463024 -1.5724831
-2.4472127 -3.440524
-2.337348 -1.4831946
-1.5521909 -2.923735
-0.82385325 -3.731938
-3.0413358 -1.6763625
-3.226033 -2.4321396
-2.2912765 -1.803369
-2.3595257 -2.674867
-2.517242 -0.84582525
-3.0948803 -1.5296276
-2.696233 -1.7031345
-2.231699 -2.642883
-2.0797076 -2.411339
-3.2051048 -3.2366507
-3.0029774 -2.3629944
-1.5784597 -3.2040515
-2.5502226 -1.5688257
-3.2547967 -1.1497114
-2.1658711 -3.7782187
-1.1154462 -2.3338103
-2.1729736 -3.0743535
-1.4113542 -2.2571292
-2.0327783 -3.742127
-3.2118235 -2.4705162
-3.002877 -4.0868983
-1.6154729 -2.0665822
-2.535619 -1.4368253
-1.331424 -3.1196365
-2.018663 -2.3983805
-1.6535207 -3.946131
-1.8883504 -3.2156358
-1.9450879 -1.8024795
-2.3137298 -2.6445045
-0.8620049 -3.6678112
-0.84619194 -2.5220633
-0.64543647 -2.4302642
-1.5924588 -2.7847817
-2.8587358 -1.3363266
-3.28872 -2.8676786
-2.7603626 -3.8650286
-1.4271735 -2.662609
-2.481 -1.581924
-3.2276886 -2.336161
-2.6797998 -2.7009182
-3.0482357 -2.0395586
-2.5321844 -2.6919441
-2.481694 -2.4684305
-3.4201694 -1.4509299
-1.9140553 -1.3634131
-2.6240604 -0.86687434
-1.8592055 -2.8754747
-3.5054092 -0.8890223
-3.321727 -2.8420577
-2.0795069 -2.9325948
-1.8198855 -2.4725811
-2.3355699 -2.9394286
-2.1123867 -2.2120774
-1.6827186 -2.998425
-1.388989 -1.8104706
-0.4427405 -3.4310198
-2.4011743 -2.1624749
-1.7876507 -3.5835361
-1.0445194 -1.3939013
-1.8468231 -1.1103594
-1.5459445 -3.5503888
-2.8649113 -1.2732992
-2.861911 -3.3570325
-2.4182522 -1.6947725
-0.039638445 -2.8272612
-1.7535133 -2.4080768
-1.8466568 -1.1975069
-1.7289023 -3.6147282
-2.2968407 -2.8162122
-2.984013 -1.6535742
-3.3233283 -1.3382139
-0.6066264 -1.0596874
-2.1618478 -2.1167061
-3.2562122 -2.6196575
-1.4705514 -2.527004
-2.8619955 -1.7976358
-0.21789438 -3.2303188
-1.7109472 -2.995878
-1.8049282 -3.947577
-2.1995304 -2.067343
-0.695855 -2.0918198
-2.8556018 -2.8828366
-2.6145742 -2.234764
-2.0611303 -1.1998007
-3.7188923 -2.85797
-1.5882403 -3.7214277
-2.0042057 -1.7732794
-2.2327273 -1.605794
-1.6933218 -2.4426785
-2.5713856 -1.93153
-2.37702 -2.4348943
-2.976238 -1.8328459
-1.7107992 -1.074317
-1.5775577 -0.75333226
-2.4738805 -3.378548
-1.921755 -3.0953424
-2.524898 -1.6803763
-2.2090404 -3.3616064
-1.876249 -2.6153266
-0.21916334 -2.9209054
-1.2824402 -2.8863778
-0.96141064 -2.3843486
-2.1558468 -2.593242
-1.6996142 -1.6731098
-0.6151227 -2.6105387
-2.2470243 -1.4797757
-1.9848866 -0.78049254
-1.8752329 -3.5758517
-2.5858355 -2.7104673
-2.4483294 -0.8726995
-1.103936 -1.7968831
-3.075259 -1.5459087
-1.2471699 -2.902349
-1.6612638 -1.9830158
-1.3339156 -2.976316
-2.9450502 -0.282401
-1.3894224 -1.7954752
-0.91803235 -2.606506
-2.4282146 -1.1696883
-2.523951 -2.9731717
-1.7801818 -1.1648394
-1.5844221 -2.6488733
-2.6302316 -3.914736
-2.2800157 -3.0026095
-2.4560823 -3.258296
-3.514106 -1.9316661
-2.5571966 -1.7710621
-3.476034 -3.116181
-3.0523415 -3.4036136
-0.44921637 -1.3314345
-1.0701517 -2.4334795
-2.7875757 -2.980902
-1.6176573 -3.8444314
-0.2953308 -1.2124122
-2.0282824 -1.382273
-1.7202255 -2.0296483
-0.9744746 -3.3217454
-2.4886818 -2.0561967
-2.1173513 -4.0232143
-2.2532134 -2.2381983
-1.9080868 -2.0725925
-2.1781163 -2.5305405
-2.382153 -3.3008027
-3.4168887 -1.9673047
-1.5837367 -2.5366068
-1.9270107 -3.318335
-1.98049 -2.4788206
0.12611519 -3.5643153
-2.8240547 -2.6720371
-2.478479 -1.8086782
-4.279425 -2.825702
-3.630835 -1.6645346
-1.344223 -4.41553
-3.0962515 -2.666407
-2.3089566 -2.0864131
-2.0886605 -1.092354
-3.513017 -1.8266675
-0.36049575 -1.3013864
-2.6728098 -1.9898884
-3.6088216 -2.8969445
-1.9155996 -2.3983557
-2.3239644 -1.4620557
-2.7075522 -2.4067674
-1.1710138 -3.6822698
-2.0625076 -3.579648
-1.5560085 -2.1009085
-2.1307342 -1.2649364
-1.5294861 -4.1198378
-2.9158325 -2.9091415
-2.2174175 -4.7498446
-3.2186003 -2.0274847
-2.6121135 -3.0189602
-2.8636417 -1.3293419
-2.7677007 -1.891598
-2.303653 -3.199072
-1.984015 -1.9277546
-2.3996928 -2.968666
-0.99089444 -1.6566617
-0.7480191 -2.5375192
-2.4606955 -2.9885383
-3.1849952 -1.3137596
-0.9291674 -3.3976638
-1.6146781 -3.1117449
-1.5915445 -0.93169993
-1.1893917 -1.3827434
-0.8577777 -3.6703103
-0.84792846 -4.0420613
-2.76547 -2.225624
-0.9082833 -1.6351049
-2.4901004 -3.1397576
-0.67071843 -3.5426192
-1.0081545 -2.8424406
-3.2223818 -2.2757301
-1.2618581 -3.1698844
-1.4881021 -2.036396
-2.0404155 -1.3451655
-2.8502052 -3.9803061
-1.9382887 -1.3513637
-1.5943385 -1.6358521
-2.9541452 -1.6091332
-1.7600757 -5.3126545
-1.9702127 -2.097234
-2.4535534 -1.9954691
-2.0037706 -3.4728382
-1.5768182 -2.128719
-2.8166769 -1.9515443
-0.4010902 -1.9220803
-3.284023 -2.5215285
-2.355846 -2.5285475
-0.45718366 -2.490208
-2.4183123 -2.925664
-3.1538203 -2.530626
-1.6734409 -2.3790083
-0.07082553 -2.5147448
-3.248111 -2.050657
-4.203113 -2.0796258
-2.8143804 -2.2059655
-2.2101922 -3.4699378
-1.3909876 -2.4970787
-2.7923832 -1.2388694
-1.3684996 -4.6101465
-2.541593 -1.8402548
-3.1016817 -2.6748102
-2.7871892 -0.9818582
-2.6202629 -1.9391356
-0.93217933 -0.8524006
-3.3498206 -2.1492147
-1.7184311 -1.962111
-1.2075762 0.062831074
-3.2003999 -2.227655
-0.054065585 -3.3716729
-1.4510467 -3.0454047
-2.7724848 -3.3855982
-2.4392483 -2.566963
-2.1499655 -3.3314865
-1.1975924 -3.0051599
-2.549959 -1.7421677
-1.955035 -2.2430396
-1.0663697 -2.0570836
-3.0156882 -1.1688052
-2.7632105 -1.6779401
-2.3550029 -2.1813633
-2.219359 -2.4329965
-0.14278328 -2.5667322
-2.3511767 -2.7338064
-2.8915412 -3.0162904
-2.5516512 -1.1336327
-1.8560734 -1.2295396
-2.2220607 -1.9227314
-2.2040374 -3.2219002
-2.2352388 -2.012078
-2.8847365 -0.93865013
-2.1883206 -1.194692
-2.778617 -3.6129098
-1.4051342 -1.5995576
-2.3705568 -4.6653867
-0.16599432 -1.5527594
-3.2893865 -1.0377717
-2.7401788 -1.7516797
-2.743405 -2.7347891
-0.92435426 -3.2963908
-1.7274859 -2.5580108
-1.5118889 -3.6447504
-4.105236 -2.8333704
-2.0126712 -2.45554
-2.3168848 -1.8019459
-3.620971 -2.8592935
-2.144138 -2.7455068
-1.3476989 -1.0680764
-3.7540681 -1.7784874
-1.3529617 -1.7791924
-1.5123862 -2.6750321
-4.052273 -1.9670985
-1.8056463 -4.302939
-2.7444735 -2.1518714
-3.477802 -1.8090441
-1.4883075 -2.5784419
-0.8697833 -1.8328097
0.2581349 -3.825479
-0.96116173 -1.5789735
-1.7956038 -2.1146257
-0.9357934 -0.7983154
-2.4287384 -2.0789495
-2.212073 -2.8765552
-1.3336465 -1.4141798
-2.7826154 -2.0806594
-1.763367 -2.2029555
-1.6773735 -3.335933
-0.9288295 -2.3532171
-3.7634008 -0.8629356
-2.851428 -0.9009119
-3.0964417 -2.0638947
-2.6594598 -2.4269834
-2.1055124 -1.6143169
-3.0446541 -2.340167
-2.458071 -2.6807666
-1.9548007 -3.3887422
-1.5699877 -1.0705545
-2.7825413 -1.2584035
-3.7022927 -1.7016978
-1.2687347 -3.111409
-3.3063111 -2.4306426
-2.141902 -1.8705208
-1.9805565 -3.037689
-2.0204163 -3.0168328
-2.9973323 -2.4990587
-2.81904 -0.7946036
-3.2847521 -1.0331544
-3.0563755 -2.3667958
-2.0888753 -2.025488
-2.6104975 -0.85545987
-2.2804217 -1.4962668
-3.6366937 -1.613131
-1.695464 -3.0612652
-2.018689 -1.7638507
-1.6731398 -3.1629643
-2.6103094 -2.0698378
-2.8817859 -3.1800914
-2.578348 -1.5158856
-2.4621286 -2.740874
-1.4658885 -1.9570787
-1.4800464 -3.2005203
-2.2909596 -2.981138
-3.3542128 -2.1836963
-3.3854606 -2.1400025
-3.7380173 -1.8087127
-3.030274 -3.0226343
-2.0047982 -2.9383426
-2.4230673 -3.1154785
-2.503984 -0.711695
-0.95057297 -1.7392747
-3.444821 -2.5746622
-2.5765586 -2.27616
-1.9246814 -2.2450998
-0.5558751 -2.1138694
-0.84673816 -4.140341
-0.38109213 -3.189416
-3.2067764 -2.9161751
-3.5125062 -1.0417366
-3.2557178 -2.3909724
-2.2635427 -3.2947073
-1.7613819 -2.346491
-2.5180533 -2.3649573
-1.5664672 -1.8388379
-3.414416 -1.974509
-2.4663987 -3.35418
-2.3099976 -3.2565925
-2.3462424 -3.2196176
-1.7253121 -1.2414598
-2.3177261 -3.6256728
-1.0087482 -2.758111
-3.359224 -2.574333
-2.692332 -2.552004
-3.8301673 -2.452996
-1.3815119 -2.9098892
-2.1046648 -1.4734917
-0.98174685 -1.7925587
-2.1287053 -3.350298
-1.0556524 -2.4320395
-2.175464 -0.9677688
-3.209862 -2.754118
-2.2256103 -2.308278
-2.8352826 -2.1108208
-1.8602566 -3.3256195
-2.2779202 -3.0638247
-4.183951 -3.9543765
-1.9629204 -2.7200453
-2.3354836 -1.7852144
-2.1303906 -3.7131305
-2.2453458 -4.360255
0.34140646 -3.4275634
-3.0307732 -3.7159956
-2.2772148 -1.890441
-1.3813484 -3.8323102
-2.924277 -3.0599952
-0.92923695 -0.52622604
-2.622418 -2.053174
-3.0563467 -1.3142278
-2.2663774 -2.2521863
-1.7720842 -4.5531955
-3.8895416 -1.5448747
-1.9289801 -4.222113
-2.7036417 -2.080988
-2.8622313 -1.6051927
-1.8810201 -2.2018876
-5.21049 -2.500208
-1.6301293 -2.084803
-1.9794863 -2.5003958
-2.7668586 -2.4403176
-1.2346702 -2.6998837
-2.256437 -3.2168565
-3.8438046 -3.1604986
-2.4500918 -3.5241644
-1.0542929 -2.1757598
-0.7341957 -0.82464826
-2.8447976 -2.6237438
0.071213976 -1.637682
-0.88585025 -2.18097
-2.1794853 -2.8967526
-1.5290706 -1.2121265
-2.1963778 -2.6078522
-2.6406095 -1.9072227
-3.3509305 -3.5723178
-0.76886284 -3.8526318
-2.4690294 -2.363034
-2.3129067 -2.4188783
-2.513956 -0.9809233
-2.507484 -0.9035407
-3.376872 -0.6410725
-2.2941992 -2.4353628
-1.9219174 -2.0789812
-1.03996 -0.9580018
-1.1860232 -2.3366933
-1.5522399 -2.393974
-1.9283689 -2.6447399
-1.4873643 -3.3682594
-2.0505986 -1.8804209
-2.5596693 -2.210052
-1.9705433 -1.9263704
-2.6638339 -3.4226165
-2.48048 -3.2069235
-1.7598306 -2.133986
-2.589619 -3.056653
-2.7206872 -0.9298971
-2.1316526 -2.17878
-2.5698414 -1.921545
-1.7550501 -1.94486
-0.9061264 -4.1093926
-1.9920034 -2.671529
-2.0401938 -2.9435403
-1.8723111 -2.5871058
-2.3923 -2.8329961
-1.49951 -1.9759419
-2.1898773 -3.669168
-2.238871 -2.311283
-2.8893695 -0.3521209
-0.76149696 -3.1819072
-2.4542913 -3.2021465
-3.3903089 -1.4311421
-2.5723977 -2.5306005
-3.3873003 -3.21673
-1.7150824 -1.5220375
-2.5431526 -2.5111585
-0.79605216 -3.059346
-2.580996 -0.97342193
-2.364473 -2.0551815
-2.0093272 -2.4931946
-2.161856 -3.9726872
-2.5953062 -3.010479
-2.1672897 -1.6248434
-2.9152186 -3.3118808
-2.1013436 -2.581391
-2.0540538 -2.0275238
-2.6733315 -2.127464
0.052917287 -4.0662885
-3.1536605 -1.8867083
-1.8070539 -1.9606478
-1.993467 -3.4612865
-3.0496345 -2.3765097
-2.152821 -4.2545753
-2.611896 -2.3806708
-1.4581603 -3.804162
-2.4691308 -3.6351178
-2.8587778 -2.3307886
-3.084161 -1.2880654
-2.7170274 -2.3316798
-2.2487006 -1.077712
-3.6883605 -2.65674
-2.3599362 -1.9022715
-1.4346162 -3.233627
-2.0949135 -3.8327909
-2.2335477 -2.4713707
-1.2714446 -0.50242555
-3.2859442 -1.8849812
-2.9916208 -3.402166
-3.25938 -3.4424748
-1.773617 -1.5638554
-1.7651843 -0.81628376
-3.77422 -1.6984117
-2.618501 -1.5024142
-3.311545 -1.8839569
-2.505703 -1.8273382
-1.4120368 -2.545258
-1.2528794 -1.648617
-1.7478768 -2.5306613
-2.077758 -3.5111816
-1.5840604 -3.2474723
-1.1617981 -2.0177295
-2.6490433 -2.7361686
-1.6405996 -4.1620173
-1.1621779 -2.5183074
-1.8125561 -2.3174913
-2.203476 -2.9965627
-2.3820062 -1.4674695
-2.5085635 -3.0889685
-0.48039508 -3.4406326
-3.0658088 -2.4399137
0.39503604 -3.8528123
-0.98324805 -0.825422
-3.1512706 -1.4609642
-1.7705483 -2.8806145
-3.3661995 -2.8417249
-1.6426975 -1.2731402
-1.5726784 -3.3122435
-1.3604319 -1.8967421
-2.8741589 -2.3326674
-2.5618267 -2.2532957
-2.837059 -2.3115249
-1.4086928 -2.7406058
-1.7039832 -3.3975346
-2.2268798 -1.6174543
-2.6541104 -3.1366014
-2.723385 -2.7463212
-1.8233105 -2.3879013
-2.249182 -2.728249
-1.0177786 -1.0998973
-2.791926 -2.0846117
-1.0164201 -1.913151
-2.365595 -2.9613407
-2.2025445 -2.6479728
-0.40216935 -0.9121521
-2.3799279 -2.2351017
-2.6901307 -1.9247222
-1.0892944 -2.1480777
-2.5763679 -1.6521335
-2.4499512 -1.7592998
-2.6535027 -3.0480294
-0.8085552 -2.1561449
-3.1675377 -1.4553325
-2.2804525 -3.0004327
-1.2884072 -1.8595414
-2.036564 -1.8947692
-2.4907956 -1.7493622
-2.3862236 -1.795588
-1.0637505 -3.5994105
-2.7156243 -1.0139751
-1.8979443 -3.2829065
-1.9477302 -3.9703455
-2.1739879 -1.5461023
-2.3858202 -4.0868735
-2.0501716 -1.043885
-2.417799 -0.96785915
-2.59261 -1.7687175
-3.5074108 -2.844398
-1.6782526 -2.4498205
-1.6269569 -2.8978677
-2.692704 -2.481869
-1.9713382 -1.1082498
-1.1326598 -4.674069
-2.0127568 -3.8750565
-0.74923015 -2.6037538
-3.0392895 -4.3404717
-2.2780967 -2.7834945
-2.072452 -1.6678152
-2.412984 -2.0852365
-2.357753 -1.5364087
-1.6251093 -1.4421842
-3.1721582 -2.2295089
-0.062589884 -3.1724472
-1.4664997 -0.6354854
-2.2488124 -3.8535745
-2.1041527 -3.8571897
-2.9862618 -0.98813885
-1.6709704 -2.2806127
-1.7867553 -3.343856
-1.3914253 -3.479387
-2.5964456 -4.37532
-3.2699988 -2.5740874
-1.515615 -1.9677482
-2.6958492 -3.048805
-2.543694 -2.5314918
-1.3360685 -3.757289
-1.0291436 -1.8801799
-1.1706297 -2.1592512
-2.3202438 -4.444372
-0.17505787 -2.6501162
-1.6846218 -3.0982769
-0.8410226 -5.0604134
-1.0336499 -2.7031727
-3.1100914 -2.9062812
-3.0509768 -2.0810227
-2.7411356 -2.548389
-2.2752976 -3.5017133
-1.946991 -1.7609372
-2.010839 -1.8208156
-2.6152618 -2.9396162
-2.3689563 -2.3247924
-2.252909 -2.1914642
-1.5998468 -1.2484705
-4.0867214 -1.4879591
-0.17516783 -2.3159494
-1.265169 -1.1648048
-2.6781428 -3.8756492
-3.0419114 -0.75630504
-1.3567652 -2.3099008
-3.0350347 -1.7915134
-1.6689816 -3.515375
-2.7263246 -0.6153858
-1.9114041 -2.9340699
-0.027231395 -0.51390076
-1.5527315 -3.1447952
-3.3859816 -2.651329
-3.349222 -1.1711581
-0.7100795 -2.899151
-1.9650258 -2.0124183
-1.8122053 -0.5913459
-2.1254463 -3.4321156
-1.4575579 -2.305451
-2.3230155 -4.72065
-2.7311213 -2.3675728
-2.6224878 -2.3177927
-3.1522527 -1.5624938
-2.542361 -2.629938
-3.1018503 -2.1968935
-3.6828773 -1.9904923
-2.7629607 -2.1692972
-1.8121083 -2.9857097
-2.6718786 -2.9720013
-4.483849 -1.9762201
-1.0161722 -2.4213605
-2.6443894 -1.1716328
-3.2437444 -1.5637646
-2.7075686 -2.2469625
-2.7853847 -1.5372128
-2.7782624 -2.776378
-1.985188 -0.93800837
-1.1525931 -1.7260704
-2.0967731 -2.5452898
-2.620079 -0.6164835
-1.9235868 -1.9281297
-1.8416734 -1.4536452
-1.9817529 -0.57671165
-3.2406077 -2.0454934
-0.36190227 -1.2463894
-3.6308343 -2.1277423
-2.969298 -2.9299483
-3.2872813 -2.6207967
-1.275149 -0.8047337
-2.8216913 -1.9778359
-3.7733963 -2.4302955
-2.7396014 -3.0374517
-2.3050592 -1.0779746
-2.824302 -1.5990527
-0.62307405 -3.2140043
-2.7625778 -2.6933014
-2.7523234 -2.7037892
-3.0293252 -3.2482023
-2.0974424 -4.064341
-1.5914826 -3.885945
-2.901922 -1.6920378
-2.6655197 -1.9008327
-3.7466326 -2.1156218
-2.1935945 -3.8159487
-2.4461372 -0.43705362
-2.0968995 -1.9779212
-1.8402576 -2.869276
-1.4100372 -2.783097
-1.6671304 -2.5261378
-2.2244513 -2.1733215
0.18185417 -2.470744
-2.3182352 -2.8115175
-3.5487561 -1.5986345
-3.2423122 -2.112572
-3.9670813 -2.4698048
-2.7451563 -1.7759628
-2.6676176 -2.612275
-1.3777107 -2.6189334
-0.80747116 -3.39728
-2.8867886 -1.7782688
-1.8256425 -2.0715692
-1.7264493 -2.8451264
-2.143488 -2.2681456
-3.2363846 -3.2527487
-2.1583498 -2.928348
-1.3854859 -4.1466627
-1.4275273 -4.014272
-1.9971746 -2.3445885
-2.3359544 -2.9751503
-1.2653638 -1.1404605
-2.2331192 -1.058239
-0.68037826 -2.7830799
-3.8932006 -1.9626007
-2.4625592 -3.4566927
-1.5979176 -2.620728
-0.38748038 -3.7734401
-2.8154812 -2.5492744
-2.5394583 -2.3819215
-2.4074354 -1.7799797
-2.1310434 -2.1272404
-2.9819036 -2.9049156
-1.7869349 -1.9315152
0.40395433 -2.8052006
-1.66951 -1.676271
-4.1922593 -2.1580708
-2.9998713 -2.8044293
-2.9223769 -2.18147
-2.5167947 -2.265427
-0.7356317 -3.0176811
-1.3854738 -1.5224314
-0.40692466 -2.9528527
-2.2038927 -3.9306273
-2.7190838 -1.5804777
-1.4613041 -0.8625912
-1.933293 -2.287077
-1.3384699 -2.3626385
-2.595955 -1.483027
-2.195165 -1.5818484
-3.097437 -1.6563804
-1.0228277 -3.4015932
-1.868396 -2.158488
-2.7955775 -2.204124
-3.0032005 -3.4543355
-2.02213 -2.4807603
-0.84140605 -3.613616
-1.8005273 -3.5323246
-3.1639524 -3.3032246
-3.246972 -2.035528
-3.31745 -2.039192
-0.35021803 -2.4270751
-3.9663775 -1.9327557
-0.5960304 -3.029785
-1.3666615 -2.3389325
-1.9073044 -1.9664776
-2.6094482 -1.9127586
-3.2234387 -2.2886121
-0.42579323 -3.3782136
-3.0829093 -2.9372804
-0.68878996 -0.7383174
-1.8478405 -1.9142478
-1.9449503 -1.6834097
-1.6498194 -1.863029
-1.8888364 -0.076194406
-3.0229766 -1.589489
-0.50154626 -2.563133
-2.5468185 -2.555469
-1.7776068 -2.2179303
-1.6137391 -3.2578647
-2.953686 -3.302773
-2.5717003 -2.9509258
-2.0167549 -1.4774165
-2.1107707 -2.0094311
-2.5091054 -1.770834
-2.396297 -1.237628
-1.279379 -2.9361491
-1.5236188 -2.5094256
-2.8682094 -1.9588246
-2.4727306 -2.6068025
-2.4644537 -2.056887
-3.2603347 -1.865772
-1.8892386 -4.411601
-3.452884 -1.8059907
-2.1079233 -5.1725826
-2.4558094 -1.2098904
-1.5580173 -3.559198
-2.039071 -2.4718993
-0.7292363 -4.742743
-2.3198428 -1.9210765
-2.3026316 -2.7107732
-1.742233 -1.522022
-2.3740585 -1.4617376
-3.3820205 -3.1760592
-1.3542799 -2.9045372
-2.868877 -2.005347
-2.3791306 -1.028048
-3.3897052 -2.3946116
-2.2104647 -4.1176367
-0.68092215 -2.6340697
-0.40748918 -1.4484267
-2.0248528 -2.2748868
-1.9902577 -4.4876547
-2.6640673 -3.1429586
-2.1331067 -1.8540235
-2.0167341 -2.1741052
-1.461217 -1.841764
-2.5079958 -2.9778523
-1.7946664 -0.7239282
-2.8983543 -1.3366871
-3.107579 -1.3520532
-2.9793732 -2.4544823
-0.012179777 -3.4275124
-1.5004473 -1.0223665
-3.6383953 -2.4110289
-2.902347 -2.218228
-2.7242491 -3.486256
-2.2613916 -1.5333521
-0.8649286 -1.7670419
-2.4525864 -1.4826944
-2.8527267 -2.9149368
-2.5069118 -1.9990649
-2.6597135 -1.9331572
-2.989016 -2.690986
-2.164497 -2.1543646
-1.8129418 -2.2322583
-3.2420223 -1.367012
-3.3646834 -2.3320596
-3.3497946 -2.5399318
-0.7255624 -2.0089679
-1.7974907 -2.7765174
-1.8618418 -2.3591232
0.39944518 -2.3642395
-1.7571347 -2.6932628
-1.8813754 -2.6708903
-3.1800334 -2.7962077
-2.2834814 -2.3482833
-2.3938138 -1.6100495
-2.770753 -1.1294231
1.1195034 -0.09550811
-2.2428167 -1.6866443
-2.0915236 -2.7589383
-1.6135745 -2.3314426
-1.891398 -3.2054954
-2.2594886 -3.060297
-0.6553065 -3.9120266
-2.9639676 -1.6875906
-3.3198135 -2.01311
-1.5299262 -0.73289835
-3.6820421 -2.0851953
-3.432987 -2.848036
-2.004757 -1.8701718
-1.5103412 -1.8392954
-2.0736496 -2.2215753
-1.692315 -2.1724007
-1.370263 -2.9622197
-3.4063416 -3.0596118
-2.803213 -1.2343991
-2.3005726 -2.413134
-3.4560156 -2.3253682
-2.8999455 -1.1656628
-1.2844868 -1.8037298
-4.4169254 -3.8203747
-5.365487 -4.121972
-3.1716764 -1.6029012
-0.9522588 -3.2203162
-0.24706101 -3.5526369
-3.3845565 -2.5024357
-2.528944 -1.6135108
-2.1929927 -0.91385704
-2.695493 -2.8622787
-0.71626604 -2.4558222
-2.6555178 -1.926018
-2.8133852 -2.403707
-2.2151701 -2.8975475
-2.9766634 -2.3048563
-2.3525722 -0.95493424
-1.4836968 -1.3209023
-1.8970652 -2.326404
-0.29948017 -2.8069963
-1.1146958 -2.4381132
-2.430826 -1.9636512
-3.5873501 -2.6940835
-1.9132987 -2.558567
-0.63091314 -1.1127803
-2.437687 -2.8512242
-1.7112402 -2.5384154
-3.1495585 -1.4762309
-2.050981 -1.7662151
-2.8102403 -3.0141985
-3.7881563 -2.054531
-1.5269916 -2.1713727
-2.6307294 -1.8340204
0.14000256 -2.4570894
-2.1144514 -2.7687058
-1.3719506 -1.9416509
-0.60459435 -1.6335073
-2.9355013 -1.4071543
-2.5319786 -3.0541463
-2.6567352 -1.6797233
-2.8894997 -2.1131861
-2.7183752 -1.8122468
-2.5028644 -2.5813746
-3.4853537 -1.9483697
-0.2553941 -3.0299819
-3.0451436 -1.9294219
-0.8364249 -2.0822911
-1.9427857 -2.3747914
-2.4492776 -1.1135061
-2.4207342 -1.0703578
-2.9513862 -3.2299747
-2.1340585 -2.4169116
-3.4342096 -2.6614482
-2.2449937 -0.69370055
-2.2763536 -2.9267933
-1.5421445 -2.401959
-1.3006214 -1.123284
-1.3359144 -2.4089346
-2.6055055 -2.786118
-2.1349561 -2.269319
-1.6946499 -2.3138263
-2.1471148 -3.7879128
-2.2063189 -3.1624002
-1.8753482 -2.3016908
-0.9688148 -2.0708742
-1.9456806 -2.3821886
-2.1253755 -1.264142
-1.317054 -3.3540342
-3.6313226 -2.6831703
-1.9829718 -1.4121053
-1.813652 -3.089185
-2.3886774 -1.9443755
-3.7735069 -2.469765
-0.23879097 -2.8970115
-2.2296717 -1.3895171
-2.3375323 -2.8965054
-2.9108305 -1.660733
-2.8511372 -1.0053558
-2.2865956 -2.1601937
-2.4819355 -2.0603282
-3.4632037 -1.9548814
-0.94812113 -2.9171908
-2.7700403 -2.8733702
-2.415971 -2.2432969
-1.95174 -2.8936718
-3.4713004 -1.8928452
-3.4922855 -0.69297826
-2.4322107 -3.2551184
-3.7650158 -2.392749
-2.4539158 -4.3643217
-2.4371455 -4.1631064
-3.133938 -2.4244902
-1.5234993 -1.5295987
-1.5840331 -4.246051
-2.2016943 -0.5710982
-1.5699868 -2.7070432
-3.0212536 -2.1123068
-2.1065302 -2.7159815
-1.3538468 -2.4654438
-2.2949727 -1.7957466
-1.5434861 -2.5220454
-1.32034 -4.79751
-3.0000956 -2.9982092
-3.1282706 -1.4010241
-2.0136733 -3.5728037
-1.7106068 -4.31271
-2.595445 -1.2457793
-2.6220336 -2.8816252
-1.9138666 -2.4447284
-1.870535 -2.8855126
-3.5435889 -4.017999
-2.46877 -2.8493342
-0.19726367 -1.7398272
-3.0058575 -2.0446224
-2.867245 -2.0808234
-1.2753047 -2.38932
-2.7137299 -1.3385487
-1.6085339 -1.9703195
-3.1117792 -2.6819878
-2.5658123 -3.302178
-1.7992015 -2.0435019
-1.805631 -2.3107672
-2.4698765 -2.514862
-2.2960708 -2.5339699
-4.131625 -0.67538893
-2.0503054 -2.7947638
-2.716998 -1.4939985
-1.8433424 -2.708091
-3.0997932 -1.2989631
-2.8744714 -3.8386977
-0.40621728 -3.312264
-2.3878043 -3.2709246
-0.34107852 -2.4322581
-1.3305732 -3.0983992
-1.4210491 -3.6740086
-1.999954 -0.85904366
-1.2718345 -3.693531
-0.7810128 -2.9417439
-3.1018825 -2.9299915
-3.134631 -2.8073902
-2.9507713 -1.6261492
-2.5882928 -2.374452
-2.9261758 -2.7076402
-1.3067589 -3.2335029
-2.4669046 -2.9978776
-2.5620887 -2.1617103
-3.7018862 -1.3868544
-1.7479426 -0.87095815
-3.132046 -1.6011577
-3.4608843 -2.2332637
-2.5728598 -2.4124787
-1.785021 -3.0349672
-2.7761 -2.8795154
-3.3937383 -1.8294628
-1.3420067 -1.3071773
-1.4686952 -1.5863116
-2.336625 -4.086802
-1.8669503 -2.0532613
-2.692915 -2.1355908
-2.8358376 -3.0693777
-0.8656748 -3.1208792
-1.7813343 -1.9486332
-1.9804459 -1.6443033
-2.3420765 -1.3418891
-2.624151 -2.5552058
-2.4072144 -2.2665431
-1.7257515 -2.7063189
-3.2945964 -0.9323467
-1.5896472 -2.963004
-2.8509102 -2.8834085
-2.3134606 -2.6002285
-2.2072506 -2.766816
-2.4153605 -1.2638285
-2.9593523 -2.00306
-2.0671554 -3.3455472
-2.6055498 -2.5042474
-3.793155 -2.919423
-3.405149 -1.5663257
-3.220865 -1.7343311
-1.7801098 -3.3009844
-2.0743802 -2.9214969
-1.6118114 -2.264553
-2.422892 -2.9295979
-2.8788147 -1.7704895
-0.88750833 -3.043191
-2.8607428 -2.1660662
-1.6436098 -4.260556
-3.1989803 -1.8889344
-2.3436475 -2.1306944
-2.0121796 -2.6752067
-2.7905064 -1.8976173
-0.6615849 -2.3242357
-2.0664825 -1.9083755
-1.3640193 -2.3676207
-2.6900377 -2.8651752
-2.1903481 -2.3379724
-3.0356688 -0.8550934
-2.6021137 -1.9218082
-1.7948358 -2.394314
-3.0542943 -2.6601899
-2.1802063 -0.78265345
-2.0662441 -1.4493458
-3.2729075 -1.9769642
-1.4074894 -3.139834
-2.3154757 -3.2823045
-2.987001 -3.623371
-2.1596122 -1.3093617
-2.416248 -2.5610862
-3.3611627 -0.7173551
-1.2981433 -3.231544
-0.70974445 -2.3002615
-2.8643324 -2.889362
-1.6982697 -1.5600352
-1.4427663 -3.7535822
-1.7641671 -3.4326446
-3.2041035 -1.5814636
-2.6853487 -1.5198104
-2.6704736 -1.4242301
-2.9322104 -3.5675266
-0.86384857 -1.6138315
-3.2536187 -1.8783102
0.42236942 -2.4508657
-3.898153 -1.7643261
-0.2808524 -2.8314517
-1.461796 -2.066359
-2.574828 -1.0468857
-2.16683 -3.09733
-3.4565992 -1.4777412
-3.1443222 -1.5950053
-1.7622671 -2.457405
-2.2194858 -1.7100062
-2.1081986 -2.1609752
-1.6202998 -2.4931202
-2.223069 -2.3387976
-0.18454912 -3.0518541
-1.8772656 -3.066681
-1.8684314 -2.2595875
-1.9620057 -2.621557
-1.4770819 -2.1904452
-2.7057476 -2.1032295
-2.4179418 -3.5531547
-2.2113738 -3.7429407
-1.1691267 -2.1497433
-3.3361108 -1.1554773
-2.453658 -2.0617545
-2.7836947 -2.7314038
-1.786689 -2.2967427
-3.6050808 -1.9903882
-3.6421957 -1.1394074
-1.3332064 -1.3248761
-1.6628113 -2.8603148
-2.3340435 -1.6024718
-2.3908265 -2.3853023
-2.3295333 -1.8359745
-2.6579547 -1.4238982
-1.6930977 -2.1827428
-1.0671078 -2.9490325
-1.1029452 -4.0693345
-2.3247132 -1.6235778
-1.5456783 -2.8497653
-1.9097638 -2.9360147
-1.7440125 -1.9753146
-1.4840529 -1.7702136
-2.5300562 -1.7447948
-2.7201145 -1.5843928
-2.178124 -3.1381292
-2.5949883 -1.5420771
-1.8925931 -2.111587
-2.9028392 -2.620399
-2.238566 -2.140348
-2.4238908 -2.5282497
-1.9167222 -3.2702796
-1.8456323 -3.1726186
-2.6186664 -1.8352418
-1.9826027 -1.3743832
-0.46752176 -1.0132515
-2.2994752 -1.9433968
-2.0941644 -2.9054365
-2.3778188 -2.9070058
-2.3139386 -3.2261653
-1.9888921 -3.93658
-1.6539918 -3.1081643
-1.8844239 -2.3405962
-0.7221331 -2.693226
-2.9045625 -3.319033
-3.3075824 -2.954513
-2.9253407 -2.7048714
-1.7358848 -2.578433
-1.9948949 -1.2335699
-1.2312905 -4.6421857
-1.7877119 -0.85803586
0.43482935 -4.260876
-3.4468994 -2.1479392
-1.5764761 -3.1331053
-2.1956666 -2.1908808
-2.3034618 -1.1505835
-2.1980293 -2.7741141
-3.437257 -2.199799
-1.452615 -3.7838085
-1.403583 -3.0122924
-1.8596689 -1.1897914
-3.3537664 -2.0688286
-1.673221 -2.4338264
-2.7699254 -2.5007708
-1.2481868 -1.0863757
-2.5063112 -0.99878573
-2.2978954 -1.1899576
-1.2357328 -1.4386461
-1.8832701 -4.861906
-1.2976195 -3.0894458
-1.8944323 -4.3286324
-3.8743937 -3.6774433
-3.5908387 -2.814816
-1.7499534 -3.1581852
-2.8287742 -2.8391407
-1.8573943 -2.56202
-3.1771002 -2.8140025
-2.837005 -3.35579
-1.9280736 -2.7659829
-0.52010715 -1.8893383
-2.3245625 -2.091003
-2.265035 -1.1992934
-1.7716022 -2.58413
-1.8050176 -0.927099
-2.8069623 -3.0440843
-2.333154 -2.9017913
-1.3066891 -3.9194603
-0.040895954 -3.1736097
-2.4584959 -2.4396422
-3.951774 -3.2237513
-0.8025731 -1.6687431
-2.7816937 -1.9593554
-1.0447987 -2.5198827
-2.9842973 -2.2893155
-3.2994342 -2.3275876
-1.7155752 -3.0452297
-3.9782765 -2.8616624
-3.0427399 -2.661546
-2.7602632 -3.6383502
0.101168826 -2.7877862
-2.0660434 -3.411552
-3.3818452 -3.1971927
-1.8862604 -2.587646
-3.1174428 -2.5442708
-3.5505857 -2.9995742
-1.3515298 -1.3875716
-2.2514367 -2.3929477
-0.58062243 -3.27356
-2.5085156 -1.9185753
-2.8616636 -2.9290862
-2.045837 -2.6941843
-1.0582074 -2.9922698
-0.19602114 -2.688805
-1.9875376 -2.3259766
-2.6629279 -2.308354
-2.7964566 -1.8527699
-2.871972 -1.7339373
-2.419077 -2.662424
-0.57983625 -3.962971
-2.1278 -1.5853229
-2.1198373 -2.7895758
-2.5070126 -2.8282819
-0.9731249 -0.5925486
-3.3800492 -2.8932414
-1.2363482 -2.931206
-1.2856948 -2.4941294
-0.4653905 -1.378757
-1.1114384 -2.2827318
-2.3716354 -2.014022
-1.2188059 -2.0785878
-2.5276785 -1.8132243
-0.8441316 -3.3823912
-1.9960046 -1.8826809
0.08593936 -2.3749802
-0.66965216 -2.0697262
-3.0589488 -2.6476915
-1.5292326 -1.898437
-1.5238795 -2.7589154
-1.8558584 -3.2680821
-2.822458 -2.4687245
-2.1391919 -2.8383007
-3.475892 -1.8186913
-1.6246008 -2.6169775
-1.9001627 -2.321863
-2.8000834 -3.5477161
-2.2682097 -1.2580905
-3.8558912 -2.5495315
-1.464554 -2.4414976
-1.2868981 -4.258241
-1.4634254 -2.874353
-2.4445267 -3.024537
-2.119769 -2.882098
-2.4184587 -1.7630641
-1.3421446 -3.1237316
-0.75724584 -3.0061357
-4.6358294 -3.26363
-1.3553483 -3.5663304
-4.5346217 -3.63418
-1.6674095 -2.7189615
-1.2312804 -3.2239563
-3.6635354 -1.3194518
-2.7420857 -1.1950928
0.58665746 -2.7675033
-2.4390953 -1.7276149
-1.4212205 -2.333952
-2.869091 -2.0866034
-2.0851192 -1.8960314
-3.397321 -3.1498427
-2.0418212 -1.3560979
-2.5985951 -1.3225312
-3.2732131 -0.93811005
-1.98496 -0.8581589
-2.4597878 -2.5560153
-2.5351777 -2.2458084
-2.5948796 -3.9522922
-2.7283123 -2.6893363
-1.9048781 -1.2401996
-1.7369539 -1.5542006
0.7264602 -1.6130891
-2.1756938 -3.0310948
-2.7734444 -5.1797805
-1.4499876 -2.6694455
-3.0239491 -3.1944175
-0.9967757 -2.657607
-3.5994544 -1.0834624
-2.307431 -2.5096607
-1.952567 -2.2203357
-2.6102228 -2.1903632
-0.48252445 -2.9677207
-2.7002604 -1.7176428
-1.4087626 -2.0523212
-0.718314 -3.6294632
-2.2818666 -1.859458
-2.1000507 -0.9388847
-3.5009675 -2.9524577
-2.5244935 -2.9227138
-1.9817559 -2.8313625
-2.9206872 -1.365586
-2.1780524 -2.4408624
-1.5810131 -3.4342215
-2.6937933 -3.7227075
-2.3405895 -2.6617076
-1.2684283 -1.153089
-2.3846478 -3.2674227
-1.6013247 -4.114452
-3.4694965 -1.639375
-2.182796 -4.2115765
-0.56906635 -2.407224
-2.960236 -3.8374233
-1.6677163 -1.855252
-2.8735325 -2.3991857
-1.1268247 -2.201015
-3.7170665 -2.1334376
-1.4705069 -2.2927346
-3.28754 -1.5195162
-2.7422218 -3.6593108
-1.8235065 -2.9720035
-1.6006027 -1.8753536
-0.8176405 -3.5816493
-3.411908 -2.3019204
-0.76536775 -2.5447454
-2.1481504 -1.5647931
-2.4565463 -0.65986294
-4.098978 -2.7027824
-1.608449 -2.4868312
-2.0653872 -1.8137889
-2.8855212 -1.7693572
-1.4381973 -3.5171082
-2.716473 -2.501504
-2.5041678 -2.0679317
-1.7283596 -1.2420609
1.1803159 -2.2544637
-1.9977741 -1.411443
-2.2099872 -1.3402362
-1.628434 -2.2621205
-2.4670894 -2.4365556
-1.9661977 -1.6086729
-2.6737075 -1.0993965
-2.990906 -1.1893964
-1.8363638 -2.6737196
-1.9692613 -3.2117043
-1.7226357 -2.0219
-2.036673 -2.1898382
-2.1450047 -2.5478933
-2.8727572 -1.5473406
-2.3532956 -2.8631918
-3.4037025 -3.7995589
-2.0052528 -3.0596337
-1.7946631 -2.1482291
-2.4062514 -2.1251683
-1.1077937 -2.8251271
-2.5665727 -2.475524
-1.502713 -1.9895747
-2.5453622 -2.5936372
-3.091446 -2.2455955
-3.4830892 -2.0381958
-2.742181 -1.3181129
-2.4206452 -3.406108
-2.4916222 -1.6032383
-3.2661526 -2.2906096
-0.6069902 -3.689047
-2.9892144 -1.9366429
-2.205803 -3.1803591
-2.990138 -1.828047
-2.8956022 -1.3459952
-1.7849808 -1.8494694
-1.5694177 -2.6086502
-0.70790195 -2.1087599
-3.114846 -1.6044571
-1.619963 -1.3779969
-3.165684 -1.7445135
-1.6847609 -2.6767125
-2.5603006 -1.2255108
-2.141423 -2.3805294
-3.5593739 -2.681647
-1.7529539 -1.5443377
-2.6192324 -1.7982984
-2.8658028 -1.8771746
-2.0029173 -3.2971199
-2.7015734 -2.5041025
-1.2294742 -2.353208
-1.9820312 -1.6904144
-1.9843427 -2.5571387
-1.7028036 -2.7118413
-2.2189064 -0.86776876
-2.200848 -1.9362898
-1.2245898 -4.087315
-2.9589899 -2.6026413
-2.8581278 -3.1177757
-3.034072 -1.947437
-2.744951 -2.7140357
-2.8544292 -1.3802404
-2.4738312 -2.199176
-0.7716315 -2.3104067
-1.7359976 -3.0141807
-1.5249233 -3.156645
-2.2218816 -1.4718182
-1.8361422 -1.3246422
-0.7644875 -3.1767447
-1.6618137 -1.4068899
-3.4138424 -1.9778805
-2.2519622 -1.6233306
-1.6337994 -1.3197105
-0.74162835 -2.1656568
-2.8848352 -0.947834
-1.710537 -2.929376
-1.6146535 -2.661494
-2.928363 -2.447509
-3.1089835 -2.3481767
-1.0093672 -2.8238366
-1.5287058 -1.0164889
-2.4518042 -2.965045
-3.2041054 -1.7814538
-2.6131532 -1.8626513
-1.4905093 -3.3740292
-1.0042646 -1.400285
-2.353015 -3.090033
-1.2111996 -1.7680151
-1.275363 -0.8277556
-2.7712522 -2.9121246
-2.6311307 -2.6647222
-3.7518537 -2.7533238
-2.9655843 -2.9203172
-2.0825143 -2.4749014
-2.4561062 -1.3409569
-0.56548697 -3.7967267
-0.5425535 -3.6017056
-2.2878368 -2.871246
-1.5105721 -2.5692482
-3.0781233 -3.0109842
-1.2183248 -2.8844533
-1.3584206 -4.4217205
-2.681488 -1.8731358
-3.7116199 -1.509392
-1.991342 -3.1037118
-2.3793895 -2.287782
-2.0510676 -2.255606
-1.4404916 -3.788215
-0.63164884 -3.2823882
-1.9352416 -2.4221876
-2.49867 -0.8183755
-4.375868 -2.826161
-2.595683 -3.436504
-2.4797118 -2.3880348
-2.0331743 -1.2399015
-0.76691663 -1.8136778
-2.2379801 -2.2729414
-2.1821885 -2.3375251
-2.597436 -2.124331
-2.706987 -3.5388668
-3.827129 -1.8307211
-2.8054833 -2.4601727
-5.590958 -3.8390896
-2.2834008 -3.1447725
-2.4962654 -2.760313
-3.7991743 -2.267028
-3.680491 -0.7213441
-2.4833417 -2.071481
-3.422529 -2.7064505
-1.1909218 -2.5454078
-2.4504693 -2.2547085
-3.4483066 -2.7043211
-1.021884 -3.6930172
-2.177342 -1.1861455
-1.8697416 -2.4041727
-2.6244023 -2.0079465
-3.5181396 -2.1046507
-2.0594525 -1.2391198
-2.9269223 -2.8333287
-3.4415283 -1.8347483
-2.3226542 -2.6773667
-3.294081 -1.9730048
-1.2301868 -2.6422477
-1.8305068 -2.6532922
-2.9733698 -2.6188924
-2.5822692 -1.8023119
-3.6892576 -2.4529624
-3.6575797 -3.060943
-1.4553956 -3.5028324
-2.2347486 -1.5279074
-2.7481146 -2.3663523
-1.138519 -4.679868
-2.4950516 -2.410229
-2.5776258 -2.0915918
-0.4587134 -1.4222775
-1.5902989 -2.4267468
-2.7302175 -2.2041833
-2.1321208 -3.287331
-3.0637493 -3.7957616
-2.454708 -2.5641134
-2.695782 -2.1724088
-1.4337391 -3.511688
-3.3124785 -2.666575
-2.9048233 -1.7338727
-3.2462285 -2.3614697
-2.7183115 -1.5711074
-2.2607398 -2.1656926
-1.7243003 -3.528373
-2.9095018 -1.9970131
-1.3925079 -3.6889992
-1.5411106 -1.9230413
-3.748679 -1.7212706
-1.2885774 -3.2576518
-2.859229 -3.2280207
-2.800863 -3.421606
-3.4379985 -1.823286
0.135801 -3.3504486
-2.7476552 -1.6977661
-3.20661 -3.6169145
-3.3616107 -1.7975385
-1.398718 -1.294133
-4.2045827 -2.6796935
-2.7657986 -2.730764
-0.1374113 -3.8946004
-2.2171533 -3.4808846
-2.1886601 -1.1210575
-1.4298102 -1.78915
-2.6955516 -3.7225242
-1.772476 -2.6941857
-3.5098438 -3.5939715
-2.0856981 -1.4052486
-1.6621661 -1.3808033
-1.1543238 -1.0060403
-1.8526624 -3.6589985
-2.2289102 -1.7476435
-1.8716553 -1.678271
-2.7669907 -2.4167397
-1.299178 -4.328919
-0.5451958 -2.5691464
-2.1523101 -1.0054793
-3.774536 -1.6930165
-1.8203422 -2.5735526
-0.8305142 -2.5896497
-3.7344723 -2.0331259
-1.5691837 -2.7456071
-2.3421826 -3.4093182
-4.3585615 -3.5790577
-2.2891576 -1.7349241
-0.9618256 -2.235329
-1.715523 -2.5371976
-2.9611626 -3.532034
-1.5010409 -3.5971658
-0.80166227 -3.6075492
-1.1792983 -4.234905
-2.475168 -2.5646064
-1.9640452 -2.2810526
-2.0303166 -3.499041
-2.0802433 -2.5443351
-2.7865357 -2.1039166
-0.60034585 -1.7365854
-2.375194 -1.4521902
-2.96501 -2.656794
-1.9855561 -2.1167219
-1.5803688 -0.71359617
-2.4651701 -2.2664948
-1.3137814 -2.1779428
-2.074276 -2.2701397
-3.5384114 -1.775331
-1.6682932 -2.0611024
-1.3216645 -2.5487819
-1.9285076 -2.5532987
-0.13124833 -2.6523504
-0.66591495 -2.2842803
-1.517034 -3.950541
-2.5007498 -2.4559822
-1.5322632 -2.185974
-2.086843 -2.00276
-3.6498537 -3.6800637
-1.917896 -2.3702824
-2.9291077 -1.5711241
-1.2362221 -0.892862
-0.8210211 -1.4884207
-0.7257028 -2.2758758
-2.6565385 -3.5941088
-1.7570794 -3.3945227
-1.9231429 -2.479785
-1.727337 -2.6681256
-1.3725106 -0.8368999
-3.0903747 -1.359164
-3.0790603 -2.463419
-1.1476481 -2.4972305
-0.8251942 -3.0010197
-3.029381 -3.8228116
-3.4457881 -2.9306054
-2.9083793 -1.2614894
-0.6799192 -2.172607
-2.3875234 -0.9403141
-3.4615936 -1.8363326
-3.2503545 -3.790959
-3.5190718 -1.6766956
-1.9289823 -2.1149554
-3.299582 -2.751261
-3.9925463 -2.9586794
-1.6860185 -2.5526862
-2.2761028 -4.443712
-0.61381257 -3.5087066
0.254417 -3.8590262
-3.0718677 -1.7783287
-3.5971403 -1.9267662
-1.0567446 -2.2654335
-2.0202267 -2.8115056
-2.8898287 -2.3580403
-0.7245327 -1.9568858
-1.1221918 -1.5809927
-1.5726796 -2.5688756
-2.5489545 -1.6781521
-3.1289098 -1.0728891
-3.0511081 -2.0347996
-2.8484833 -1.9305065
-2.3898935 -3.2192483
-1.816245 -2.941791
-2.1355054 -0.7371111
-1.7039675 -2.4042249
-3.8226218 -2.4271564
-1.9016379 -4.0942903
-2.1315308 -3.1553319
0.05901663 -5.0777698
-1.4414289 -4.1437097
-2.8861318 -1.9253323
-2.9534645 -2.9642868
-2.590429 -1.7151692
-2.5293913 -3.4026375
-2.8378 -1.7683764
-4.3260903 -2.908672
-2.9147592 -1.6925812
-3.5864906 -2.35443
-2.4658515 -1.9273651
-3.1608493 -2.5808609
-0.9279246 -3.5943074
-2.2502809 -2.1665661
-1.739506 -2.31498
-1.910731 -2.3107822
-2.433639 -1.3036067
-2.4400463 -0.9049371
-0.6855185 -0.8170956
-2.183172 -0.29063854
-2.1346233 -1.6701453
-1.9060644 -1.1509417
-2.57061 -2.779285
-3.3428214 -1.917546
-0.64521825 -3.10749
-2.6835473 -2.329564
-2.1788883 -3.2032325
-2.521102 -1.72152
-0.5940859 -3.4587593
-2.851184 -1.3672886
-2.9988325 -3.1804063
-2.9470906 -1.8866506
-1.6787835 -3.1501257
-2.7912903 -1.4238884
-1.944701 -3.3136854
-1.5893714 -1.7881534
-2.6433015 -1.3619967
-2.1241646 -1.9273312
-2.4606695 -1.7213297
-1.9007424 -1.8303497
-1.7384094 -2.9630253
-2.3964598 -3.4983702
-2.6916475 -2.0656564
-2.3495214 -3.6625032
-1.4173439 -2.9103
-3.2442095 -2.1797101
-2.9455416 -2.007663
-2.4556968 -2.3651567
-2.4980257 -0.8328621
0.015828505 -3.0687294
-0.91219485 -3.5336156
-2.4664905 -2.2677045
-0.49376196 -3.020563
-1.8325701 -1.7338421
-2.137616 -3.517947
-2.2992241 -3.4468553
-2.652336 -3.5862584
-4.1491904 -2.3108966
-2.1455257 -2.4241748
-2.1213183 -2.4648838
-2.0986326 -3.365647
-2.781806 -2.4799576
-2.5499365 -1.3351598
-2.4756284 -1.6910138
-1.4995829 -1.419621
-2.622193 -1.7617934
-1.6767787 -2.9666526
-1.2529187 -2.9246345
-1.9552463 -3.7340574
-3.1821337 -1.4686229
-1.9133735 -2.749231
-1.7599514 -1.7067084
-1.1147722 -1.4920592
-1.3529632 -0.93134797
-2.1340759 -3.5697606
-2.0369327 -3.1786463
-1.1387068 -3.774504
-2.5144818 -2.6273131
-1.5779017 -1.5511975
-2.0086765 -1.8055894
-2.610549 -2.3369815
-1.6406622 -3.2740483
-2.390621 -1.0513524
-0.08566651 -2.109472
-1.4473002 -2.0191338
-2.342026 -3.0446403
-2.3842688 -2.3709552
-1.3684124 -2.441836
-3.3231547 -2.548303
-2.1859136 -3.6054223
-1.0299954 -3.3918817
-2.1712215 -2.7909184
-1.5899789 -2.7946892
-0.64788294 -5.1748967
-1.5348512 -2.7577868
-3.02237 -1.8812242
-3.011171 -2.810439
-1.6199694 -0.5686755
-2.38997 -1.99332
-4.0210743 -3.2137423
-2.1567698 -2.245415
-2.0026367 -2.179465
-1.7396035 -2.4216797
-2.949179 -2.3694248
-0.7680619 -3.894607
-3.3581648 -2.280751
-0.46807277 -2.8776803
-3.2114322 -2.1769416
-3.600292 -2.2691824
-2.1801145 -1.1890085
-2.5736663 -1.6909363
-2.2580762 -1.3591442
-3.4270627 -2.8728895
-2.8048542 -0.7361512
-3.48044 -1.4916177
-3.2699244 -1.5036118
-2.0158477 -1.1476346
-0.22575532 -0.6493472
-2.2810888 -2.5565677
-2.3680732 -2.5802293
-2.6925921 -3.0507295
-1.7048824 -2.759564
-2.3712833 -3.3596935
-1.8216667 -2.0520942
-2.3812916 -2.606313
-2.9170027 -2.0687842
-3.670685 -2.7706063
-2.8437982 -1.3661504
-2.4125457 -1.4795771
-2.7899115 -1.7293844
-1.9140347 -1.6164546
-3.2281787 -0.7468941
-1.8777025 -1.3766477
-1.1216049 -1.7841969
-3.954529 -1.4815631
-1.7531215 -1.9951088
-2.375637 -2.7677119
-2.5104613 -2.1617844
-2.59097 -2.5997784
-3.6393294 -2.2658465
-2.4282455 -1.0110488
-2.049002 -2.3089414
-3.4884899 -1.135328
-2.41438 -1.8747892
-2.4772058 -1.8523972
-2.4251745 -3.1500168
-3.049726 -1.7240219
-1.7920161 -1.740978
-0.7548475 -1.944942
-2.0721948 -2.3798244
-0.89731425 -1.9538307
-1.385866 -2.8335238
-3.2396443 -1.454107
-1.0370126 -2.2263222
-2.553305 -1.9285164
-2.009842 -2.2675898
-1.9944254 -2.4512587
0.7143168 -2.6569028
-2.2532444 -2.7561269
-2.119127 -2.3824258
0.40580255 -3.1039143
-1.7112782 -2.4814584
-2.574694 -2.4905536
-1.8084413 -2.0397468
-2.670985 -2.7357526
-3.7810075 -3.59649
-2.1060183 -4.07184
-3.6591287 -1.1659074
-2.2294939 -2.3199208
-2.0071416 -3.2261245
-2.379053 -2.609154
-3.269467 -1.7592554
-2.7409236 -1.0162091
-3.338119 -3.6356487
-3.0856423 -1.4529157
-3.2457733 -1.130391
-1.6486536 -2.2407863
-1.8439946 -1.7959783
-1.2275293 -3.2802823
-2.0259545 -2.2327034
-2.661878 -3.0712092
-1.831484 -2.6812258
-1.35494 -2.5059412
-2.3079166 -1.6163001
-3.351782 -2.0914626
-1.6648413 -3.5624578
-3.0076928 -2.9053535
-0.9958296 -2.090116
-0.78499633 -3.9557905
-3.5881653 -3.036799
-3.8129983 -2.1990063
-2.000764 -3.098693
-1.3938632 -3.2287655
-2.3019147 -1.4282143
0.06133233 -2.9511425
-0.5591682 -3.6720304
-1.9437907 -1.9663627
-2.3944237 -1.897526
-0.9571502 -0.61403286
-1.9951776 -3.3612685
-1.3275343 -2.123012
-3.226394 -2.4718955
-2.4211867 -2.927627
-1.5680662 -2.7494948
-1.8771639 -3.7696173
-1.5358828 -3.6370788
-2.3391426 -1.5808234
-1.0265558 -2.1732206
-1.9850439 -2.1654165
-2.4272301 -2.58023
-3.101994 -2.9178774
-2.4970329 -3.2039053
-2.9407732 -2.7692795
-2.5711627 -1.7520669
-3.380742 -1.129252
-1.9680625 -2.2623422
-3.102088 -2.0890663
-1.7258848 -3.8972528
-1.7477952 -3.3314273
-3.075385 -3.5872881
-0.7759444 -3.5860536
-3.875581 -3.406371
-1.2691431 -3.518673
-2.199809 -2.4814534
-3.321912 -2.106631
-2.295036 -2.3501823
-1.5753152 -1.5343943
-2.9242294 -3.4726639
-1.3210171 -0.5120883
-2.7883453 -1.8767121
-1.6197634 -3.2209024
-1.4935127 -3.0044525
-2.8124826 -2.905589
-3.7969837 -2.357941
-2.1849716 -3.686488
-2.7233493 -2.0315104
-2.7069478 -2.513051
-1.7407186 -2.7178798
-3.0862284 -3.2051253
-2.5255 -2.945839
-2.4463305 -1.1678845
-2.8856936 -1.4416816
-1.9669743 -2.4439511
-2.0432122 -2.4012454
-2.7324471 -2.8432288
-3.7800088 -1.6740639
-3.0336902 -3.6228116
-1.6352563 -1.4910629
-2.3372457 -2.4033904
-0.19310768 -3.7370021
-2.5206337 -2.347824
-2.1738918 -2.002931
-2.9996846 -1.8519146
-1.5335288 -1.769398
-3.7091978 -1.7492609
-2.4661908 -2.901223
-2.5105119 -2.725031
-2.1809878 -3.335531
-3.04402 -0.858699
-1.698747 -4.062212
-2.1577437 -3.251208
-1.7330909 -2.3587322
-2.1056044 -1.9727094
-2.0657582 -2.5473773
-1.5960877 -3.3944895
-3.3350315 -1.5773335
-2.9788158 -2.4458673
-2.022327 -2.334989
-2.0357423 -2.5855763
-2.1354542 -3.230909
-2.1608012 -3.1223512
-3.7677212 -1.9555638
-2.9598374 -3.2785811
-1.8319896 -3.337409
-2.8887398 -2.103593
-2.5489607 -2.938188
-1.5290302 -2.8780515
-1.5411536 -3.5013785
-0.91654027 -4.28112
-3.25281 -0.69695985
-3.9174583 -2.5232232
-2.5761347 -1.9987321
-2.1417847 -3.4154985
-3.2447941 -1.8386476
-2.289263 -1.321204
-4.0550504 -3.0487828
-2.0582666 -2.6678576
-0.8971859 -1.0844531
-2.4325705 -2.3781846
-1.4046197 -3.7977967
-3.0627599 -1.7220523
-2.4098856 -3.2709846
-1.8229184 -0.7988646
-3.2830653 -2.3508737
-1.9770638 -3.1357896
-2.5897262 -2.8333697
-2.9189744 -2.9733737
-2.9117343 -2.152339
-2.1132011 -2.243596
-2.1056628 -1.4654913
-1.7935846 -2.3212903
-2.943351 -1.4470906
0.34140646 -3.4275634
-2.374671 -3.2644975
-2.663293 -1.9903679
-1.3634386 -4.1568584
-3.786774 -2.1656022
-1.3638595 -3.5989895
-1.850132 -3.1128643
-0.82907057 -4.696757
-2.2027955 -2.835543
-1.4177643 -0.8973658
-2.1773527 -3.094335
-2.4242082 -3.4550056
-3.5872142 -1.2363484
-3.4577801 -2.3443522
-1.8000524 -2.38483
-1.560031 -2.4503155
-1.3316745 -2.0032666
-2.1616337 -1.8189199
-2.7213037 -2.3657
0.059366956 -3.3859284
-0.817625 -2.9445288
-1.6880724 -2.4443297
-3.0236413 -2.2309804
-2.54166 -2.207058
-2.6001332 -1.9908648
-2.8203976 -2.422881
-1.9987404 -1.9217575
-1.0095538 -2.7211943
-3.1787608 -1.3837655
-1.0898987 -2.8994656
-1.7833403 -2.1610672
-0.7539417 -2.4194384
-2.2897599 -1.4749081
-1.7866788 -3.1369936
-2.2298477 -1.5340593
-2.7145283 -2.0708025
-2.0473714 -1.7070241
-1.2085245 -3.5610275
-0.728245 -3.1403897
-1.6655545 -1.9817953
-2.173981 -2.7662618
-3.2683294 -1.0684078
-2.6692212 -0.82011926
-2.68131 -2.1632738
-1.7676451 -4.2696695
-1.611337 -0.84421545
-1.8788992 -3.3916903
-2.3198428 -1.9210765
-1.5545022 -2.5477722
-1.4513463 -3.133568
-2.913123 -1.8855519
-2.3373196 -1.3978288
-1.3016002 -1.3186843
-0.054622456 -2.220208
-4.2716 -2.9862535
-2.8889768 -1.1066363
-2.6401117 -3.4569001
-2.5247 -3.539782
-2.2167637 -2.4833603
-3.1719792 -0.6788964
-0.5928233 -2.0749383
-1.8093823 -3.131623
-1.3501732 -4.0675673
-1.4447013 -2.3894703
-2.2513223 -1.4914541
-0.6263965 -1.3015428
-1.9299523 -2.6097531
-3.0640848 -2.7455542
-1.4300387 -2.5135648
-2.7998655 -1.0320907
-3.1845853 -1.9359097
-2.8343163 -2.8239124
-1.6689426 -2.379957
-1.4895394 -2.8244085
-2.6720033 -1.9482396
-2.1335425 -2.056298
-1.7293339 -3.8967571
-2.178919 -2.7367024
-2.971379 -1.6035914
-1.1875606 -1.8339403
-2.503392 -2.3978486
-1.5471072 -3.2815619
-1.8216842 -1.3284216
-1.9098631 -3.1207447
-2.025788 -3.280903
-2.662107 -1.760186
-2.0099158 -3.7970736
-1.6172951 -3.1780567
-1.4755152 -2.119312
-1.7438624 -3.1031687
-2.701244 -2.5398273
-0.92931306 -1.9114904
-1.3835684 -2.1801956
-4.630309 -1.9692526
-1.790939 -2.0239785
-1.281039 -2.1543994
-3.2205758 -1.920357
-1.3722345 -1.5291569
-0.65197 -2.909964
-1.9377689 -2.2416053
-2.488347 -0.37750763
-0.94587207 -2.703116
-1.9479178 -2.818143
-2.685746 -4.085416
-3.2300937 -3.9058373
-1.3213325 -3.0986385
-0.99476355 -4.5466003
-2.2201211 -2.9786239
-1.8033292 -1.5090826
-2.26614 -3.8687322
-3.1136825 -1.8287456
-2.20608 -1.2375256
-2.3805795 -2.5757504
-2.2027 -1.6803331
-1.6677111 -3.5800848
-2.2771134 -3.1828892
-2.4555564 -4.7414217
-3.0899963 -2.1591382
-1.8022414 -3.7270637
-1.3415371 -3.0852559
-2.726765 -2.7459943
-2.797283 -1.4503632
-1.8396858 -2.184188
-3.2038467 -2.2248456
-3.6193428 -3.185059
-2.0346034 -3.025159
-2.349465 -1.1188835
-2.0211897 -2.5722067
-1.8229527 -1.5709965
-1.2618965 -1.8196626
-1.074666 -1.6313813
-3.0034494 -2.66359
-1.1701198 -2.2687008
-2.800442 -2.596806
-0.13014637 -1.2164712
-0.9546187 -2.8516645
-3.8533902 -3.1835077
-1.1991613 -2.1421378
-1.038911 -3.067578
-2.6346166 -2.6138155
-2.2101188 -2.4089923
-2.338846 -2.0650585
-1.439705 -2.2013311
-2.2842495 -4.37786
-1.8873984 -1.730315
-3.993003 -3.1116366
-2.186913 -1.4074805
-3.1987157 -2.0278828
-1.6209909 -1.6020908
-2.6319818 -1.35729
-3.5419044 -1.4441633
-2.2820072 -1.240258
-3.3223295 -1.1921964
-2.1481779 -2.402931
-2.5508127 -2.5120423
-1.8511362 -3.4328516
-2.4405332 -2.096116
-1.8530861 -2.2670093
-2.4789586 -1.3539612
-2.59056 -3.0583098
-2.932659 -2.033894
-2.2306178 -1.2271968
-1.7442968 -1.2557971
-2.3366795 -1.704081
-1.9310086 -2.9627283
-2.6844854 -2.0568032
-2.579395 -1.6181867
-1.1447052 -4.9007144
-3.1945114 -2.5024254
-1.9825803 -1.5525656
-2.0278418 -2.1331413
-1.744379 -1.295121
-2.7334414 -2.6483095
-1.5692827 -2.6589332
-3.410631 -2.170741
-2.628816 -3.2457664
-3.192959 -2.718731
-2.68215 -2.5948312
-2.5741193 -0.91844183
-1.6639788 -2.893176
-2.536041 -1.523799
-1.9935529 -2.0117126
-2.209638 -1.8895757
-1.6262383 -2.0013323
-2.9370534 -1.4115849
-0.36084756 -1.1941398
-1.2606812 -3.2292955
-2.0867026 -3.1346636
-1.2967597 -2.643277
-2.4465678 -2.28853
-0.45342174 -2.99564
-2.7154682 -2.4474077
-2.7856255 -1.7377284
-2.3126633 -1.5872545
-2.6632183 -1.8546488
-0.9211498 -2.1729362
-4.139434 -3.227596
-2.1842604 -2.9542127
-2.6501076 -0.48941737
-2.6160853 -1.2150472
-2.5205493 -2.2166464
-2.679947 -2.2452798
-2.900521 -2.690453
-2.2175362 -1.6466079
-1.146023 -2.105803
-1.5227313 -2.6275582
-2.5654001 -3.0387514
-1.938198 -0.6344421
-2.0435154 -2.553084
-5.1797104 -4.774764
-2.9428306 -2.3726466
-2.2830536 -1.9084563
-1.8580135 -2.8358867
-3.124833 -1.8164661
-1.9088255 -1.8955185
-3.3809423 -2.270741
-2.2112637 -2.9009194
-2.5545282 -1.2252936
0.107204005 -2.9836955
-2.4649665 -1.5310838
-2.1525989 -4.121468
-2.6841788 -0.36808926
-3.3199632 -2.1890628
-2.8074744 -1.2493937
-2.1226592 -2.7468152
-2.4427924 -1.6147196
-2.8173862 -1.6658342
-2.0796628 -2.7695184
-4.063559 -4.836187
-2.49742 -2.445056
-1.6484976 -3.121548
-1.9704796 -2.34745
-2.4967897 -1.7648604
-2.9164956 -3.3558385
-3.5398884 -2.5965798
-1.1447797 -3.082838
-3.3734472 -1.4695528
-2.4174178 -3.0300589
0.059605137 -3.0371718
-1.43492 -2.4498239
-2.7381413 -3.6127834
-2.4193306 -2.4376993
-1.7689803 -2.612187
-1.876127 -1.4844525
-0.8857725 -3.9756
-3.250122 -2.8169365
-3.0908215 -2.941771
-2.339898 -2.0697732
-1.7846918 -2.1212144
-3.5163255 -4.3082423
-1.7038792 -1.7938614
-3.3254504 -3.4509506
-1.389832 -3.187876
-3.5242374 -2.8196516
-2.2375069 -2.146904
-2.1330874 -1.5375421
-2.5431557 -2.1078095
-1.8860826 -2.9977796
-2.660237 -2.8868577
-2.7948794 -3.290821
-3.8196878 -2.420877
-2.03318 -2.7660694
-2.626395 -1.438559
-3.0133479 -0.91944975
-4.023905 -2.1524932
-1.3366097 -3.2511258
-2.2793932 -2.2135515
-0.5312012 -3.0473707
-2.1121912 -2.4328852
-2.4533496 -0.62798226
-2.8171482 -1.2278724
-3.116363 -2.296213
-2.7599173 -3.2431278
-2.3844433 -2.1510777
-2.2193444 -3.3723438
-4.582695 -2.2987618
0.0031330734 -2.5401175
-2.4924085 -3.4974172
-2.0390563 -2.2331264
-1.9965879 -1.0246553
-2.921125 -1.704947
-3.158966 -3.325451
-2.4043705 -1.3713884
-0.91222334 -3.3417163
-2.7026114 -3.3968923
-2.364567 -0.8802656
-4.871911 -2.9066567
-1.581925 -2.1983528
-0.1498695 -3.162049
-2.4834673 -3.0492172
-2.441746 -1.5265064
-2.234749 -3.3569527
-1.7461451 -2.426193
-3.3894148 -2.170971
-2.2269433 -1.7760873
-2.4947906 -1.4764078
-2.8717353 -2.1593268
-1.2312417 -3.58637
-3.10679 -0.51706326
-1.3700145 -2.8013117
-2.834045 -2.4573083
-3.0579462 -2.6606593
-2.9270859 -2.3287978
-1.2727386 -2.222141
-2.790898 -2.4849608
-2.8650572 -2.7485325
-2.4156616 -2.965727
-3.206264 -2.667569
-2.0793207 -2.2829442
-1.9816253 -2.3914912
-2.6241205 -1.9284267
-2.3884108 -2.4378603
-2.3323417 -2.4043524
-1.4881321 -1.4754314
-3.5337029 -2.0789957
-2.3578799 -1.0996821
-1.4791875 -2.9112754
-2.084411 -3.1180034
-3.091167 -2.7440798
-3.1827707 -1.8190691
-2.5219028 -2.3491518
-1.8996886 -2.005067
-1.6108432 -3.5677624
-3.3795912 -2.4062474
-1.5240904 -0.8352592
-1.030199 -2.2687004
-0.95380634 -2.1816218
-2.200796 -4.0045443
-3.2857196 -1.3526003
-2.7291393 -3.1011574
-1.799202 -0.49116722
-2.1499004 -2.9526815
-3.0900831 -3.359236
-0.71559757 -3.385489
-2.364845 -2.7645764
-3.8283675 -1.7012553
-0.8553436 -1.4032009
-3.1067367 -1.5191855
-2.8508987 -1.576637
-2.8459578 -1.7821996
-0.53281575 -3.3084445
-2.829877 -3.7102966
-2.1675267 -2.3420193
-2.8822947 -1.7819583
-1.7283243 -1.631664
-2.957876 -2.3797934
-1.8080503 -1.3889229
-2.9631035 -1.8863776
-2.2307806 -1.0229123
-1.8784081 -2.2854207
-1.9657068 -1.8636522
-1.166393 -1.2331183
-3.424653 -1.6112761
-2.2386827 -1.9486015
-3.1790042 -3.0864005
-3.2619684 -2.8837368
-2.141849 -1.9765835
-1.8787684 -2.4045231
-2.6141875 -2.717827
-1.7085493 -2.883192
-2.4469128 -2.223042
-3.0811675 -1.5000901
-2.9565947 -3.8122826
-2.4927263 -0.5306326
-2.6831467 -1.5226436
-2.6202254 -1.9393189
-1.4367515 -2.5573063
-3.1354783 -2.1317995
-2.9703593 -1.9207678
-1.2519791 -3.0720153
-3.2213418 -2.0369341
-3.960614 -1.2729874
-1.9391533 -0.23762202
-2.303213 -3.0850937
-3.2499447 -3.1117907
-1.9047811 -2.833277
-1.6303148 -2.3667212
-3.7387426 -2.157627
-2.8690734 -1.3840108
-2.4470973 -4.165467
-3.3442445 -2.2954366
-2.5169435 -2.2544615
-1.8752267 -3.8770804
-2.3355572 -2.1206172
-2.535321 -2.4431417
-3.4523182 -2.5685635
-1.5091677 -2.4660115
-1.4097306 -1.7526886
-3.2439842 -1.0836408
-2.5957887 -1.8782277
-1.5495089 -1.663167
-2.5758023 -1.1470274
-2.0652523 -3.0981853
-3.083664 -2.562276
-1.534584 -1.4381733
-3.308961 -3.396388
-1.8639516 -3.4389699
-3.2525036 -2.1782358
-2.5750341 -2.228313
-2.9735768 -2.4017775
-2.2356555 -2.9734223
-1.7786058 -4.2971334
-0.27753222 -1.8366816
-2.9084969 -1.8177788
-2.568666 -0.876507
-1.4487798 -1.7363725
-0.89655995 -1.3358715
-2.4454725 -3.989596
-1.9887067 -3.5776405
-3.0616295 -1.6815293
-2.6432743 -1.5521245
-1.1074933 -3.5781205
-3.0438201 -3.4720514
-3.1718357 -1.4524305
-2.672858 -1.6423466
-2.5670702 -0.90848625
-1.9175534 -2.8384376
-2.8023927 -1.247761
-2.9325092 -1.8612764
-1.6366053 -2.210623
-1.5981361 -1.3572791
0.26077294 -2.4618187
-2.1291764 -2.0157137
-1.1540468 -2.2428892
-1.6092069 -2.7089896
-3.224814 -2.1518924
-3.1591127 -2.0424194
0.74835324 -1.4832747
-1.9146976 -2.3337765
-2.874975 -2.854822
-1.3052646 -3.4045177
0.22491936 -1.9982159
-3.1162682 -2.7985837
-3.2989402 -1.231329
-2.0907795 -2.3685532
-3.013126 -1.6170015
-2.6800337 -3.3651273
-2.6647532 -3.2070568
-2.0918171 -2.186261
-2.421562 -2.0471458
-2.1580794 -1.8402822
-2.99863 -1.725802
-1.7195657 -3.549175
-2.0910075 -2.9844544
-4.2981486 -4.968884
-2.062082 -1.3372066
-2.3592846 -2.663124
-4.0603848 -3.6875253
-2.227403 -0.99030745
-1.9353734 -2.3028784
-2.5399659 -2.6642454
-1.9484192 -1.4204013
-1.1702952 -2.7606096
-1.8499066 -3.4530394
-2.6613247 -1.4148018
-3.3050973 -2.6394477
-3.5542772 -2.6747758
-1.4528577 -1.8967633
-1.370757 -3.129424
-2.750375 -2.7762804
-1.3242275 -2.1600003
-1.3090239 -3.6454182
-0.5997652 -3.80559
-1.270448 -0.82100505
-2.3077242 -2.3265455
-2.5089765 -2.2178438
-1.8403378 -2.617992
-2.8852148 -3.106373
-2.2365785 -3.5762422
-1.4600661 -1.326314
-2.0490954 -2.2800896
-2.6363761 -2.3983448
-3.8650546 -3.2055564
-3.4289012 -3.1485386
-0.19122306 -4.0978975
-1.6206639 -1.4525278
-2.4209273 -2.121141
-1.9016099 -3.5447319
-2.040742 -3.1110888
-1.0859355 -2.1030183
-2.8403428 -2.7839272
-1.7180135 -1.5287364
-1.6974509 -4.0692697
-2.9239643 -3.877276
-2.0100136 -2.4652967
-0.8248732 -2.7049568
-1.7627243 -2.784175
-2.4412663 -1.0784378
-2.3507812 -2.608484
-2.0177865 -2.4399738
-3.668868 -1.5397136
-2.6256802 -0.75962436
0.5616095 -3.7775018
-3.5173368 -1.9330707
-2.282193 -3.4524662
-1.5884361 -2.8100717
-3.3625078 -2.660421
-1.7723174 -1.197313
-2.008975 -1.2435887
-1.953721 -1.6110411
-2.8062224 -2.1714575
-1.2399484 -3.1142642
-3.1131399 -2.5368981
-1.4710507 -2.9034305
-2.3108537 -1.9389758
-2.6351202 -1.9346819
-3.3585882 -2.6088264
-0.533176 -3.15151
-1.0289695 -1.2137495
-1.5717782 -2.6524925
-2.979661 -2.791858
-4.281466 -2.124513
-1.7614268 -2.10346
-3.0024195 -1.1533262
-2.752356 -1.4980366
-1.1256309 -3.8108974
-1.9726372 -3.1898131
-1.1911844 -2.9706633
-1.8661482 -3.4053218
-1.840801 -3.5000103
-1.6883522 -1.1706715
-1.2370671 -2.0513835
-1.4427094 -1.5808845
-1.7822338 -2.9804041
0.15475391 -2.6768892
-2.9828737 -2.380936
-1.8106768 -4.072266
-2.2048817 -1.8194132
-1.2506684 -2.9969084
-2.7294903 -2.670739
-1.6132927 -1.7114618
-1.5614566 -2.5051837
-1.9275573 -4.1675386
-1.4401585 -1.4555151
-2.7221878 -2.664971
-1.3350137 -3.569364
-2.736858 -2.0575805
-1.5677974 -2.4048555
-2.5923543 -3.7937033
-3.6957407 -0.9008384
-3.307341 -2.76361
-1.8433987 -3.033841
-2.5965567 -3.24279
-3.114045 -3.7162957
-1.274238 -3.1132867
-1.5774448 -2.8256276
-2.3056815 -2.0476458
-2.897299 -2.168548
-1.8681271 -2.4079502
-1.4226968 -3.0579743
-5.6057315 -1.9054456
-2.6994498 -1.5622523
-2.460536 -2.0160828
-2.1691575 -2.5652673
-1.7426509 -1.3322225
-2.8974998 -1.1491292
-0.2318707 -2.6021342
-2.2530534 -2.708236
-3.1547184 -0.7756617
-1.1665294 -1.5407798
-4.329163 -3.0079966
-2.2414136 -2.5749652
-2.5702102 -2.9405205
-1.300331 -3.6273324
-1.8685932 -2.561169
-2.2604475 -2.0664194
-2.632607 -1.6625886
-1.8498327 -2.3198047
-3.9421024 -2.751461
-1.7636515 -2.6583352
-2.6673856 -2.5801601
-2.5283132 -3.5579782
-1.7999939 -3.8101327
-2.5123408 -0.8927918
-1.6600378 -1.4200075
-2.7128546 -2.0300076
-1.7559161 -1.7017784
-0.95056486 -1.4807267
-1.1604273 -2.1029053
-3.0432847 -1.8481894
-2.09531 -3.1433296
-2.5799985 -2.7090871
-2.7576888 -2.5301352
-2.3515394 -2.940588
-1.833781 -3.0787094
-3.0619497 -1.4784071
-1.7606474 -3.694382
-2.856294 -3.1917589
-4.3762317 -1.9857574
-0.37377924 -4.099185
-3.1194832 -1.545166
-2.5753236 -1.7380836
-1.0167067 -1.4509392
-1.0434214 -3.9903047
-2.75487 -1.3141048
-1.7954316 -2.940656
-0.5153189 -1.8746483
-3.12248 -0.7985386
-1.8727224 -1.0649943
-1.4638644 -1.4715445
-2.255879 -3.831208
-2.7445352 -3.3370862
-2.1971793 -2.900123
-0.71544075 -2.3936956
0.21932022 -1.4556684
-2.4809377 -1.1819823
-2.40537 -2.2512784
-2.423211 -3.2744973
-2.2548504 -2.1008916
-2.1407664 -2.2625709
-1.9120629 -2.811772
-2.7920153 -1.2242025
-2.5779629 -1.8620725
-3.5518117 -2.2071044
-0.94139904 -4.6641135
-2.1613946 -3.1779206
-2.560417 -1.9866333
-1.98054 -3.1650915
-2.193547 -2.7624056
-2.111549 -0.8233422
-2.3836336 -2.287331
-1.2753463 -3.9196606
-1.0932552 -2.1822479
-2.1875627 -3.8384287
-1.8669567 -1.2954404
-3.0356705 -2.515357
-2.7936556 -1.476717
0.7469985 -2.1491055
-2.0531235 -3.0078433
-2.7611754 -2.606898
-2.238173 -1.409322
-2.8772483 -2.1956232
-1.2006087 -2.151044
-1.6716415 -2.8668692
-3.0671833 -3.1628687
-2.0105937 -3.130223
-1.4579457 -3.2417765
-0.91041666 -1.4549751
-2.1122684 -3.2832508
-3.4013276 -1.2878528
-1.1880018 -3.703884
-2.4346175 -1.8642194
-3.3241808 -2.224811
-2.598959 -2.2101245
-3.2653267 -4.1255417
-0.9473556 -1.7367759
-1.2444555 -3.534917
-2.2626753 -1.5304623
-2.7809777 -2.0690088
-3.5488374 -2.37787
-2.472683 -1.8317604
-2.2541668 -2.0234063
-1.9103606 -3.201705
-1.8952558 -1.8567472
-1.3434945 -1.5703354
-1.7333437 -3.065244
-2.1853843 -3.035214
-1.0128291 -3.378933
-0.563014 -3.4509313
-3.4676623 -1.7992401
-0.73518616 -2.9173815
-2.4664075 -1.5650773
-1.6382111 -2.271942
-1.7056316 -0.82193804
-2.3817418 -3.225678
-2.5877616 -2.3274975
-2.2225988 -0.72128785
-2.8249114 -3.0645828
-2.7743874 -3.5480754
-2.0528603 -2.7886095
-3.6077483 -1.2720249
-2.3477693 -2.6840007
-1.9277788 -1.7865729
-2.2937996 -2.8879158
-3.008597 -2.0940254
-3.022718 -2.19699
-0.7329787 -1.6747899
-1.5961246 -2.020178
-2.1171389 -3.7790847
-1.8085561 -2.8752196
-1.824458 -1.6276858
-2.388344 -4.57722
-2.1063108 -3.2542975
-1.7001965 -3.7026913
-1.9146104 -3.4685917
-2.800936 -1.8597436
-2.5456944 -2.874843
-1.9925604 -1.7597749
-1.8700154 -1.9527979
-2.5721097 -2.8759084
-2.5326393 -2.2333233
-0.71555597 -2.7781663
-1.7169117 -2.675694
-2.1311574 -2.8576112
-1.8262169 -1.1431584
-3.1247628 -2.2186725
-3.4538958 -2.1836624
-3.1930704 -3.692492
-2.0746195 -1.6643779
-3.7412934 -3.8643973
-2.5619152 -3.4927537
-2.7790937 -2.1556828
-2.8533509 -2.4626007
-1.9551388 -3.1254714
-2.143057 -3.6228096
-3.611399 -1.4215598
-1.9637065 -1.3796332
-1.1275922 -3.0600245
-1.8188944 -2.0745313
-2.015869 -2.1089523
-0.394135 -0.33827028
