-1
-0.32538291866666663 0.9430157533333334
2.5249265666666667 -0.06968301999999998
0.5706425133333334 0.26905597866666664
0.40818452033333336 0.5036086983333333
1.2003557666666667 0.07942712333333332
0.040373559999999975 0.5756587323333333
0.9702977099999999 0.2536586
1.3115152333333333 0.84693367
0.44907801999999997 0.32163771999999996
1.5318764666666667 0.053712800000000005
1.9355915333333336 0.14211997333333337
0.6786119933333333 1.5072577666666669
1.7110927333333332 -0.4879005753333333
1.1611221666666667 -0.4825079016666666
-0.14018887499999994 1.6222052666666664
-0.8682134666666668 0.891982
1.2265799666666668 0.4558734099999999
2.1892780666666667 -0.24665373133333326
-0.78498876 -0.12126167666666665
1.5589022899999998 0.6076571266666667
0.6500050833333333 -0.7109038733333334
0.35714666800000006 0.6683847566666666
0.3347988133333334 -0.3300749433333333
2.4989271333333334 -0.2956385
-0.15826398 0.8030974633333332
0.8362285 0.008078023333333325
-0.6849267666666666 0.9830865000000001
0.8529170166666667 0.2765725346666667
-0.4182055326666667 1.2397483
0.6647926766666666 0.3549648333333333
-0.25436455333333335 0.09749676999999998
1.5412288666666667 0.21159813000000005
2.3606440333333336 -1.0818805
-0.55355807 0.48003984999999993
0.07431730666666667 0.5003758266666667
1.5723047 0.8021949133333333
0.6130988266666667 0.6968044983333334
-1.1133052666666667 0.5337086033333334
-0.15162517666666667 0.5461005966666667
-0.2979096153333333 0.9381180066666667
0.15078183999999997 1.9057060000000001
1.43873272 0.31085663500000005
1.4983637333333333 1.3318643899999998
-0.488917836 0.024809143333333332
-0.3432189166666667 1.2744788
-0.16313886833333333 -0.3355951243333334
-0.04365268666666666 1.2704538433333332
-0.0750585 0.2888604866666667
-0.6171905933333333 0.8128123533333333
0.00247736000000003 0.6042161166666667
-0.16051016436666668 0.4149446766666667
0.40317120033333337 0.13256729
1.5885324533333334 -0.3549259533333333
1.9929597666666667 0.6200759266666668
0.18392596133333333 0.9713645733333334
0.7699856133333334 -0.51120424
1.6809828666666666 0.5148095166666666
-0.6420929166666666 0.37037833666666664
-0.37978259133333336 0.36433739066666665
-0.08113909999999996 0.7215474766666666
-0.18655399500000003 0.7780839860000001
-0.20983851433333336 0.6911370733333332
0.6194102266666666 0.22760299333333334
-1.0247950233333334 0.6005734666666667
0.9802122666666666 0.28690288333333336
0.39514063833333335 0.4040051666666667
1.4504051133333333 0.0027006066666666532
0.82580624 1.4535406333333332
0.4051603266666667 1.0930334566666666
3.0216970333333335 -1.0410132766666667
0.4631985 0.5443507666666666
1.7425707666666665 -1.3769690799999998
-0.07230489333333334 -0.9538686833333335
-1.1264725 0.45994815999999994
1.21353718 1.2971409333333332
0.5300680966666667 1.3654187333333332
1.0274977666666667 0.33932983333333333
0.2582273913333333 -1.18281288
0.7519971566666668 0.7219376433333334
0.36229856666666665 0.8421220202333333
1.375019133333333 1.0269692333333333
0.24891470333333335 1.4352264
2.872127633333333 -0.11407603333333331
-0.15243351666666666 0.37378454499999997
-0.14432177899999998 -0.4122255166666666
0.0014403699999999933 0.32632636666666665
0.41284719 0.5574818066666667
-0.22034182333333333 2.2677201333333334
-0.59946026 0.17838941333333333
1.7103503 -0.13515531666666666
1.0220851666666666 0.74913319
1.8618424666666662 0.05003242333333334
1.0571724333333334 -0.36778628
1.3643163 0.1127950266666667
-0.3030630266666667 -0.46407821
0.29197523333333325 1.2249382333333334
1.5046651333333334 -0.5899597533333333
-1.1295285866666667 -0.0975174533333333
1.2939273666666669 0.59942276
-0.2151620423333333 0.9619988266666666
-0.11028020733333332 -0.7152068166666665
-0.4676881833333334 0.7032515133333332
-0.45399089000000004 1.438655133333333
0.4232292203333334 1.6783555
-0.16488256 1.7264597666666668
-0.05389636333333332 -1.1534119500000002
-0.48691407000000003 0.5070374203333333
1.5289851666666667 0.12434078000000001
0.91765 0.42203671666666664
0.16621500666666666 0.8689784666666667
-0.82692104 -0.6606966966666667
1.318870233333333 0.8618568666666666
1.2680690666666667 0.24911203999999998
-0.9378734900000001 1.4233630333333331
-0.5823610366666667 0.17696652000000004
0.8260062966666667 -0.06078339666666665
0.38104978666666667 0.09690572433333335
-0.17145226666666666 0.17571759
1.1824452133333334 -0.31020622400000003
0.8727100133333334 -0.7174644433333331
-0.3527708213333334 0.5562169966666667
1.9399844666666666 0.27576744000000003
-0.55519399 0.5044350586666667
1.2229045666666667 0.7894791433333332
2.2078303 0.3632134556666666
0.0335641933333333 0.8120899369999999
2.154702833333334 1.0655084499999998
-0.9736969266666666 -0.03964033666666668
1.5252823666666666 0.9232432000000002
0.3089960062 -0.15247556466666667
1.1804252333333334 1.3917252333333332
0.6584617100000001 -1.0728853666666667
-0.3708457813333333 1.5099694666666665
1.0947276866666666 -0.09188439666666667
0.29700093333333333 0.52998524
1.1955559666666664 -0.34970063333333334
0.5993171653333332 -0.62217376
-1.0071713566666667 0.3436378366666667
0.7143985999999999 0.15922535666666668
0.163662919 -0.6821282999999999
1.420590866666667 1.1225996333333335
1.1589989900000002 1.0826195533333334
0.14055561666666666 0.3958385700000001
0.49667060183333334 1.5492479666666665
1.3196302666666666 0.6672515566666666
1.6298795333333334 -0.6998550466666666
0.47831440333333336 -0.15431585666666667
1.1746157 0.747638772
0.9610804333333333 -0.12612310666666665
1.2238329566666666 -0.08970748933333332
0.596414102 1.7219120333333333
1.3882284 0.3441723086666667
0.22214536999999998 1.6854651
1.08519752 0.7118762466666666
0.5539695133333333 0.3588290333333334
1.5437805500000001 0.9957063866666666
1.1739026 0.7252986200000001
-0.48003744333333337 1.2323783333333334
0.026633737999999973 1.19344345
-0.18033046666666666 0.04951464000000001
2.5687408 -0.09946584666666665
-1.1250261799999999 0.22393629666666667
0.3280296033333333 -0.08768221433333334
0.7133444999999999 -0.17714214666666667
0.17330886999999998 0.5542993466666667
1.6260798333333333 -0.20052746666666665
-0.6273322233333333 0.053113690000000054
-1.02939511 0.890127
0.9865756 0.5411213972333334
3.2567882333333333 -0.26026424533333337
0.46701745000000006 0.499599152
0.07669068766666666 -0.04263670666666667
1.5611644666666664 0.7672058533333332
1.0362510866666668 0.5161147923333333
0.6942637066666667 1.2579032766666667
-0.4588063136666667 0.751976
1.7415219666666668 0.2069322466666667
-0.15526722999999998 1.6094202666666666
0.7563546433333332 -0.005585646666666671
0.050458114 0.21589260133333332
0.6699359966666667 0.9453633433333334
0.2517578416666667 1.0628942000000001
-0.3559458333333333 0.45251194733333333
1.355287 0.14035033
1.1858390333333335 0.3679909666666666
-0.7252469266666667 1.6370386333333333
1.2838231333333332 1.8002224999999998
-0.07543432333333339 -0.04026511
0.8108107233333333 0.4085020399999999
1.2544066666666667 -0.4459496866666667
0.5944615433333333 -0.3601829366666667
0.9533370999999999 0.17537438000000002
0.17918959666666667 0.48597331
-0.22173475666666664 0.3115629233333333
0.6614204133333333 0.7090727166666667
-0.11799055 0.7565962533333332
-0.7209924133333332 1.0554135666666666
-0.26264610666666666 1.01910514
2.0701427666666667 -0.9975933333333332
0.5270497000000001 1.5342734
0.5494690533333333 1.2529027333333334
1.2856739333333331 0.4542260566666667
0.7688835233333333 0.8208806266666667
0.43943768 1.1051470833333334
0.43940173 -0.46368708666666664
1.3402911333333336 -0.295603748
-0.48294305333333337 1.5168276666666665
0.9783042466666668 -0.253164473
1.4759788666666667 -1.0175444
2.9526673999999997 1.0474531333333332
1.2557237666666667 0.15524043533333334
0.5432142733333334 1.0924022433333334
1.2225788866666667 -1.3474393999999998
1.7810041333333333 -0.279132138
0.39117796633333335 -0.8694402333333333
-0.6662706633333333 0.17553021
1.4276041666666666 -0.042428346666666665
-0.3092742133333333 0.9768606466666667
0.405093805 -0.6282633433333333
0.33759419333333335 1.1466321000000002
-0.4128862919 1.6947017666666668
2.785530233333333 0.13448408666666667
1.8397888666666669 0.5183695
1.0332880866666667 0.08639499000000002
0.18635406000000004 0.8825049666666668
2.4119032000000002 0.7006513666666667
-0.86813345 0.9383622666666668
0.5502728233333333 -0.38349405999999997
1.722195266666667 -0.03157450733333334
0.42550967199999995 0.5450369899999999
-0.50725414 0.8049926
-0.28577769666666664 -0.55242184
1.4046934 0.9681048333333332
-0.48491333900000005 1.14220482
1.6959701333333335 0.3710006533333333
1.2459404833333332 -0.5297797066666665
0.9139977333333332 0.4116244766666667
0.6002300153333332 -0.1473016752
1.2155379333333334 -0.6378262266666667
0.5479763266666667 1.6983144333333335
-0.3014534036666667 0.9513234766666665
1.0242284466666667 -0.3819891323333333
0.1193017333333333 0.41700566333333333
0.56466265 0.24686129
1.1752533 -1.1714336466666666
-0.0837331133333333 1.1805413666666669
-0.059845349999999985 -0.6882161199999999
0.42426120799999995 -0.13598113833333336
0.48282595333333334 -0.25756070666666664
-0.5836767833333334 -0.65568042
0.05022453333333334 0.07566385499999999
-0.5587282966666666 1.4092324466666666
0.18610609799999997 1.3708961333333334
0.19920925 0.59263639
-0.6088731733333334 0.40351925666666666
-0.029013559999999997 0.13023811000000002
0.14502103 1.3983937000000002
0.7087049200000001 1.1474277
-0.47777733 1.0848840499999999
1.9107752666666669 -0.86621026
-1.0385860333333332 0.6505106666666666
-0.19695398000000006 -0.2097552033333333
0.45961975000000005 0.89593652
1.1453318333333333 0.5214015
-0.61933987 0.22313080000000002
-0.3172119463333334 -0.08593794666666667
0.8856540166666668 -0.40430624453333336
1.2960270999999999 1.1371282666666667
1.5563608666666668 -0.47021526733333335
0.27166053 0.1963378246666667
-0.31168023666666667 0.5222347233333333
1.0461485133333333 0.08106823333333334
1.0296955333333333 0.9315744033333334
0.2878784273333333 -0.34400433999999996
-0.2817747566666667 -0.36445295600000005
-0.15196691666666665 0.46437050666666674
1.4251519666666665 0.9165375533333334
0.8939521000000001 0.12485682666666664
-0.21193628666666667 0.006252043333333374
0.9308513700000001 -0.07497838999999999
0.1485260466666667 -0.09786819000000001
0.9759050333333336 0.5256065233333334
0.5536414456666666 1.3990602666666667
2.0704029333333334 -0.09502075666666661
0.7768150183333332 2.1876775666666672
0.3915840399999999 -0.49157648666666665
-0.3920644393333333 0.7879122333333334
1.7656169 -0.46515621533333334
-0.08071314333333332 1.2114856
0.7320408866666667 0.22418833333333332
0.23038926666666668 0.46740373333333324
0.43670236133333334 0.6098902833333333
0.27937133999999997 0.3020103533333334
-0.685301969 -0.7936640586666667
-0.37018216333333337 1.7218932133333336
-0.5303449733333334 1.3815872333333334
-0.016007206666666676 0.6777824499999999
1.8293211333333332 -0.5165345933333333
0.9985374533333333 -0.5610600866666666
0.8257522066666666 0.8652299666666666
0.6243537499999999 -0.7199661400000001
0.38144671 0.7287978133333333
1.5916434000000002 -1.0680412666666668
1.8438606333333334 0.13204016666666665
0.024894358666666665 0.12655127000000002
0.6586315273333333 1.4427427333333334
-0.11236559999999998 0.3431380699999999
0.7926801500000001 -1.1944291333333332
1.6064903466666665 -0.049161351666666686
-0.4312673216666667 0.9421110966666667
1.11925955 1.0953447666666667
0.7597790433333333 -0.16864912666666665
0.7928050666666667 -0.23526360666666665
1.0346238333333333 -0.9677058833333333
-1.0715910566666667 0.25732093333333333
-0.03218584766666666 -0.53641468
0.42303808666666665 0.65106633
-0.14220567666666664 0.33202358666666665
0.40846086 0.5157366466666666
0.39938909666666667 0.24776701
-0.17214366699999997 -0.6917975066666666
2.0205463333333333 -0.7187252333333334
2.061875366666667 0.5759061
-0.014626873333333302 0.43862681133333337
0.5593435866666667 0.26570383333333336
1.6038146 -1.8373806666666666
1.6132576333333333 2.085669633333333
0.7469324033333333 0.4576602033333333
-1.18989555 0.060890843333333326
0.6981560333333334 1.0301141866666665
0.22624338333333335 -0.16224955533333335
1.5888377666666669 -1.1216953908333334
0.008676251999999988 0.7066385666666666
1.6607581433333334 -1.3785954333333335
-0.4152687566666667 0.07606699666666668
0.037518284 1.5811247666666668
0.1898476033333333 0.6376912233333334
-0.16946805000000004 0.9414595533333335
-0.43009494 -0.02653476333333331
0.2647420933333333 0.7476151066666668
1.7468136 -0.08151213333333332
0.4024743533333333 0.4507851933333334
0.08516570866666666 0.17721764666666665
-0.40143507999999994 1.04893845
1.8863349999999999 0.7078011266666666
1.6239136666666667 -0.39146516333333337
1.27593782 0.21170477999999998
-0.89362001 0.45678748666666674
-0.4182885433333333 0.655930658
0.38328674000000007 -0.9697698699999999
0.9716966066666668 -0.8199424666666667
1.7915641000000002 -0.5782730466666667
0.7384903466666667 0.5962907816666667
-0.8342996133333334 0.29138534000000005
2.0470469 -0.48555998333333333
0.03703467666666666 -0.033275313333333306
2.8537712666666666 1.6125403333333335
0.7271995 0.40805904000000004
-0.74848326 -0.6804166133333334
3.4084505333333333 -0.5712965539999999
0.6296267133333333 0.2085979153333333
-0.30018613666666666 0.46712290500000003
0.8734045333333333 1.1554200666666667
2.449769733333333 -0.7862812966666666
0.31484296666666667 0.9052997633333334
-0.10409666333333338 0.6479181946666667
0.01909251133333333 -0.3590469366666667
0.48330423000000006 -0.6063051866666667
1.3418802 -0.23680527433333334
-0.25218642333333335 0.34893179999999996
1.0204948 0.33399210666666673
0.9353821066666668 0.9809607333333332
0.51136194 -0.4249303666666667
0.39803894666666667 -0.8125666699999999
-0.5249559433333334 0.7412866533333334
-0.08770009599999999 0.2459987633333333
-0.13201463533333335 0.055361244333333344
-0.010886826666666693 0.5599072466666666
2.4745207666666666 0.09243621666666665
0.7295661783333334 -0.13271218333333334
2.9199837 -0.5681184149999999
1.4151829999999999 -2.1257320666666666
2.1237732333333335 0.29670762333333334
-0.003913483333333358 1.2022865533333333
0.07832277333333333 0.10310861000000002
1.9308602333333331 0.7100239766666666
0.5580293033333333 0.01174545999999999
1.9727938666666667 -1.7478453
0.7176406033333332 -0.0461791
1.6085022533333333 0.03385607333333334
-0.05145343000000001 -0.7306142333333335
0.6754540333333333 0.8570958266666667
0.8822343133333334 -0.01946666666666666
-1.0592927866666666 -0.059440005333333316
1.0345957333333333 0.2616558766666667
-0.12450172466666667 0.45581432766666663
0.5707107 -0.35390497800000004
1.3704892333333332 0.3072828466666666
-1.1726647866666666 0.6670652766666667
-1.1517250333333333 0.1936706066666667
0.5939159199999999 0.6175964433333333
0.003724703333333338 1.2312283333333334
0.42960329099999994 0.52424376
1.3167095866666667 0.34455203999999995
-0.17599031666666667 -0.8737703966666666
0.48385189333333334 0.38297875666666664
-1.7183391 -1.3638798866666666
-1.6517392666666666 -0.01387108666666666
1.8036416666666666 -0.9000686933333333
-0.4521050683333333 0.89392499
0.2895497366666666 1.1897045833333335
0.8085861066666666 0.2153191333333333
0.611417625 0.8705286199999999
-0.04400076 0.4247934216666666
-0.041472351666666664 0.26135500333333334
0.0783170226666667 0.6625783583333333
-0.8767906333333333 1.1046928133333334
0.008608316666666657 0.020750286666666652
0.4996513516666667 0.79690229
-0.59083235 0.8772438666666668
2.3067301000000002 -0.4401103766666667
-0.6743834166666667 -0.022626256666666653
0.6032470933333334 -0.031137923333333335
0.9076848599999999 -1.27415732
1.7674037666666667 2.1194045000000004
1.0283404666666665 0.7450158966666667
1.6894396999999999 1.0580621499999998
1.7600392333333335 1.2445361866666667
0.9208150666666667 -1.0341400333333333
1.8598649333333335 -0.2826653866666667
2.769559966666667 0.4227301133333334
-0.5070893733333334 0.05022164999999999
0.3888725133333334 0.9337952000000002
0.18024787666666667 0.5011103856666668
3.4485713666666666 -0.8371172866666667
1.0545232766666666 -0.011086301333333349
1.16419061 -0.6064192266666667
2.1707210666666663 0.08704242666666667
0.42608848666666665 1.3732544666666666
1.9595703666666668 0.7963508866666666
0.7286675400000001 -0.5187696100000001
0.35180237333333336 0.8690486000000001
0.8493733866666666 0.6764994166666667
0.6178719666666667 -0.4944006933333334
1.2007413666666666 -0.8578783566666666
0.6172376216666666 0.338521592
-0.57413306 -0.4244992033333333
1.7258564666666667 0.6011540733333334
0.13901212666666665 1.3770731666666667
-0.40502721333333336 0.8663190533333334
-0.5580989543333333 -0.4318662766666667
1.2294483166666665 0.5810890533333333
-0.4136901166666667 0.6993101433333333
0.2159304466666667 0.6883409233333333
-0.6617853333333333 -0.49718263000000007
-0.46967739 -0.00986162466666667
-1.0774769199999998 1.0586629799999998
-0.5233627166666667 0.29686008666666663
-0.011598119999999948 0.7174302123333333
1.6306709333333334 -1.1929874233333333
1.2594683666666664 0.9884234533333334
-0.8236817233333333 1.6813363533333332
-0.8582247733333334 0.35108607333333336
-0.23472801000000001 0.12660095000000002
-0.06067049900000001 0.74001633
1.7224152333333334 0.12166333666666664
1.3007883666666666 0.01646835666666665
0.5390708599999999 0.14488004166666668
1.3502012000000003 0.87524895
2.2915805333333332 -0.3889031233333333
-0.3014214186666667 0.4616143866666667
0.39328278333333333 0.03338697999999998
-0.89391035 -0.7516863533333332
0.6313568566666666 0.6560952366666667
2.722220933333334 -0.18024129666666672
-0.4327286076666667 0.5953537543666666
2.464990866666667 -1.1411784466666668
3.7552399333333337 0.42943005666666667
-0.9015934233333334 0.754462484
1.7336744333333336 -0.5420429033333334
1.2748364333333335 -0.19078602333333336
1.6772086333333334 1.3517793
0.4730374466666666 0.9844854
1.761876933333333 -0.71238851
0.43305926999999994 0.7619250199999998
2.0355261666666666 0.8312783566666666
2.4059811333333334 -0.55002518
-0.12280472333333331 1.4695797333333336
-0.257765515 1.4095290100000002
1.6453107666666666 0.10108644666666668
1.5377694333333334 -0.8740634133333334
-0.6725300599999999 0.75076604
0.47576568666666674 0.8506117433333334
0.25210667666666664 0.8422585433333334
1.02631492 1.03969801
-0.06689324 -0.48673945999999996
-0.018851499999999997 0.4956177533333333
-0.6035679700000001 1.1031558
0.34111173333333333 1.9282431
1.4334914999999997 -0.5769245666666666
2.0255316666666667 0.11633539999999999
0.6761470533333335 -0.8331821500000001
0.6707612416666666 0.7359971433333334
0.14778061 0.77219835
2.3571831666666663 -0.49283261000000006
0.9053217333333334 -1.2360733166666666
1.4407701333333334 1.1524902866666666
1.545811833333333 0.24866681666666676
2.0114042666666667 -0.7478265466666667
0.9934864000000001 1.604676566666667
0.17679154666666663 0.9883565
0.96391342 1.0143113166666669
-0.1878551566666666 1.1614823566666665
0.0045668166666666616 1.1359740866666668
1.0612681333333334 -0.10443170333333333
0.7384771766666667 -0.3238765516666667
1.6088116666666668 0.32282063
1.350508 -0.26271030866666667
0.2692732266666667 1.3653056666666668
-0.14745745999999998 1.1841639533333332
0.13520957533333333 0.7661337566666666
0.29951984 -1.4487939000000003
0.03430821999999998 -0.4082447133333333
-0.0275062666666667 0.14507139666666663
2.1116241000000002 -0.41742180000000007
-0.19993784666666664 0.15184037
-0.12389748333333331 0.5411589
1.5272804999999998 1.3345028333333333
1.4882101666666667 0.9615060666666667
0.27093454000000006 0.3583077
2.1790746 -0.4052963933333334
-0.17085505833333334 -0.8356265199999999
-0.54935026 0.5287374333333333
-0.011745849999999981 1.2629661666666665
0.7685861066666666 0.5521061333333334
0.6537502399999998 1.1789218999999997
0.07276224666666674 1.4306912333333335
1.7495182333333337 1.1163278
1.3969082999999998 0.44250953000000004
1.5410637 0.5639839566666668
0.32987812333333333 0.06252616
1.6093651999999998 0.08719010999999999
1.5185745333333334 0.13967946
-0.2118159833333333 0.5514608599999999
0.5471308053333334 1.4261852133333333
1.4041739666666668 0.68849682
-0.6070665779333333 0.8329174433333334
-0.41246811333333333 0.9661279333333332
0.5316758266666666 1.4613976333333334
1.3534179999999998 0.42266437333333334
0.22309957333333333 0.5228374
0.5574239666666666 1.0998103799999999
3.1813363333333338 -0.14131617200000002
0.4852452343333333 1.11338249
0.8326179499999999 1.1359190533333334
1.1821262 0.013147870000000008
2.323566266666667 -0.2769561899833333
0.5856001133333333 1.30535521
0.11608704000000002 1.0148339333333336
1.1273967800000002 -0.13989243833333334
0.9733151133333334 1.0538037236666669
0.0031586050000000014 0.7972767400000002
0.66424818 1.0011653666666667
-0.03199530666666665 -0.5340924266666666
0.3676567933333333 0.5199641566666667
1.23916882 -0.15754474999999998
0.7813168726666664 0.5107859299999999
-0.09083326533333333 1.2803841
1.0967206666666667 -0.32877902833333333
0.2989620093333333 -0.07046314999999997
0.59983162 0.26222710000000005
1.1455829833333333 1.0908674533333333
0.33977767666666664 1.2934075533333331
1.20456338 -0.10492786333333333
0.018001526666666646 0.07883562000000001
0.23369676 0.5818094166666666
1.7676197666666669 0.6130122533333334
0.7687148233333333 -0.3655520666666667
-0.7704607133333334 -0.16879144413333336
0.50312337 -0.6914045333333333
1.01045643 1.3238520333333332
0.94821812 0.39438123799999997
-1.1323783166666668 0.042196616666666686
-0.82685681 0.22892018666666664
0.4051766333333333 -0.19566295666666664
-0.17568254333333336 0.8125106900000001
0.9469515333333333 -0.08362887433333334
0.8873128133333334 0.6687271566666667
2.2247696333333336 -1.7219203666666667
0.11705273666666666 1.0478739
-0.04478203333333334 1.0347516333333335
1.5963347333333335 0.18124420333333333
1.2732796 -0.9897016833333333
-0.23176432566666666 0.7541059239999999
0.8041837833333332 1.4656839666666666
0.3725487533333333 0.5528160733333334
1.8254709666666666 -0.6695657066666667
0.1711901203333333 -0.009884296666666667
0.17551073333333334 0.7612198099999999
0.6301583666666666 0.28378813333333336
0.6707438346666666 0.24924832333333338
2.4720929666666667 0.5448272283333333
0.4998138466666667 0.8337525666666666
2.2360458 0.22893370000000002
1.4969506000000001 0.4024647883333334
0.14344699999999996 -0.1323244633333333
1.0057175766666668 0.5567531776666665
3.0509074333333337 0.07676611000000007
0.2969219033333333 1.6310241333333335
1.1183129133333332 0.3503253433333333
0.9971116866666667 1.5146184666666667
0.25889432 0.7415205799999999
1.3993738666666666 -0.40693065333333334
0.053589430000000014 0.18786993000000002
-0.4036616516666666 0.4099058866666666
1.3680048666666667 0.19758047333333334
0.7831443 1.2262106533333335
1.1959343466666668 -0.35223514000000006
1.6314706333333333 0.22095332999999998
-0.37142799 -0.6634316533333333
0.8886285 -0.269285819
0.951696 0.09989730333333334
-0.14295566 1.5562511666666667
1.4108212333333332 -0.38266518200000005
0.7641082033333335 0.7224112733333333
0.21943659866666668 1.0601694666666668
-0.012446586666666638 1.7010395
-0.3964930666666666 1.0166473333333335
-0.11520607233333337 0.9639257
1.5804993666666667 -0.25040842766666666
2.0211988333333335 -0.7568287933333333
0.4887843316666667 0.5432848963333333
1.0913137333333336 1.8475468666666666
0.7366680733333333 -0.0853296
0.6155424686666667 1.0812587999999999
0.7873841466666667 -0.5947596666666667
0.7716354266666667 2.273222
-0.43287841999999993 0.7389417299999999
1.3739721 0.7694222333333333
-0.118427817 0.43621973999999997
-0.5950928666666667 0.324590928
-0.054298300000000015 0.9227753233333333
-0.47586422333333334 0.16832120666666667
-0.550072161 0.1877481666666666
-0.13177092333333332 0.5093667666666666
-0.26013523666666666 0.06256795666666659
3.5111857 -0.467504825
-0.08692328966666667 -0.37631847
1.6334852666666668 -0.45597993400000003
-0.7237840400000001 1.0096679333333334
0.8275913066666667 2.0061807
-0.3444716253333333 -0.04145795999999994
0.6481262166666667 0.8292760699999999
0.39820344999999996 -0.8672705666666667
0.50000558 0.73579425
1.5607987 0.71535938
0.8273790900000001 1.613404066666667
0.3489867566666666 0.16135193
0.9065939666666666 -0.17675246333333336
1.7277278 -0.2276966433333333
1.4731363999999998 0.7064266866666667
0.4033301 0.5693459266666667
2.3363189333333336 -0.8357749933333333
-0.09682810233333333 1.3671224766666665
0.8066493499999999 0.28864293066666663
0.6691491766666667 -0.5539307600000001
0.23601575333333333 1.7057712666666667
1.22524108 0.6362053233333334
0.9032133666666667 0.1777881466666667
-1.1372283 -0.056356899999999974
0.6661980233333332 -0.13280572666666665
0.7235930780000001 0.245137158
1.4858671666666667 0.3468515723333333
-0.76257255 1.2087838800000001
1.0284651333333334 1.2639557266666666
0.5860573099999999 -0.08336427666666667
-0.4543895 1.2483553466666666
2.0741704333333333 -0.5279482166666667
1.7272586833333337 0.09028974999999996
2.111550266666667 0.5434188266666666
2.6993359333333338 -0.15350276333333338
0.7173799166666667 1.3597472666666666
0.08527748333333333 -0.39434129333333334
-0.24428948666666667 0.10600412333333332
2.1467743666666665 1.2270545666666666
0.5841032233333333 0.048422883333333326
0.4821902533333333 1.0579230666666668
1.574849333333333 -0.13022471666666666
1.186629733333333 0.8038420999999999
0.6591107433333333 1.2071839133333333
1.3143814999999999 -0.05817154666666668
0.3608596986666667 1.2105812666666667
-0.5489530766666666 1.3351484666666666
-0.47410393666666667 -0.35480654
-0.13063629333333338 0.6509292633333333
-0.5308554600000001 0.5416148233333332
-1.5496446666666668 -0.9764684266666667
-0.03683063333333334 0.6586175433333334
1.3559920833333334 0.9941927333333332
1.895841666666667 -0.08897323333333336
0.6321383150000001 0.07123744999999998
0.9790220266666667 0.9202389333333334
-1.1483101233333333 0.80351781
0.04490107666666671 0.8752798333333334
0.23291191666666666 0.23774452333333335
0.21846016333333335 -0.5499325723333333
1.5138665666666666 -0.15654500999999998
1.609798066666667 0.10180739000000001
-0.54418753 -0.03279990899999999
0.70332441 1.6896001666666665
0.28608821 0.18486825333333334
-0.2721254666666666 0.13224582333333337
1.1578264200000001 -0.38898219333333334
0.2029304533333333 -0.11387293333333337
0.10081713333333331 -0.5017330733333333
0.21174015 1.466853633333333
0.18886298333333335 1.2187573566666665
0.49862945999999997 1.2206387666666667
-0.35812592 0.07052367000000001
1.0448538067666666 0.9836996233333334
1.1466437833333332 -0.8895259033333334
1.9853362666666665 -0.564452935
0.3803521466666667 0.789892172
2.5374509 0.5819138643333334
1.0433161733333334 0.8439143866666667
-0.04884132000000004 1.4132133499999997
-0.17300244866666667 0.93571008
1.2325158 -0.039482956666666714
1.2739626333333334 -0.09953341833333335
-0.40718188666666666 1.0679377766666667
0.9700466533333334 -0.425225065
0.0052593366666666645 -0.7765529
2.2261660666666665 -0.349523679
-1.2553914233333334 0.747802
2.5045745999999998 0.6473948166666667
1.21657485 0.46308108333333337
1.9758231 0.25129697
0.164506161 0.07947550566666668
-0.40031941866666665 0.104911349
1.6599479666666668 -0.14275789
0.23137829333333335 0.6024054833333333
0.05173257666666664 0.6883844333333332
-0.038276559999999994 0.9377309
3.546940333333333 -1.4463290333333334
1.6520537666666668 0.8063855000000001
-0.8307061533333333 0.6134098266666665
-0.32367527333333335 1.41360431
-1.4588290333333334 0.708307625
1.7700834666666667 -0.04256109500000001
0.7341031166666666 -0.39337380199999994
0.31123935666666663 0.45692234666666665
0.61554228 0.47164702999999997
0.7038275886666666 1.4722107666666668
-0.8110995000000001 0.23892613666666665
0.1104165766666667 0.7479938266666667
-0.17679186933333332 0.6008173883333333
0.9965146666666667 1.2872358133333333
1.0233294 0.6749716433333334
-1.00934 1.3661871666666665
-0.3132948433333333 1.093205343333333
0.2807933066666667 0.10297316666666667
1.8690701000000003 -0.5959192099999999
-0.3164384333333334 1.1408969666666666
-0.5018962833333334 1.2840993666666667
1.1051017333333333 -1.1106098
0.38582206666666663 -0.003197156666666677
1.3709976 0.8853509233333335
0.45188240999999996 0.7941198166666666
-0.9039208433333333 0.286682072
-0.71256784 1.426244323333333
0.06256700076666667 -0.52775272
-0.5782039766666667 0.7372822466666668
0.4477185433333334 0.2199272533333334
1.0638093866666665 0.35584272100000003
1.4831112166666665 -0.93316245
1.3546738666666667 -0.8166381833333334
0.7814941033333335 -0.4948380966666667
-0.97242558 -0.8245744433333334
1.3929757999999999 1.0563406
0.10444831 1.4714609
0.14312382333333337 0.10124963333333331
-0.82776678 0.8812337666666666
2.169006 0.5763536133333332
-1.0158523233333334 -0.57701084
0.7740490466666667 -0.33971260000000003
2.3112511 -0.7151937166666666
2.6645326333333332 -0.0828577433333333
1.685764143333333 -0.5374933033333332
-0.24225418666666665 0.75619278
0.06620511666666672 1.7513169333333334
1.19823296 0.34788788666666665
-0.2944184146666667 0.02400926333333335
0.59799164 -0.14296167056666667
-1.0501651499999998 0.73951449851
-0.20726359466666663 0.024055723333333345
0.4614593633333333 0.8563939333333334
-0.8438029133333333 -0.42710499333333335
1.5225554 1.1806578866666668
0.32180794999999995 -0.33216637666666665
1.417711223333333 -0.8112060900000001
0.07733971666666667 0.4317180733333333
-1.1652867 0.9434000233333333
-0.170200619 0.042914980000000005
-0.21144953400000002 0.7533007033333333
1.9500634666666665 -1.301497846666667
0.37484221333333334 0.6757405266666666
-0.38939903499999995 0.36100398666666667
-0.30094317666666665 0.40294843333333336
0.4528761533333333 1.8051165333333334
-0.018397754666666682 1.0359395333333332
-0.6549425746666667 -0.20094909
0.7267733766666666 0.801047728
0.32235895 0.8532718166666666
0.2574177733333333 1.1442941333333334
-0.87432389 0.5138079233333335
0.7733539433333333 -1.0537684666666667
0.34651309666666663 1.0720883233333331
-1.15492115 1.4250940566666668
0.1755855133333333 1.1374691533333332
-0.5123779496666667 1.0947764566666667
0.37242108333333335 0.6949723333333334
0.7604834066666667 0.9305247833333334
-0.5612828 0.189612951
1.25947408 -0.32222249000000003
1.1246556666666667 -0.4481609833333333
1.9378961666666668 -0.3668544633333333
1.9093108333333333 -0.11963284999999999
1.4935544333333335 0.5821957179999999
2.6222518 -0.8448975666666666
0.4152998733333333 0.7825352999999999
1.2806519466666666 -0.106422174
-0.4485714803333333 0.6152273333333332
0.07529931000000001 0.8064381533333334
-0.5156089133333334 0.8322577266666666
1.8031338333333333 -0.052632916999999994
0.32960194666666676 0.6630725166666667
-0.13970843 0.2892972366666667
1.5523452999999998 0.72234495
1.7366997999999998 0.31843583999999997
-0.4249053399999999 0.4550060933333334
1.7400961 -0.8924555
1.5059715666666667 0.4810663353333333
1.5457927999999999 1.2917625833333335
2.3716966333333334 -0.5295874046666667
0.7744909646666667 -0.14315741
-0.8601320433333333 0.2689489686666667
-0.62240452 0.5298574899999999
-0.28473838333333334 0.7060572566666667
1.4114511666666667 -0.38935970333333336
0.06957316233333333 -0.15938221133333333
0.33991580000000005 0.0516917
1.3914554666666668 -0.07598669000000002
3.0213829666666663 0.6797019966666666
0.6750302166666666 -0.31272714853333333
0.6530928466666666 -0.08575920666666664
-0.26648216966666666 -0.70693868
0.028261589999999972 0.47227768000000003
0.439848584 0.30951027
0.8757226333333333 0.304538238
0.8313413333333334 -0.09990135666666668
-0.31413152333333333 1.1673922166666666
-0.5154197533333333 0.5523665600000001
0.14435562333333335 0.24113318999999994
1.7538493000000002 0.6715228666666667
1.110241 -0.8326785966666667
0.8318519866666666 -0.7811591333333333
-0.5016440833333333 -0.11521253666666667
1.071613 0.8527893666666668
2.1806556 0.40892920000000005
0.19548354533333331 -0.4259940733333333
1.0401126666666667 0.2972523466666667
1.2185418333333335 0.14831878666666665
0.5039215733333334 0.7590273133333333
0.8555023500000001 0.8704978
-1.1366127666666668 1.0072762999999998
0.5377686966666667 1.4622645666666667
-0.71967947 0.82278388
0.7069380200000001 1.4911676333333335
3.4912992999999997 -0.8286969133333333
1.8209613666666669 1.3140320333333333
0.862848 0.009178495000000016
-0.40093712000000004 0.11609990000000005
0.77631242 0.38661782999999994
0.003624800000000012 0.5879887766666666
0.2826377666666666 1.3405637
0.23944149333333337 0.04144401666666669
-1.8729713666666665 -1.2255266366666666
-0.7488916466666666 0.5830339766666667
1.8645786000000002 -0.11732593333333333
0.7205276500000001 -1.0014198
3.3381071666666666 -1.3921208333333333
1.7478890333333335 -0.01045219333333336
1.8435847 -1.1252462333333333
2.0831269333333333 -0.11133020333333334
4.340621333333333 0.21807219333333333
0.25187335 0.44549620666666667
0.40422909200000007 2.2121949
0.8340064899999999 0.00414152666666666
0.97373961 0.49652775833333335
-0.4037586666666667 0.9666422966666666
-0.4089675726666666 1.4711945
0.6932371199999999 0.3449053613333333
1.0552354666666668 1.2661388866666667
1.9444924333333335 0.30619651
-0.5618339866666667 0.56153899
0.14200373000000002 -0.045714565333333325
0.8986144033333333 -0.06305405666666666
-0.52402562 -0.3409528133333334
1.2979970666666665 0.022706200000000017
0.7914024666666666 0.54915744
0.6978300966666667 0.05054938333333331
-0.2953388333333334 0.04467058500000001
1.485365166666667 0.30767802
-0.28719285333333333 0.47240766999999995
-0.11975694133333332 -0.5808638866666667
-0.7853881133333334 0.9303852666666665
0.5854578 1.7219167666666668
1.2039480933333333 1.10737909
0.6371749213333333 0.2611933633333334
0.5750909500000001 1.0188797133333334
0.6817580566666666 0.6055370286666667
0.45803041999999994 0.128929068
1.2105126533333335 1.1369056666666668
-0.9687107000000001 0.8672349733333334
0.057092063333333325 0.32193337000000005
0.05973149 -0.23659554666666668
-0.9657955666666665 0.30224941
-0.5775281037666666 0.49787402643333334
-0.053888539999999985 0.04107827333333338
1.4013320333333337 -0.6803860866666667
0.28435568333333333 0.6263629166666667
1.6537035666666666 0.699211
0.10013453000000001 -0.25880603500000005
0.17927374333333335 -0.02298990333333333
-0.1626181266666667 0.7560221533333333
0.5027920533333333 1.2564066000000003
2.938331366666667 0.65491145
0.2722704766666667 1.5715516
1.5764986666666665 0.07571756833333333
-0.11577177666666667 0.5699879733333334
0.17019879999999998 -0.8625812666666667
0.11985315666666664 0.6787598980000001
1.3354621466666667 0.5430371466666667
-0.54456235 1.3685349666666669
-0.2820084666666667 -0.61656672
0.0027389133333333157 0.8114652466666666
1.4785889333333333 -0.5753935933333333
0.7262373333333332 -0.11789810666666668
1.6410263333333335 0.6790343066666665
0.31974236666666667 1.2906313166666665
0.14989838666666666 -0.8201941066666666
0.7629135999999999 -0.7636889166666667
2.3024553 -1.5933470666666665
-0.35142059000000003 0.3156404166666667
-0.2490382013333333 0.19719308333333335
-0.69071959 0.9500361333333334
0.03793508 -0.20094510333333332
1.3069419666666668 0.40921116333333324
0.5189280166666667 -0.91225218
0.4767434133333333 0.6516355266666667
2.3105671666666665 -0.8264290033333332
0.11873461333333334 0.17533465333333337
-0.4008027481333334 0.13086545666666666
-0.39808361999999997 1.6921933666666666
1.3946466999999998 -0.5222249466666666
-0.18013565000000004 0.6603359666666667
1.6426883333333335 0.7336017466666667
1.7270496666666666 1.3054961
0.059369380000000006 0.12320430033333334
0.7470862486666666 1.2903216
0.11300770000000002 1.17192491
3.5466125 -0.8961111633333334
3.044461666666666 -0.26391017666666666
-0.23069810333333332 0.3303854666666667
0.6062344366666668 -0.08622752833333333
0.5011258666666667 0.9625278933333334
1.5539138 -1.1210226666666665
0.14866705666666669 0.05680774666666665
0.72355515 1.5827468999999998
-0.38458199333333337 0.48377457533333335
0.43396338333333334 0.9136547366666665
1.262819733333333 -1.3064192666666665
-0.32912694333333337 1.1821537833333333
0.9252309999999999 0.66612324
1.6392405666666667 -0.32800302533333336
-0.29209859 0.4654714283333333
1.0599764333333332 0.11602299666666664
-0.29916051 0.5217578333333333
0.9466270500000001 0.6848673000000001
-0.6847024966666667 1.7336945666666668
2.8654157000000002 1.4090878833333336
0.44841078000000006 0.06521491133333332
-0.40958393666666665 0.35423127666666665
0.25892035333333335 0.00021174000000002613
1.2735319333333335 1.4226327666666665
1.0782384233333333 -0.1939582333333333
1.1681837466666665 -0.5215726500000001
0.38675167 1.3214082666666667
3.9089831000000004 -1.0224807333333334
2.5743554333333334 -0.51952745
0.8751739466666665 0.8984043133333334
3.0362061666666667 0.22200213500000002
-0.583494628 -0.145146599
1.1797508666666665 -0.67176656
2.0421722 -0.1484767666666667
0.3511660466666667 -0.35286033
1.4573369666666667 -0.6188349799999999
-0.3300737466666667 0.38982784333333337
0.66036082 -0.6249892433333333
1.1497298666666664 -0.34862358466666665
1.9200763 -0.16601196599999998
1.1998901333333334 0.7646722766666667
0.6874001433333332 0.17904267000000001
2.114401233333333 -0.6536211266666666
0.5542436533333334 -0.7292457416666667
1.8703441333333333 -1.10010105
0.62401154 0.7381232666666666
1.14937955 -0.3223760133333333
1.8580440999999999 -0.6726376566666666
2.1193470666666663 0.2012874333333333
0.13330615666666668 -0.31102005
-0.18703938 1.16147765
1.7203432233333338 -0.4832437766666667
1.4967939000000001 0.5781290899999999
1.7348131333333336 -0.53060921
0.2709273833333334 1.0371798666666665
1.6366032333333331 0.04589557000000001
0.39717733866666666 0.75208
0.9864782666666666 0.6754175233333333
2.2734068666666665 0.26341477066666663
2.770767533333333 0.07709809666666669
0.9154319999999999 0.15493140333333333
1.3915859000000002 -0.29195363999999996
-0.70981349 0.5326652233333334
-0.09542426000000001 1.0690548433333333
0.47616453333333336 0.4557634946666667
1.5877248 0.08070404233333334
-0.3157531133333333 1.2029083666666667
1.9522641333333333 -0.32677938
1.2131659333333333 0.43750621000000006
-0.8811893700000001 0.055910153333333316
0.48959235333333334 1.1516337799999998
1.8936435999999999 -0.308059659
1.2000194333333332 0.23412065333333335
2.008188333333333 0.40405795000000005
0.772251898 1.0401607333333334
1.5726149 -0.09960232
0.5334383366666666 -0.1532913
1.2470210833333333 0.7829109333333333
0.8378146366666667 -1.4923484333333334
0.8016097133333333 1.5803031
1.2424676566666668 1.2646781
2.8032954 0.50331349
1.3370538866666666 -0.70241061
2.9976831666666666 0.6583220466666667
0.15154759999999998 0.9807062433333333
-0.055467323333333304 0.9851006499999999
0.8947432633333333 -0.10021785666666666
-0.031996269999999966 -0.2529954613333333
-1.3166734666666666 0.5312218173333334
3.9151993 -0.28097938
0.43936261 -0.02608720766666667
1.4120017666666669 -0.6567496333333334
1.4118536 0.4925740466666667
0.2989742 0.8146210666666666
2.4915640333333333 -0.26949805666666665
3.001607866666667 -0.05974042053333334
1.0897068766666667 0.21758012333333335
0.80813138 -1.4589238999999998
0.63616622 -0.108673332
0.71548786 -0.8459265533333333
1.6302252666666663 -0.395306645
0.43892230000000004 -0.7183053333333334
-0.18802655100000001 1.2058933333333333
-0.74038946 -0.3918741969999999
-1.4427641 -0.9132875999999999
1.1404367533333333 -1.00777415
0.8655661133333334 0.61228556
0.7724440233333334 0.28771697333333324
-0.10759453000000002 0.8870986733333334
0.7393283166666667 -0.43620727333333337
0.5042924166666667 1.3374465233333335
0.8274481466666668 -0.3092137533333334
0.2980741453333334 0.12413086
0.24114929333333338 0.9230393333333334
0.083540585 -0.31342023333333335
-0.953288 0.4927311902
0.80923844 0.17872989999999997
-0.2350458566666667 0.20188788666666665
0.16617480333333334 1.1560676
0.85419931 0.7281386609999999
-1.2954747666666668 0.75525145
1.501346166666667 -0.21046183333333332
1.1744185133333334 -0.7723190866666665
-0.08307421199999998 0.6769985933333333
-0.7095363089999999 0.45284149999999995
1.9828205333333335 0.17776552666666662
1.5798252333333336 -0.2898166273333333
1.1683057166666666 0.6682051520000001
-0.89423598 0.19454750833333334
0.39479208666666665 0.23454129333333332
0.5600881533333333 0.9760717333333333
1.6087814666666667 -0.10159416899999998
0.9358031733333332 -1.0650191266666664
1.5476010466666668 -0.9065299600000001
1.4922635 0.27782986
-0.056489010000000006 0.8434636766666667
-0.3631057733333333 1.212609
0.9874046999999999 0.20744386666666667
2.0796001333333334 -0.7847138333333333
0.40408599 1.4207222466666667
2.3666567 -0.6147952766666667
-0.6003351833333334 -0.524485272
-1.1391934333333333 0.030884863333333335
0.19917686666666665 0.2626540233333333
1.5763872 1.3203015333333332
0.20845206833333332 -0.41395660133333334
0.4398699833333333 0.3395957066666667
1.1580700099999999 0.6106989766666666
0.4135394333333333 -0.1691992066666666
0.45753429333333334 0.32173059
0.039412723333333316 1.4424590333333334
0.48913566666666664 1.1823257666666667
0.06538114999999999 0.16658708333333333
0.18795165866666666 0.37283325333333334
3.665913 -0.039321620000000015
1.6012054333333332 -1.1131286166666665
1.8428281333333332 -0.18230138666666668
0.29436225466666666 1.3317052333333332
2.1536633 -0.7232594666666666
0.7036384033333334 -0.30437595333333334
-1.4563319333333333 0.5290308373333333
0.10919416666666663 0.43198771666666674
1.7964883666666667 0.8706846666666666
-0.2545448633333333 -0.264698195
2.008929066666667 -0.40437565000000003
-0.14932245666666666 1.4320275666666669
0.5396884933333334 1.6855524333333332
0.014341563333333328 0.6178204333333333
0.6074438933333334 -0.6609402566666667
0.8225304233333333 1.2156119766666666
-0.048036179666666665 0.027907816666666637
0.43163420666666663 0.38070917666666665
0.78074257 0.8040059433333332
0.1791487833333333 0.47781736
1.8977654666666666 -0.029104077666666662
0.5315154933333334 -0.81816197
0.5114696866666667 -0.29731023619999997
1.6902891666666664 0.39036405
-0.13774824000000002 -0.35013405999999997
0.23341071333333335 -0.29175801922666666
0.024171676666666704 -0.3729464416666667
1.4781896 -0.24409121
1.4983359333333335 -0.8230998866666666
0.5026577200000001 0.42358937
1.2979397333333333 -0.011786023333333392
0.62311462 1.2751967
-1.3216732 0.72178955
1.0431699666666667 -0.6957738666666665
1.5668019666666668 0.97174308
1.621907566666667 0.014967056666666667
1.4371139333333334 -1.3817900666666667
0.8244410466666668 -0.284731307
2.8764521666666667 0.21138393333333333
0.5230958233333334 1.7388905666666665
1.1366344333333331 -0.7969621699999999
-0.5541917733333332 0.6502877623333333
2.6857489666666665 -0.4216245746666667
0.9149825233333334 0.04206064999999999
-0.7971922233333333 0.9007769399999999
3.4398555 -0.7777405033333333
0.07639019666666667 1.4037461666666666
-0.2089959846666667 1.6152536666666666
-0.12585717999999999 1.2979181666666668
0.31002927999999996 2.1295130333333336
1.1091620666666668 -0.37257586
-0.45699719 1.8323312000000003
-1.0958432433333334 -0.45187741
1.03467342 1.0936794
-0.036782066666666675 0.7103114233333333
0.48238368333333337 0.19533903
1.6454557333333333 -0.1228954333333333
0.8810728099999999 1.03921698
-0.3804809766666667 1.5649532
2.3332530666666664 -0.5829573433333333
-0.42953232466666663 0.10534551333333335
2.0760538000000004 -1.1806279
1.5253346 0.50457466
-0.7369739599999999 1.1412974000000002
0.2152405766666666 1.5808007000000002
0.30448006666666666 0.42404906
-0.2565003516666667 -0.17519221666666668
0.08236632666666668 -0.6274655733333332
0.25630046666666667 0.12434037333333332
0.3008659746666667 0.09114386499999999
1.21443558 0.8566514100000001
0.09311306333333333 0.6667286200000001
1.4260178000000003 -1.8313435666666666
0.8282581366666666 0.6126508500000001
-0.04250017089999998 -0.5654966633333334
1.1152247433333335 -0.70184586
-0.28967947606666666 0.9238174333333333
1.4253132000000002 1.4359970666666668
0.490442957 -0.6048563566666667
-0.8280835566666667 0.5447679966666666
-0.8010301466666667 0.73750221
-0.8870599233333333 0.61470599
0.7895098633333333 -0.5146895133333333
-0.49985452333333336 0.3113051766666666
-0.006652023333333346 1.0964314
1.5915607333333335 -0.08144101333333334
0.34121375000000004 -0.08832253543333334
-0.5202289133333333 0.9531596533333333
0.21382857000000002 0.37348908000000003
0.1350550033333333 0.32491536800000004
1.7612555666666667 -1.2632818333333333
-0.1719766123333333 0.5769241533333332
0.49858261333333337 1.2284633433333332
1.9547474999999999 0.38190801333333335
0.6361326 -0.39195022999999996
1.3493627333333333 1.7758490666666666
0.5114924073333333 -0.3873492366666666
0.8134737999999999 -0.17260505333333337
1.0870753666666668 0.27034021333333336
0.16446822000000005 0.9900549666666666
1.4872819 -0.7755760133333333
-0.07355553666666663 0.009652378333333333
-0.5802761533333334 0.38344338666666666
0.29646691566666666 -0.18136111333333335
1.0354226 -0.3298476086666667
-0.8655570333333333 0.4405781466666667
0.9836116333333332 1.1319911
1.7195382666666668 0.11388362266666668
1.1127443166666666 0.3088187666666667
2.9808828 0.08650839333333334
0.49468668999999993 -0.6317615000000001
-0.04208042333333337 0.29924637
0.3627771433333333 -0.16316925533333335
0.5594831066666667 0.033926670000000006
0.06044909333333334 1.3428777
0.3908523333333333 1.11516588
1.2747199166666667 0.5473706679999999
2.2019848333333334 -0.40929900333333336
1.1456619333333333 -0.9331668766666668
0.3174607733333333 0.29023005
-0.7774083433333333 0.6126921633333334
1.1131402866666666 -0.11275108000000002
0.34697615666666665 0.24511633333333335
2.1588138999999997 0.23794951666666667
1.4899129333333336 0.5646226658999999
-0.6349932086666666 0.9240195
1.1692181799999999 0.4833641550000001
0.13443493666666667 0.14993164999999997
0.3821626900000001 1.1629053866666668
0.5075084266666667 -0.6559963233333335
0.2765990566666667 0.37041414
0.10678244666666666 -0.52435255
0.51230232 1.4068666
1.3219955333333333 0.03202909666666667
2.1508325999999998 -0.3971197613333333
0.6638805600000001 0.5260111999999999
-0.06756627333333336 1.4466589333333335
-0.7171925 0.6849773299999999
0.08946834333333334 0.308966144
0.63819395 1.6487900333333334
-0.27819124233333337 0.7773637033333333
-0.7660332766666667 1.4813270666666667
0.6150951133333332 0.029486136666666652
1.2261023166666667 0.6172428333333333
0.34803400000000007 -0.23249003333333337
0.1854567333333333 0.4651637413333333
-0.029994378000000013 -1.0823876433333333
-0.2385712053333333 0.25444104333333334
-0.4211997286666666 1.3596649
0.88152568 -0.5013285966666667
1.6856386333333335 0.5756554433333334
0.9991366433333333 -0.3896226433333334
1.1270080866666667 0.2943442033333333
1.7615190666666667 -0.6312701466666667
0.2167148366666667 -0.040202104999999995
2.0800212333333334 -0.5639209366666665
0.0956652166666667 -0.33613153333333334
-0.42267224333333325 0.6308317333333333
0.9174391166666667 -1.3463897333333334
0.006176964999999997 -1.080350459
1.4974327333333335 -2.0738465333333336
1.1573234000000001 -1.0703176333333333
0.2900565846666667 0.4510495066666666
0.33049661333333336 0.038682155333333315
2.4610283 -0.6455275086666666
1.5176272666666666 -0.9415379833333333
2.9196638333333333 0.5342451966666666
1.1658430333333334 0.5029724933333333
0.6225886233333333 1.5234091333333333
0.8335153999999999 -0.15517234666666668
0.0865654333333333 -1.1990130333333333
2.0732759333333335 -0.7183441266666666
0.13995880666666677 1.22270865
-1.2709030566666668 -0.41352681333333335
0.6162855166666668 0.14197341000000002
0.3377263433333333 0.47249507333333335
0.3215428 0.34830972666666665
0.7536141866666667 0.7554395633333333
-0.7431375800000001 1.25756425
0.56004906 1.0264698333333333
0.41138926666666664 1.5536629333333332
-0.14593755733333333 -0.36068417666666663
-0.9430599433333333 1.7521638666666663
0.09305730666666667 0.1935543294333333
0.13190486333333334 -0.6645622100000002
0.44128505000000007 0.9273817533333333
0.2705637166666667 0.17506805000000003
-0.17196007999999993 1.0946040933333334
1.9198667333333335 0.11968269999999996
1.2278015666666668 1.0571204433333334
1.4580032666666667 -1.6140278666666668
0.5456658933333334 -0.8481381133333332
1.2436309666666667 -0.67689941
1.7662788666666667 0.8674831099999999
0.18894501333333336 1.1928350233333336
1.5447872 -0.35803687933333334
-0.9765283866666666 0.27394502333333337
0.59725617 0.18617627
-0.10240112000000001 0.8057261566666667
1.8165111333333332 -0.7568531533333335
0.4364049066666667 0.18910797999999998
1.950069133333333 0.309418633
1.8751943 -0.7940380466666666
0.7652861566666668 -0.056273633333333344
0.32636218333333333 1.0420303533333335
-0.43938937666666666 1.6252299333333333
1.6631398000000002 0.46730788333333334
-0.13689152666666665 1.0130082
0.9638703800000001 0.5833719133333334
0.4302054066666667 0.47625515
0.60780159 1.0049172
2.5814295666666665 -0.830203
1.3458256 0.04688933
2.0477179000000003 -0.5174139513333333
-0.35525008266666663 0.4667409366666666
0.30112122333333335 -0.31908258999999994
-0.20481854333333338 0.34843347333333335
1.5551850433333336 0.13491427666666667
0.4652094666666667 1.3693346
-1.2998930666666668 -0.84536566
1.7091751333333334 -0.8661484533333332
1.2987608499999999 1.6034528666666668
-0.12024568666666666 0.7249677
2.067114133333333 0.14606163333333333
0.07516507333333335 0.8929415866666666
0.6300810433333334 -0.3127485033333333
-0.17598612833333338 0.888601
0.15765883666666666 0.97894595
0.3704679266666666 1.1053653166666666
-0.21963404833333333 -0.39303499666666664
0.18578341000000007 -0.9196609233333334
0.8681438066666667 1.5345905666666666
1.2338973333333334 -0.43667028666666674
0.37203828533333333 -0.35956097000000004
0.9183814866666666 -1.23623091
1.9126475333333333 -0.27942767333333335
1.7590528666666665 -0.09450747000000001
-0.6513305 -0.2931146633333333
1.2111544 1.44302708
1.7771178333333333 -0.11877686000000005
0.82425208 0.9060350866666667
0.7014728874999999 2.2523628333333336
0.9282388966666666 -1.1402106666666667
0.06288917999999999 -0.50886756
0.62355167 1.4357174666666666
1.7915326333333335 0.586442599
-0.6010652400000001 1.4771964666666666
1.0494559866666664 -0.20416124066666666
0.7409318786666665 0.8330966466666666
1.4579651900000001 0.71387446
-0.395341286 2.468028133333333
0.5560701299999999 0.82582725
1.5989771199999998 -0.009831826666666656
0.18021190333333334 1.5799009666666666
-0.11852896933333334 -0.9872557
0.3164239786666666 1.0993633
1.2997102 -0.24425303116666666
0.7644031966666668 -0.17052842833333332
0.5457328566666666 -0.09543082166666667
0.09121679333333332 -0.8623070133333335
0.032649433333333325 0.8927922199999999
0.6536501633333334 1.0565704466666666
0.100729558 0.061512533333333355
-0.015775556666666673 -0.5583244
0.57299612 1.1097326166666668
-0.13929195 -0.5231768733333334
-0.6132794666666667 -0.25395656666666666
1.9608674666666666 -0.50802576
2.5906162333333334 1.7670467
0.25944170333333333 1.07498518
0.07661871666666666 0.5716043933333333
2.0616420333333334 -0.6403418016666667
-0.53492846 -0.11047732000000002
2.334993633333333 -1.3283933166666666
0.25880511 0.35393469433333336
-0.39498047 -0.3259256933333333
1.3227878666666666 0.78947476
0.12538794333333333 -1.2586413833333334
-0.2695258166666667 0.31833124333333335
1.8213363000000002 0.08705026000000003
0.3074872800000001 0.06013914666666664
0.8550646666666667 0.05231059666666668
1.6466173666666668 -0.38831074833333334
1.1940897433333333 0.4936849733333334
0.25791555 1.043438656666667
-0.2286032733333333 0.6002243033333333
-1.447286566666667 0.7451093933333333
1.2343447033333332 -1.3051070466666665
-0.62889918 0.5381422733333333
0.5881752203333334 0.52972151
0.9279915499999999 1.2635387333333334
-0.45158665866666664 0.07301724333333333
1.9234746 1.2044428533333333
0.24404360333333333 0.82492548
-1.3269704866666665 -0.006726703333333326
1.4543221333333334 0.10314744666666667
0.011990599999999995 1.1927845
0.5729724266666666 0.39956926000000004
3.1083855333333337 -0.88344572
1.0654594466666667 0.24375992666666663
0.6014308266666667 0.50202288
-0.09552376666666666 0.71838281
1.4821275666666667 -0.5935109333333333
-0.2615424883333334 0.04837954666666668
1.3668834333333333 -0.7504334666666667
-0.21664090833333333 0.7020792466666667
0.76182083 -0.10044477833333333
0.17133316666666668 1.2311984566666665
-0.18604725 1.4403821999999997
1.1394140199999998 -0.19075415999999998
-0.44100520666666665 0.9890388666666667
0.34956538333333337 -0.34846896166666663
2.837646066666667 0.8117862266666667
2.6984376 0.15951701166666668
0.7362623133333335 0.005997083333333363
-0.452868537 1.2695352
1.7031308666666667 -0.5686086913333334
0.6856418 -0.05591381766666666
1.4180509533333334 2.0099584999999998
1.5399203999999997 1.2792159333333335
1.5041184466666668 -0.0017486766666666763
3.6997893666666664 -0.3067093746666667
0.44347554 0.44898473333333333
1.7036933 1.2214807
-1.2971303333333335 -0.7022164663333333
2.4120050666666666 -0.53762433
1.6640458333333332 -0.9136205333333334
-0.48804096 0.20479305533333336
3.0787834666666667 -0.5112257933333334
0.10532050999999999 1.0826482266666666
0.7242826299999999 0.7103150133333332
1.0244708200000001 -0.6662926533333334
0.24550521333333336 1.6053382
0.8030274866666667 0.9712451233333335
-0.32561824866666667 0.6894519133333333
2.4547987666666664 -1.8712719333333332
0.32008938333333337 0.5394781653333333
0.6420426853333333 0.25006888666666666
1.4011473200000002 -0.5886563133333333
0.46682435333333333 0.7752846
-0.43214967 0.6605406333333333
1.5868010666666665 -0.34181833
0.22534055466666666 0.4624507253333333
1.7645011333333331 0.016202682666666655
2.1482041333333335 -0.4586483266666667
0.5358297733333333 -0.4295217533333333
-0.96608722 0.7050937283333334
1.3355100333333332 -0.16194549166666666
2.9605200666666667 -0.3670040633333333
-0.5191689433333334 0.28804932
-1.8168707999999998 0.1503017633333333
-1.3515573 -0.2665454333333334
1.9639480333333335 -0.06391824666666665
1.0830885333333333 0.03659385666666667
-0.7374287 1.6107837333333335
3.0659517333333333 -0.7560058266666667
0.4885584033333333 1.3273341666666667
0.6215219533333334 -0.200674811
0.21433534333333334 1.9576529000000003
-0.22079536666666663 1.0663248
0.7531125933333334 1.013331386666667
-0.26784216 0.8709618566666666
-0.12632167133333333 -0.5557488566666666
0.8990172000000001 1.8876027333333336
-0.7481745433333332 0.31855988
2.6582900666666665 -0.37272904666666673
1.5520658666666667 -0.5028538633333334
0.5595599566666667 -0.46075452333333333
0.3263835243333333 0.1583270466666667
0.2973703233333334 -0.04861596733333332
1.5350840333333335 -0.46541855666666665
-0.22501640333333334 0.8425957000000002
-0.055007719333333344 -0.021559624999999985
0.7738566566666667 0.7609003966666669
-0.33689234333333334 0.5605755866666667
0.40442489000000004 0.8841203466666666
0.0985341166666667 0.3707406533333333
0.04271639966666666 0.07261606666666667
2.2037299666666668 -0.38667342666666676
0.10534096666666666 0.5255422433333333
1.0277688433333334 0.77465586
0.07124793333333333 0.7634525533333334
0.6010792869999999 0.9546748199999999
0.3303783533333334 1.0443687499999998
0.5056820800000001 0.39465983200000004
-0.03797741899999999 0.11659082700000001
0.18262855800000002 1.3186721666666668
1.09583802 1.5574671333333334
0.9076699333333333 -1.12984475
0.7818364333333333 0.63308094
1.5920048333333336 -0.33877040199999997
2.421339933333334 0.9696050333333333
-1.0964104799999999 1.2363945
-0.93729301 0.9906602333333334
0.0603636733333333 -0.2629235053333333
2.7074547 -0.21071038333333333
0.5817459533333333 -0.21718042
2.1789521 -1.20337192
1.0645779466666667 0.55158248
0.28076070799999997 0.37641315799999997
-0.14593627666666667 0.74861936
0.30276869999999995 0.34240118
-0.57325883 -0.4074349806666667
0.6900855733333334 1.18556718
-1.1750970333333333 0.6039602999999999
0.6359927896666667 1.0890885333333333
3.414139633333334 1.10304901
-0.5017222133333333 0.5187837
2.3867485 -1.2335183533333334
-0.2781743876666667 0.5311828933333334
0.1793013766666667 1.1161908766666666
0.6777311333333335 -0.06601461
1.9773572333333334 0.6333193333333333
2.5942163333333332 -1.2261220533333332
1.29406012 0.8514380466666668
0.4510688916666667 0.030558339999999996
1.5624923666666666 1.3045446666666667
0.13800223 0.08548063000000002
0.9708825333333334 -0.2751297013333333
1.0710861866666668 0.49107354333333325
-0.318727445 0.26565339
0.7729638799999999 0.07646172533333333
1.9901445666666666 -0.5760798433333333
1.3211301333333334 -0.3316736733333333
-1.3640270333333333 2.0148808666666667
-0.7842862799999999 1.7525813666666665
0.4376634503333333 0.3109270766666667
-0.145179139 -0.03069119666666666
0.21556049666666666 1.2231215233333335
0.4298936933333333 0.5800509933333333
0.5882987666666668 -0.12067236333333334
1.4949635233333334 -0.24015726666666667
1.3037419666666665 2.0376743999999998
-0.9890192466666666 0.7834998866666666
-0.5394321499999999 0.7354707833333334
1.3524877 -0.23531453833333332
-1.1616276566666666 0.0119738166666667
0.2135601466666666 0.32357415
1.0051216566666668 0.19450848666666667
1.4643576200000001 -0.11897745333333329
0.41587341166666664 1.0311867
-0.4420576766666667 1.8150193666666667
-0.015541826666666694 1.4162920333333333
-0.8437266866666666 0.42114735333333336
0.9667456333333332 0.8553572666666668
0.03709642333333333 2.1876995
0.3354495333333334 0.8191260666666665
0.03374769666666664 1.7207701666666668
1.4828673333333335 -0.3447004023333334
1.22939648 1.2464293666666668
0.9620989666666666 -0.9123266666666666
0.5589107866666667 0.49009274999999997
-0.25390245666666666 -1.2467054666666666
0.2177438233333334 0.70266654
-0.5519671433333333 0.095646048
0.42293954933333333 0.5818399466666666
1.9959641666666668 -0.238207272
-0.18713306 -1.1294468199999999
-1.1155885 0.5684031199999999
0.011431466666666654 0.9772380333333333
0.9832097466666668 1.9335693666666665
0.4864402686666666 0.16821726100000003
0.9143057333333333 -0.4910529299999999
0.7991921666666668 -0.7189706266666667
-0.472440864 1.8724950333333334
1.6013319666666666 0.7512474733333334
-0.6462733466666667 0.45500284333333335
-0.4370996345666667 0.4444477433333333
0.4467496 0.4837547966666666
1.38879874 0.23651864999999994
2.4193412666666663 -0.9924980766666666
2.4927446333333334 0.34534214999999996
-0.10243374999999999 0.028971416666666663
-0.59649589 1.791214
-0.6932591333333333 -0.011046766666666645
1.9138959666666668 -0.35867386333333334
1.5413357333333333 0.9979214333333333
0.5369187799999999 0.08541206166666668
1.2467374666666666 1.0537564733333333
-0.6193694366666668 0.9364625000000001
0.9470043833333334 -0.4531941833333334
0.04444844333333334 -1.07400792
0.47569647333333337 -0.7132406399999999
1.1961569866666668 0.3529219866666667
-0.3049732566666667 -1.3933841
2.2109754666666666 0.3628626376666667
-0.80611488 0.24022738333333335
-0.04394425666666668 0.7714545366666666
-0.3687754733333333 0.20501308333333332
1.0411605166666666 -0.42288409333333327
0.374048596 1.1406881333333334
1.3860398333333335 0.5451749699999999
0.5939293666666667 -0.11080756666666669
1.8840659666666668 -0.14650272666666667
0.26013848333333334 1.7481859333333334
-0.41523409000000006 0.21025877666666667
0.14401829333333332 0.18422111699999996
0.6045045766666668 1.3434569166666668
0.7330946333333334 -0.7410281599999998
0.7180373966666667 0.24194893333333334
0.7333668099999999 0.08681849666666666
0.7438717286666666 0.23819629999999997
-0.2586727233333334 0.26034173666666666
1.3464120666666668 -0.24622693199999998
2.1844335 -0.6883116466666667
3.213606166666666 -0.53479931
0.8576617533333335 0.04162175333333334
-0.5511384800000001 0.054715876666666725
2.459589966666667 -0.17747036666666666
0.08682741333333333 -0.72143335
1.0895524766666667 1.1598278199999998
-0.9790456999999999 -0.04183781666666666
0.3421882633333333 1.0211195166666667
0.41692897 0.58810595
1.4348815000000001 -1.17970825
-0.7523926066666665 1.2237180666666667
2.8341139000000006 -0.41675138333333334
-0.6123482033333333 0.5402637033333334
-0.5891853466666667 0.9241192333333333
0.27730589333333333 0.33517278666666667
-0.29980554 1.5860745333333333
1.6120719000000001 0.5048580866666667
0.9394777533333333 0.23378359999999998
-0.25119359999999996 -0.2608095683333333
1.4012011666666666 0.1925334833333333
1.9836307333333334 0.043912026666666694
-0.38744474333333334 -0.5634269966666667
1.3343159333333334 0.091137803
0.5664613466666666 -0.5350250943333333
0.37617874666666673 0.9595297
-0.7499716666666666 -0.15707709133333334
2.3564209666666667 0.21426384866666667
2.659090766666667 0.3802096133333334
0.26993135933333334 -0.2364874743333333
0.12171505666666667 0.8527248433333332
0.9293110566666666 -0.09713298666666667
-0.3132556326666667 0.56163734
0.17151826666666667 0.008877160000000031
1.5927047333333333 -0.7007083166666668
0.3188136066666667 0.5397063
0.2603038516666667 0.3937573666666667
-0.5409086151666666 1.1457303
-0.43149269 1.7970522
-0.146762951 1.581886
0.025230189999999993 -0.11578229599999999
0.81254693 0.07859278666666666
0.97248154 0.8579514233333333
1.2040394666666667 -1.2850364499999998
0.9630786333333334 0.20710841333333335
0.8589545813333334 -0.11694485
2.827946266666667 -0.416751953
0.58660777 1.1547591
0.4772386109999999 0.39631590566666663
0.24696830666666664 0.6611469166666666
-0.3203386066666667 -1.0836869666666666
0.08189723666666665 -0.2774109676666667
-0.2897850633333333 0.8007498366666665
0.508112808 -0.054850253333333335
0.11900306333333334 1.0703306666666665
0.9522704000000001 0.5138500666666667
0.40453621666666667 1.1085606
0.8898266866666668 0.5923330299999999
3.5010342999999997 -0.3709279833333333
0.7458353833333333 -0.43541532299999997
0.9877227566666666 -0.33047681333333334
0.078191083 -0.19352062066666667
1.0758226666666668 0.14247859333333332
0.7356642233333333 0.6934194533333334
1.3953881666666668 -0.6369720193333335
-0.04000931033333334 0.8642553666666667
0.30762490046666663 1.6250115666666667
1.6333148333333332 -0.6409057433333333
1.7894449666666665 -0.05122078333333338
-0.62496221 0.6032580233333333
-0.27821190333333334 0.007872815666666672
0.9953891133333334 -0.133386259
0.8010107933333334 0.7107957666666667
0.49892095999999997 0.9344575866666667
2.2625488 -0.45052411666666664
-0.33511169333333335 1.5008022866666668
0.5483133033333333 1.1238381533333335
1.4442102 0.2986972766666667
1.4715976333333332 -0.0016611499999999969
1.1772486 -0.33932034333333333
0.35914003333333333 1.0722969666666666
1.8280783333333335 0.11339896666666671
0.03550319666666666 0.7856788033333333
0.9639701566666666 0.4577332166666667
-0.32994963 0.009968688666666649
2.7637777666666667 -1.6269290333333335
-0.32036735 1.4237375666666667
0.4421265713333334 0.4696943966666666
1.1608265666666668 -0.56812843
0.2968410266666667 0.34440963666666663
1.6032214999999999 -0.5887213666666666
0.06677275000000002 0.40172841666666664
2.195798866666667 -0.49323830333333335
1.8626162666666668 -0.5493314366666667
1.3535448666666665 0.3923010566666667
-0.6464523766666667 1.6742858666666667
0.5131930866666666 0.7911246666666667
0.1752957066666667 1.6195743666666664
-0.2795598366666667 0.5731607266666666
0.8483349 1.4331655466666666
1.3664324766666667 0.46837024666666666
1.1038777866666667 -0.5446767966666667
0.584325892 0.54949667
1.3270961 1.4254036333333335
-1.03230668 0.04822303400000002
-0.33283187 -0.03657993666666667
-0.046243943333333315 -0.6281064666666666
0.9581168833333333 1.34444158
0.6764966833333332 1.5744099666666664
-0.37768817000000005 1.0426417833333335
-1.0006804666666667 0.8770717666666666
-0.5327535983333332 0.9618407899999998
0.9653388931666667 1.6738757333333334
1.5071686333333334 -0.11898642333333333
0.32684408333333326 -0.03498220999999991
1.33352419 0.1229868633333333
1.4671769333333333 -0.43317770000000005
1.8060994000000001 0.5933388966666667
0.66110865 0.39012476
0.5826181500000001 0.1697956533333333
0.6032507466666667 -1.6958750333333334
1.2809465 0.4460034666666666
0.5365739166666668 -0.7140614433333334
0.66489502 -0.13691404166666665
-0.10931222333333333 1.2174675666666668
0.5662283243333334 -0.22278977933333333
1.43854932 -0.9123203666666666
-0.4709835433333333 -0.186169105
1.9995378666666668 -0.27776984666666665
1.6347212000000002 1.7454998000000002
-0.52654898 1.2570749466666669
1.3015644133333335 0.03548654333333334
0.13759232333333332 -0.07177607999999999
1.9298421666666665 0.77755662
0.7421559333333334 -0.02955283333333334
0.922579702 0.6443225143333333
0.47384737999999993 0.4026353533333334
1.9388036333333336 0.7464706033333334
0.7835347112333334 0.8195610966666668
1.24991078 -0.07393252933333332
2.0977293666666665 -0.12998944000000004
-0.8059605933333334 0.32151125666666663
0.22613691 -0.2555758433333334
0.07102590866666668 0.353675404
0.7561250733333333 0.10024787666666667
-0.24249984999999996 0.40992167666666673
1.2498948666666667 0.9301980000000001
-1.7085294000000002 0.5810892633333333
1.7569881999999997 0.10775304333333331
0.6623813433333333 0.13583264333333334
1.0272142666666666 -0.27973953
1.2460827666666667 1.2485267533333333
1.8616235333333333 1.1813188200000002
0.47809837666666666 1.1344743499999999
1.8399118666666667 0.4406561883333333
0.3787920566666667 1.02169604
-1.0700844333333335 1.0070313333333332
1.1443567333333333 -0.08307904666666667
1.3036787333333335 0.06626418999999996
-0.9099441466666668 0.6910111333333334
1.1989339466666666 -0.31335779666666663
1.773969066666667 0.7477639546666668
0.78852928 0.27341445666666664
-0.08769624333333333 0.57400823
0.0009725400000000167 0.3865311846666667
2.443743533333333 -0.30071491666666667
-0.21483914 1.8636667666666666
1.0122178099999999 -0.14575574166666666
1.7253110666666667 -0.5568198566666667
0.6454854 0.3722885943333334
1.364409633333333 -1.2276843666666666
0.57761037 1.21934095
-0.023357075666666657 0.9514163766666666
0.08735285000000002 0.3980310133333334
0.6331655333333334 -0.14945026833333333
1.9256207666666671 0.20312156666666667
0.5711444113333334 -0.64881721
0.13790397 -0.228588946
-0.08837436666666669 0.9514087566666667
1.7592273333333333 -0.8041172233333334
1.7024393666666666 -0.49163521499999996
0.9366986866666667 -0.6857872333333334
1.1020843833333334 -0.8101097433333333
0.015612080700000005 0.13585093999999998
-3.0282387666666666 -1.3270214333333334
0.2697685 0.61983905
-0.68402683 1.0446557833333334
0.8970384986666665 0.8326262833333333
0.016433893333333317 0.2689840133333333
1.7155509333333332 -0.6497008433333333
0.7641935340000001 1.560895
1.2697045333333332 -0.47266694333333337
0.6528987166666668 0.20604868999999998
-0.1622753633333333 1.9566445333333335
0.971316 0.42588834666666664
1.4759944333333335 -0.67039744
2.3002767666666664 -0.016768576666666646
1.2978913666666667 -0.08830144333333334
-0.46705793000000007 0.5171606766666667
0.49499402000000003 0.9494236933333333
0.6430078766666666 -0.48297223
0.9472894 -0.02512792099999997
2.1564794 -0.5460290333333333
1.2069237533333335 1.1078753333333333
1.8259725666666669 0.5360087546666666
1.2405848333333334 -0.6204660666666667
2.8053986333333336 0.17726581266666666
0.319382791 -0.08242544733333332
1.901735133333333 -1.20637142
2.1465139666666664 0.08388641666666666
0.2954716133333334 0.33244803
0.05060358833333333 0.48756193333333325
0.07600312999999999 -0.11722012666666666
1.1617027766666668 -0.1744774466666667
0.9911201666666666 1.4552156
0.6659463833333333 1.3240176333333333
0.3647092766666667 -0.7463280233333334
1.4653789666666668 0.5672254666666666
-0.08722040999999998 0.48928347000000005
0.20346872333333332 0.9435713000000001
-0.8024113219999999 0.86628424
1.7723072333333334 -0.39869260000000006
0.79225432 0.60296794
-0.08579733666666664 -1.0888726
0.35539374999999995 1.7424506666666666
0.7578098133333334 0.9571435333333334
-0.6442324599999999 0.92110947
2.8873800333333337 -0.08618968666666665
0.09787625666666669 0.8681793766666667
1.3445841666666667 -0.4704583966666667
1.6324566 0.9618232766666667
0.9009338433333333 -0.168087164
-0.8585868866666666 -0.298683939
-0.16942446333333333 1.7492710666666667
1.6096133 -0.8911937266666667
0.21645282000000002 0.1394642066666667
0.07869864666666665 1.2088658900000002
1.3722415000000001 -0.41095406799999995
1.8366305333333333 0.6572490566666667
1.3565038133333331 -0.8572531633333333
0.5381054566666666 0.9274702000000001
-0.35059959 0.6732401179999999
-0.13601422333333332 0.8741499200000001
1.0400482333333334 0.6068014466666666
-0.564096465 -0.02226560666666669
-0.10290040666666667 0.7242943033333333
0.19321130000000003 0.7823924233333333
1.1369439133333332 -0.202883596
0.12883117 -0.18364593999999998
-1.6818676333333336 0.3794589200000001
2.2709329 0.07250511666666669
0.08000644933333333 1.1061852833333334
-0.8452234 1.3517837433333335
-0.05328197333333335 0.12945903333333336
-0.1767388666666667 1.30778252
-0.0627667366666667 0.01764456333333335
0.41174641666666667 2.278880233333333
1.472673286666667 0.8856188033333334
-0.5064705899999999 -0.6154535633333335
0.15993797733333331 1.1002663
0.9486410766666666 0.7693695933333333
0.8877918100000001 0.9586033766666667
0.7246328733333334 1.1612806333333334
-0.2726360226666667 0.6768673233333332
1.6458663666666666 0.5798419633333334
0.6491033683333334 0.625294999
-0.5273516589999999 -0.059011316666666654
-0.74662969 0.8434607666666667
1.4236201666666668 2.3416478333333335
0.12630313666666668 0.47562828999999995
-0.4158382466666667 0.8572747333333333
-0.9127032766666666 -0.13147705000000004
0.6331086280000001 1.6503801
0.010816589999999982 0.8631758933333333
2.5636373333333333 -0.02429249999999996
-0.3019958386666667 -0.24874591433333335
1.1554935333333334 -0.18199717133333335
0.05973163666666668 0.012478133333333355
0.5863309 -0.9091340433333334
0.79149953 -0.9176584433333335
-0.6748453299999999 0.56453939
0.10373480333333335 0.28447168333333334
-0.26925084103333335 1.2584489
1.5874642 -0.37558011499999994
0.6344836266666666 1.7742213666666666
-0.19268817533333332 0.5880870066666667
1.74203 -0.3979643866666667
1.0913214999999998 0.21787654666666664
1.6703344666666669 -0.03515673333333335
-0.10526921666666668 -0.019615640000000014
2.5201873666666668 -0.055405293333333355
0.5211717666666666 -0.2741583606666667
-0.7191735633333334 0.6677077766666667
0.07720755333333333 -0.4216913033333333
1.1110312866666665 -0.3040198
-0.9660096266666667 0.5706623200000001
0.3655668346666667 -0.16128126000000004
1.2127898666666665 -0.66165779
1.3126851666666668 -0.9590508
