-0.5008478 1.2980373
2.3773227 -0.0753331
-0.0651826 -0.2217519
-0.20878015 -0.07447356
0.57838583 -0.05633782
-0.3779027 -0.123124816
0.5530059 -0.033079237
1.5770044 0.43953437
-0.39444453 -0.552704
-0.20143363 -0.3063346
0.666626 -0.2585958
-0.23036881 0.96859324
0.52178675 -0.032793805
0.4925002 -0.5337799
-0.34194723 1.5234637
-1.1628604 -0.0053016692
0.5959039 0.4538406
2.1182003 -0.00089487433
-0.38830763 0.3943718
1.1892757 0.5980256
0.20834047 -0.5332375
0.73555 0.810923
0.38815457 -0.38787836
2.169218 0.029664144
-2.0940058 -0.9478129
0.17093122 -0.19207083
-1.4302388 0.7027464
-1.2393258 -1.1634734
-1.4150088 0.4943874
-0.9709114 -0.54939055
0.016648978 0.3366769
0.47825265 -0.16251461
0.9590976 -2.0546389
-0.3943913 0.35146713
-1.3581657 -0.09514676
0.88757455 0.6707916
-0.069313854 0.10510038
-0.3946131 0.7250073
-0.14726098 0.46015215
-0.6125095 -0.10393986
-0.7609886 0.8963876
0.951715 0.17192505
2.0724988 1.790273
-1.1879945 -0.0012808442
-0.50242996 1.3018644
-0.46183163 -0.44393644
0.49466276 0.7564858
0.2640465 0.3969571
-0.68399084 1.1566374
-0.71943784 -0.14138262
-0.4789611 -0.2680864
-0.022512823 -0.107190385
1.288626 -0.91285306
1.4969708 0.42240518
-0.17940806 0.7156593
1.7443204 0.47487217
0.978853 -0.8291498
-1.2783813 0.45722282
-0.9572696 0.24201192
-0.31648818 0.7527423
-1.418735 -0.7556547
-1.0627459 0.6985804
-0.55579275 -0.14295603
-1.9171885 0.39785206
0.6360362 0.05358623
0.32261723 0.81028926
0.7865052 -0.8571827
-0.19955516 1.2158557
-0.11626989 1.1007454
3.0499082 0.028094605
0.2318053 0.4049728
2.6427073 -0.8600278
-0.77787644 -1.376071
-1.7064315 0.06414585
-1.1529922 0.10316737
0.6528105 1.0705276
-0.15976311 -0.09879787
0.11747363 -0.5306471
0.77298474 -0.42344975
-0.72596914 -0.50298864
-0.08173488 -0.29939455
0.100094944 1.6203295
1.6580967 -0.82013136
-0.48653275 0.44627762
-0.2390719 -0.21898814
-1.1601532 -1.220375
-0.043807328 -0.30246446
-0.8373538 1.5118619
-1.1635209 0.5603694
1.4312958 -0.035413846
0.93114483 0.8703431
0.8032923 -0.034608945
1.5784445 -0.6387214
0.8196106 -0.08742304
-1.2669231 0.004045844
-0.19991839 1.6204729
0.9589709 -0.82560575
-1.8399127 -0.43346304
0.9864242 0.56776565
-0.71430176 1.0607545
-0.31093353 -0.52888376
-0.88472366 0.131269
-0.67799795 0.6119883
-0.01835233 1.8140504
-0.96165943 1.4034739
-0.14138044 -0.9463456
-0.24277312 0.99973357
0.973495 0.33688223
0.52449673 -0.00457868
-0.44828027 0.8486434
-1.5016096 -1.093479
0.07876381 -0.27338743
0.8461839 -0.6089119
-1.3993223 0.29823446
-1.2495507 -0.9077029
0.14044374 -0.77200395
0.34796476 0.14348532
0.40098262 0.66006863
0.44250786 -1.1235434
1.2385103 -0.32630354
-0.05995135 1.2407126
1.409231 0.47698838
-0.7965094 0.40543735
0.57074845 0.62243754
2.0443158 0.32966048
-0.5564281 0.3567505
1.3921002 0.7383254
-0.1152647 -1.1093394
0.8962474 0.6627194
-0.5160394 -0.5964129
1.15347 0.7315123
0.3777933 -0.68045944
-1.409926 1.0583339
-0.028070569 -0.29645795
0.26166993 0.5014863
1.1323031 -0.21350916
-0.3771901 -1.0585346
-0.7507439 0.9553195
0.549066 0.35113388
-0.010109723 -0.6691153
0.6930164 1.0455853
1.0892321 1.3006736
-0.93797314 -0.44897822
0.2860034 1.4830816
0.4629944 0.2676357
0.9430759 -1.0808061
-0.5498935 0.085144535
-0.12435883 0.3045047
0.03267154 -0.82682574
0.35827285 0.09243797
0.10337618 1.639466
0.81175065 0.37193245
-0.16348204 1.6574029
0.73799616 0.4380932
-0.5591701 -0.48087263
0.6522165 0.4639864
0.7367606 0.9246901
-1.1066551 1.3068297
-1.0462344 0.71925825
-0.34038407 -1.1401395
1.7541221 -0.6461634
-1.6020715 -0.52566206
-0.41647437 -0.3522582
-0.12975667 -0.78491795
-0.43882298 0.57577235
1.2656473 -0.06237927
-1.3941431 0.08692114
-1.8221058 0.641899
-0.84951097 0.024094775
1.7435834 -0.8462828
-2.1027398 -0.17536995
-0.19992359 -0.08418779
0.5147769 0.5068744
0.71118337 0.109343514
0.045274794 1.1257607
-1.6556332 0.40438342
0.795241 -0.53493464
-0.28576422 1.6080251
1.0737609 -0.11971236
-0.33450544 0.10887675
0.44470102 0.21875627
-0.87352973 0.39835113
-1.1413467 -0.23178636
-0.097651854 -0.5470075
1.1433175 -0.09008375
-1.4411054 1.1130416
0.5893044 1.728564
-0.6983139 -0.25362056
-0.44292605 -0.12638332
0.92430544 -0.5184501
0.84492385 0.21623395
0.27211004 0.014477149
-0.9533706 -0.64779854
-1.1578043 0.18527596
0.449445 0.67281365
-1.4684666 -0.047266215
-2.097412 0.2374012
-0.8723861 0.8436421
1.2638783 -1.9794167
0.0363293 1.377132
0.37767965 0.81884956
0.8126738 0.25356466
0.99108946 0.6758698
-1.08465 -0.10823652
-0.24437767 -0.55001634
1.1897691 -0.46070513
0.11958468 1.6723722
0.26746356 -0.218517
1.830309 0.027418688
2.724945 0.84545505
1.3284593 0.43075353
-0.54584134 0.11831014
1.4778789 -0.49783838
1.2285194 -0.035029814
0.033079386 -0.74556506
-1.4674829 0.09983222
0.5940597 -0.18566726
-0.5935135 0.8333714
0.40297347 -0.52517563
0.2806927 1.2341791
-1.1225395 1.2918805
2.0079894 0.009143829
1.6615206 0.63603514
0.6217232 0.05369343
-0.68466485 0.7424747
1.2079664 0.92425835
-1.0593601 0.74048585
0.047562152 -0.3904298
1.1503692 -0.25276032
0.6506024 -0.0024738759
-0.72918916 0.49360603
-1.5718346 -1.3596597
0.9924344 1.1314082
-1.3862611 0.6774639
0.66554993 -0.24843438
0.8709495 -0.8906825
-0.19540837 -0.3017035
-0.7189733 -0.79278344
0.8033794 -0.7440252
-0.4356166 1.6256788
-1.1396433 0.8784741
-0.039144352 -0.72976625
-0.69309026 0.18666185
0.7739196 0.5918557
0.9212185 -1.3328856
-1.1935427 0.24776919
-1.0284739 -0.9776363
-0.0640029 -0.5690612
0.1612845 0.03068091
-1.0744002 -1.1093689
-0.45283452 -0.01764749
-2.2095056 0.13320266
-0.28970253 1.2965846
-0.43521535 -0.13616768
-1.3603722 0.22902788
-0.7183406 -0.5551016
-0.17650597 1.4258875
0.07293004 0.51169896
-1.2035627 1.0398555
1.4149748 -1.3001162
-2.0169997 0.24659495
-0.23991014 -0.30457246
0.8645761 0.9606738
0.76972425 0.45435387
-1.2693166 -0.4395756
-0.80189896 -0.3979659
0.79643655 -0.85988444
1.4502939 1.3399925
1.6397967 -0.013592064
-1.1272738 0.3370039
-0.81449276 0.5323803
0.7356485 -0.24192744
0.15090129 0.6508193
0.2934125 0.16388904
-1.1329515 -0.3912654
-0.50768214 -0.3049456
0.46964955 0.8564918
0.36415356 -0.38539565
-1.8115989 -0.82135284
1.5116451 0.5762945
0.19269913 -1.073299
0.73509663 0.4832918
0.29627842 1.0888046
1.2087646 -0.71722585
0.6511769 1.8230653
-0.09770858 -0.5596396
-0.93822765 1.0508912
1.2422935 0.07155694
-0.41172242 1.2431352
0.61246717 0.21118931
-1.0953703 -0.23588493
-0.06607643 0.34613562
-1.43303 -0.7033919
-1.8042334 -0.93988216
-0.94054675 1.2543374
-1.6449153 0.32573014
-0.10911891 0.03900321
1.644056 -0.38582575
1.5125369 -0.6320348
0.59259844 0.6575299
-0.7556802 -1.7799518
0.083553195 0.7448548
1.618897 -0.7492315
0.45436537 -0.548417
0.27480763 -0.364071
0.50763357 1.1276249
-1.1854725 -0.27580965
0.33230466 -1.1437421
0.35278493 -0.078333735
-0.29697952 1.3142967
1.0525422 0.88381517
0.86742175 0.12029831
0.24615887 -0.45257843
0.77637386 -1.0743977
-2.0236502 -0.65002733
-0.3120299 -0.08788751
-0.8769761 -0.38521123
-0.9057339 0.19480236
0.31850255 0.28755206
-1.4741077 -1.1537185
-0.7485738 -0.6261586
1.584369 -1.3918399
1.5863371 0.54742986
0.007301748 0.18178229
-0.66508734 -0.31478536
1.4891156 -1.2509997
0.72521573 1.5238947
0.5063595 0.4391638
-1.777091 0.11643417
1.2753074 1.4028741
0.2877146 -0.6102092
-0.3478512 -0.95528805
-0.40745807 0.5382592
0.8548707 -1.4535425
-0.16350366 0.92663145
0.086915016 1.9748034
-0.72370154 -0.7159888
-1.1262735 0.049416527
-1.4793985 -0.07887918
-0.044626996 0.042195514
0.12573633 -0.7636769
-1.06605 -0.71440184
0.3553657 0.273498
-1.2072408 0.83872736
1.1466591 0.14975248
0.3423416 -1.3927436
0.9279349 0.26339555
-1.5578928 0.1285779
-0.43693745 0.54659796
-0.26210663 -1.4553878
-0.19967449 -1.6062965
1.7608582 -0.106007084
-0.15927011 -0.4699719
-1.147959 0.5018662
1.5149579 -0.327653
-1.5895864 -0.95943654
2.7324343 1.2884418
0.7153684 0.6770151
-0.73949206 -0.92200005
3.918007 0.54336643
0.30032122 0.20007609
-1.2375097 -0.25721624
0.80087686 0.8430791
1.3236974 -0.47321865
-0.96254975 0.25248063
-1.3542562 0.025328115
-0.5196816 -0.5172432
-0.08025622 -1.0031564
1.0531907 -0.31033155
-0.08483969 0.10221638
0.83737016 0.37922037
0.43581098 0.43220562
-0.1258348 -1.3075947
-0.15093777 -0.8199096
-0.7779007 0.75403434
-0.40784895 0.26284814
-0.602381 -0.027565733
-0.92027617 0.10568024
1.5577784 -0.14369933
-0.3031467 -0.73111165
1.555092 -0.9840289
1.7685782 -0.9095613
1.871504 0.19344775
1.537297 2.5071409
-0.60157126 -0.27525017
-0.15184942 -0.40398127
0.46064693 0.08258201
1.4500468 -1.6613796
0.455122 -0.1731739
0.7515857 -0.5601737
-0.27248687 -0.77966475
-0.942798 0.0064166635
-0.18270782 -0.4290334
-1.488399 -0.5626414
0.59203714 0.065212086
-0.601961 0.45314157
0.86594355 0.15458907
0.60770476 0.09184225
-0.4056234 1.1045713
-2.5284762 -0.3426408
0.70281494 0.49219203
-0.3298755 0.91810286
-0.6132184 0.28168988
0.9191041 -0.07436916
-0.96937305 -1.2532347
0.24254197 0.5254276
-1.3530731 -0.8053344
-1.6953772 0.12234907
0.8523313 -1.3306719
-0.72554946 1.0608169
0.36260962 1.2323598
0.13718882 0.17573835
-0.21679375 0.69492865
-0.52665436 0.98098314
-0.3522894 0.25963867
-0.08001609 0.72325224
-1.0432856 1.1579312
-0.116934896 0.09702666
-0.12058553 0.6910163
-1.1096768 0.7556653
2.316557 0.05032687
-0.52283776 0.92078316
0.46158648 0.19750758
0.41777903 -1.461475
1.4023044 1.6187667
0.92843795 0.12069182
1.1163453 0.9816953
0.113401085 0.66898316
-0.23802239 -1.4938172
0.8283955 -0.9577505
3.1819196 0.95695806
-0.77431357 0.06781994
0.7972102 0.59715
-0.69545734 0.25728303
2.8446922 -0.5016229
0.40188634 -0.05648248
0.19895965 -1.317928
1.4008415 -0.36122286
-1.4238591 0.021205977
0.16512603 -0.7184061
0.7905812 -0.51934105
0.26467788 0.3834393
0.8305919 0.6820605
-0.16443905 -0.6914425
1.0039394 -0.8683294
-0.10408661 0.32539284
-0.7224262 -0.19939367
0.78122485 0.38906866
-0.25236508 0.84275496
-1.0172582 -0.34824735
-1.2983799 -1.0202504
0.31721503 0.5647689
-0.14220417 0.34126776
-0.26144743 0.6012309
-0.7788646 -0.33720365
-1.279368 -0.74513173
-1.4878829 0.9329138
-1.6128103 -0.2244105
-1.4380035 -0.16292405
-0.6721822 -1.5374105
1.0172784 1.1033244
-1.2512662 1.1335577
-1.5306699 -0.082693905
-1.0399225 -0.41535965
-1.277001 -0.23868637
0.6404717 -0.6576624
1.0644587 0.23627208
-0.04007651 0.10878156
1.1106433 0.55212617
1.7876323 -0.6827805
-0.6823774 0.3776052
-0.39022273 -0.34718418
-0.81138766 -0.27159467
0.16097233 0.35472095
1.728317 -0.27683082
-0.39844126 0.2688911
2.0983143 -0.96344936
2.2955332 -0.20566848
-1.4126992 0.824756
0.924065 -0.40415227
0.48105568 -0.7521493
0.35989034 0.45297772
0.4991253 1.523239
1.191216 -0.87104183
0.008992732 0.60114944
1.736656 0.3743552
1.3741038 -0.7686875
-0.45025337 1.5350167
-0.8653539 1.0992116
1.11261 0.19036795
0.9569663 -1.3974775
-1.0795891 0.12992226
-0.7751258 -0.784597
0.15425941 0.32279736
0.3352701 1.1750629
-0.018085718 -0.2502058
-1.0467136 0.115598455
-0.7905971 1.1451172
0.12938944 1.6720585
0.6871415 -0.8786834
1.6936455 0.3852322
-0.031403586 -0.73644876
0.15059042 0.114134505
-1.7759719 -1.0876367
0.93774736 -0.8244279
1.4132563 -0.41184664
1.23565 0.56211245
1.0510548 -0.2813976
1.6094868 -0.69203544
0.88128126 1.7143465
0.32807708 0.88066745
0.970853 0.71488434
-0.5594403 1.1580321
-0.44999918 0.54961216
0.76599634 -0.42862207
-0.39367995 -0.8132694
1.7866663 0.602127
0.13813666 -0.53439766
-0.4525734 1.6312392
-0.51199687 0.9595356
-0.014329761 0.87114966
-0.09502731 -0.7076105
-0.84615 -0.29663062
0.12007919 0.38365722
1.8984565 -0.5496258
-0.5554546 0.23041202
-0.6684774 -0.04331149
0.15802425 0.85704994
0.98317575 0.8262074
0.48249948 0.110962644
1.156215 -0.057264313
-0.25732484 -0.49441212
-1.1920446 -0.08951758
-0.46572763 1.7204324
0.08049551 0.35553294
-0.1455878 0.6429379
-1.0951443 0.80804884
1.3962982 0.49518484
0.57945025 0.021752283
1.5127133 1.2352089
-0.44747972 -0.49407613
0.4118051 0.14858924
1.4607059 -0.9081056
0.15974146 0.44638693
0.96587527 1.7973428
0.6057313 -0.014539376
-0.7388315 0.40252286
-1.3255222 0.739941
0.1054678 0.7331833
1.1021013 -0.48423618
0.60934603 0.7146716
0.035156965 0.9599682
1.5748631 -0.25293013
-0.51402974 0.9733232
0.37940347 0.76671755
1.2480298 0.0031185597
0.1470949 -1.1358329
0.0015003681 1.0809726
-0.41409785 0.54951954
0.80930054 -0.28044197
0.07253167 0.13796745
-0.308587 -0.31639966
-0.02381 0.88963366
-0.3915648 0.013529703
-0.7099422 -0.21960674
-0.6546135 -0.9442609
-0.1332095 0.325064
-0.028513595 1.5930866
0.81994545 -0.5028669
0.029318362 -0.38885558
-0.34792215 -0.8165207
0.3484881 0.55070174
-1.1729567 0.66764957
0.5691128 -0.048555017
-0.27257133 0.24567045
-0.120244384 0.72588533
0.72966194 -0.17104562
0.65019536 -0.25669414
-0.55994695 0.221676
0.20557967 -0.7942886
-0.00865823 0.60491794
0.8910812 0.11604522
-1.097332 0.26372617
-0.5694133 0.7727611
-0.16400743 -0.29370156
-1.4622145 -0.4330458
0.03358233 -0.5638633
0.45328438 0.17344569
2.555245 -1.0149436
0.5064308 1.5157068
-0.50650615 1.1659075
1.354787 -0.024075866
-0.6570755 -1.9860237
-0.1122538 0.585904
1.0843543 1.2687632
0.4679978 0.66170454
1.9721531 0.080784634
0.05455655 -0.25770533
0.53625745 0.7000979
-0.25613025 -0.42195377
-0.21228497 -0.21836819
1.4491378 0.622243
-0.23378995 0.78808665
0.8550432 -0.022754088
0.14864221 -0.6383938
-0.38959318 -0.7008852
-0.571941 0.061518833
2.5399866 0.50164866
0.2103349 1.5253273
-0.44594768 0.014120892
0.6590702 0.99256086
-0.72754997 0.8995061
0.65672266 -0.8563189
-0.15388688 -0.39136338
-0.75216 -0.10376799
0.08353713 -0.33586457
0.30445635 1.1932566
0.6485225 -0.3451738
0.7039069 -1.2081152
1.9067203 1.2890605
0.73807985 -0.119233824
1.3092335 0.2763765
-0.10456905 1.5582871
0.36287916 -0.6167483
0.12293354 0.26077324
-0.00059551 0.707069
-0.49054027 1.8046548
-0.81361556 0.9242461
-0.37280044 0.3295707
1.1591636 -0.40144178
1.3307723 -1.0347768
0.09341207 0.2554003
0.79886854 1.5936642
0.0499596 -0.40259218
0.32229275 1.1056268
2.5997877 0.2531461
1.489641 1.875093
-1.1688086 0.81029284
0.8018111 0.42270434
-0.381292 0.58995736
-0.6879209 -0.2618307
-0.72686005 1.51374
-0.40510947 0.25026917
-0.58544314 -0.09804903
-0.24561694 0.8389064
-1.2990149 -0.68897605
2.2543025 -0.45063263
-0.41585407 -0.17700846
1.6494093 -0.30583066
-2.1867404 -0.14514434
0.07654801 1.5798824
0.4130571 0.18753345
-0.023670211 0.849671
0.4016689 -0.5999422
-0.8121081 -0.1411463
0.47940713 0.09132962
0.015585542 0.9470787
-0.31649026 -0.37916988
0.9200244 -0.39820164
-0.100151 -0.62824106
0.6933085 0.59771603
-0.109653264 0.5220973
1.9677056 -0.6813433
-0.021934554 1.0055385
0.90211964 0.1854061
0.31815672 -0.28911492
-0.9185749 1.2465277
0.36761677 0.71440256
-0.120813414 -0.4797054
-2.0252252 -0.55994856
0.05479616 0.61433434
0.018913537 -0.6127499
1.0993139 -0.046960622
-0.5229448 1.3751762
-0.25113016 0.7622515
0.39732397 -0.6283526
-0.18864727 1.0461093
1.6378812 -0.26157713
0.2380772 -0.54928184
1.7953354 0.8819587
2.0611634 -1.187318
0.791247 1.3757223
-0.5464711 -0.72008055
-0.50760794 -0.2048902
1.4543579 1.0343169
0.69342244 0.11594047
-0.6086551 -0.32981935
0.8983524 0.06549032
0.9591377 0.873263
-0.19344537 0.3042996
1.0462495 -0.37676197
-0.30179486 1.3495172
-0.5035067 1.1505452
-2.1472614 -1.0055461
-1.7353101 0.34509557
-0.5724656 0.61344445
-0.5888946 -0.0016656071
-1.2516981 0.078076735
-0.5031353 -0.06950672
1.5914165 0.26683414
0.56402266 0.19914804
0.075475276 0.51053053
-1.5125673 0.84397876
0.19415668 0.85723424
-0.355946 0.2376786
0.11912754 0.09032942
1.4005698 -0.0031772703
-0.16209105 -1.1562674
-0.9821268 -0.79092306
-0.039319962 1.2239958
-0.27565512 0.19620724
-2.8151636 -0.58838683
0.11645669 -1.5725263
-1.7098029 -1.012208
-1.3020833 -0.97775584
-0.40483862 1.8815587
0.011956006 1.0677779
-0.1844967 0.75827456
-1.1811736 -0.028262362
0.3135752 0.13646404
0.61047816 -1.0101919
1.7200984 -0.038506
-1.0432856 -0.21458459
2.2885828 1.0214449
0.08431557 0.210317
-1.6163657 -0.4972375
-0.6845499 0.5233864
0.8399699 -0.33771062
1.05088 0.21450572
-1.1929666 0.30565542
0.6408142 -0.5062031
-0.933507 -0.74367416
1.6129109 -0.07265887
-1.9545003 0.5816075
3.307654 1.2430311
0.20210621 0.060494706
1.1452618 -0.23342974
-1.0707972 -0.9272081
-0.044567257 0.11676736
0.6055758 -0.584675
-1.0110211 0.6917541
-0.6722044 -0.033577517
-0.8433517 -0.021403745
3.586719 -1.1724006
0.6943473 -0.14838532
-1.1521462 -0.024978936
-0.27752045 1.2010137
-1.6684448 0.8672681
0.90502906 -0.44108045
0.29803693 -0.52410275
-0.84035885 -0.847654
-0.24466565 -0.035581723
1.2764312 2.125212
-0.82720846 0.42931628
-0.3737536 0.04804285
-0.51799273 0.3000083
0.3680399 0.96115565
0.33010256 0.1763929
-1.761515 0.38847375
-0.8066866 1.1502835
-0.93261653 -0.47185695
0.8108249 -0.29766423
-0.43510002 1.0914115
-0.33472386 1.3709075
0.3874321 -1.0629902
0.25599235 0.0038142502
0.15910107 0.4796942
-0.22128738 -0.12404819
-2.2294335 -0.29539156
-1.5970098 1.0794466
-0.05019726 0.5326492
-1.2911853 0.57733494
-0.948001 -1.1747731
0.31083626 -0.10048011
0.55370206 -1.531616
1.1449962 -0.41959763
0.72763944 -0.329757
-1.0400362 -0.46906942
-0.67486703 0.8306682
-0.71251875 0.8294381
-0.53539634 0.6664716
-1.398327 0.3424067
1.2173911 0.3563447
-1.7207055 -1.1059124
-0.13884337 -0.93193454
1.6714357 -0.40108317
2.4797935 -0.07357161
0.50088066 -0.93319666
-0.47328603 0.4197541
-0.0899415 1.5318055
0.5881135 0.18468748
-0.5521765 -0.5590298
-0.1787941 -0.29824924
-1.3822414 0.48797846
-0.5156609 -0.22360998
-0.38646245 0.09183122
-1.1095688 0.07459392
1.3288895 1.1973064
-0.6314112 -1.3006092
0.72834224 -0.3297355
-0.3913316 -0.36855495
-0.8269429 0.8308748
-0.01159218 -0.013204649
-1.0844433 0.34961796
1.8902158 -0.41108575
-0.81323814 -0.58530766
-1.6081986 -0.13078897
-1.819704 -0.34913474
-0.25764182 1.010627
0.06434697 1.2222358
-1.6678019 -0.7216816
0.22458175 0.81438804
-0.042899534 0.53441113
-0.2361972 1.0108465
-1.4956131 0.6138156
0.7995665 -0.9253608
-0.38892382 -0.19409773
-1.7876688 1.0530897
-0.44876584 0.9120823
-0.91821206 0.6480926
-0.5278766 0.025368378
-0.19429967 0.09644623
-0.8159695 -0.10190357
1.0080405 -0.3906484
0.47708893 -1.4325716
0.646601 -0.7115419
1.3398553 -0.84058285
-0.04580532 -0.6726033
1.8326408 -0.8714841
0.2069886 1.1312613
1.2179828 -0.35067374
-1.0023503 0.33973676
-0.69427 0.9476006
-0.9602418 0.7003498
1.2387862 -0.24952604
-1.6436918 -0.5880663
-2.1266627 -0.71450204
1.3240503 0.9315131
0.5987889 -0.34778008
-0.8417158 0.2952339
1.64052 -0.57711726
0.9474549 -0.15375024
0.80049896 0.84158874
2.2799973 0.012065604
0.13656992 -0.35474345
-1.2759347 0.032493666
-1.3491901 -0.27333382
-0.9507967 0.29769015
1.0407192 -0.16111204
0.32701826 0.21784787
-0.74666536 -0.9155236
0.9071282 -0.3468729
3.0092788 0.9039818
-0.15558463 -0.55422896
0.25374925 -0.017583936
-0.5426027 -0.615053
-0.91869843 -0.3909676
0.020213574 0.7074234
0.7510921 0.94096303
-0.24881607 -0.5507448
-0.8797533 1.3754445
-1.0871181 0.3707587
-0.87623864 -0.31691605
1.037687 0.12987535
0.6683124 -0.8702969
-0.11564103 -0.9109285
-1.8284873 -1.0282887
-0.26353514 0.3142808
1.2485294 0.082732484
-0.31429994 -0.4458869
0.5156304 -0.10659605
0.68791056 -0.06974779
1.1191837 1.112835
-0.059925318 -0.15818077
-1.5338706 0.4286493
-0.09480074 0.9589895
-1.6569299 0.097380176
0.5549245 1.2116871
3.5798259 0.10938199
0.1460621 0.24231352
0.69362503 -0.25809696
-0.3851931 0.13504656
0.61390615 0.58728135
-0.8193985 -0.032751203
-0.022552341 1.4288911
0.19759911 -0.040953472
-2.1270595 -1.1900529
-1.9595981 0.24035846
1.4621557 -0.22920431
0.83409286 -0.75345886
2.7700744 -1.4541574
2.0134935 0.38544846
1.1740502 -1.0546739
1.7636143 0.45741916
3.4097357 0.0033456385
0.47614646 0.4522056
-0.30920735 1.785408
-0.5453477 -0.84787446
-0.84120077 -1.1029222
-0.37526184 0.8980303
-1.426069 1.3299437
-0.71229076 -0.121129036
0.31369227 0.86923337
1.1181726 -0.0039755404
-0.8782647 0.13707934
-0.22534399 -0.16838959
1.5857882 0.56481594
-0.7554726 -1.0572133
1.2687099 0.088554695
-0.4690203 -0.7818741
0.07264283 -0.32743856
-0.8812839 -0.098473534
0.9782008 -0.43700087
-0.38170552 0.31587005
-0.11018857 -0.17698757
-2.0032382 0.56193733
-0.032447904 1.108611
0.8268328 0.67549366
-0.3771969 -0.024823114
0.26902688 1.1338857
0.1439392 0.11714099
0.19885871 -0.18744628
-0.11412008 0.51734185
-1.1909628 0.88643277
-0.12404567 0.84961
-0.5833051 -0.604335
-1.4220701 0.15973191
-0.35888934 0.3250724
-0.55898917 -0.6679691
0.7368716 -0.72426546
-0.19708462 0.5915228
1.6541682 0.7867701
0.74338925 -0.029736862
-0.89657533 -0.4611851
-0.5804609 -0.011706278
0.103636146 0.54328877
2.3572803 0.53623503
-0.10407458 1.1078736
1.2897695 -0.03329943
-1.3144829 0.4870128
0.087294996 -0.9911343
-0.7164197 -0.18142882
-0.52932155 -0.7119597
-1.0921705 1.0555788
-0.8648787 -1.2232928
-0.66615427 0.28475243
0.95099556 -0.1724036
-0.11161332 -0.42155728
0.5583331 0.22496887
0.46763712 1.5185539
-0.5470809 -1.1822059
0.007578343 -1.3049872
2.0744257 -1.2358016
-0.7999472 0.10175197
0.0049116015 0.5109172
-1.1250029 0.6148746
-1.1016271 -0.86126924
1.0417967 0.4096911
1.1647401 -0.5003426
0.8461356 0.51062405
-2.7570453 -4.572381
0.383546 0.48329794
-0.100307405 0.22745652
-1.0538042 1.5027333
1.088344 -1.1378273
-0.5488403 0.55934834
1.1410824 0.7722906
1.4298321 0.9567882
-0.6782098 0.62372035
0.11890912 0.83298695
-0.09667306 1.2535577
3.5070004 -0.6429481
2.6474023 -0.6067303
-0.97226614 0.023167208
-0.7646655 -0.9236351
-0.084437415 0.035285518
1.1070188 -1.175938
0.08095589 0.23554261
0.36141807 1.8738897
-0.14349817 0.6721143
0.32042772 0.90791976
1.3943111 -1.0039905
-0.87241596 1.070139
1.012232 0.4223913
0.018997908 -0.7600005
-0.28845087 0.61110306
0.339992 -0.048401833
-0.39761353 0.38958025
0.7858192 0.66239846
-0.6564791 1.730764
-0.10946673 -0.9881742
-1.1406143 -0.6083084
-0.8959489 -0.21711636
0.21356767 0.030307874
1.6643084 1.3344846
1.2884885 0.34283882
0.8708929 -0.21314675
-0.22715974 0.7646829
3.9372182 0.036642894
2.4965754 -0.13337277
0.591332 0.72454226
2.3584185 1.0417575
-1.7320125 -0.6167512
0.9973811 -0.6479017
0.39710647 -1.1234549
0.05554855 -0.5551204
0.72800773 -0.7245337
-0.7215055 -0.3243065
0.3948642 -0.5114292
0.74536073 0.1693946
0.8711879 -0.6483445
0.8697784 0.61059207
0.35413045 0.19411375
1.9287935 -0.40166122
0.18956253 -0.28257722
1.0621535 -0.7964936
0.47966528 0.94734204
1.0989496 0.3216614
1.0866055 -0.88213885
1.7723385 -0.28854552
-0.7341534 -0.5732686
-0.8938092 0.6112097
1.038372 -1.2196481
0.86912227 0.19400735
2.1430788 -0.1769811
0.26858425 1.0172827
1.0819844 0.012233987
0.47932643 1.165234
0.6725424 0.5996024
2.2173758 0.47150415
1.7123089 -0.3043976
0.49921244 -0.2635228
0.72767544 -0.3996781
-1.2275969 0.19935621
-0.2341028 1.6040863
-1.0381012 -0.4926114
1.6343169 -0.12656102
-0.5568217 0.84301054
-0.3269123 -1.1472765
1.120679 0.19058208
-0.43779534 0.4857751
-0.91695 -0.062806696
0.24050677 -1.7601815
-0.02663067 -0.087986425
0.44842392 -0.28272307
-0.34993842 0.57222986
1.1313455 0.023802564
-0.03926024 -0.5067859
1.2195859 0.66841054
0.36144006 -1.3260252
-0.20444645 1.1335258
0.33852017 0.68899554
2.5970125 0.24668582
-0.15815198 -0.65266347
3.3809757 0.75786656
-0.606758 0.6949556
-0.70263827 0.9146812
1.0843372 0.1524223
-0.7656232 -0.6166234
-2.02487 0.37577033
3.395122 -0.16260925
-0.308553 -1.6476557
1.3833188 -0.96760786
1.027485 0.54291135
0.19251806 0.7399512
1.1759995 -1.3146368
2.719235 -0.02729617
1.1568354 -0.30923513
1.0126574 -0.52111876
0.15872091 -0.85886914
0.40034848 -1.423535
1.5530692 0.40009016
-0.64769125 -1.836263
-0.49036184 0.6923876
-0.9599777 -0.31868845
0.25562376 -0.5320717
0.4547528 -0.81210786
1.1188688 0.83039355
0.15831083 0.2506041
-0.46520782 0.019729242
0.4353372 -0.57867795
0.11481273 0.992959
0.36556846 -0.019427061
-0.28603357 -0.32335362
0.12838021 0.9139024
0.19125083 -0.43652195
-1.1856129 0.6605158
0.24461392 0.07887517
-1.8950484 -1.0960749
0.44718271 1.595081
0.8663945 0.6776426
-2.036665 0.8587731
1.102078 0.0832936
1.2536947 -0.41707364
-0.38340148 0.9436865
-1.4662251 -0.15997401
1.0972939 0.24776019
0.82902896 -0.9796388
0.57280487 0.22062306
-0.8864002 0.22097532
-0.6363266 -0.6708774
0.4317506 0.98502266
1.6760151 0.37146294
2.2340593 0.14437841
1.0275273 -1.1674846
0.5295597 -0.16617951
0.34832722 0.45269215
-1.0691544 1.2320333
0.48176473 -0.040657118
1.0244358 -1.3519056
0.3770132 0.97134936
1.2875552 -0.85889715
-1.7175175 -0.97084945
-1.8810662 -0.06331335
0.43740225 0.9967123
0.18597725 0.71302074
-0.6705388 -0.99021745
-0.26951393 -0.16867162
0.1635699 0.35968167
0.41537488 -1.0534999
0.0018580556 0.08121763
0.22430417 0.4445089
-0.10352658 0.77925193
-0.41638845 0.28855902
0.39842993 0.76722074
2.0558152 -0.2791131
0.7625991 -1.1201123
1.2981559 -0.45276904
-0.59245086 1.2053223
1.4528743 -0.32204014
0.17274228 -0.11152156
-1.8471373 0.12803437
-0.88251346 -0.039867103
1.1769716 0.7438823
-1.0690758 -0.6388774
0.65474623 -1.0034409
-1.1409578 0.73617584
0.05664906 1.8337116
-0.571434 0.19632213
-1.3916868 -1.994238
0.6151211 1.7486182
-0.6406372 0.017321661
0.32541525 0.6362144
0.29287732 0.9893147
0.07411191 0.9448073
1.2950802 -0.33867925
0.75240326 -0.33147407
0.16350448 -0.6499026
1.4008454 0.7309302
-0.31635535 -0.7835067
-0.6615778 -0.90699166
-0.69147027 -0.72909456
0.351928 -1.1942817
0.5958641 -0.9357942
0.3344484 0.31077838
0.913643 -0.4891768
-0.3592611 -0.5832055
-1.2268126 1.2159262
1.2879335 -0.3093407
0.9528986 0.7649784
0.60418314 -1.5126615
0.8335204 -1.8659462
0.14246732 -0.67184055
1.500274 0.017408058
0.41891414 1.5160288
1.5031499 -0.7242242
-1.2679706 0.08113606
0.22455391 -1.498889
0.95059705 0.24925877
-1.0228716 1.0687515
3.4022698 -0.3286386
-0.07323827 0.8179648
-0.77951026 1.0575118
-1.7817557 0.71158177
0.033521265 1.9408085
0.6738306 -0.85569423
-0.2700893 1.4865763
-1.6198934 -0.30047968
0.7854575 1.247648
-0.6497126 -0.46249956
-0.22545405 0.14833318
1.133198 -0.4034614
0.37068588 0.7863363
-0.8735783 1.4188246
1.9485372 -0.4461463
-1.393563 -0.3482898
1.1966901 -1.4564807
1.8927809 0.94935155
-0.57031655 1.2336478
-0.24364293 0.9326515
-0.5666256 0.2495536
-1.0761523 -0.64858204
-0.63603854 -0.7293438
-0.16922233 0.2758547
-0.19805615 -0.48087612
-0.12725948 -0.03302604
-0.699921 0.025906637
1.0810629 -1.8834417
-0.07678646 0.084269896
-1.4215807 -1.4973344
-0.12840772 -1.4359949
-1.0675197 0.29263937
0.97465825 1.1746427
-0.6138962 -1.1106957
-0.72279245 0.97327685
-1.3640755 0.5688437
-1.558226 0.038304165
-0.28119883 -1.730166
-1.2221742 -0.2164438
-0.8275659 0.53927356
1.5360522 -0.33179626
-0.8295059 -1.3535665
-0.77987975 0.87429106
-0.63760066 0.1648225
-0.47978938 0.29573476
0.4854387 -1.1168209
-0.30125776 0.41306
-1.1589527 -0.563657
0.83988583 -0.23235409
-0.3453049 -1.185795
0.7669004 1.6436044
0.004033774 -0.86815083
0.22315162 -0.3548831
0.34858423 -0.09098385
-1.1340433 -0.37639016
1.0873517 -0.94970894
-0.35994327 0.24224482
-1.927571 -0.19375527
1.3266635 0.86212766
0.21455744 -0.97288275
-0.7292255 0.8364639
0.67732084 0.82447684
1.3281248 -0.178827
-0.079605654 -0.10242128
1.9333919 -0.5828887
-0.888653 -1.790222
-0.35459784 0.495897
0.20942467 -0.24855667
-0.034209043 -0.3080598
0.027128428 1.2649646
-0.25057885 1.3642755
0.043150187 0.1333058
1.5259149 -0.35569572
-0.44353947 -0.925643
-0.6937475 0.0926391
-1.1288242 0.45811158
0.97187245 -0.08480595
0.3579145 0.30976862
0.25532395 -0.1171345
1.000694 0.183156
-1.4620817 0.6445478
0.33461308 0.7095042
-0.72456694 -0.4350441
-0.0032581538 0.7525614
0.5491615 -0.4292707
-0.20058273 0.14566202
-0.7047636 -0.95591855
0.35087895 1.1390749
0.78499186 -0.19565469
1.4731717 -0.47856373
0.025435984 0.24864925
-0.17377517 0.064847395
-0.8472802 0.4486851
-0.58828986 0.18339811
0.36119568 1.3841509
-0.19546008 0.9811617
-2.0099657 0.3209331
0.78055775 0.25319523
0.66898984 0.36151052
0.48314852 -0.2646781
-0.49228436 0.17933975
-0.43514267 -1.1257944
-0.5654702 0.1663738
-0.5289618 1.6354046
-0.33122426 -1.3562818
1.6827694 0.056270376
-0.21049184 -0.94858265
0.7052573 0.40608245
0.9652376 -1.1386654
-0.49952513 -0.42468712
0.5090707 -1.0046552
-0.93684816 -0.9049418
-0.62001944 0.047913894
1.3722705 -0.6424078
0.062191993 0.16397561
1.8690847 -1.292569
0.84827745 -0.923119
-1.152606 -0.19018051
-0.045139298 0.09883149
1.5980655 -0.9386007
1.8025213 0.38300443
2.3820696 0.5359232
0.5925969 0.1807081
-0.5139003 0.11469115
-0.24004668 -0.71676177
-1.3085918 -2.4823146
1.6957098 -0.067994595
-0.8235714 0.6991215
-1.5041627 -0.3140905
0.23987576 -0.07617006
0.45248717 1.1850502
0.0429388 -0.04547803
0.410931 0.547207
-1.6950358 0.54556185
0.4675902 0.9058894
-1.4283535 0.7877786
0.0020770729 -0.17756791
-1.1784264 1.9073937
-0.32620072 -0.09112421
-0.1857068 -0.7456811
0.25803792 0.916597
-0.13682534 -0.24039875
0.38323414 1.0800352
-0.67119527 -1.6893172
0.9314786 0.6462932
1.1287594 -1.0413353
0.40697932 -0.9690946
1.3990421 -0.78239244
1.1377014 0.71211237
-0.092474416 0.7556731
1.297344 -0.76729584
-0.59686244 0.7397206
0.2856236 -0.3700251
-1.4741008 0.35363555
1.1934298 -0.77455866
0.09117648 -0.1116883
2.1599717 0.48243052
1.0061895 -0.53670144
0.39464903 -0.2170379
0.044931322 1.6229426
-1.3505439 0.7917547
1.294724 0.32893193
-0.26062524 1.1336952
0.84352124 0.54700685
-0.42028648 0.013643697
-0.47393835 0.53210515
2.548726 -0.3797387
1.4502796 0.042605713
1.4792855 -0.97252864
0.001005441 0.51935476
-0.008368537 -0.18655536
-1.769103 -1.4139699
0.31437886 0.17719962
-0.1346539 1.0294771
-1.3139956 -1.01594
1.0706089 -1.0812081
0.8637575 0.82799363
-1.1912043 -0.09540215
0.8263396 -0.13736953
-0.96091455 -0.28112924
1.2475048 -0.091427326
-2.1206021 -0.019283637
0.37061024 0.6931342
-0.18705426 0.65883607
-0.32932782 -0.50353307
-0.27523082 -1.5601819
-0.6156757 0.8295224
0.59173226 -1.1571379
-0.12903112 -0.11887727
1.2152956 -0.9372953
1.4148822 0.13099723
1.1454058 -0.096204415
-1.4989138 -0.88230073
0.26120788 1.0810701
1.9338292 0.25829273
-0.47469127 0.37493205
-0.095137015 1.8620589
-0.09892033 -0.5843733
-0.13602072 0.008749917
0.036403894 1.0600964
0.7061077 0.34326464
-0.6527912 1.53018
0.15581474 -0.47849274
-0.13181794 0.074342564
1.2930654 0.5975208
-0.9841281 1.790844
-0.24761295 0.6702091
0.73668087 -0.22745505
-0.18666884 1.825639
0.030797929 -0.39532804
1.1783482 1.1610584
0.8391459 -0.27394933
0.5099468 -0.95883304
-0.09465966 -0.23208213
0.3821541 -0.54444355
-0.070935756 0.74757034
0.25461638 0.5172173
-0.28052443 -0.28141055
-0.005219713 -0.16348216
0.29052687 0.8365016
-0.9910629 -1.0875981
-1.4499452 -1.5270139
0.5225645 -0.9017991
2.109445 1.5675411
0.05483967 0.8306564
0.67151743 0.9539298
1.0098958 -0.33876914
-1.2337061 0.15104057
0.6713663 -1.2616972
-0.1833086 0.21706222
-0.12389487 -0.5733182
1.0250616 -0.096859545
0.0782657 -1.0894104
-0.70933497 0.42580032
0.6639992 -0.1494967
0.38772023 -0.026240736
0.13848454 0.031729415
0.92138314 0.06931816
-0.47152933 -0.20716545
0.06023723 1.0613708
-1.2501113 -0.5364158
-2.4877105 0.11797978
0.30689543 -2.117632
-1.5619283 0.7402078
-0.46568328 -0.3275316
0.7182314 0.4073987
-0.8141532 -0.06316747
1.4353474 0.5356081
0.07962382 0.32763982
-1.4943846 -0.40269107
0.5703107 0.10661022
-1.3419816 0.48684955
0.31418455 -0.16181001
2.322246 -0.66823703
0.95421684 -0.54006374
-0.3183498 -0.03500618
-0.6422348 0.45688432
1.074591 -0.6672912
-0.92492974 -0.2693842
1.2294722 -0.57871187
-0.76258624 0.13941701
0.3369838 -0.047563538
-0.63306284 0.8522122
-0.81359893 1.3584032
-0.8960105 -1.1494647
-1.3307878 0.51159
-0.36310115 -0.5032567
1.6486014 0.7211392
0.7350604 -0.65209025
0.0013104975 -0.90972805
-1.2964145 1.3209196
1.5294937 -0.72569835
0.4222082 0.13293548
0.87484837 1.5546253
0.26752853 0.737666
1.6570735 -0.080274895
1.9324561 -0.90249944
-0.015332907 0.4733078
1.9531525 1.0234708
-0.7092052 -0.6458033
1.6319739 -0.48374176
1.453846 -0.9736422
-0.5366404 0.6223211
1.6176425 -0.81886995
-0.74670637 0.89006555
0.45519382 0.5597791
0.7131043 -0.8967492
-0.24452558 0.60901517
0.68649226 0.87347496
-0.5444211 0.76379263
2.2671337 -1.7425913
-0.26028967 0.25421935
-0.7993233 0.31765115
-0.9407988 -2.7135868
0.104699284 0.40914178
-1.6036645 -0.013575867
1.602386 -0.1342802
-0.0034976304 0.18440162
1.235223 -0.10147047
2.6722817 0.30140007
0.019501507 -0.16014026
-1.7519755 0.30136853
0.6605439 -0.09916441
2.16113 -0.15680698
-0.95798045 0.08009575
-1.7671194 0.38229722
-1.7895316 -0.13793561
0.85840356 -0.6795326
0.61893064 0.38798487
-1.1664159 1.4075512
2.0523276 -1.297284
-0.4662651 1.3428768
0.22796959 -0.2631128
-0.25265342 1.7399331
-1.168484 -0.0906612
0.21155682 0.45587218
0.29459184 1.1268
-0.089598864 -0.05578649
0.45303684 1.9517553
-0.9166433 0.1945826
2.0918775 0.28421408
1.4491984 -0.7912914
0.050252676 -1.2502803
-0.28090757 0.1565827
0.6423496 -0.43796274
1.4846982 -0.56688756
-1.088443 0.5697494
-1.7359619 -1.1944615
-0.104241 0.67406845
-1.0174444 -0.0032676607
-0.9595298 0.0064531267
-1.4565194 -0.31200716
-0.46402493 -0.37787184
2.2659774 0.10445331
-1.567942 -0.7610901
-0.6703129 -1.032871
0.16157398 0.65835595
0.7837508 1.1595671
0.025953203 1.1439371
0.5304507 0.06632458
-0.7493601 -0.33750463
-0.10743764 1.3401173
1.1075779 1.756047
0.36071473 -1.2002622
0.27360064 0.25939667
0.6286955 -0.8566089
2.624165 1.3689818
-1.4099543 1.2081908
-1.116753 1.0350924
-0.45162746 -0.40821016
2.2576337 -0.05716464
-0.045116127 -0.80478513
1.2792989 -1.6326389
0.07888687 0.38480192
0.23541471 0.2730499
-1.5005811 0.0774879
-0.0085270405 0.54222596
-0.7834818 -0.4394902
0.44255733 1.093218
-1.6708323 0.78421795
-0.5131763 0.06299128
1.8091604 0.15587755
-0.17460266 1.0277003
1.0569515 -1.2358822
-1.3961828 -0.13097575
-0.6322018 0.867995
0.5759199 0.076187775
1.2253146 0.5706702
2.189496 -1.1395824
-0.03707297 0.56875575
-0.8724567 -0.308528
1.2690017 1.2065748
-0.9157296 -0.38865516
0.43980414 -0.41326863
0.9635843 0.92534256
-0.40198052 0.14366923
-0.18167979 0.39674604
1.3882532 -0.44402695
1.323932 0.3814348
-1.84448 1.5188752
-0.58322155 1.7616854
0.09897673 0.53132653
0.3388319 0.4925059
-0.21138124 0.3057248
-0.2225422 0.6995724
0.4971103 0.0007043928
1.0081902 -0.093573585
1.752693 1.8522646
-2.2634897 -0.026744172
-1.0542824 0.5820809
0.05398816 0.5108326
-1.4641209 0.45031792
-0.0565169 0.26760417
0.53339696 -0.22088908
1.374692 -0.49191713
-0.054423466 0.10060866
-0.4693985 2.293155
-0.7974502 1.4120191
-1.5686018 0.15680154
0.5142723 0.09482245
-0.33556134 2.0330355
-0.55986667 0.07150878
-0.49495435 1.2685364
0.076511085 -1.2170012
0.006783128 0.2772721
0.33568066 -0.9482037
0.8805741 0.17576124
-1.0677602 -0.8218581
0.08578271 0.66990244
-0.18721816 0.41074026
-0.2923472 0.03154947
1.3644377 -0.81331587
0.9151219 -0.06570451
-1.3612852 0.26569086
-0.95984995 -0.01572071
0.8127614 1.4958459
0.15499502 0.00443919
0.6021405 -0.5047283
-0.14217329 -1.0286424
-0.67931217 2.088503
0.9039638 0.12705119
-1.4673036 -0.8010308
-0.16771013 0.1690626
0.31713623 0.9222722
1.3410547 0.55218434
1.4323294 -0.6276964
2.4110527 0.48804635
-0.8901938 -0.23774415
-1.4911981 0.78687227
-0.5228069 0.33949363
1.189326 -0.1674
0.9768872 0.7575615
-0.57156754 -0.46612662
0.7768477 0.8009894
-1.4996027 0.80868924
0.51315343 -0.71808094
-0.48797873 -1.2634587
0.18327782 -1.1939884
1.2480341 0.73419344
-1.049022 -1.5238527
2.288773 0.5833432
-1.3809484 0.18503137
0.06930491 0.84561145
-0.8180953 0.049190447
0.41364014 -2.2602549
-0.03372696 0.83631825
1.2581208 0.80284345
-1.0502133 -1.104646
0.82331705 0.08117966
-1.2044466 0.67329097
-0.9852241 -0.08490516
-0.06331304 0.16200499
-0.34936398 0.9228637
0.23506245 -0.70597464
-0.39405495 -0.031129256
0.06402612 -0.6668767
0.72798723 -0.36643735
-0.30156824 0.83062184
0.11963311 -1.0279952
0.75421417 -0.845109
2.9668384 0.009169534
-0.9655664 -1.4055308
-0.73793006 -0.025398538
1.7700568 -0.48617208
-0.33615103 -0.40534648
0.8112117 1.3441215
-0.77392924 0.39320785
-0.42391133 0.22593398
-0.39662415 0.44931984
1.0381167 -0.87833565
-1.363697 0.5594638
1.3013024 -0.9868612
-0.92593855 0.07111476
-0.7629268 0.7812227
-0.23762426 0.22236203
-1.427316 0.45968187
1.0881654 0.0072777867
-0.14173757 -0.00035582483
-0.5954691 -0.38291085
1.2185923 0.17483447
1.380926 -0.31742007
-0.86396635 -1.053388
0.9358665 -0.3211509
0.4760844 -0.10430038
-1.0345718 -0.3799307
-1.9076003 -0.9362917
1.6272217 0.73493814
1.6260766 -0.23397176
-0.17006697 -0.41658652
-0.3852319 0.67120904
-0.27091146 -0.022583693
-0.861969 0.2999302
-0.11387767 -0.026827842
1.5240885 -1.0815794
-0.15025097 0.0107280165
-0.06499712 0.12545736
-1.0220318 0.6274745
-2.2163649 0.32036692
-0.80915785 1.5869973
-0.35813922 -0.49011332
0.491445 -0.0052424073
0.79807067 1.3278978
0.47041535 -0.7075184
0.6470725 -0.13925096
-0.52106935 -1.2331864
1.5535619 -0.4343395
-0.014516011 0.59977317
-0.156432 0.17123212
-0.18666515 0.28818536
-1.3160652 -2.0129945
0.014877468 -0.30026734
0.002778232 0.6254256
-0.87204075 -1.0175742
-0.58289665 -0.1970864
0.010915577 -0.955751
0.33100724 1.2033117
0.39166194 0.44416517
2.208273 -0.89504147
-0.30551136 -0.92898524
0.041888863 -0.4930818
-0.45410734 0.03921117
1.1019216 0.0499994
0.26990247 0.8039063
0.23631376 -0.80037427
-0.1273183 0.7457621
0.11398381 0.77385104
-0.050565317 -0.74480295
0.61446196 -0.8063126
-1.3678834 0.003617689
-0.87261176 -0.12684897
0.89961183 -0.1745379
0.75792265 0.66637695
-0.58172345 0.9140711
2.4454432 -0.06859867
-0.4176393 1.4147743
-0.96517146 -0.0046221167
0.15405884 -0.34048656
1.187658 -0.7299417
1.2589895 -0.0642705
-0.37197706 0.5824735
-2.9494953 -3.344001
-0.22244881 0.3411342
0.5188471 0.71373016
-1.9812057 -0.872624
2.9650283 -0.97339636
-1.4557813 -0.102454975
0.20720556 0.5132454
0.69504476 -0.48144376
-0.5057083 -0.7321894
1.1521767 -0.86294764
-0.065682516 0.4631905
1.1459987 -1.1409917
-0.30311272 -1.5663792
0.44464785 -0.013073549
-1.8213758 1.2564718
-0.3843504 -0.1145344
0.049293995 1.5090163
-0.6802577 0.2451487
-1.0474746 -0.20387673
0.97535074 0.12050541
-0.28635168 -2.5272622
0.6392416 -0.022381365
1.9598459 1.702471
-1.7066481 0.42803788
-0.12887403 -0.10155347
0.42254055 -1.0286783
0.7526829 0.8536856
0.7993877 1.5516084
-0.6929685 1.0636158
-1.1686848 0.41393524
-0.781413 0.84203017
0.10186875 0.23245038
0.6388367 0.021914199
-0.8398714 -0.9760657
0.42836368 0.0032240003
1.8143679 -0.8919806
0.9880605 -0.1874805
0.5363738 0.5239468
-0.0066613853 -0.4295256
0.75227666 -1.4098941
0.73837954 0.024581596
0.6815417 -0.2183768
0.4477588 -0.13043658
-0.3281287 1.1702756
-1.1385586 -1.9835184
0.81177545 -1.0365056
-0.7533289 -0.23868935
1.5534912 -0.32757372
1.2263284 1.3992685
-1.0827961 0.804229
0.57008636 -0.6053548
-0.7211349 -1.5512363
0.7941016 0.5523341
-0.031317785 -0.44901487
-0.32737786 0.7796756
-0.5309951 0.2894836
0.021630436 0.38084978
0.05813992 0.6526541
1.4979668 0.43590528
0.4685613 -1.1408429
0.43991053 0.5118219
-1.4215964 -0.8598593
-0.46359068 0.5414684
-0.04340045 -0.15314926
-0.035257548 0.14160006
0.24552187 0.7053427
-1.821072 0.5342334
1.8714162 0.4403615
-0.15037292 -0.1997662
0.5162961 -0.5010776
1.4123939 1.1924231
1.7041224 1.1846248
-0.047256142 0.37852126
0.0891411 0.09675981
-0.18556558 0.35962176
-1.1969979 0.7769761
0.09518239 -1.2251043
0.51836103 -0.00608626
-1.4544674 0.56713694
0.5828855 -0.39018565
0.84263766 0.6169477
0.5196877 0.053450003
-0.4811122 0.72239876
-0.65486664 0.17674296
1.6085628 -0.4474405
-1.1297514 0.7823669
1.0612979 0.09926404
0.8339442 -1.3289737
0.67453843 1.3297029
1.2362055 -0.92961454
-0.3264757 1.1308702
-0.65470254 1.0917382
-0.36403885 1.0668637
0.73040044 0.7898133
0.97361505 0.1198964
0.6166531 0.18183713
-0.16304968 -0.675127
-0.54908276 0.86819375
2.1073937 -0.4832648
1.4983643 -0.51377964
0.9158156 -0.57634866
0.7948961 -0.62861705
0.62663966 0.41740185
-0.6970465 0.34063601
0.27623105 0.22842519
-1.530918 0.13905065
-0.95397794 0.32027113
-0.92982453 -0.37691543
2.2433066 -0.25579137
0.1696698 1.5104787
0.6966736 -0.5859722
-0.41222513 -0.50112605
-0.69513214 1.7478833
0.75799227 0.054803565
0.46169406 -0.7506455
1.8031539 -0.5486115
-0.9234699 -2.0826867
-1.3515286 0.07178955
-0.17381692 0.14399181
0.15087059 -1.246003
0.85404587 0.49230742
1.535738 -0.75812143
1.7691997 0.45841807
1.5187585 0.9169986
0.34694493 -1.0587878
2.021994 0.22918017
0.5448075 0.4089589
1.2106884 -0.9207481
1.3308591 -0.21833421
-0.2993458 -0.5314431
-0.025868043 0.8218739
-0.743042 -0.41301912
-0.23583758 -1.241351
-0.7070068 -0.19874696
-0.43553737 0.96554506
-1.0842624 -1.4681262
0.77082634 0.0925688
-0.3944314 -0.07574861
0.5901588 0.3217656
-1.6213446 0.54185575
1.5785993 0.1425228
1.3391151 0.9022013
0.069790184 -0.89494723
0.12637421 1.699634
0.49310988 0.8016833
-1.4232892 0.80627704
1.6577971 -0.57544184
-1.3731073 0.32790166
0.28955448 -0.80573654
2.3781738 0.6442193
1.2812691 0.28081745
-0.38922527 0.021698937
0.16593 1.6410697
1.8446387 -1.0060946
-0.53992325 0.012876138
0.16390648 0.8822938
0.6385707 -0.9722629
1.3415439 0.98287904
0.15344414 -1.7195251
-0.29025847 0.58241355
-1.4200143 0.31106853
-0.11258142 0.44763297
0.7144855 0.3775826
-0.79973084 0.36216807
-0.31827173 0.044529185
-0.7490907 0.046252593
1.0374204 -0.066901684
-0.57914585 -0.65561366
-2.4319978 0.22412838
0.7103025 -0.6575983
-0.06742057 1.100122
-1.1767471 0.6444993
-1.0205786 -0.39966395
-0.9841122 1.1783437
-0.78837967 -0.05504802
0.22185814 2.427988
0.1835441 -0.17295583
0.59570265 0.55948806
-0.33492744 0.9971912
0.8067074 0.3274653
0.9648614 1.1079813
0.58939826 1.1776499
-0.37597063 0.70618474
1.4416566 0.82243526
0.8632451 0.93874013
-2.320438 -1.323881
-1.3940005 0.6204156
-0.021420226 1.4394282
-1.0042102 0.114247724
-0.93160176 0.07669847
-0.96896034 -0.1138784
-0.6216309 0.09780945
0.019649476 0.69920826
2.1682572 0.19224657
-0.96604836 -0.45568484
0.30553424 -0.07737829
-0.5760976 -0.43264377
0.35574436 -1.0293642
0.7853445 -0.7158778
-1.3096781 0.52793604
-0.23928262 -0.07968891
-0.50757927 0.5377969
1.1306823 -0.91019154
-0.4543571 1.6550671
0.060110033 0.84929764
-0.030407518 -1.3228784
0.76119447 -0.09111482
1.6397628 0.28294998
-0.21107213 0.21635251
1.3551085 0.11142062
-0.1924747 -1.0162244
-0.44095346 1.2143655
-0.48310238 0.008393571
0.79731405 0.85427356
-1.1689196 0.2620839
-0.3918953 -0.52200276
-0.69600266 -1.7945039
1.1515718 -0.9594761
