-2.18316 -1.088424
-0.18245126 -1.9542776
-1.3422074 -0.7917268
-1.0723656 -0.27646458
-0.7964165 -0.8566853
-1.7720811 -1.150639
-1.6281602 -1.938675
-0.9061734 -1.3713528
-1.7389834 -1.3293562
-0.67231005 -2.2386081
-0.07119596 -1.2293072
-1.9077878 -0.82463825
-1.0296441 -1.971983
-1.1233842 -2.3151643
-2.7614963 -1.5293633
-2.5857067 -1.2877578
-1.9159813 -1.3434317
-0.12186237 -3.078685
-1.6918366 -1.6205771
-0.32536697 -1.9457792
-1.0339377 -2.4674382
-2.1809597 -1.628913
-0.98938394 -2.3549676
-0.35317722 -2.6358573
-2.8141758 -1.773124
-1.0529268 -1.692685
-2.600312 -1.363949
-0.46891373 -0.4630782
-2.464846 -0.9476751
-1.7486663 -1.9653848
-3.0513463 -1.405934
-0.83465034 -1.3830278
0.38207072 -3.1246505
-1.7411398 -0.7777821
-1.3116614 -0.25906545
-0.77395374 -0.39717513
-1.5539327 -4.320411
-2.9655435 -1.5099217
-2.6328244 -2.2139425
-2.8261654 -1.4711156
-1.8725494 -0.3466418
-0.3636632 -0.95906496
-1.2418575 -1.5569457
-2.6261873 -1.8908038
-2.3470705 -0.51773405
-2.504047 -1.031424
-2.5530653 -1.5146308
-2.3228154 -2.21221
-3.1427894 -1.2810694
-2.0389345 -1.6994342
-1.6905253 -1.8695753
-1.8050694 -1.8387784
-0.39954758 -2.6787922
-0.5450733 -1.6376292
-1.7460433 -1.0453116
-1.1513815 -3.413188
-0.26698488 -1.8640151
-2.46423 -1.6710773
-2.862357 -0.79956484
-1.826979 -0.9759263
-3.1680303 -0.7312036
-2.8810685 -1.6334311
-2.1929076 -2.02894
-3.6206121 -1.6824415
-1.0520098 -0.86018944
-1.7612144 -1.129369
-1.0244839 -2.7172232
-2.1309876 -1.4043163
-1.2150131 -0.80714774
0.39707512 -4.507685
-2.009797 -1.0751872
-0.92410946 -3.8113286
-0.97659487 -2.0626242
-2.7077498 -1.918306
-2.7029083 -2.0573409
-1.8949753 -0.6983048
-0.68357027 -1.2713649
-1.7743948 -2.939337
-1.3347067 -1.8121666
-1.7159405 -0.92351496
-0.9195512 -0.9640187
-2.5927086 -0.8890909
0.2704311 -2.557373
-2.6487353 -1.3467602
-1.54786 -1.4629041
-1.0783597 -0.8773738
-1.2470284 -0.71770823
-2.4163983 -0.13286985
-3.0840023 -1.8729154
-0.7005495 -2.2778149
-1.0357867 -1.2595859
-0.33104903 -1.9115262
-0.6566385 -2.0534654
-1.315062 -1.9153072
-2.23729 -2.193188
-2.9815836 -2.3311787
-1.1112806 -3.0148044
-3.086457 -2.05384
-0.38417864 -1.1265378
-2.2016082 -0.5401545
-1.3145599 -1.7432759
-2.3304532 -0.597538
-3.0399134 -0.4406036
-1.252243 -0.9703069
-2.64836 -0.7576796
-3.2416 -3.546264
-2.475665 -0.76020086
-0.7126418 -2.015443
0.0596558 -0.34708065
-1.5105033 -0.18510488
-2.3889477 -2.2614517
-1.6367098 -1.8298979
-0.5965185 -1.5789012
-3.0647984 -1.0527393
-3.0651422 -1.33899
-1.3237658 -1.8154281
-2.2159743 -1.5879992
-2.6386998 -1.6201997
-1.0517308 -2.1876693
-1.8011594 -3.2171023
-2.228644 -1.9117545
-0.54477787 -2.2055547
-2.8304548 -1.198891
-0.8285304 -1.2262498
0.19870146 -1.525932
-0.93649685 -0.7408339
0.014338866 -1.1368612
-2.928284 -2.109165
-0.50210714 -1.4947062
-1.0168266 -0.7518023
-0.86437094 -0.5308336
-0.86307204 -2.9805744
-2.6549973 -0.51484615
-1.2920574 -2.3163338
-1.6313243 -0.96585226
-0.813276 -1.2190082
-1.8736753 -2.180746
-3.5106957 -2.1235776
-1.87157 -1.7965093
-0.67168635 -1.6897733
-0.26207727 -1.0857179
-2.1373448 -1.8696324
-2.206595 -1.710529
-1.6450617 -0.7359328
-0.055206224 -0.1628338
-0.2831028 -2.7753644
-3.0449724 -4.047526
-1.0934944 -2.2389429
-1.2335669 -1.9263138
-1.0168694 -1.602479
-1.3720902 -0.7705393
0.52602816 -0.6713987
-2.3166468 -1.2257019
-0.012545362 -0.39131773
-0.84658223 -1.876939
-0.6707954 -1.4106193
-0.37625527 -0.96493566
-2.6830459 -0.5689372
-2.8975844 -0.62825894
-1.714629 -0.69700164
0.342986 -3.508322
-2.8539982 -0.8237392
-1.1744794 -1.0864669
-2.4902294 -2.5064876
-2.6330063 -1.7251039
0.0208181 -2.669827
-2.8927603 -1.7333002
-3.1315446 -1.3728676
-0.34099126 -0.9576552
0.37099344 -2.9703417
-2.019635 -1.227224
-1.4398627 -1.4931706
-0.74938256 -1.4373676
-1.3337034 -1.4913492
-2.4226487 -0.71425945
-2.9162374 -1.3229977
-0.41074932 -1.7919384
-2.0842767 -0.84775794
-1.8371186 -1.8167707
-2.1221557 -0.26363972
-1.7047651 -0.95140135
-2.2319794 -1.0799001
-2.6250567 -2.1732104
-0.18981698 -0.5244932
-0.08881348 -1.5727346
-3.148594 -1.3137739
-1.6128505 -0.8441236
-2.4910936 -2.5033915
-2.163451 -2.0747178
-0.47909003 -1.4987019
-1.5725503 -2.9715722
-1.776589 -1.9101008
-2.8689246 -2.316145
-2.6192636 -1.8853804
-2.1160216 -1.6152478
-2.3476756 -0.97182035
-3.5160766 -1.5922085
-3.1522408 -1.4986169
-0.29799682 -3.079464
-2.831812 -1.064716
-1.4501172 -0.4396636
-1.0664201 -0.78335977
-1.3170376 -1.0340699
-2.0476253 -2.562719
-1.0288128 -1.6152459
-0.037915766 -1.99176
-2.341279 -0.8563924
-0.8698805 -2.3578749
-1.4832859 -3.3114145
0.617481 -1.4515918
-0.8139283 -2.3851092
-2.0041032 -2.0945876
-0.8486736 -3.0585055
-1.5151062 -3.0386076
-2.515675 -2.8125298
-2.6498728 -1.6745124
0.0720817 -0.9513258
-2.694516 -1.4734249
-1.5186592 -2.617132
-1.7218683 -1.0760096
-3.1593006 -0.7599573
-0.73141927 -3.7261715
-0.18185124 -1.2799599
-1.2157367 -2.3227162
-2.0452917 -1.3333839
-0.17403457 -1.5254052
-3.413935 -1.1100771
-0.5572763 -1.6463088
-0.39304903 -1.4567564
-1.661393 -1.1770939
-1.8956512 -0.39003474
-2.3075485 -1.4717559
-1.0266348 -0.9026979
-2.5928597 -1.1655154
-1.4931849 -3.1121438
-0.34646112 -1.3905855
-1.7306983 -2.10932
-0.33810547 -1.0938512
-0.7160063 -2.4059298
-2.8441179 -0.26447907
-2.8906753 -1.5966864
-3.0665164 -3.5439847
-2.5704727 -2.027962
-0.82301754 -1.4692812
-1.1644728 -3.6621578
-2.5488265 -1.6930879
-1.9867985 -2.4876266
-1.3354915 -0.55659807
-0.9590842 -0.56919366
-2.5569413 -2.1017475
-2.4241822 -2.1033087
-3.2508106 -0.9901495
-2.8800113 -1.1436557
-2.741872 -1.9210188
-2.4992013 -1.7924685
-2.0000658 -1.9077154
-2.6505003 -1.1506042
-1.4203436 -1.1837286
-2.8501084 -1.5724502
-0.6189873 -3.7070909
-2.7126455 -1.1840875
-1.7272266 -1.433682
-0.8780476 -0.5631534
-1.2310262 -1.5495197
-1.9624813 -1.0760101
-2.6655746 -1.247042
-1.5530751 -2.238452
-0.97890645 -1.5223831
-0.49333143 -3.0817235
-2.5627155 -2.1269062
-2.4761958 -0.8371774
-1.5296823 -2.469873
-1.3013836 -0.5743543
-2.0035136 -2.7307699
-2.1967497 -2.8843017
-2.2644145 -1.746415
-1.4615883 -1.8872668
-0.39461467 -0.8042865
-2.563421 -2.0978308
-1.8595229 -2.3493998
-1.2348301 -1.2676582
-0.88691455 -1.0277767
-1.4641396 0.17264405
-0.10687895 -2.8656855
-0.3807241 0.30508783
-1.3428543 -2.3611066
-2.9263425 -1.6064355
-1.9314905 -3.125301
-2.871938 -0.080185056
-1.1265298 -0.29431897
-1.4613593 -1.5112437
-2.1485362 -0.6723732
-2.122467 -1.4163097
-2.9343245 -2.5942466
-2.6650147 -1.141262
-2.7832518 -0.7596421
-1.912415 -1.1168491
-1.0609894 -3.9051185
-1.179716 -2.2744193
-1.2262316 -0.8544611
-1.9674504 -3.465058
-0.85379064 -0.036177963
-1.3758705 -3.2793655
-1.8516928 -2.744154
-2.1432436 -1.656474
-0.98740983 -1.006914
-2.2707658 -2.0849326
-0.41243982 -2.4205716
-1.1812685 -2.695485
-1.8928493 0.12118137
-1.939799 -2.0024116
-0.22061336 -1.5875857
-1.183969 -1.0076083
-0.20898364 -1.6404545
-3.0943072 -2.3609068
-0.75413984 -1.4748994
-1.5216359 -0.67367136
-2.6274762 -1.5606062
-1.1626762 -0.7851393
-2.548918 -2.5277698
-1.9239678 -1.5724967
0.5364265 -2.2561493
-0.49923855 -1.5561452
-1.4376829 -1.4554048
-1.8407714 -1.3955781
-0.23449896 -3.2807457
-1.0575382 -0.33123496
-1.2974806 -1.1075549
-3.2655308 -2.0977316
-1.9992945 -1.2074943
-1.6103495 -1.9249448
-1.2000538 -2.2379074
-2.308299 -1.1066382
-0.14753297 -3.9170437
-3.0003197 -1.5507426
-2.2079303 -1.2252433
-2.249511 -0.73385763
-2.6541734 -1.8292855
-3.2447603 -2.1718445
-1.9651256 -1.9735806
-0.5740064 -2.234277
-1.5800055 -1.5516276
-2.1595776 -1.6203599
-3.1305525 -1.5510399
-0.7625231 -0.9084232
0.2775579 -1.6195923
-1.3505876 -2.1225364
-2.880452 -1.9687945
-2.2728355 -0.9206886
-1.2335162 -3.1219928
-1.7740656 -3.8311589
-0.41661125 -3.1718702
-1.157074 -0.9680085
-3.1764953 -2.2218647
0.033049688 -2.374418
-2.2209344 -2.192286
-1.2688754 -1.5790752
-0.40962258 -1.6242608
-1.9854864 -2.3610346
1.2444048 -2.8679914
-1.3249655 -1.3986597
-2.0346797 -1.4443741
-1.9264373 -1.9522842
0.073508635 -2.4071286
-1.9784845 -1.6535488
-2.3873606 -1.4771515
-1.0416937 -1.3172035
-1.6000644 -2.683372
-0.5547186 -1.4266123
-2.625748 -1.5056202
-1.5585722 -1.6859182
-1.1840742 -0.69492376
-1.9917256 -2.193818
-2.0781357 -2.0317488
-3.4513254 -1.6982815
-2.2774518 -1.1699759
-2.4517744 -1.7446101
-1.8720478 -1.2537129
0.4684729 -2.040202
-1.8275431 -2.2857761
0.32621717 -3.098523
-0.45536485 -4.159406
0.059547886 -1.663375
-1.5619352 -1.2965958
-2.205406 -2.057311
-4.400929 -4.3342237
-1.1063622 -1.774752
-0.73483396 -4.6142144
-1.221287 -1.2978513
-0.7674805 -1.792989
-0.8757847 -1.7259939
-1.428523 -1.294802
-1.1765691 -1.5842154
-3.4665625 -2.5764408
-1.3350378 -1.5819193
-3.2623315 -1.5445096
-0.17353041 -1.7269459
-0.8313997 -2.0842435
-3.0741482 -1.8761103
-3.286546 -1.9137557
-1.464133 -0.6437987
-2.6647396 -1.442903
-3.04296 -1.8706839
-1.3464173 -2.3676436
-2.5653079 -2.8504987
-0.8186415 0.06320721
-2.2943976 -1.8189555
-3.4415545 -2.0146053
-0.87034065 -3.742082
-2.3011239 -0.638623
-1.551741 -0.77425313
-1.6012462 -1.8836542
-1.4802212 -1.5120274
-2.54876 -1.3927258
-2.3350136 -1.6652013
-2.710749 -2.4230917
-2.3862467 -1.421805
-3.121879 -2.303322
-2.0626187 -1.512319
-2.8430765 -1.0356568
-0.29152653 -3.088016
-2.7948062 -2.2181318
-1.2343152 -1.7530324
-0.7339492 -2.7228198
-0.8425759 -0.49272263
-1.5530485 -1.9756577
-0.67062986 -0.62482095
0.1616322 -0.6579009
-0.18151052 -2.087323
-0.49847722 -3.6676037
-1.6415869 -3.1289597
-2.926287 -1.9509654
-1.8327739 -1.6736647
-2.7866287 -1.8495823
1.1180841 -3.3756397
-1.0824717 -1.451927
-0.51820636 -2.138596
0.22112067 -2.447271
-2.4430153 -1.4453355
-1.2514689 -1.7982383
-1.3297405 -3.0989523
-1.9972527 -1.028996
-1.0798887 -0.3985253
-1.1341261 -1.845464
-0.06299582 -2.089447
-2.709663 -1.3606155
-2.4730966 -1.549819
-0.22889061 -1.4279175
-2.001791 -0.62097687
-2.7853627 -1.3336318
-2.1847718 -2.0412936
-1.1406572 -1.5714718
-2.1396496 -0.346439
-2.003508 -1.3903856
-2.0760434 -1.3837734
-2.447576 -2.2766607
-2.9020574 -1.3748187
-2.6905458 -2.6499488
-2.7789035 -1.7282182
-0.6650649 -2.815489
-1.13382 -1.3379467
-3.1835659 -0.42505467
-3.383262 -1.3978413
-3.2188685 -2.367232
-2.8327758 -1.3686748
-3.6671104 -3.3080986
-1.4182069 -2.1682293
-0.66473585 -2.0503433
-0.942192 -1.6765969
-0.372617 -3.1625235
-2.9602711 -1.8670537
-1.6760157 -1.0627354
-3.3273382 -2.4073443
-1.1620897 -0.85565996
0.4741963 -3.081495
-2.5143058 -1.7471598
0.12391578 -4.509484
-0.33004278 -2.577958
-2.7437198 -1.2162026
-0.33876562 -2.3225498
-1.9674662 -2.4961998
-1.110373 -0.42543352
-0.7606471 -0.67922163
-0.15239567 -3.54263
-1.9290434 -1.5400643
-0.82132936 -1.2958776
-0.5238158 -2.7817237
-2.2011645 -0.9460056
-2.820212 -1.0826013
-0.26922005 -2.4974318
-1.3959533 -3.4256952
-1.6848211 -0.9415035
-2.9658244 -2.0669875
-1.9671965 -1.5176536
-0.7119257 -1.0155897
-1.6133952 -1.687478
-2.9461446 -1.8734663
-2.9904108 -0.8002615
-1.956165 -0.31127086
-1.1108912 -3.380698
-0.33200482 -2.7488322
-2.1839988 -3.8789108
-2.5144856 -1.4230192
-1.4437768 -0.45633686
0.022663578 -3.1608107
-0.87441677 -2.4781537
-0.745975 -1.9419738
-0.7252143 -1.917341
-1.1836858 -3.0551102
-0.52932143 -0.8092022
-2.1790729 -0.4785223
-0.89133084 -1.4033092
-2.343711 -1.6213131
-2.6050632 -1.366994
-1.215542 -1.245357
-1.2347515 -2.4335377
-0.32481033 -1.9439555
-2.6885598 -3.8287828
-2.6707606 -1.752024
-1.5126123 -0.3797847
-1.8636229 -0.8433188
-2.845087 -3.6409338
-1.7290782 -2.7492468
-1.6335882 -1.1201454
-0.5425078 -3.2005863
-1.4776142 -0.37544775
-2.824459 -1.731962
-0.9064507 -0.6612313
-0.6362739 -2.972915
-1.3349324 -1.418448
-0.16497044 -3.8144786
-1.9672054 -3.4237013
-2.9935997 -1.5537925
-2.504753 -1.7306854
-1.03281 -0.3210388
-1.6833135 -1.2420883
-2.2044086 -1.281836
-0.59904504 -1.2399628
-1.5256877 -2.001934
-0.5539789 -0.35222447
-2.038333 -1.0423673
-0.5945216 -1.3846018
-1.001165 -1.5810118
-2.7384658 -1.9506296
-1.3709676 -0.5028379
-0.4254803 -0.7823471
-2.5945761 -1.5670182
-1.9701697 -0.5801132
-1.614072 -0.9597697
-0.6223675 -1.5965916
-1.315627 -1.9202915
-1.7487483 -1.7200245
0.20791711 -3.0645015
-1.7337027 -0.55869484
-1.2599533 -0.32682142
-1.2450399 -2.048399
-0.22716504 -2.9864902
-1.7820415 -0.9141878
-2.3406837 -1.4236435
-0.276328 -1.0360017
-1.001305 -0.80990076
-2.3475554 -1.5309236
-1.0072088 -0.2146884
-2.046095 -2.8046126
-1.8350713 -1.5523283
-1.2015682 -2.3151684
-1.6662598 -1.7745098
-2.311053 0.23112214
-0.8524592 -1.9192786
-1.1829497 -1.681031
-1.4222033 -1.3268403
-0.8796974 -0.9030416
-2.1145403 -0.9644426
-0.861246 -1.3689895
-1.6673341 -0.9723418
-1.7619302 -1.0913687
-0.586937 -0.9453442
-1.5960244 -1.6948929
-2.0780933 -1.1654079
-1.6682193 -2.6426837
-1.7937522 -1.1756423
-1.0365043 -1.2711878
-2.966659 -1.7114134
-2.7706738 -2.280128
-1.5706596 -2.0273554
-2.3935359 -1.086969
-1.4451911 -2.2751532
-0.4008636 -0.2958926
-1.0871185 -4.829559
-2.0032122 -1.1929148
-2.5961668 -1.3180127
-0.39455336 -1.8068255
-1.4470199 -3.8397522
-1.7815009 -1.0094413
-0.9331348 -0.75807416
-1.8270236 -0.8554895
-0.53621 -2.673918
-1.0984297 -1.239466
-2.3821197 -1.92974
-1.759081 -1.3816205
-0.4401145 -0.72818506
-0.9128535 -2.2917922
-1.8389466 -1.8461992
0.8963979 -0.71755266
0.18782558 -0.5776353
-2.1338577 -2.0718489
-2.7021773 -2.9508777
0.3771761 -2.334369
-2.0709994 -0.8334099
-1.9542204 -2.583509
-1.5493867 -1.1338713
-2.5203755 -1.8631173
-1.2782314 -3.1281815
-1.798703 -2.2363873
-2.9712303 -1.6364456
-1.1589974 -2.581312
-1.5202833 -1.1039464
0.21299447 -2.045214
-0.7961032 -2.2116966
-0.999604 -2.497566
-1.3633518 -1.5831133
-0.84863144 -1.5012012
-2.4088864 -0.8657018
-1.3316895 -2.764287
-0.428361 -1.1553591
-1.8484457 -1.6326857
-2.6097474 -0.9172919
-2.544574 -0.45687973
-2.0654058 -0.68942666
-0.86564934 -3.0001395
-0.32228184 -2.476303
-0.8080687 -1.0603527
-1.1190765 -0.8644841
-1.0156013 -1.1482143
-1.0737817 -1.3870242
-0.13795005 -2.3521082
-1.9853389 -0.6530907
-2.5471675 -1.5339649
-1.3337479 -1.4219962
-2.3070023 -1.9432344
-2.9147916 -1.5273486
-2.502249 -1.5636175
-2.3415315 -1.0960331
-3.2100883 -1.9767531
-2.6415758 -1.6360893
-3.1526413 -2.587242
1.2306999 -3.5782447
-1.8725538 -0.5548409
-0.41563752 -2.2271442
-3.4556818 -1.6296102
-1.4056754 -1.0326463
-2.655648 -1.9119692
-2.2432003 -1.6955374
-0.83680576 -2.1196692
-1.8347961 -1.6673326
-1.8436338 -2.398692
-1.9623681 -1.0551901
-1.5113707 -1.7176384
-2.175002 -1.8582045
-0.45538712 -3.1502836
-0.7222957 -1.0160278
-1.6990212 -0.5476934
-0.10710527 -3.0186846
-1.6983343 -0.5915959
-2.3301635 -2.3301055
-2.0089967 -3.0359175
-2.2861512 -1.4104571
-1.3323885 -1.3060427
-1.0735339 -0.9493604
-3.0800872 -2.087812
-1.9547169 -2.0848103
-3.0419974 -2.3637247
-1.0475547 -1.6805038
-2.8195033 -1.559928
-1.8741469 -1.0012136
-1.2115166 -1.3414574
-2.9716325 -1.3898189
-0.5584929 -2.265123
-0.17759481 -1.4284452
0.39663464 -0.98296213
-0.54538983 -3.5233457
-1.53914 -1.2291462
-1.9519274 -1.5771904
-2.168238 -1.2657079
-0.31678173 -1.4910347
-2.037968 -1.4942063
-1.307818 -1.378974
0.40432447 -0.9981406
-1.2843454 -1.450542
-1.1678951 -0.45287296
-0.5407741 -2.1525528
-1.8786306 -1.1860838
-2.127086 -0.85768664
-2.654168 -2.5775344
-2.2645607 -1.8234489
-2.9208374 -2.015952
-3.1805277 -2.3454447
-2.2995713 -1.6341512
-1.8571736 -1.6700022
-0.14900923 -2.202119
-1.1314169 -1.9029759
-1.931301 -2.0015037
-3.3901868 -1.6614192
-2.4892454 0.41059646
-1.7885228 -1.7893728
-1.7046299 -2.0609097
-0.1920226 -2.478555
-0.88943076 -2.3826797
-1.9211098 -1.0581194
-0.77077925 -0.5183212
-1.3874528 -1.5340968
-2.944087 -2.191122
-1.3286599 -2.4437842
-2.5463738 -2.7295864
-1.944408 -2.3540316
-2.7084506 -1.6643244
-2.133728 -1.1435397
-1.7130135 -1.0927821
-2.1664023 -1.6422547
-0.40829706 0.10841164
-1.5304754 -3.3757503
-0.7006032 -2.744541
-2.1595926 -0.9982549
0.10980646 -1.6314517
-1.0076468 -1.1132873
-1.841886 -0.51505005
-2.073783 -0.5707568
-0.5672766 -2.123559
-0.77406114 -2.0102086
-3.2650208 -1.8456444
-1.2063677 -2.123548
-2.2777884 -2.9315407
-0.73622394 -2.9921908
-2.6176481 -1.0919348
0.030122533 -1.6308715
-0.9118589 -0.90543056
0.053282395 -2.496159
-1.3191495 -0.9302709
-2.880888 -3.09725
-0.58164626 -3.3134608
-2.207549 -1.7573518
-2.2645934 -1.343107
-3.06749 -0.90631247
0.10407953 -5.3809824
-1.5905842 -2.0094852
-2.723463 -1.3590989
-2.30102 -1.4931818
-3.645006 -1.4933192
-0.6089716 -1.7959738
-0.81927615 -2.305686
-0.97349197 -0.7911403
-0.81281 -1.133839
-1.7912346 -0.91038
-2.7616024 -1.8785956
-2.0113993 -2.2507014
-1.82088 -1.1241997
-1.032258 0.030316114
-1.7409997 -2.7873178
-3.3796268 -1.0692112
-2.664047 -0.32280082
-1.8823912 -1.8710512
-1.0009929 -4.2327952
-2.7097623 -1.5091074
-2.2279723 -0.999375
-0.34692657 -2.5510004
-0.7392977 -1.7995601
-1.2463144 -1.5391356
-1.9478182 -0.73340285
-2.8590488 -1.7165903
-2.744916 -0.29642197
-1.4509698 -1.1705194
-2.3920367 -0.27641952
-1.0817736 -0.99328613
-0.7222609 -1.128463
-0.53223574 -3.4840536
-1.2028848 -3.0219958
-2.4286537 -2.8724837
-2.8220394 -2.6543267
-1.3107556 -1.4490662
-2.2092621 -0.663819
-2.160885 -0.630929
-2.7625287 -0.94483995
-0.87294346 -1.6502157
-2.124602 -1.8699987
-0.4447767 -1.1902993
-0.8723323 -3.17083
0.33496958 -2.510592
-0.29440397 -2.5290108
-2.7402987 -1.5094835
-2.7288957 -1.0695168
-0.7028875 -1.1737696
-1.9922376 -1.8221304
-2.073314 -2.3541195
-3.2495255 -1.4662799
-2.6383617 -1.9616776
-1.5447202 -0.6005447
-3.042497 -1.8376387
-0.6656649 -1.1853131
-1.9728004 -2.1431844
-1.7946398 -3.9570777
-2.3931553 -1.5350585
-3.053683 -0.6896795
-2.2063973 -2.8425417
-2.0067284 -1.1687235
0.06555019 -2.9264135
-2.1224668 -0.9811473
-2.4658554 -1.4785068
-3.2261846 -1.8476931
-2.3572865 0.32739112
-2.4507883 -1.3739386
-3.1663525 -2.3402207
-1.8028005 -1.4639553
-1.5640177 -0.37281984
-1.8067623 -0.5241711
-2.5691807 -1.6551855
-0.95096415 -2.807973
-1.582528 -0.75502396
-2.888958 -0.88330424
-1.1611499 -0.51895213
-2.60488 -1.3733222
-2.3717425 -2.4282916
-1.3033931 -1.0877405
-1.6875091 -0.74603057
-0.6573113 -2.3372693
-1.0555568 -3.2531521
-0.7267219 -2.6768157
-1.1480104 -2.929348
-0.91203153 -1.2786674
-0.58212984 -4.286122
-2.3572247 -2.0668225
-1.3693618 -1.7440815
-2.2309246 0.040777683
-2.6028826 -1.67025
-3.081743 -1.4221822
-0.22974424 -2.1768024
-1.0226245 -0.5124283
-2.2767534 -0.529832
-1.0738901 -1.6469421
-0.97489876 -1.0234562
-3.1991174 -1.6209983
-0.6775315 -3.7036104
-0.45954186 -0.9164108
-0.7235231 -1.0036862
0.3929276 -2.6161466
-1.7660451 -2.717081
-3.403303 -1.8737737
-2.870633 -1.5739115
-2.3877335 -1.7754889
-1.0654145 -2.6378565
-2.360075 -2.0432017
-2.5108223 -2.2631438
-0.6686321 -1.2426103
0.527504 -1.9311073
-1.1265044 -1.5771357
-2.1168222 -2.2862399
-1.8155212 -2.2954776
-2.7439113 -2.12261
-1.4573797 -0.9061158
-1.1318208 -2.247081
-2.100879 -2.9810956
-2.752526 -0.947417
-2.3158188 -1.4220176
-2.398893 -2.4412143
-2.1020446 -2.1758072
-1.5220333 -3.6218112
-1.4996104 -2.9982903
-2.4732172 -1.032517
-2.082205 -1.9910694
-0.16873993 -1.7286437
-1.4641213 -2.03106
-1.5934585 -1.3614968
-0.7843374 -1.8650584
-1.6481574 -1.385479
-1.5669936 -1.0456643
-2.8958547 -1.0640268
-1.9198593 -0.48137462
-2.6321893 -1.4338591
-1.472835 -0.7526723
1.1566218 -3.5406175
-1.6449628 -1.0454121
-0.9115513 -1.1819177
-2.4850826 -1.7584231
-2.7333689 -2.7043417
-1.988957 -0.7630452
-2.0664284 -1.0134888
-1.4493736 -1.0262332
-3.839345 -2.3563926
-2.6574128 -1.8161535
-0.23004124 -2.3262115
-1.1793736 -3.5313623
0.059159413 -5.2153225
-0.8867273 -2.2540534
-1.0946009 -4.1514072
-0.61540496 -2.4020965
1.1630127 -3.3839996
-2.0528636 -1.4434075
-1.886841 -0.6870092
-0.2978819 -1.4559027
-1.1349274 -0.64861596
-2.5657635 -0.8512105
-3.3351762 -0.9291326
-1.3897461 -0.8740939
-0.87751615 -1.025023
-0.057453737 -1.2265576
-3.3877904 -2.1699598
-1.7340657 -0.97766244
-1.4684697 -1.9707773
-2.5860438 -1.3578933
-1.2731137 -2.535731
-1.710744 -1.5502065
-1.9384542 -2.1578894
-3.1073508 -2.7504115
-1.337421 -2.6621568
-2.7356591 -1.8839835
-2.560123 -2.5411003
-3.029827 -1.1248332
-1.9996681 -0.530022
-0.48696697 -0.41698787
-2.429972 -2.8715298
-2.0919297 -0.16427681
-0.8906384 -0.10405925
-1.9081719 -1.1716515
-1.5750666 -1.8086071
-3.1092877 -1.375581
-1.7032634 -2.169082
-1.9374928 -1.526124
-3.534902 -2.0319026
-2.6328099 -1.8341109
-1.8187001 -1.6179614
-0.5917136 -2.9526021
-2.2388568 -1.2770346
-2.2441137 -3.7354918
-2.0708647 -2.7395976
-2.0913205 -1.9315864
-2.549496 -1.8809623
-2.2454805 -0.26830682
-0.038388476 -1.3099396
-2.5984917 -0.6027468
0.38895404 -0.6913532
-1.9690052 -1.5859735
-1.4289453 -2.4144244
-2.3345811 -1.3640786
-1.9027251 -3.0436983
-2.8120222 -0.71382785
-2.2188363 -2.0747743
-2.255513 -0.07260659
-1.2400883 -3.4931536
-1.3090335 -1.1637999
-1.4436157 -2.4494264
-2.220364 -0.8152759
-3.146616 -3.66081
-0.1204744 -1.8606877
0.3129375 -4.186707
-2.2791677 -1.3317698
-1.916862 -0.83840513
-2.9692886 -1.4543817
-2.6007679 -2.4610734
-1.4733224 -1.9736719
-1.0942904 -3.2322843
-1.0232892 -1.2845674
-0.016578361 -3.3037121
-2.1678674 -2.270126
-2.4737756 -1.3047141
-2.4265037 -0.2305062
-0.20708993 -2.0046675
-2.5406141 -1.5440344
-0.66394144 -1.1567962
-2.0232809 -2.212166
-2.5399761 -0.83507705
-1.6350024 -1.0716963
-2.2494404 -1.1698261
0.21715479 -4.414676
0.25596166 -2.680436
-2.3276632 -1.9543191
-0.8719277 -1.5748061
-1.4012612 -1.3577054
0.80858916 -2.8466415
-2.7505057 -1.7273073
-1.8904591 -1.3742468
-2.3603675 -0.9350116
-2.172546 -0.28980267
-0.74934316 -3.0120022
-3.136521 -1.6706654
-1.6187711 -1.65441
-2.1717503 -3.2783983
-2.073627 -2.0836601
-1.6120147 -2.287036
-2.1319168 -1.1465456
-3.3134367 -2.3910522
-1.9500049 -0.2445359
0.18665726 -0.9374212
-1.4652977 -1.4252379
-2.103811 -0.4258801
-1.7619892 -1.6937699
-1.4542991 -1.3948439
-1.7553023 -2.8390467
-1.7175108 -2.7848237
-1.7568607 -0.7342858
0.8747638 -4.2921014
0.47532922 -3.2090194
-0.9977568 -0.8247529
1.00915 -1.9521507
-1.8030285 -1.1867136
-1.1352376 -2.1328201
-1.0032545 -2.754047
-2.059427 -2.4742744
-0.70422715 -2.3686132
-2.3643231 -1.5779817
-1.1364771 -2.0738657
-0.59272605 -2.518875
0.075904384 -1.5237083
-0.6654386 -0.53342855
-0.67540246 -0.629786
0.1899802 -2.67843
-1.7860268 -3.0465956
0.49573898 -3.1274674
-1.6871717 -1.1010888
-3.3108902 -3.5428267
-0.4484805 -2.982249
-0.34859347 -1.7350829
-1.5663683 -1.9846225
-1.7241381 -0.8554274
-0.58266693 -2.5781767
-0.47822392 -1.2303185
-0.9627923 -2.561171
-2.9089675 -1.7116328
-0.29098007 -1.9595081
-2.7048717 -1.7355351
-1.9455158 -0.8517401
-0.046548367 -2.4914453
0.06640844 -2.4493544
-2.0524507 -3.189653
0.46467632 -0.85205853
-2.9434137 -1.6985254
-3.1355298 -1.3382394
-2.4556317 -1.9074572
-2.2192395 -4.3921103
-1.7853788 -0.8322973
-0.7882079 -2.76225
-1.2641395 -1.9908457
-2.5992343 -1.993495
-1.4618102 -1.836651
-1.4929028 -3.422635
-0.69674116 -0.94286036
-1.0257059 -2.2609468
-1.9011636 -2.024363
-0.98264813 -2.5918477
-1.9150636 -2.074694
-0.7572664 -1.5779805
-0.77989787 -3.697192
-1.7426473 -0.32324994
-1.0363774 -0.06376159
0.03739111 -1.4600031
-1.4716434 -3.078644
0.1673678 -1.9799658
-2.3367403 -1.2612898
-2.5727417 -1.4785287
-1.0322342 -2.6101139
-1.9040062 -1.6741599
-3.211151 -1.8921201
1.4578475 -3.7609792
-1.7564968 -2.6174567
0.19745807 -2.4524567
-0.50400674 -1.5424532
-1.6870983 -0.49762732
0.17001925 -3.8511317
0.9010529 -2.3226848
-0.7446571 -2.0053434
-0.98165184 -3.5064418
-2.1335227 -3.1689813
-0.94232386 -3.3115857
0.10693322 -2.4211946
-1.0438629 -1.5859909
-2.1393197 -0.8533186
-2.883604 -1.6842155
-1.4021479 -2.5607686
-1.9877347 -4.130711
-1.3362383 -1.6278286
-2.058502 -2.2404554
-1.9198279 -0.34835786
-1.2553093 -1.9175202
-1.9023893 -1.3873675
-1.5950097 -2.1290202
-2.2304316 -1.0756314
-2.0121756 -1.5774895
-1.0713292 -1.2674954
-3.790879 -1.8816631
-1.0127436 -1.356361
-3.2209036 -2.7151778
-2.4406652 -1.0890715
-1.3798778 -0.7632228
-3.437765 -1.1214452
-1.3567551 -2.426215
-0.3912581 -2.6330152
-2.320607 -0.6898333
-3.3564582 -2.3445892
-0.8164448 -1.622083
0.30877048 -1.1244208
-1.5507108 -1.6601676
-2.8962197 -1.1409744
-1.4918264 -1.6804435
-2.2280629 -0.8543924
-0.6865488 -2.8905444
-1.2122487 -2.440052
-1.0377233 -3.0760005
-0.13603655 -1.4029299
-2.0664246 -0.5369934
-2.7159436 -1.2559803
-1.4427893 -1.9577562
-1.1448685 -4.077178
-0.7847707 -0.26491567
-0.8053582 -3.189791
-3.0633113 -2.751854
-2.8643064 -1.885588
-2.0622258 -0.63901526
-1.1647749 -1.0801071
-1.4875555 -1.78492
-1.5633923 -1.2327619
-1.0668201 -1.4607143
-2.0217724 -2.5643086
-1.9385432 -1.0047947
-1.6830505 -0.8163662
-2.0613935 -1.0392579
-2.3004806 -1.8214589
-1.9446278 -0.90177166
0.51912266 -3.1153631
-0.5990992 -3.400784
-0.24902435 -2.4647033
-2.3432987 -1.0111637
0.5651268 -2.5323799
-1.2138954 -1.8591492
-2.888048 -0.6740867
-1.4377464 -1.7633066
-0.750648 -2.9751513
-1.2969027 -0.90370834
-0.9321304 -2.9482946
-2.1916735 -1.0053376
-2.1551282 -0.40423852
-2.553258 -0.95646656
-1.2516618 -2.2146256
-2.251484 -1.5135635
-2.2313523 -2.317288
-2.736638 -2.017208
-1.9856877 -1.3090966
-1.5743182 -0.364822
-0.085193336 -1.4532843
-2.002268 -3.1434531
-1.6020861 -2.0778484
-0.6601837 -1.5801296
-2.2304463 -2.005939
-1.2130164 -2.0057623
-1.8900774 -1.6375893
-1.2171321 -2.9413567
-0.18811332 -2.6276236
-1.000336 -0.4328857
-1.0848204 -1.6355723
-1.0844451 -0.22487183
-4.3222065 -1.0861357
-1.2303184 -1.9001642
-0.54590565 -1.2258178
-1.7754931 -3.4524965
-1.3841504 -3.424995
-0.7805871 -1.96925
0.0715649 -2.6686096
-1.9179912 -0.90117264
-0.98352385 -3.4641075
-2.7532508 -1.7704846
0.16348614 -3.1688468
-1.5464258 -1.4517448
-2.7887707 -1.5134493
-0.35203105 -3.8447926
-1.3594459 -0.7596055
-2.8839908 -1.0395417
-2.356295 -0.7001169
-1.8531283 -0.05688986
-1.9602352 -2.8709095
-2.5961056 -0.66766673
-2.6292121 -2.6722567
-2.1523635 -1.5917149
-1.3206979 -0.1090914
-0.65301305 -0.025797397
-0.68582064 -2.0565057
-2.9022393 -2.1966176
-2.1309085 -1.0133572
-0.8896334 -4.0594635
-2.731683 -1.9069977
-0.05867316 -3.5114393
-1.3043196 -2.0882804
-2.8503902 0.1851247
-2.5507326 -1.3811142
-1.7072014 -1.5966469
-2.442092 -1.792372
-1.1469336 -1.4277761
-1.7391833 -2.1847365
-1.0784649 -0.98766553
-1.0711462 -1.5805413
-1.6659666 -1.4650016
-0.45971793 -3.9515748
-2.1590257 -1.5422751
-1.6326759 -1.84807
-1.039713 -3.2552104
-2.497928 -1.7124466
-0.34130538 -0.82394755
-2.123568 -2.8494282
-2.4488475 -0.879488
-2.584832 -1.6465287
-3.1068738 -1.0483892
-0.76330036 -1.3743206
-2.5455794 -1.1511009
-2.8862236 -1.6113989
-0.40599465 -2.2652807
-2.342464 -2.4397175
-2.3184664 -0.3811282
-2.4122715 -1.6272354
-1.2329239 -0.17145422
-0.57934827 -3.7226346
-1.2686807 0.40762177
-1.9117491 -1.4001917
-0.9682437 -1.6539923
-0.65543544 -1.3835711
-0.15474975 -0.31589037
-0.51594514 -1.2152606
-1.170149 -1.2329172
-1.2228547 -1.4010818
-2.1535485 -1.5525635
-1.4571116 -3.5465908
-1.8573227 -1.1237717
-3.2926838 -2.167845
-2.050573 -1.339614
-0.4613093 -2.4427574
-2.9788404 -0.46127632
-0.7419236 -1.239653
-0.7635128 -2.6266634
-1.8409573 -2.1911776
1.0215373 -1.2552005
-0.12507246 -1.2567452
-2.6091554 -2.0456007
-1.4275197 -1.5293581
-1.2308822 -1.4463471
-2.122218 0.48150215
-1.9413466 -1.1843499
-0.84372115 -1.9654822
0.4103349 -2.3214421
-1.4774544 -3.8650992
-2.4946153 -2.138563
-3.2859948 -1.6572883
-1.2109262 -2.4617026
-1.666544 -1.2071803
0.07845591 -2.1532114
-1.859016 -1.6744162
-2.9825854 -1.5980812
-0.7971714 -1.4413732
-1.736829 -1.735752
-1.3559536 -0.72853875
-2.26238 -3.458214
-1.3163745 -1.1344568
-2.6387012 -2.7218697
-1.4312515 -0.92853427
-0.83548415 -1.6172609
0.0029081851 -3.3037505
-1.3931059 -1.7894315
-2.3371577 -0.30503964
-2.2372026 -1.7745461
-2.049453 -1.8068137
-2.0103323 -0.05315432
-2.8932352 -0.58755744
-2.0837257 -0.6227553
-1.6356282 -1.7741721
-0.62341917 -1.0887754
-2.189899 -2.108065
-2.1860926 -1.5368011
-2.307135 -3.280145
-2.5715618 -2.0483007
-2.4998896 -1.4175096
-0.9588884 -2.5157952
-0.96542025 -1.7411408
-0.94573975 -1.9199799
-1.0110834 -1.8274677
-1.2926196 -3.3783667
-1.0729783 -0.21458878
-1.1706947 -3.7274058
-2.360392 -2.7038286
-1.6967319 -0.93100953
-1.5206759 -3.3996494
-1.9849601 -2.4718606
-0.63348204 -2.860761
-1.07044 -2.309989
-0.7629634 0.2735755
-1.8800346 -1.5215756
0.007982209 -3.3674984
-0.17254809 -2.2204661
-0.1274324 -1.6562878
-0.47823888 -1.343313
-1.5377151 -0.5295519
-1.7870864 -2.475702
-0.33656806 -1.4367983
-1.0268106 -2.766823
-1.6734432 -0.544947
-2.5652125 -1.6583756
-1.8962284 -1.829309
-2.8686519 -1.9513799
-1.8919576 -1.3940961
-1.2100708 -1.501677
-3.416312 -0.65393543
-1.7369047 -1.3591453
-3.0305188 -1.8968023
-1.5804443 -1.4583852
-3.331993 -0.6330875
-2.24929 -1.2519361
-1.602943 -2.612544
-1.2348567 -0.8869941
-1.8091896 -1.4757016
-1.7586766 -0.3639892
-0.4787061 -1.9086187
-0.5019051 -0.5865872
-0.57999235 -3.853878
-1.2092233 -0.6197775
-1.2733536 -3.044896
-0.7615441 -1.0846335
-2.5049481 -0.57135797
-1.0134783 -2.8884234
-2.681526 -0.75556207
-1.7237135 -2.3792517
-3.1181514 -1.8733425
-0.18727002 -2.4589043
-1.4470195 -2.0122168
-0.7160019 -1.881114
-1.0199786 -3.6542015
-1.7420433 -2.2853332
-2.735959 -1.2244724
-2.3926194 -1.175703
-0.30223253 -1.0780547
-1.8909618 -0.5683178
-1.3835338 -0.6276335
-1.629535 -2.0609047
-1.4699006 -0.92411935
-0.0067679435 -3.4113605
-0.98841923 -2.2419794
-1.0141792 -3.0645597
-2.3427985 -1.3324178
-1.5822864 -2.3338742
-3.0184977 -2.7075472
-1.16644 -1.947319
-1.4610534 -0.76634896
-3.2771003 -2.5233164
-0.5871282 -3.281104
-0.38969824 -0.24802996
-2.4950955 -1.4527533
-0.86128247 -2.036651
-2.5014677 -1.3644494
-2.3314729 -2.3524876
-2.5393136 -1.7025937
-1.2974508 -1.0345807
-2.0987422 -0.48665565
-1.6830602 -2.184898
-0.86718184 -1.9737114
-1.5612085 -0.8868208
-1.4850942 -2.4566061
-1.7757099 -2.2771382
-0.94221616 -3.0158474
-0.23713154 -2.6834505
-0.88634044 -1.8315431
-1.9669317 -2.2518764
-2.6343672 -3.5598156
-0.74938744 -2.8647425
-2.476135 -1.3728745
-1.6109264 -0.24130054
-0.88183033 -3.2585542
-2.2568228 -2.5687287
-1.8842696 -1.406614
-0.8036516 -2.021287
-2.9989626 -1.0097774
-1.0340587 -2.7413294
-0.86783344 -0.6910472
-0.6166503 -1.20485
-2.6684945 -0.24354964
-2.421352 -2.1073642
0.07504083 -2.2970998
-1.9882869 -1.1734467
-1.3124826 -1.7639605
-1.325473 -1.1432174
-0.30884138 -1.8977101
-2.016242 -2.89936
-1.852509 -2.6111233
-1.8754483 -2.3705337
-2.2226856 -0.82076144
-1.1621732 0.075084776
-2.6078565 -2.817596
-1.6032094 -2.2153535
-0.8607544 -1.1575018
-0.924533 -1.904292
-1.4068872 -1.2196231
-0.5988201 -2.0864286
0.098539785 -1.0216193
-1.5885751 -0.20840798
-2.2286224 -1.2429342
-0.23594481 -3.0967464
-2.575156 -1.6886661
-1.0609237 -4.4039674
-1.4906443 -1.3846914
-2.6706376 -2.024986
-1.1350867 -1.4860885
-1.3310738 -2.3904352
-2.2692404 -0.75685215
-0.40463895 -2.2038693
-1.3479652 -2.2494898
-2.5389216 -2.5512555
0.61643934 -2.8336542
-1.2915004 -1.6412499
-2.03086 -0.86167073
-2.6555755 -1.4978938
-4.086411 -1.8608253
-0.60882246 -3.6542733
-2.5503316 -1.8017988
-2.462236 -1.9555968
-1.6284763 -1.0041687
-2.7586024 -0.2554902
0.8726333 -0.41899043
-1.1230932 0.018132895
-3.0192218 -1.7288911
-0.70604837 -1.6412562
-1.9699022 -1.1960666
-1.5641339 -0.3477462
-0.31692624 -4.054173
-0.97582614 -2.0464048
-1.5844882 -1.6482451
-1.5411811 -0.855826
-0.8297364 -3.3078892
-2.5108178 -2.0612876
-1.3272209 -3.9705422
-2.5484433 -1.1067191
-1.2433786 -1.741213
-2.5701795 -1.3033994
-2.6078222 -1.0036714
-1.0667546 -2.4720066
-3.129784 -1.6747963
-1.419737 -2.0233796
-1.0443584 -1.1278775
-0.4305398 -2.1958
-1.1179537 -1.4217774
-2.9063127 -1.153081
-0.32990932 -2.656274
-1.2007104 -2.2973068
0.3566857 -0.31346703
-0.5474123 -1.1012254
-0.9381063 -3.0457358
0.50126386 -3.1424603
-2.03939 -2.0571842
-0.61256254 -1.1418974
-2.7833815 -2.7188582
-0.09797363 -3.6301389
-0.7888314 -2.8494372
-2.81151 -1.9056302
0.40607655 -2.7307844
-2.4329875 -2.0613213
-1.2656525 -0.63214314
-0.95361966 -1.5480181
-2.5157435 -1.8145012
-1.4313495 -0.85155153
-2.1513262 -0.7462667
-0.5835357 -4.5773625
-1.7565126 -1.7961656
-2.0638387 -2.016573
-0.37117338 -2.2255871
-1.4211805 -1.2613125
-3.163598 -2.0709634
-0.8443484 -2.0976915
-1.9218963 -0.058617532
-0.92392236 -1.8963773
-0.6769596 -2.2551725
-1.3541263 -1.425672
-3.4403422 -2.0734196
-0.73151344 -1.1033146
0.51600856 -2.5492337
-2.270181 -0.7938478
-3.4526966 -1.6956112
-2.7187824 -2.134597
-0.32024467 -2.7566893
-1.634553 -2.8401132
-2.2900934 -1.19213
0.3846405 -3.9677522
-2.534824 -0.98201776
-2.4139142 -2.2427778
-2.3061187 -0.61133504
-1.897524 -0.417209
-0.9669816 -0.5451206
-2.677937 -0.15427837
-2.7418094 -1.9241991
-1.4069707 -0.6133779
-2.6266136 -1.5962732
-0.6002081 -3.544421
0.007028714 -1.6008114
-1.6719533 -2.729069
-0.8819479 -0.50519675
-1.0186467 -1.599457
-0.46850938 -2.2816532
-2.8436584 -1.778941
-3.2585804 -2.2166681
-1.4394163 -1.4371989
-2.1268394 -1.5846912
-1.6146853 -1.0508181
-1.9277823 -1.4036025
-0.76215243 -0.19405425
0.36248368 -2.1139307
-2.1815033 -1.6849003
-1.3136762 -0.7141161
-1.5098672 -1.2126027
-2.0770113 -1.151963
-2.544241 -1.643634
-1.4951262 -1.0548166
-2.3646765 -2.2060335
-2.3149724 -0.9795922
-3.5471623 -4.48207
-2.041866 -3.3456295
-1.1475071 -1.0815115
-0.07909177 -2.303898
-0.77630854 -2.9537363
-2.9309826 -0.17265248
-2.931022 -1.2335081
-2.7333183 -1.8989825
-0.40936708 -3.6191957
-0.4708178 -0.27995965
-0.42538404 -3.3463488
-2.1831002 -1.6275592
-1.9067029 -1.4656568
-2.0221972 -1.648489
-2.7040625 -1.9943904
-2.0960627 -1.3230649
-1.2876488 -1.1215048
-3.3014116 -1.6316226
-1.1188047 -1.3661584
0.8772382 -0.8654207
-2.8245392 -1.3427895
0.010064706 -3.817677
-2.5097 -1.6766865
-3.1652546 -0.6456137
-0.25505558 -1.0440314
-0.41256487 -1.995749
-0.0075521916 -4.3961773
-0.97952145 -1.2724122
-2.3990107 -2.3118591
-1.1294717 -0.9844506
-1.8320363 -1.7638334
-0.2277227 -1.0476507
-0.54700947 -1.4322882
-2.0766273 -1.7178167
-1.3015275 -1.8388255
-0.31437126 -2.7718487
-0.5285879 -1.6655191
-3.4444377 -0.48234916
-3.2351954 -0.97602296
-2.2259831 -1.4840903
-2.3415275 -1.767764
-1.6045077 -1.2446048
-2.1172888 -1.1335574
-1.2036104 -0.66085064
-1.421282 -3.213252
-1.438063 -1.1256604
-2.9890192 -1.3071486
-2.5807624 -0.27158222
-0.47195023 -2.7461114
-3.3250198 -2.2707975
-1.2932876 -1.5056719
-1.6612337 -2.6545794
-1.0306594 -3.0664783
-2.1103883 -1.1969067
-2.6874387 -0.7430695
-2.8624763 -1.0779587
-3.608549 -2.4809873
-0.89715725 -1.2749015
-2.203827 -0.8324866
-2.00348 -0.68054914
-2.2391691 -0.39585882
-1.3369681 -3.0538301
-1.1483916 -0.85207355
-0.7813537 -2.863822
-1.5771956 -0.65136063
-3.803351 -4.0142775
-1.4702716 -0.2857387
-2.532664 -1.3949556
-1.1428165 -1.2724526
-0.71540266 -2.9806776
-1.7485782 -2.5370862
-3.071909 -1.8482425
-1.9391862 -0.1659292
-1.7282505 0.6247517
-2.4367104 -2.8356965
-0.19772294 -1.2854706
-1.5274421 -2.723712
-2.1002815 -0.9898522
-0.9632861 -1.6551108
-2.019241 -0.8531878
-2.0630457 -0.36201715
-1.6690549 -1.4762447
-0.20537338 -2.0801325
1.5951241 -2.3248124
-0.16534923 -2.7737827
-2.3903825 -1.916199
-2.7047565 -0.8039081
-0.87140137 -1.3108623
0.1667157 -2.2483208
-1.3634017 -1.5728931
-2.5172644 -2.44423
0.35454106 -0.3294857
-3.1748447 -1.4787639
-1.7570553 -3.1159763
-1.5412455 -2.2800982
-0.6525398 -1.9476302
-0.67065555 -1.4226774
-2.230576 -3.2120218
-0.5986824 -2.2031727
-4.0927806 -2.8892791
-2.1932664 -0.33356857
-2.3605835 -0.88870156
-1.0505471 -2.1221097
-1.8721958 -1.4598396
-1.4879386 -2.1236174
-1.3814856 -2.6222515
0.25886285 -1.8386288
-0.9910691 -0.58079123
-2.5178938 -1.6566511
-1.2158699 -1.4775033
-2.2580276 -1.8481964
-0.6003527 -1.3196087
-1.9982238 -2.1758213
-1.5797888 -2.1430974
-2.849762 -2.8995051
-2.8102589 -1.8910654
-0.1824497 -1.2208846
-0.71028835 -3.2948987
0.5047291 -3.2326252
-0.7721333 -1.0892224
-3.349737 -2.4861014
-0.12342948 -3.1155531
-2.2622967 -2.3855762
-1.4400458 -0.82624483
-3.0217872 -2.2189703
-1.1383426 -0.2883017
-2.626416 -2.205652
-0.5797958 -3.4806254
-2.7407656 -1.3193362
-0.6433162 -3.1582606
-3.311508 -0.83539236
-2.7036598 -1.4210144
-1.6194339 -1.4857211
-3.854121 -0.5308659
-0.753331 -0.8502431
-0.8184119 -2.173944
-1.6210575 -0.582592
-1.5062829 -2.9804044
-0.9409804 -2.6692803
-2.5554595 -2.455429
-0.03840287 -1.2478255
-1.4031641 -2.1024957
-0.8424703 -0.8668072
-2.4876559 -1.8652269
-0.0818312 -1.5800369
-0.22660775 -1.6064073
-1.344497 -0.83691204
-1.057121 -1.2520576
-1.6455109 -1.9931175
-2.9304147 -1.4740589
-2.1127484 -2.5075872
-0.38180068 -3.6545599
-1.3353823 -0.99710596
-1.7869823 -1.4635437
-2.8567781 -0.89164925
-2.3120806 -0.721167
-2.8207424 -0.7522985
-1.9187143 -0.66099375
-1.5999306 -1.4904147
-1.747774 -1.3271729
-1.6024929 -3.4254532
-1.1308745 -1.2395916
-0.74662316 -1.6034064
0.40361756 -2.3152676
-1.7267127 -1.0795828
-2.182349 -1.6574038
-1.3047956 -0.46032244
-0.964702 -1.6150687
-1.3212068 -1.3041282
-2.0549276 -1.032812
-0.7815139 -1.1359191
-1.3983952 0.0065823644
-1.1737809 -1.438251
-1.9507003 -1.424666
-1.4959809 -1.7994738
0.5850666 -3.3870935
-1.5630786 -2.3224661
-1.8978916 -2.4597988
-2.2483332 -1.45647
-1.5573496 -2.010236
-1.011803 -1.9660188
-1.4585518 -3.1186347
-1.9793726 -1.5012785
-2.278416 -1.1229966
-0.04666853 -1.9755565
-1.2336191 -2.645897
-3.1131876 -1.2966163
-2.1191347 -1.9672253
-1.2735007 -1.8421679
-1.6483327 -1.0247006
-2.3990052 -2.4615436
-0.3811298 -2.3748844
-2.0499535 0.019298732
-2.0093334 -1.6888533
-0.8881373 -0.8293767
-0.88241816 -2.801406
-0.45858374 -2.1570804
-2.2975276 -1.173774
-0.48556006 -2.105611
-1.8362572 -1.0279946
-1.1291225 -1.3410593
-2.401747 -1.6871912
-0.20408992 -4.7293916
-2.667687 -0.5959698
-1.7104962 -1.8987033
-1.6938889 -2.5742946
-2.144017 -1.1545075
-0.56879073 -3.0122416
-2.1784909 -0.6806221
-0.65031505 -3.7247317
0.39284354 -1.5749375
-1.3571764 -0.871655
-2.6651816 -0.9346609
-1.1029587 -0.7553003
-2.0855868 -0.72378385
-2.957884 -1.6234795
-1.8884286 -1.317524
-0.68958294 -2.399202
-0.79842937 -2.1720624
-0.441397 -0.9350189
-1.388689 -0.4603254
-2.8775954 -1.2757311
-1.5281814 -1.3775483
-2.1646621 -2.4924717
-1.3524485 -1.5782996
-2.367475 -1.2326462
-2.977786 -0.865487
-2.357621 -1.2501792
-3.0210483 -1.6101193
-0.97323483 -0.055025026
-0.66175795 -1.9282528
-0.6894807 -1.5371614
-0.84678173 -2.1247332
-0.41176468 -1.8768903
-1.0282738 -2.5613136
-0.91483134 -1.7662047
-0.96287215 -0.9696119
-1.3174826 -3.7019873
-0.5981683 -0.6389129
-0.85890543 -1.9078594
-1.1293159 -2.203021
-2.4888194 -1.2369065
-0.5043827 -0.97319496
0.0360467 -3.0886915
-2.6184468 -1.5920479
0.029096767 -3.2336037
-0.32427266 -0.57143915
-2.7023067 -1.4233208
0.2451529 -1.270467
-2.3000839 -1.754541
-0.57750934 -1.4272305
-1.5198088 -2.3165164
-1.56328 -2.1033628
-1.8721472 -1.6738032
-2.1665998 -1.6243887
-1.7710705 -0.8288518
-0.9239834 -2.2527711
-0.5657934 -2.9417741
-2.9273036 -1.7763108
-2.8819475 -3.0135396
-2.7972965 -2.012242
-0.72656095 -0.8946551
-2.7294612 -2.3614564
-1.153396 -1.3491818
-2.932262 -1.317218
-2.089981 -2.5172691
-0.5270558 -0.93565655
-1.501642 -2.6602316
-0.89729506 -1.7356548
-0.53317034 -1.2429712
-2.2511075 -1.5586848
-0.513283 -1.6624812
-2.1076214 -1.3993231
-2.8387005 -1.5285857
-1.8705689 -3.0619972
-1.1383672 -1.8502166
-2.932475 -0.8875674
-0.34719974 -1.3819894
-0.54844797 -1.0867475
-0.9713391 -0.053673208
-1.6998926 -1.1434269
-1.0066617 -0.49324846
0.56537366 -1.8668323
-2.1424112 -0.37351936
-0.7143347 -1.1496358
-0.3956343 -2.0415869
-1.7624223 -1.8968923
-1.809543 -4.4650297
-1.5984063 -0.9838338
-2.2925184 -1.1581343
-2.0962985 -1.7552587
-2.6751666 -2.7607303
0.090603545 -0.5969696
-2.0205998 -2.7212532
-1.621832 -1.2910789
-2.335766 -0.9415127
-1.5837793 -3.9515483
-0.71095425 -3.5609846
-0.6805939 -1.7764677
-1.6569705 -3.539584
-2.0963378 -1.8402432
-2.8529358 -1.7914904
-1.5542681 -0.110136956
-2.326818 -0.4605651
-1.7962539 -1.3228883
-1.9349846 -1.0467058
-0.71051866 -3.395898
-1.446388 -0.5930791
-1.1892102 -2.57256
-1.6215973 -2.9715765
-1.9484757 -0.607302
-1.2497232 -1.8538944
-0.3587712 -1.6246519
0.696848 -2.9508154
-0.14009058 -1.4603075
-1.9433597 -0.8933923
-1.5128247 -1.4052742
-2.5254016 -2.8005466
-1.2248158 -1.9526926
0.620448 -2.6839693
-0.9953547 -1.0937661
-0.19175471 -1.646285
-0.32519746 -2.1682117
0.058598354 -2.452937
-1.3029982 -2.0006979
-0.97859275 -4.62114
-0.3844048 -2.5255115
-1.923077 -1.3617758
-2.3107545 -1.9382532
-2.1837838 -1.2322886
-1.3877374 -2.7825356
-1.023575 -0.36249244
-2.552713 -1.6033756
-1.4080898 -1.901577
-0.61444986 -1.6933466
-2.7609463 -1.4940623
-2.2585413 -1.3532763
-2.9585454 -1.601374
0.13645665 -1.5875689
-0.98226136 -0.9146669
-1.1060987 -2.562745
-2.517188 -0.9899914
-0.99166894 -1.3468547
-2.9498029 -1.4232637
-0.63726264 -2.8525279
-2.6869228 -1.7294085
-1.0683575 -2.873078
-0.9755444 -1.7044739
-1.0235283 -1.2259041
-3.0365434 -1.6997719
-2.6589124 -0.7315987
0.015847549 -3.3105927
-1.725493 -1.5701661
-0.78524286 0.05202487
-0.53112227 -1.8209522
-1.1456752 -1.9726012
-0.47706974 -2.240628
-1.2909052 -1.3420421
-2.7226212 -1.6124495
-2.0293188 0.24948439
-1.4263728 -1.7767801
-2.4201226 -1.318236
-2.2681007 -1.3130589
-1.4422231 -1.2633953
-1.2023077 -1.9998469
-1.624129 -2.365208
-4.6140156 -1.8458278
0.17412616 -1.5695665
-2.4227405 -0.26457107
-2.827495 -0.59723246
-1.8925664 -1.6039065
-2.612693 -1.023777
-2.32088 -2.239892
-1.4494416 -0.7939538
-0.61436915 -0.7328944
-2.167378 -1.7860541
-2.452634 -1.3909042
-0.98436725 -0.4988605
-2.0207784 -1.7386954
-1.3775189 -0.9950595
-2.4148529 -0.9392344
-1.1207179 -1.803184
-1.6780277 -0.9613873
-2.9418936 -2.1538272
-2.8503466 -1.6651889
-0.09777537 0.037923664
-2.6707215 -1.7952625
-2.3369422 -0.88176
-2.5850801 -2.440111
-1.1105769 -0.015421942
-2.228393 -1.6319195
0.07345168 -1.9687842
-2.1934388 -1.3788188
-1.1785316 -2.3101728
-1.9810413 -2.243526
-0.93891335 -3.5022318
-2.0604339 -3.701133
-2.6711917 -1.1637148
-1.9931471 -1.021405
-2.546005 -0.47264183
-0.9269215 -3.1901999
-1.5541292 -0.8611746
-2.4684932 -0.9431468
-0.80356425 -2.5423641
-0.82297736 -2.1389887
-0.76049584 -2.0368364
-1.2455723 -0.9017346
0.96888417 -2.6006486
-1.3688445 -2.1643984
-3.0112972 -1.6133685
-2.1471205 -2.2571979
-1.4961063 -2.136472
-2.3132398 -1.4925785
-1.4290416 -1.4938684
-1.4592915 -2.5987267
-0.929227 -3.5159886
-1.780118 0.38497522
-1.9993896 -2.1305985
0.14149956 -0.674009
-0.60062146 -1.259532
-3.393635 -2.9521446
-1.0836515 -2.4979272
0.14564414 -2.9399538
-0.68597585 -3.4092515
-1.066219 -0.5834533
-1.5086311 -0.9731139
-0.36237139 -0.78216326
-1.8360075 -1.2190536
-0.7050965 -3.6895604
-3.2591295 -1.711016
-1.7306036 -2.0879593
-1.6387988 -1.4667209
-0.79062825 -3.702003
-1.7681285 -2.0460863
-1.435965 -0.13034463
-1.9198136 -0.32551476
-2.5137572 -2.0879548
-2.561716 -1.6556463
-2.6955252 -3.3637855
0.75839096 -2.749541
-1.1956981 -1.4947698
-2.0153768 -0.39194277
-1.6784345 -1.4848609
-1.4112419 -0.20950465
-1.9033458 -1.237921
0.34564978 -2.7350705
0.4222691 -0.71811116
0.132396 -3.1300046
-0.5355578 -3.5007288
-3.0402281 -1.0345784
-1.3912847 -0.51373255
-2.04403 -0.9028945
-1.1276234 -2.476618
-1.240406 0.75372005
-1.9185128 -1.1682718
-3.1288505 -1.4934733
0.5277591 -2.121763
-0.68977046 -1.109402
-2.944314 -2.9075909
-1.7508669 -2.956207
-3.0066748 -2.3958066
-0.16439731 -3.562509
-1.4645406 -3.6599498
-1.9232017 -1.7701377
-2.754064 -1.2963736
-2.581278 -1.7557455
-0.44250342 -1.1715612
-2.6561837 -2.532084
-1.1337785 -3.2566721
-0.87751365 -1.8935035
-1.7034031 -1.2967827
-2.521433 -1.4990609
-1.305248 -1.5437396
0.2708537 -2.158052
-2.6713986 -2.1011415
-0.80079913 -0.731837
-0.9012589 -1.3316269
-1.7277068 -1.482799
-1.5234392 -2.1638286
-1.5893803 -1.6255956
-2.8252943 -1.099211
-0.653298 -2.4276736
-1.119601 -1.4622396
-1.9093449 -1.7390387
-1.1280493 -2.921663
-1.1266365 -1.2301486
-0.095899194 -1.1808798
-1.6630592 -1.938118
-1.2852478 -1.5299342
-2.362665 -1.3357543
-2.0049672 -1.7728453
-0.17733335 -2.465938
-0.1882501 -1.2724372
-3.2880359 -1.2554983
-2.3346038 -1.8785585
-1.5095618 -0.9450451
-2.3351803 -1.4047328
-0.37294805 -3.4998784
-2.3237958 0.41314825
-0.6070028 -4.1992803
-2.5740814 -0.85201585
-0.85484356 -3.4183338
-1.7382605 -2.1367083
0.6451209 -3.835033
-2.145491 -1.3440394
-0.814248 -1.6786525
-1.898833 -1.4398046
-1.4778807 -0.36790463
-2.1526084 -2.409456
-1.6997011 -2.6011584
-3.5079668 -1.6817772
-2.2368255 -0.37492225
-3.4715884 -1.5777366
-0.5132871 -2.6729357
0.86220914 -1.0205158
-0.11225687 -1.0113223
-2.0511823 -1.7352041
-0.6990919 -3.847932
-0.76270854 -2.6422436
-2.1249046 -0.32703623
-1.3510789 -1.6721767
-2.2693675 -1.9863204
-1.0929885 -1.2382126
-1.4618571 -0.6735548
-2.5976262 -1.4929576
-3.1706347 -0.9770713
-2.185008 -1.1193674
0.36647803 -2.4340537
-1.5768714 -0.36819822
-2.1335397 -1.26059
-3.057963 -1.9069128
-1.1953063 -2.2668192
-1.74899 -1.1734804
-3.0160756 -3.1272693
-2.771251 -1.4718561
-1.5083542 -2.1116984
-2.2769518 -1.5501525
-2.6818817 -1.5517483
-1.537941 -1.0985655
-0.6154015 -0.37019145
-1.0602595 -2.4299579
-2.886395 -1.1364537
-2.2264187 -0.5552505
-2.2401853 -0.78056073
-0.06601137 -1.044637
-0.9019394 -1.6893898
-1.6779605 -2.1446085
-0.20780605 -1.9921297
-1.2174246 -1.7110568
-1.4953455 -2.2852705
-2.5532393 -1.8211524
-2.2497368 -2.0392103
-1.543996 -1.2837429
-2.2591097 -0.16811004
0.8117338 -1.2403286
-2.4215271 -1.0899872
-0.78554213 -1.6587307
-0.90433776 -1.2222464
-0.67176664 -3.0114355
-2.2688253 -2.2845628
-0.19919154 -3.5186343
-2.7216177 -1.3412322
-2.8375747 -2.0671265
-1.3223597 -0.7231101
-2.882455 -2.0038357
-2.4869003 -1.5937291
-2.537071 -1.8297418
-0.5154592 -1.5464451
-1.3739899 -1.6426628
-1.2987328 -0.86509
-0.6287214 -1.681083
-2.3868272 -1.851994
-2.060209 -0.46079987
-1.5433153 -1.9083028
-2.9963515 -1.7952405
-2.5276697 -0.70540094
-0.8265736 -1.8877901
-2.248643 -1.543893
-1.9470711 -1.4987432
-2.9526682 -0.9948479
-0.4008953 -2.8126729
-0.37306175 -3.7731376
-1.5001925 -1.0938929
-3.2134225 -1.7025279
-3.0890305 -0.70835173
-2.0950725 -1.0908033
-0.53591204 -2.490941
-1.8746892 -0.9199928
-1.9903113 -2.8861444
-1.2692683 -1.9640257
-2.6930108 -1.326188
-0.66393936 -0.49407682
-0.24784543 -0.5822558
-1.9595922 -2.375049
-1.402004 -3.4594505
-1.2519573 -2.0608351
-2.6017866 -2.007037
-3.3306541 -1.8353097
-0.98679495 -2.1104531
-1.3618312 -1.77494
-2.375033 -1.8800249
-1.9326335 -2.1675022
-2.6282244 -0.983168
-1.0086579 -0.8049964
-0.6919675 -1.3424127
-3.800764 -0.9661119
-0.031900734 -0.32378435
-1.8412162 -1.4345336
-0.060105905 -2.3238857
-0.42818105 -1.2690599
-1.2090504 -1.0568483
-1.4674121 -1.4755707
-1.8633806 -0.67903227
-1.709032 -1.5803195
-2.243995 -0.47311422
-2.6338248 -1.3808502
-1.7857424 -1.6619115
-1.0048497 -1.3326604
-2.6884162 -0.31671447
0.24525796 -3.4516594
-2.5271447 -1.5462545
-0.9196736 -1.6709157
-1.8280591 -1.7652504
-2.8362586 -0.60051966
-2.3625345 -1.3418795
-1.5293188 -0.65666497
-1.7905778 -1.4414716
-3.3871992 -2.4033601
-2.6435726 -0.7924979
-2.7346447 -2.302869
-0.7266791 -2.0893915
-0.43434113 -1.2789959
-0.24752477 -1.2227015
-0.82496375 -0.73079944
-2.2412007 -2.016159
-1.8094742 -1.7158345
-1.2081037 -2.4122088
-0.6999646 -2.8928876
-0.65235925 0.07286662
0.16203405 -1.3069191
-2.0912902 -2.6958284
-2.151387 -1.6246591
-0.42089325 -2.9331126
-2.8498876 -2.1895416
-1.2472018 -1.1697263
-2.0295148 -2.3011553
-1.3295292 -0.023476452
-2.8320732 -1.4515918
-0.91637045 -3.4914742
-1.7353877 -2.3390927
-2.0661542 -2.439149
-3.0517602 -1.3305185
-2.0425012 -0.9051825
-1.2327311 -0.12605959
-2.1748624 -1.2685337
-2.6591291 -0.8651743
-2.1088061 -3.2264707
-1.0305719 -1.0936406
-1.5451653 -0.34144554
-1.6267875 -1.8182104
-2.1704085 -0.0013753921
-2.6559873 -0.5917512
-1.6198994 -2.5586581
-2.7589388 -1.5535758
-1.5249783 -3.8370268
-1.3760576 -3.7581935
-2.0567667 -2.0610995
-0.5749106 -0.9824214
-0.27052 -3.4862711
-2.451409 -1.1654519
-0.33748204 -1.8966368
-2.9774203 -2.1993487
-1.1863859 -2.0917368
-0.03649652 -0.54026663
-1.2790599 -1.0169154
-0.19055164 -1.2699991
-0.4756141 -3.2151034
-0.73148245 -0.82671964
-2.7020395 -0.5606717
-0.39820886 -1.4689997
-1.7308054 -4.563348
-2.3971803 -1.2259625
-2.5353491 -1.9378151
-1.0569867 -1.5878187
-1.661497 -2.9044871
-3.4426913 -4.6297455
-0.7302507 -1.762384
0.79812855 -0.97279084
-3.2462826 -1.8488823
-2.6294696 -2.3313563
-0.39985698 -1.2241821
-1.6174835 -0.85102415
-1.9501445 -2.1805887
-2.1999137 -1.8565906
-1.1177492 -2.1049383
-0.7041548 -1.144254
-2.157765 -1.5790614
-1.3646133 -1.7049459
-1.9210436 -2.5482774
-3.1672878 -0.39466828
-1.2121392 -2.7671509
-2.5273829 -1.0852776
-1.0511564 -2.1126971
-2.732666 -1.1071857
-1.5352865 -3.165168
0.6097918 -2.2909954
-1.0833082 -1.1812931
-0.14132434 -2.6520064
-0.69805384 -1.7547078
-0.41040722 -3.146966
-2.0210123 -1.0710211
-0.2975685 -2.766618
0.53309786 -1.607187
-1.4451836 -1.2528208
-1.8487755 -1.8615623
-2.1937284 -0.49099353
-1.6250681 -1.4932246
-0.84184206 -1.5378546
0.11377774 -2.1743777
-1.1357989 -1.5214453
-1.121273 -0.45112854
-3.5922873 -2.0213726
-2.0115283 -0.9624077
-2.0619988 -1.1163275
-2.1172464 -1.2079093
-1.733875 -0.9640546
-1.6122082 -1.7767293
-2.2752137 -2.29048
-2.9252455 -0.34747988
-1.2009666 -0.4695804
-2.1627164 -1.6816565
0.94279224 -0.92598045
-0.77562696 -1.9622916
-3.213157 0.15836242
-2.5079215 -1.0623822
0.03302504 -3.8051596
-1.3810477 -2.1031413
-0.9016221 -1.1004739
-2.8954802 -1.4308127
-1.3717945 -2.0172217
-2.3883138 -1.9047179
-1.8619522 -1.9991176
-3.0990565 -0.9731704
-1.3508182 -2.474139
-1.7423191 -1.6348778
-1.1895542 -1.3558003
-1.8048772 -3.062391
-2.569593 -0.9848187
-2.8684287 -1.5735848
-0.969493 -2.923233
-1.2707309 -1.0746629
-2.6240401 -2.2833972
-3.3546987 -1.2953784
-2.5634003 -1.2850919
-1.1589915 -1.5039295
-0.54326826 -0.42745513
-0.8921531 -1.3229686
-2.7077332 -3.2694025
-3.4524775 -1.8119763
-0.96339077 -1.7818197
-2.1201444 -0.69549274
-0.4271668 -4.0564075
-2.8000216 -0.55651295
-1.8318344 -1.7839438
-0.52403456 -0.8813598
-2.7255902 -0.9570899
-0.50626785 -2.2896414
-2.3490474 -1.8662958
-0.1219006 -1.0103799
-1.5463578 -1.8518965
-2.5021906 -1.819978
-2.6907208 -0.40764537
-2.0915997 -0.95024896
-1.1778014 -0.91106963
-1.477507 -1.0011494
-1.949256 -0.44350448
-3.036166 -1.9100772
-3.1374583 -1.5877651
-0.80511886 -2.7299712
-2.9836137 -3.3459733
-2.7362554 -2.830112
-2.215886 -1.2629316
-1.8221521 -2.0840883
-2.6121817 -0.10881111
0.17879562 -3.043096
-1.0804721 -2.3062403
-2.0990038 -1.5336823
-1.6010606 -0.9972755
0.35661238 -2.1087637
-0.2771283 -1.3265502
-2.8988957 -1.2227757
-2.6993613 -1.1074042
-3.1509573 -1.4086329
-1.3420993 -1.2165737
-0.9273986 -1.8601758
-3.865452 -1.5469652
0.8615963 -2.8766217
-3.654073 -1.6721228
-0.20386355 -2.261861
-0.39918458 -1.6357516
-1.4606777 -1.2847637
-0.9517756 -0.99316776
-3.05338 -0.8427607
-1.8104722 -0.24762656
-1.0812957 -1.8397802
-1.8846269 -1.3502111
-2.8550882 -2.62887
-1.5512244 -2.0831642
-1.8005501 -1.3596905
-0.2936164 -2.986788
-1.6226412 -2.5373366
-2.9949088 -2.3050961
0.03889461 -2.0701468
-1.2330114 -1.8284168
-2.2651396 -2.2048771
-1.4124087 -2.78027
0.44344634 -1.0569513
-0.1547635 -1.1654074
-2.0831733 -0.61941326
-2.3897316 -1.5059962
-1.7906038 -1.9519937
-1.8628378 -0.60683656
-2.7910862 -0.41217095
-2.2438278 -1.3798416
-0.4930243 -1.4016229
-0.7872553 -1.1496743
-1.7881323 -1.2898247
-2.415756 -1.6883854
-1.8878924 -0.7999096
-2.7685711 -1.4952407
-0.7355846 -0.97450995
-1.3518239 -2.6711893
-0.028899595 -3.6683452
-2.3757293 -1.8609343
-0.47253376 -1.1401258
-1.5394526 -2.4035938
-1.3000796 -1.7577968
-1.1426402 -1.4003296
-1.6554636 -0.490104
-2.8108528 -1.1988505
-1.4235675 -1.5439136
-2.3268642 -1.0597134
-1.3655078 -1.7601092
-2.0144093 -1.5172741
-2.0308666 -2.5389254
-2.1210942 -2.0027595
-1.1728237 -3.008761
-0.5279988 -1.8557397
-2.909883 -1.8414699
-1.4018962 -0.57093143
-0.3941707 -1.336281
-1.2200946 -1.3196745
-1.0629662 -1.6484517
-2.4002879 -2.0366616
-1.7479942 -2.176549
-0.627348 -1.9875193
-0.60580003 -2.3614578
-1.9963577 -2.9244826
-0.775781 -2.1769552
-2.2361696 -2.5029776
-1.5143313 -2.651269
-2.9779165 -1.7701256
-0.9137081 -2.3671513
-1.712523 -0.5363231
-0.99146056 -5.066817
-1.4134705 -0.60952604
1.1021879 -3.9604542
-3.009997 -1.7742938
-1.1917534 -2.0253222
-3.1673932 -1.9219608
-2.0246599 -1.2415107
-1.5631104 -1.2441286
-2.0476556 -1.0428573
-1.2341443 -3.210698
-1.4437554 -2.9196289
-0.87020063 -0.7788074
-2.8380375 -0.5448338
-1.428721 -2.4451208
-2.411502 -1.8569448
-1.023943 -0.90306723
-1.9502028 -0.48658758
-2.4282484 -1.7526914
-1.0622803 -1.2566233
-0.6781315 -3.9087722
-0.5863083 -2.9906876
-2.5257847 -3.819519
-2.7855425 -2.9661562
-2.2143626 -0.9306388
-0.58301115 -2.7683582
-1.9211941 -2.2971475
-1.3258768 -1.7582173
-1.5539948 -1.7745727
-2.3680978 -2.81586
-1.5712184 -0.8290024
-0.9216225 -2.0462162
-2.6064076 -2.678047
-0.57430124 -0.9771286
-2.4167306 -2.1061814
-1.7309157 -1.2205697
-1.184495 -1.489865
-1.9291272 -1.5551038
0.41009253 -3.1068568
0.7273968 -3.9988568
-2.0329359 -2.3680608
-2.1299067 -1.7348957
-0.04165104 -1.8559633
-3.1900578 -1.8113358
-0.53110945 -1.4324826
-1.2418594 -0.7398299
-3.2678504 -1.1054575
-1.4187994 -2.4294038
-2.2978606 -0.86658156
-0.82511157 -2.7756674
-2.2184687 -3.13418
-0.33616948 -3.3130212
-0.8497466 -2.0568469
-2.1769557 -1.7669489
-0.4914741 -1.552362
-2.2060065 -1.5262643
-2.4608653 -1.9255589
-1.145102 -1.4676355
-2.0298998 -1.7559332
0.29392642 -2.2466156
-1.2263458 -1.0335838
-1.2133278 -2.976424
-1.6826643 -1.9029257
0.07584523 -1.9210353
-0.024256736 -2.3724535
-1.704827 -1.4776242
-1.9021578 -1.4180367
-2.454449 -0.7894379
-1.9055234 -0.80213606
-1.8295404 -2.5657752
0.45160192 -3.589639
-1.8015407 -1.3924747
-0.65681165 -1.8089906
-1.427714 -1.4995525
-0.614434 -0.6298121
-2.6631913 -1.3520217
-0.89657277 -1.8021322
-1.0905522 -2.6245174
-0.84431875 -1.7430322
-0.88047856 -1.8476465
-1.3821582 -1.1611432
-1.6343166 -1.7522153
-2.0846984 -1.9184761
-0.15729019 -2.9867618
-1.440792 -1.1367977
-0.9063049 -3.8089292
-0.8200291 -2.0477045
-2.237845 -1.3355767
-0.3989307 -1.3926383
-0.63543504 -2.3200622
-0.082418054 -1.2478616
-0.28644234 -0.55519676
-1.424515 -2.7359424
-2.921256 -0.28182185
-0.5842407 -1.5407287
-0.590246 -1.1844249
-2.201575 -1.9894665
-1.6711595 0.463388
-3.561285 -2.211526
-1.9632149 -2.2364223
-1.0664481 -3.527969
-0.553285 -2.9274247
-1.3513744 -3.1114602
-1.5887171 -1.3648057
-2.0900085 -1.6336869
-1.006136 -2.947783
-0.25454944 -2.1490567
-2.5110848 -1.5832107
-0.85979956 -3.3146899
-3.198237 -2.0584726
-1.6837964 -2.9683108
-0.6089569 -2.48431
-2.895853 -1.1610017
-2.0057404 -0.91939497
0.25821078 -2.4470668
-2.6808164 -1.2406362
-2.027528 -1.9314085
-1.3286433 -1.288177
-2.0946276 -1.8629559
-1.9234307 -1.7079211
-1.917006 -1.5221546
-2.0319626 -0.8156979
-3.127693 -1.0637038
-1.2145597 -0.62664825
-2.8426697 -2.411161
-1.8254036 -1.1446527
-1.3964708 -2.4178648
-2.6149542 -1.44373
-1.2251588 -1.1362406
-1.8734305 -1.9483898
-1.2855108 -2.6431954
-1.3031237 -2.1331072
0.23742022 -3.5689733
-1.2701596 -2.5515416
-1.1475682 -1.8949126
0.44014746 -1.7447526
-2.5961478 -1.0779785
-1.7402005 -2.0319276
-1.0288925 -1.508283
-1.981289 -1.9404426
0.25383973 -1.7367252
-2.6062627 -1.682653
-2.083823 -1.8849322
-0.6910275 -4.0004616
-1.2337946 -0.7834563
-2.2385154 -1.0143876
-3.1681628 -2.2795382
-0.92640543 -2.6923833
-1.7266524 -2.4113274
-2.5484626 -0.69095325
-1.6915379 -0.7936249
-0.6274609 -2.0071394
-0.9918367 -3.230878
-1.8603431 -1.5894452
-1.2559735 -1.5115026
-0.5842765 -1.8908526
-0.72564334 -3.5832615
-3.4581537 -1.4444941
-0.81025636 -2.3674836
-0.0047103465 -1.3825752
-1.9214275 -3.8870127
-0.7800123 -1.964886
-0.37274766 -0.7723614
-1.0604627 -2.1252425
-2.139196 -0.12429281
-1.0693614 -0.8665997
-2.4024599 -1.0857694
-3.447989 -3.1170957
-0.27182585 -1.2830577
-1.0493746 -2.051249
-1.3006346 -3.1983483
-2.0334508 -2.5344613
-0.44360113 -2.6943102
-1.4772816 -0.9670813
-2.3589451 -0.20394039
-3.0270665 -1.4330238
-1.1468204 -2.202532
-2.8979843 -2.3212073
-3.4871175 -1.8281944
-1.801484 -2.4036832
-1.1268209 0.13291898
-3.119247 -2.3757648
-1.005064 -0.9554863
0.72696304 -2.4276576
-3.1128032 -1.8243406
-2.087633 -0.941291
-0.76186997 -1.9745554
-2.6447923 -2.3837786
-2.25105 -1.560479
-3.1457884 -0.7784091
-2.917241 -0.80533016
-0.722969 -1.824143
-1.7915121 -2.2784193
-2.0503914 -2.377198
-2.3383465 -2.1407819
-1.5437365 -0.5723089
-2.7013984 -0.37449992
-0.7204847 -2.0666223
-1.8217037 -2.1048818
-0.7830458 -1.0945095
-1.0955677 -1.7468505
-1.1495843 -1.6590381
-0.1564794 -0.8316872
-2.8857584 -2.3567379
-1.7443765 -1.9657055
-2.1535823 -1.3264232
-3.676696 -1.9729292
-3.2013729 -1.6149781
-1.4649341 -0.058020845
-1.69098 -3.3635197
-2.520802 -1.270668
-2.676245 -1.3098158
0.95104665 -3.4330714
-2.2701652 -1.5418967
-1.0385289 -1.9176548
-2.684419 -1.4373204
-1.5912224 -0.9876642
-1.2131267 -1.0362659
-0.7237308 -1.72842
-0.24075715 -1.9204383
-2.0400047 -0.0820519
-2.4225457 -1.5184082
-3.3036792 -1.4261411
-1.4861206 -2.6774962
-2.7797365 -1.1186699
-1.3788084 -1.2664806
-2.9118986 -1.5953369
-0.6960364 -1.0364077
-2.1354275 -0.76047695
-2.0013871 -0.7143806
-1.7633903 -3.0632753
-3.063439 -2.515924
-0.59345216 -1.529716
-2.0517905 -1.9943725
-1.2396559 -1.4531811
-1.2907251 -1.5857416
-2.5342116 -0.59554565
-3.1346354 -3.4951582
-0.25080013 -3.0196912
-2.470618 -1.7349063
-3.9055612 -3.8449767
-3.1675324 -1.8550103
-1.1770967 -0.9550779
-2.2636826 -0.8174417
-1.7766715 -0.593503
0.32980758 -2.0977814
-1.644163 -2.659813
-1.9890201 -2.822698
-0.7325886 -0.8482034
-0.5914023 -0.3997454
-0.019297719 -2.9881887
-1.3606969 -1.5335792
-1.2552768 0.008924589
-2.8306313 -1.4656053
-1.4564776 -0.881214
0.3722772 -1.605179
-2.2606506 -0.9164183
-0.8907936 -2.260023
0.45442015 -0.67442983
-2.932327 -2.5626788
-0.9413028 -0.20490411
-1.0075989 -1.8769672
-1.390515 -0.98220384
0.064223245 -0.89786315
-2.6109424 -1.1940808
-2.834139 -2.0248287
7.881224e-05 -1.9653531
-0.7757086 -1.0824887
-0.5874895 -1.2034935
-0.10884197 -0.77056575
-1.7114704 -1.5313568
-0.9138527 -1.1433197
-2.4844255 -2.4104648
-2.5136359 -0.8669932
-1.2957432 -1.685412
-1.4224827 -1.0083452
-2.458414 -2.1120675
1.1537116 -1.8454757
0.06532796 -3.0601816
-2.7434485 -2.2141347
-1.5664176 -2.6390374
-2.6057487 -2.3033028
-0.77642506 -2.4924927
-0.078511894 -3.3915122
-2.9935567 -1.3082212
-3.0639 -1.430096
-1.2197456 -1.785692
-1.2144929 -1.5733658
-0.7151473 -1.118609
-0.40970546 -3.5624404
1.1512043 -2.4008408
-1.74394 -1.2652394
-2.1708093 -0.17805517
-1.864347 -0.9099138
-0.5811385 -2.7916033
-1.8110852 -0.8241863
-1.1760267 -1.2791864
-0.22440921 -1.7651584
-1.3170404 -2.4835243
-1.2119807 -1.5686721
-1.6396872 -1.1122937
-1.3402306 -3.1311126
-2.809421 -1.880453
-1.7990456 -1.243505
-2.301447 -1.2034309
-1.6262144 -2.3064816
-2.8721347 -2.427436
-2.8980858 -1.273181
-3.1599083 -0.47051018
-1.760513 -1.3406123
-2.6304228 -1.8433901
-0.9703444 -1.8151503
-2.0382848 -2.0613797
-1.9390016 -2.2284787
-0.24118602 -3.5967696
-2.8371525 -0.6730914
-2.1509953 -1.3744396
-0.7929291 -1.0500262
-2.8600507 -1.5729572
-2.0079374 -1.0708084
-1.7378963 -1.2672437
-3.3790357 -1.5909562
-1.4550374 -1.2399604
-2.019694 -0.86508703
-1.2454386 -1.8681301
-1.227549 -2.3802946
-2.1856558 -1.4522495
-2.059557 -1.3958362
-1.9724768 -0.9832916
-2.691455 -2.0514297
0.07696019 -2.0924542
-1.850356 -0.7168826
-1.6760079 -2.1207867
-0.6465979 -3.492372
-2.3519578 -1.259795
-1.8259039 -1.2852583
-0.37590665 -1.5865673
-1.4789268 -1.5078168
-2.527894 -1.7559259
-1.225638 -1.5074933
-1.774755 -3.394004
-2.0019963 -2.101589
-3.3506756 -2.1520417
-0.23693661 -2.265067
-3.0317447 -1.7514604
-3.9919848 -1.4996266
-3.37908 -1.9655429
-2.0275064 -0.7049829
-1.7701701 -1.121872
-0.25200477 -2.9292977
-2.95229 -1.3090054
-1.035583 -3.5465734
-0.8212414 -0.9171399
-3.664176 -1.1892321
0.9602305 -1.5696188
-1.7000253 -2.9722762
-1.7052013 -2.1111727
-2.1573613 -0.18320283
0.10940696 -3.4702063
-2.6785188 -1.7266288
-3.1700964 -3.103921
-1.7761225 -0.30735424
-0.7737891 -1.0141933
-2.5543275 -1.8991768
-1.8101463 -1.7143794
0.98208755 -3.3100638
0.10908197 -1.0696744
-1.1776283 -0.7933384
-1.6412048 -2.0841787
-1.7980151 -2.7781823
-2.261688 -2.5203788
-2.612466 -3.656129
-1.7856637 -1.0040858
-1.4627125 -1.4168665
-1.7891825 -0.92104816
-1.4287642 -3.0962758
-2.2899854 -1.786423
-1.172386 -1.0490783
-2.5950046 -1.6320857
-0.31940913 -2.7991774
0.06385 -3.1587164
-0.5336345 -0.27286524
-2.9820328 -0.822814
-0.91126704 -2.1160133
-0.33334517 -2.4079447
-1.2732656 -0.2138513
0.05267583 -1.0983725
-0.8117558 -2.749395
-2.0389888 -0.5815358
-2.472502 -1.6033577
-0.006732166 -2.0322762
-2.9876225 -3.906967
-2.1981988 -2.5926104
-0.49647018 -3.1833901
0.70553964 -3.1425002
0.3236928 -3.9497693
-0.91685474 -0.93256605
-1.9524283 -1.2991813
-1.0849847 -3.030475
-0.0152745545 -0.83572614
-2.249097 -1.6014055
-0.45506066 -1.0445769
-2.9414186 -1.4130502
-0.68187 -1.4548181
-1.7124237 -1.591144
-1.3785177 -0.797099
-2.1454573 -1.1420565
-1.417956 -1.9094384
-2.0117102 -1.7908614
-2.2749488 0.45457217
-0.7530147 -1.570941
-0.7562866 -1.5739828
-0.29766738 -1.1070435
-0.10904254 -2.138488
-1.7196684 -2.682754
-0.25369015 -2.4225547
-2.1615539 -0.94400084
-0.39371943 -1.0656285
-2.2375057 -2.1173844
-1.3597184 -2.2498116
-3.8436978 -4.089364
-3.4800973 -1.87829
-0.6057282 -1.4170964
-1.2545984 -2.1421196
0.48299533 -0.58904546
-1.3613007 -2.0425482
-2.0814285 -3.8114054
-1.4380896 -2.133299
-0.6261397 -0.81399095
-0.99275595 -1.073265
-3.0734768 -1.2925588
-3.1217902 -2.333316
-0.6999105 -2.5768626
0.60254955 -3.0984936
-1.3031911 -1.6819775
-2.345603 -1.3104428
-2.6452172 -0.543909
-1.0483277 -2.0371637
-0.48309463 -1.3468281
-2.0904303 -0.13218823
-2.2196486 -3.2059736
-3.1011956 -1.8170414
-1.26697 -1.5206409
-0.6417162 -0.23060514
-1.8459603 -1.4679167
-1.2652982 -2.413726
-0.8283987 -3.2639875
0.15921976 -3.1737986
0.77998763 -3.2549598
-2.778758 -1.5398294
-3.001361 -0.82365954
-1.6620972 -3.1150172
-0.97376895 -1.3061521
-2.4043512 -1.39942
-0.036952823 -1.0251385
-1.4958608 -1.4844106
-0.63756126 -1.1334829
-2.4208853 -1.2329831
-2.0673528 -0.2512461
-1.8063171 -1.1567495
-2.7640028 -1.4046332
-0.53883123 -2.8589544
-0.405524 -1.0920267
-2.658182 -0.72824407
-2.891243 -2.9512324
-1.4340787 -0.38257036
-0.9467671 -3.9549918
-1.0570917 -0.5893078
-0.009950221 -6.0126605
-0.5398316 -3.567777
-2.3386712 -2.0322664
-2.4030263 -2.6102536
-2.043632 -2.4998376
-1.0820532 -2.5179856
-2.5760863 -1.3789178
-2.8151925 -2.0855513
-2.451498 -1.8795483
-2.7125113 -1.8483157
-1.3450005 -1.1764394
-2.546092 -1.0892111
-0.40887946 -3.1889098
-1.1224284 -0.22159095
-2.5833051 -1.9851689
0.14861356 -1.5403471
-1.4662488 -0.33469534
-1.7645595 -0.7139574
1.0081902 -0.4031471
-1.8790969 -0.34972355
-1.1748735 -0.12865034
-1.6193442 -0.6305854
-1.0529622 -1.6248014
-2.3053727 -0.89927316
0.35667157 -3.442674
-2.5838506 -1.8582056
-1.8832201 -3.683814
-1.896201 -1.3966869
-0.053440124 -2.7310514
-2.7299542 -1.059939
-1.3423467 -0.9686427
-3.2803512 -1.5827993
-0.30682972 -2.3006027
-2.209593 -0.33407542
-1.9457461 -4.453239
-0.79598063 -0.77598655
-2.1680179 -1.2565664
-2.4221506 -2.294644
-2.2410662 -1.4624405
-1.5837501 -1.5236847
-0.08350873 -0.6381544
-1.5170335 -3.2124486
-0.7408881 0.23785314
-1.0896002 -1.8175457
-2.4499898 -2.913464
-2.445135 -1.4370037
-1.4214559 -0.2832184
-1.0527041 -1.1083509
-1.8138139 -0.37751734
-0.2153625 -3.082252
-0.46118164 -2.3644423
-2.1433828 -1.5094377
-0.672344 -2.4105067
-1.0390351 -1.5006336
-1.7237676 -3.232909
-0.6322682 -1.3968976
-2.2379107 -2.5140684
-3.24468 -1.8207852
-1.7716584 -1.5572245
-1.4225917 -2.7586567
-1.1218618 -2.681606
-1.2120756 -0.7422875
-1.7396212 -1.2516123
-2.278347 -1.9425775
-2.0412188 -0.91919696
-3.3108494 -1.7820728
-1.8289539 -3.455854
-0.49662328 -2.7415082
-0.5744981 -2.0148325
-2.9056742 -1.1893983
-1.7416909 -2.4826682
-1.3505892 -0.8218883
-1.2002194 -1.7234643
-1.4866396 -0.62481713
-1.625736 -2.4739308
-1.8481292 -2.0830586
-0.07145625 -3.043364
-2.5573554 -2.3733296
-0.82786995 -1.423615
-0.18782873 -0.8544973
-1.802977 -1.9018064
-0.9075129 -2.3817267
-2.2169883 -0.5414121
0.109367445 -1.8400114
-1.2922322 -2.3633041
-0.56035846 -1.5378175
-1.0822428 -0.6222175
-1.2183946 -2.0514374
-2.642799 -1.9314097
-1.8336766 -2.6148412
-0.8320676 -2.991489
-1.0547609 -1.9093965
-0.52331805 -1.1789174
-0.5430383 -4.1939297
-0.3527882 -1.7488538
-1.8500872 -0.88031447
-2.7333844 -2.1301398
-0.67627 -1.3441209
-2.1534276 -1.6202133
-1.9092283 -1.3457735
-2.209325 -2.588501
-2.7414072 -2.4577987
-0.67631453 -0.3981821
-3.218579 -2.3053033
-0.06743257 -3.581775
-1.7385957 -0.8983563
-0.07748516 -1.6912317
-1.929027 -0.73328805
-2.0772882 -0.6040059
-2.4637327 -0.778952
-2.4606106 -1.4861351
-1.4511684 -0.111261114
-1.9590741 -1.1898732
-1.7849191 -0.4102794
-1.1082566 0.97083175
-2.9646769 -1.3780242
-2.2872958 -0.35777515
0.5457409 -0.18517248
-2.4410372 -2.7062604
-0.9121562 -0.9986888
-1.6560025 -1.4430431
-0.39833584 -1.9341196
-1.2016304 -1.2204502
-1.590454 -2.3206224
-2.893868 -1.5182449
-2.2939763 -1.2231082
-2.0537 -1.7680924
-2.8597777 -0.8555956
-1.6582495 -1.0713825
-0.7458872 -0.9007461
-1.4099696 -2.179273
-3.0850687 -0.52343696
-2.3335333 -1.5784017
-0.573829 -1.8843567
-3.2498512 -1.1184444
-3.4290478 -2.0587096
-1.1183828 -0.2780695
-1.7903287 -0.78567433
-1.9750518 -1.028035
-1.9024954 0.036586434
-1.7683177 -1.0466418
-1.9425168 -1.8809137
-3.395353 -0.9053812
-2.0211768 -0.7220086
-2.0115979 -0.54105604
-0.81546587 -1.1709968
-2.8760018 -1.6993343
-0.27882215 -0.42384064
-0.46118718 -1.0594306
-1.8160795 -1.6806475
-1.507544 -1.5978886
-0.76610285 -2.2296042
-2.7142205 -1.0490825
-0.59783286 -1.9303372
-1.4226643 -0.708536
-1.2805386 -1.2363378
-1.8704318 -1.4773313
0.48048913 -2.6741598
-1.4984322 -2.8266757
-1.1434052 -1.6013945
0.01588048 -2.4142678
-0.37607795 -2.4993925
-0.36482847 -1.7143195
-2.1178334 -1.728966
-1.3477881 -1.7181234
-1.8161191 -2.3771994
0.11578153 -3.1815815
-2.4578912 -1.1169003
-2.0020986 -2.246978
-1.2625129 -3.1842184
-1.0861684 -0.09638147
-2.8019361 -1.0492653
-2.1092796 -0.5961393
-1.1161294 -2.1781576
-2.8372405 -1.3581234
-3.657649 -0.9165001
-1.4094632 -1.670037
-1.8383311 -1.220634
-0.37360764 -2.811567
-2.0596676 -1.5474323
-2.7100103 -2.5712717
-1.050226 -1.4769131
-0.8215932 -1.6246243
-1.8977044 -0.41253936
-2.8087676 -2.131908
-0.48370504 -2.3756914
-0.29786044 -0.8741975
-0.39862728 -1.0872859
-0.43297935 -4.615799
-1.9409647 -2.8246994
-3.7146933 -2.0824974
-0.15223593 -0.9897188
-0.30312738 -1.602171
-1.960806 -1.313009
0.31166083 -3.9261317
-0.025363162 -2.7295084
-1.7692271 -1.761267
-1.4278518 -1.0664871
0.256653 -0.3072359
-1.0388738 -2.2796266
-0.3438389 -1.9569832
-1.6812105 -1.1583415
-1.4978861 -2.208523
-2.104611 -2.8899806
-1.002713 -3.2508461
-1.291608 -2.978142
-1.4795353 -1.6921666
0.832964 -0.90322304
-1.5944222 -1.4678794
-1.7392495 -2.0364969
-2.1338685 -1.8637214
-1.9294308 -2.0969555
-1.1009028 -1.0256575
-2.9730206 -1.494524
-3.2817187 -1.1574773
-2.1738424 -1.7255322
-1.4713187 -0.76593876
-0.7663538 -3.8288467
-0.2079014 -2.3802254
-2.0530727 -1.4100859
0.070000425 -3.2120748
-1.7138617 -2.8451009
-1.1423582 -3.138409
-1.3782138 -1.0435523
-2.0818856 -1.2256334
-1.8222979 -1.7776846
-1.867981 -1.0599272
-1.9207764 -2.2740583
-0.62768614 -0.501161
-2.720204 -1.5659434
-1.0139629 -2.206796
-0.97339493 -2.4097097
-1.6098986 -2.0000973
-2.7280848 -1.5778933
-0.84937817 -2.225609
-2.2518227 -1.3231719
-1.914466 -0.9028251
-0.39150015 -2.055087
-2.2128155 -1.0831649
-1.692151 -2.0101483
-2.7637951 -1.2259203
-3.378637 -1.1800765
-0.647147 -1.9597269
-0.4134888 -0.2112274
-1.2167119 -1.819111
-3.313507 -1.3625393
-1.0328872 -1.4055734
-0.887358 -1.280924
-0.7457396 -0.15782276
0.28280997 -3.636668
-1.5331105 -1.2855549
-2.177978 -1.2651787
-2.1427674 -1.9335521
-0.45452264 0.08202717
-2.9274127 -1.1992729
-1.721271 -1.7784711
-1.1296797 -1.5221626
-1.1853948 -2.6318944
-2.8550353 -0.83801997
-0.43614906 -2.9891865
-0.26568702 -2.569206
-2.2490344 -2.4540808
-1.0804124 -0.89244604
-2.0688684 -1.9425011
-0.26100177 -2.0191243
-3.0626912 -0.8712075
-2.0654185 -0.3471563
-1.3612098 -1.6212279
-0.6849078 -1.4496464
-2.5935898 -2.7907984
-1.1467248 -2.551521
-2.0693262 -0.6858443
-1.8805268 -2.149608
-1.1472576 -3.3821783
-1.9562182 -0.98395514
-3.392515 -2.6438143
-1.2110474 -2.2938561
-0.39906406 -3.304763
0.78267366 -3.634601
-2.0860906 -0.31896973
-2.42369 -0.818972
-2.7017772 -1.888753
-2.3783872 -2.6142247
-2.4003701 -1.2982337
-2.1991255 -0.77213216
-3.320553 -2.3551126
-1.2425337 -1.5694541
-1.3297688 -1.1573528
-2.2446647 -1.8535691
-0.3174728 -4.1063766
-2.032085 -0.76739633
-0.65417004 -1.2504934
-1.7961313 -0.87197685
-2.9925132 -2.0896542
-0.620092 -1.6321299
-2.2592251 -1.7658743
-2.6178641 -1.8814247
-2.0226543 -1.8428968
-2.0044937 -1.650735
-1.6714022 -1.3457985
-0.9353179 -1.3662003
-2.604743 -0.49911776
0.5047291 -3.2326252
-0.67007923 -1.7431657
-2.0720456 -1.2227148
-0.3127047 -3.6889806
-2.3225503 -0.888163
-0.48067573 -3.70572
-2.9980059 -3.7531698
-0.3225079 -5.1663623
-1.0514038 -2.0032303
-1.323807 -0.7199817
-1.6928445 -2.7545402
-2.04072 -2.8252482
-2.8728497 -0.2572488
-2.4841318 -1.2201575
-1.8526806 -1.989354
-1.4629898 -1.236705
-0.2506406 -1.1829076
-2.2058527 -1.4998987
-1.998852 -1.5565804
-0.48177183 -3.5091908
-0.5187379 -2.6655076
-1.9854156 -2.6227584
-1.3305541 -1.4489157
-1.4001768 -1.0042447
-1.9406333 -0.8547652
-1.896657 -1.5566785
-2.2198792 -1.8538201
-0.64615107 -2.2832685
-3.2531958 -1.2732671
-0.7117389 -2.2809703
-2.659415 -1.651711
0.027658448 -2.2089748
-3.1197646 -1.965589
-0.32669657 -1.7566437
-3.0874307 -1.2613549
-2.036127 -0.4371752
-1.4798723 -0.8026614
-0.69994235 -3.2397285
-0.82039905 -2.756879
-2.6654708 -2.2799542
-2.1665378 -2.3209164
-2.5937653 -1.2344754
-1.6495557 -0.9185879
-2.464206 -1.7622734
-0.45809853 -2.8335667
-1.1249522 -1.0354656
-1.5918092 -3.142383
-2.145491 -1.3440394
-0.3497854 -0.5723363
-0.08567442 -1.8597729
-2.16973 -0.57676387
-1.8520882 -1.6723567
-1.4319693 -1.5305192
-0.02792491 -1.4341352
-2.6143012 -1.6167113
-2.42112 -0.58293456
-1.6154236 -2.7261167
-1.5375113 -1.8576362
-2.6393676 -2.3363223
-3.1352713 -0.8936918
-0.15536198 -0.53927696
-1.7277554 -2.2572105
-0.2892793 -2.8729923
-0.61424345 -1.1299154
-1.8127763 -1.1099255
0.583282 -0.5952559
-2.6775498 -3.3629982
-2.3917525 -1.7799337
-1.1780555 -1.8263885
-2.1814897 -1.0749792
-2.1184382 -1.3845081
-2.651167 -1.8520123
-0.41005674 -1.7017547
-0.5378091 -1.403423
-1.9847028 -1.8356793
-1.1817521 -0.4906181
-1.2184852 -3.9268525
-1.0490093 -0.5688553
-2.6082518 -1.4990886
-1.089163 -1.570063
-1.6646223 -1.1927934
-1.0030133 -2.490548
-2.1983144 -0.7733171
-2.4728713 -3.1505468
-1.2597264 -2.6603584
-2.3087766 -1.2094816
-0.5770517 -2.6174312
-1.6471469 -2.4481592
-1.6338451 -1.7351363
-1.7604316 -2.156917
-1.4294848 -1.0465536
-0.6312788 -1.3534063
-1.076829 -1.2667981
-2.1307847 -0.17236029
-3.2691622 -1.9120966
-1.6168752 -2.3322942
-1.6995845 -1.0748231
-1.0106127 -1.6473402
-1.224633 -2.7123847
-1.013821 -0.8528719
-2.0601823 -0.4380967
-0.97161037 -2.4240706
-1.267751 -1.5306967
-1.2626865 -3.7836173
-3.494626 -2.9002154
-0.8302507 -2.8311348
-0.47330183 -4.2582273
-1.4508423 -2.362859
-1.571697 -1.1205009
-0.6532035 -3.3845417
-3.602297 -2.12981
-3.2664032 -1.5036756
-0.8452605 -0.89268935
-2.3530004 -1.8325045
-1.2151328 -3.1198242
-2.738878 -2.229911
-3.3129864 -3.0846448
-2.8553226 -1.765282
-0.9518242 -3.3283265
0.11483903 -2.6717122
-2.3568182 -1.0075101
-3.0104802 -1.0756441
-1.4062443 -1.2793584
-2.444723 -0.55561584
-1.9975913 -1.8650024
-0.9024035 -1.6628352
-1.196874 -0.39101425
-1.5795753 -1.5187849
-2.025242 -1.2768372
-1.5885129 -1.6588473
-0.5948585 -1.019611
-3.1652408 -2.2511892
-1.0779955 -1.9571855
-2.49248 -2.3975925
-0.0787141 -1.560594
0.44044632 -2.5926974
-2.3688858 -1.4590964
-0.2158758 -0.91008294
-0.6705743 -2.828357
-2.2592618 -2.3789735
-1.3605311 -2.1095893
-2.9650447 -1.684609
-1.3143724 -2.401709
0.27556807 -1.5107743
-1.0138531 -1.5647466
-1.6013787 -1.758321
-1.8597132 -1.1863893
-1.8020912 0.047254473
-1.5380472 -1.9936881
-2.2268417 -0.8390361
-2.9941475 -1.4617622
-2.1926246 -1.3368979
-2.9938912 -0.62279457
-0.74144685 -1.7171372
-2.887119 -2.2445884
0.24963059 -1.6995974
-2.0531635 -1.089798
-0.78477347 -0.5951593
-3.0759952 -0.7436787
-0.8684252 -2.3654177
-2.5561774 -1.300163
-2.4191039 -0.80489707
-1.7833093 -1.0412195
-2.7408895 -1.5194339
-1.6008891 -2.4120626
-2.7838302 -1.6320161
-2.3814564 -0.57132065
0.7661843 -3.2129872
-2.66594 -1.8593059
-1.8620704 -1.4912217
-1.7632064 -1.7411597
-1.7045444 -1.3570545
-2.321053 -1.9525567
-1.0203494 -2.6710243
-1.1127511 -0.37198448
-2.0212786 -1.8763407
-1.4565665 -1.4997419
-1.1516904 -0.45336664
-1.5285895 -0.5031493
-0.8468774 -2.291382
-2.40507 -1.1952901
-2.0321727 -1.7805607
-2.0938997 -1.3421211
-0.6003983 -0.065538034
-3.6759322 -1.6432502
-0.62300813 -1.6551191
-0.5837678 -2.9511771
-0.5732238 -1.3094426
-1.8318567 -2.2687576
-2.3456535 -1.6491102
0.78644973 -1.9700711
-2.3930168 -2.32714
0.47238916 1.1590577
-2.3057303 -1.3195451
-1.7765379 -1.2256497
-0.8548761 -2.5695353
-1.502679 -1.1759436
-1.9828092 -2.0443337
-3.020803 -0.79271984
-1.7609587 -0.8667891
-3.0082972 -1.8131964
-2.2377307 -1.6377965
-2.006231 -1.114588
-1.6775582 -1.7408364
-1.933757 -2.272806
-2.4831877 -2.463484
-0.85744685 -0.49009016
-2.084537 -0.64110243
-1.9551365 -2.3101394
-4.1143723 -2.5402234
-1.9215167 -1.7515485
-1.5438945 -1.9747244
-0.94587994 -0.8775699
-2.2605531 -0.16154295
-1.8785295 -2.171584
-2.9986575 -1.7662511
-2.0233107 -2.110952
-2.2813728 -1.617448
-0.8958164 -3.4436946
-2.6870406 -1.4853536
-1.3651694 -3.6225746
-2.7584412 0.14547661
-2.3717043 -0.8883456
-2.6257992 -0.76623833
-1.5859566 -0.6207979
-2.3915892 -1.6337743
-1.6992155 -1.7676238
-1.8513641 -2.4484894
-2.8184967 -2.645442
-1.2893096 -2.0136197
-0.67409724 -2.5380375
-0.8082425 -1.0130647
-3.0041564 -1.253755
-1.2010567 -1.3775418
-2.630867 -0.86077976
0.0008673221 -2.2077444
-1.4781697 -1.2156751
-1.5031722 -2.3025668
0.18593456 -2.593432
-1.1288202 -1.7771093
-1.9100558 -2.986866
-2.2255228 -2.4684234
-0.67678565 -1.4008441
-0.9666796 -1.1406238
-0.3392107 -3.2606378
-1.8867155 -1.8083414
-3.3660762 -1.9959881
-0.9097128 0.1825119
-1.2163054 -1.1472309
-1.6405435 -2.3628259
-0.7159535 -1.3771439
-1.9746654 -2.132997
-0.97508746 -3.2210445
-3.5916345 -2.4550245
-1.2526212 -1.8778821
-2.4702346 -1.3352997
-2.90087 -2.0369925
-0.50367457 -1.1949159
-1.5908498 -1.7796019
-1.0672283 -0.8609438
-2.7014036 -0.93875194
-0.88699317 -2.2387986
-1.5593753 -1.0282402
-2.087249 -1.6312982
-2.8408496 -0.29156524
-1.6209688 -3.5839565
-1.5950572 -1.0982108
-0.8876398 -2.864214
-0.8644238 -1.48984
-2.1026595 -0.5573742
-2.783816 -0.7940228
-3.6270068 -1.5086522
-1.6942766 -1.3123188
-1.8899102 -2.2953706
-1.0737691 -1.8302041
-2.5328639 -0.2886892
-1.010709 -3.3680015
-1.4776791 -2.2275267
-1.8401088 -0.940904
-1.0891035 -1.0037913
-1.7764499 -0.08222987
-2.0057764 -1.2839022
-2.2999108 -0.70475817
-0.7690477 -3.3338544
-1.7283369 -1.8283868
-1.8536475 -1.103608
-3.1723065 -1.538394
-1.0327889 -1.1779374
-0.42120412 -3.0590093
-1.4413978 -2.418116
-2.5173957 -1.6943775
-1.728479 -2.7762065
-1.5973729 -1.9245728
-2.5644472 -1.4867345
-1.2463207 -0.3797207
-2.118162 -1.6227298
-2.1539638 -0.6417905
-0.4213106 -3.1742854
-2.0555978 0.12366763
0.44626766 -0.7030231
-2.4164999 -1.8680773
-1.9274076 -0.71109927
-2.1708024 -1.438439
-0.47564495 -1.8500061
-1.8078403 -1.8673549
-1.6119012 -1.122411
-1.6836632 -2.4768655
-2.602991 -1.7203774
-0.8090885 -0.66909385
-1.6039602 -1.5682681
-1.9772768 -1.1214789
-1.4498191 -1.994278
-2.1390913 -1.9228363
-0.7817692 -1.0046391
-1.3961958 -0.5190715
-2.1614203 -0.88491094
-1.064006 -2.6524034
-0.42733005 -2.535447
-2.967184 -1.9346076
-2.4236164 -1.0755261
-1.8747168 -1.4969733
-2.6986866 -1.8656268
-0.24977855 -2.18
-1.9292825 -0.92737377
-1.4858774 -1.6965688
-1.2778542 -2.3467352
-0.6671595 -2.2950027
-1.1995142 -3.1750572
-3.2382393 -1.253379
-0.63066304 -0.46239096
-2.4855664 -1.2100592
-1.1819103 -1.9869224
-1.1265217 -1.3719854
-0.29553476 -2.9324372
-0.23842305 -0.5768535
-2.9469616 -1.6937209
-2.0389426 -1.7702948
-3.6595745 -1.7687091
-2.6375382 -1.1892524
-1.4202524 -0.08346328
-0.78594697 -3.7580822
-1.1484969 -2.5455472
-1.2942502 -1.4778026
-1.4149631 0.102328956
-1.3637604 -1.6872015
-1.6679665 -1.1293242
-1.2524881 -1.3151734
-2.3238754 -0.35419363
-2.2852373 -1.2134156
-0.7677762 -1.2406808
-2.174277 -2.8614128
-1.4615396 -0.94664073
-2.5541604 -1.089095
-1.5220026 -2.1396463
-1.5783798 -2.464919
-1.4549537 -0.9675454
-1.2389319 -1.0453829
-0.588132 -1.0074393
-1.4137571 -1.6049894
-0.74518615 -1.5152344
-2.5860262 -2.4348001
-1.730841 0.5518819
-1.8390839 -3.4295115
-2.5049117 -0.8989917
-2.7661958 -0.8837589
-2.1885123 -1.5085516
-0.6862241 -1.9072354
-3.252277 -2.2482796
-2.7142231 -1.338146
-0.5436549 -2.0257685
-2.336431 -1.2471454
-3.2615156 -1.7579466
-3.098417 -1.7959934
-0.50421494 -0.76427126
-2.9971678 -2.7879164
-1.0609708 -2.136753
-1.470266 -1.8034322
-2.4433496 -0.9842223
-2.6629512 -1.0947073
-0.6572264 -3.655203
-2.58123 -1.5359766
-2.5835505 -1.9283007
-0.15010357 -2.755195
-2.712854 -1.485844
-1.6680113 -1.1458497
-2.2761137 -1.9816505
-0.39415365 -1.2276902
-0.77288485 -1.633521
-3.4081855 -1.879995
-2.1178408 -1.5578539
-1.3830615 -1.645947
-2.0655923 -1.3225813
-1.6133623 -1.6141797
-1.9791213 -1.8901566
-1.7393422 -1.6171693
-1.718421 -1.974249
-0.0017978549 -1.4446703
-2.5941815 -0.32778895
-2.1179218 -0.20177883
-2.7703607 -2.2031977
-0.76971394 -0.4375612
0.15388085 -2.1856217
0.3635196 -1.5570307
-2.5680015 -1.6694144
-1.9791726 -0.8445265
-0.687572 -0.24806993
-1.4773235 -2.0382166
-0.5199901 -1.6973671
-0.67500794 -1.4264818
-2.8261716 -1.153003
-2.8833916 -1.4706727
-0.80120724 -3.6940088
-0.50252426 -1.3959913
-2.1649206 -1.4057473
-1.9466803 -1.0207642
-1.9640955 -0.87766147
-1.2691292 -2.1704535
-1.7387393 -1.05199
-1.1812456 -1.2193698
-1.6540068 -1.5667431
-1.6272945 -1.3791761
0.35913527 -2.2228234
-1.7817633 -3.0823836
-0.913417 -1.8111346
-0.6297975 -1.2336515
-1.9173847 -0.72200376
-2.450282 -1.7219619
0.71727824 -2.015083
-1.2007921 -2.6272483
-2.846049 -2.1288507
-0.6114169 -3.9126582
0.2792464 -2.600195
-2.0183024 -1.9011266
-2.7399704 -0.6182793
-1.8742898 -0.93056417
-3.6075156 -2.0349886
-2.1686146 -2.2982721
-1.143472 -1.7965678
-3.200055 -2.7449017
-0.984972 -1.6465267
-2.7372696 -2.2409067
-2.2429123 -1.3612442
-0.6142736 -2.6117065
-2.0107286 -3.0744555
-1.6942106 -2.2168324
-2.090021 -0.5862508
-1.4663831 -1.4493215
-0.9495811 -0.47054577
-1.5945206 -0.7963823
-2.0314114 -2.0342178
-1.5918654 -1.4830985
-0.61145556 -0.61468065
-0.39157742 -2.3668225
-0.6980456 -3.1064215
-1.7596796 -0.82966447
-2.7424698 -1.1225961
-1.5524316 -0.6543956
-0.037925437 -0.7463827
-0.48449677 -2.70966
-1.8948442 -2.1338556
-1.3746234 -2.4710793
0.35983753 -2.5592647
0.12183194 -2.7659967
-1.1780661 -1.1477044
-2.241628 -1.6762245
-2.5450606 -1.6568443
-1.6065189 -1.7160078
-3.0188305 -2.2983038
-0.9974786 -1.5901549
-0.8703888 -1.5378649
-0.3039104 -0.8002536
-1.3597616 -0.6295439
-2.05194 -2.508877
-1.8699236 -1.3364832
-0.33643538 -4.027669
-1.678701 -1.2389413
-1.5298183 -1.2418195
-0.14050779 -1.5114045
-0.6558157 -1.7920284
-1.6165376 -2.221838
-2.3733895 -1.9430182
-1.7464572 -1.2896923
-0.24204037 -3.2013216
-1.7857037 -3.3824341
-0.3176172 -2.0226312
0.1120231 -2.6445496
-2.0223677 -2.077275
-2.5372958 -1.0134567
-1.6556158 -1.5199608
-1.8022027 -2.454509
-2.8221354 -1.1925435
-2.6402287 -0.74352014
1.0242947 -2.8904166
-3.4013994 -1.5892597
-2.4202397 -2.7581625
-1.6940917 -2.6501753
-1.7643746 -2.2544281
-1.1562387 -0.8579575
-1.4043543 -0.92187893
-1.0237896 -0.77995944
-2.9901848 -2.3535128
-1.7193191 -2.6302302
-1.8831449 -1.8920676
-0.8192316 -2.3595505
-2.2316182 -1.5749158
-1.9381562 -1.2245169
-3.1444104 -1.5140233
-1.0313 -2.1011012
-1.2715615 -1.8196096
-1.8077091 -2.317451
-1.6993973 -1.1957544
-2.7427995 -0.46721792
-2.709035 -3.0492554
-3.0460002 -1.1432848
-2.5357468 -1.60879
0.048533186 -3.8726125
-1.2898072 -2.2062194
0.07176633 -2.5761378
-1.4046185 -3.0357509
-0.777596 -2.1208699
-1.9652073 -1.2941569
-0.47235152 -1.182176
-2.9233103 -2.4528391
-1.9651678 -1.6180323
0.69759536 -2.408018
-2.682644 -2.0073001
-1.5522859 -3.8899956
-1.2388506 -1.0915041
0.11648701 -2.972158
-1.5319061 -1.733663
-0.7323375 -0.58505666
-0.8785794 -1.9966735
-0.8306096 -3.5890758
-1.0004474 -1.2142596
-2.249662 -1.4439368
-0.771796 -3.1463213
-2.389245 -1.1280009
-0.80799824 -1.7566626
-0.4291333 -1.8839256
-2.1218276 0.011094958
-2.686405 -1.3413019
-1.3022608 -2.5837934
-2.198047 -2.2427769
-2.671317 -3.4332464
-1.4644824 -2.7169619
-0.6414365 -2.903155
-1.9729918 -2.0901434
-1.6230792 -0.48007601
-2.3070023 -1.847081
-0.14894834 -3.0670907
-2.651067 -0.5693868
-2.4599106 -1.0325832
-2.3311446 -1.3335316
-2.3316245 -2.0099845
-2.3610952 -1.3202314
-3.2230158 -1.0905908
-0.2688412 -2.4813144
0.0073120445 -2.9362898
-3.1083279 -1.0119019
-0.588386 -1.6736171
-3.6143448 -2.3693
-1.4412929 -1.1499772
-1.7654425 -2.2699864
0.6745909 -1.59463
-0.5364291 -0.2733196
-1.7519572 -2.372873
-2.528071 -0.9840956
-1.1074638 -1.712719
-2.5726104 -1.1363258
-1.1082871 -2.0833116
-2.0570352 -1.1996256
-1.2918423 -2.3658748
-1.8133101 -3.10861
-3.706967 -1.3251741
-1.2844601 -1.2452286
-2.1487055 -2.226867
-1.3050573 -0.88252413
-1.0184776 -1.5123347
-1.4015987 -1.9151529
-1.5224756 0.40228167
-0.773377 -2.419145
-2.9576557 -2.599488
-1.806512 -0.44215643
-1.3486316 -2.406476
-1.1854249 -1.6876118
-2.4536269 -0.5291711
-1.5462742 -3.4758403
-1.2909789 -0.7530422
-3.0940132 -0.7451092
0.46075463 -2.2811437
-2.8093143 -0.75179553
-1.9910389 -1.2705994
-0.8591999 -1.8002199
0.04357715 -3.9230642
-2.440315 -0.94918203
0.097035006 -0.8508302
-0.6603404 -1.4867213
-2.2254126 -0.61522794
-1.547201 -1.893469
-1.7767075 -1.5852355
-0.34243852 -1.6497413
0.055147693 -0.2621973
-1.6756221 -0.9701003
-0.3073802 -1.4978464
0.011014506 -1.5422697
-2.2444775 -1.3009598
-1.2725883 -1.9433472
-1.4262993 -2.8365428
-1.6365182 -2.474593
-0.6056186 -2.0009925
-1.2387019 -1.5569437
-3.4023423 -1.972109
-3.2349005 -1.7667193
-3.264293 -1.7591063
0.65942097 -3.295266
-1.1514184 -1.3473432
-2.5329099 -1.7013229
-0.19391593 -0.77547455
-1.5438727 -2.1715996
-2.3796833 -0.9635289
-0.88685066 -2.5409899
-0.57651514 -3.5709817
-1.5146317 -2.0183206
-0.5893067 -2.2489474
-1.256001 -0.6786298
-2.2367814 -0.42302716
-1.4308394 -0.78187346
0.9234349 -1.9728745
-1.0936927 -2.2766335
-1.5152881 -1.1216002
-2.2957737 -1.3602673
-1.9558775 -0.6091875
0.19255288 -1.311263
-0.41270208 -1.3730943
-0.20894812 -0.20774668
-1.6643671 -2.341736
0.027164772 -1.8178377
-0.80912435 -1.4047137
-1.6787661 -2.796193
-3.2901661 -0.9331082
0.6281258 -2.1543314
-2.386817 -1.3829223
-1.3084054 -0.37162468
-2.3451047 -1.0267984
-0.3402316 -2.6449242
-1.6663404 -2.485237
-0.16823687 -3.5564213
-1.9790356 -0.87448585
-1.7195961 -0.4361923
-3.2153778 -2.1643856
-4.0945277 -2.141514
-1.9938066 -1.3294058
-1.2451134 -2.010461
-1.7654458 -1.5927294
-1.0576216 -2.0022337
-1.2000717 -2.734905
-1.3407415 -3.0123541
-0.4091286 -1.9679382
0.03736736 -3.834355
-1.6308266 -1.2281185
-0.42644975 -2.5907893
-1.8083652 -1.2785066
-0.73500264 -1.8440019
-1.4516973 -0.674855
-1.7592391 -2.814616
-2.0621853 -1.2692891
-2.1849291 -1.2584347
-1.6989559 -1.7569534
-2.3838022 -2.5776083
-1.0068756 -1.783858
-3.3141131 -0.6936905
-3.677112 -3.2703302
-1.5827366 -1.0207734
-1.0586988 -2.4349842
-2.4174016 -1.2405705
-1.6792101 -0.5236143
0.029948339 -0.954576
-1.5166551 -1.5861458
-1.0009662 -3.1879184
-0.38363814 -1.4134414
-1.9350228 -1.2382756
0.81833416 -1.2347921
-0.9026802 -2.6394117
-0.4160804 -2.3766382
-0.6148003 -2.998175
-3.042605 -2.3036902
-1.6789801 -2.1171985
-1.3587793 -1.246597
-2.093075 -2.724582
-1.6990782 -1.7584914
-2.8280349 -1.8317258
-0.04979703 -2.544672
-0.72808486 -1.8656702
-0.8677054 -1.731558
-1.3673995 -0.2973744
-2.7726383 -1.1458627
-2.4662766 -1.2287898
-1.8464795 -2.4503078
-1.3564428 -1.7245753
-1.3957906 -1.9027002
-0.9087566 -0.6738968
-1.621257 -1.2004163
-1.8317096 -1.3085471
-1.1370656 -2.698358
-0.7213513 -2.9544067
-3.4901876 -1.1139495
-1.1395453 -0.57598144
-0.3959232 -1.93955
-0.951994 -0.91051173
-2.1177335 -2.2316375
-0.7120249 -0.6485567
