-2.9810903 -1.7385204
-0.1348849 -2.1302352
-2.0265415 -1.4120214
-2.2377725 -1.2651856
-1.1186264 -1.8249834
-2.6185668 -2.524292
-2.0046968 -2.8041604
-1.4900187 -1.9314117
-2.1897333 -1.9911771
-1.0389764 -2.8967867
-0.49019474 -2.0767272
-2.956363 -1.2394922
-1.3298995 -3.0062907
-1.6347703 -2.8286724
-3.0378006 -1.7161374
-2.8104799 -1.6111686
-2.2922425 -1.7367353
-0.72655743 -3.6754363
-2.5731463 -1.7268038
-0.996068 -1.8989236
-1.3066075 -3.057933
-2.796481 -2.2169843
-1.2792388 -2.8874445
-0.7330204 -3.3315918
-3.4013128 -2.6034198
-1.4188904 -2.4391606
-2.9078245 -1.8816392
-1.5770501 -1.5144634
-3.0319607 -1.0437083
-2.5331302 -2.8278062
-3.3099394 -2.1747522
-1.9192821 -2.1274438
-0.2638615 -4.737041
-2.0721726 -0.8616408
-1.9544302 -1.2083268
-1.3934594 -1.3300865
-1.9002154 -4.971228
-3.727463 -1.9503474
-3.2395284 -2.9528587
-3.630387 -1.7352014
-3.1354558 -1.3545797
-0.66272837 -1.5522609
-1.446559 -1.044438
-3.138312 -2.7766771
-2.7176056 -1.1972047
-2.9942296 -1.9563906
-2.7699592 -1.0478066
-2.6064956 -3.0064173
-2.9374897 -1.255589
-2.6371455 -2.4008493
-2.188721 -1.8505342
-2.1864161 -2.3242927
-0.9831919 -2.9322083
-1.1705035 -2.304859
-2.1390612 -1.4487236
-1.7243675 -3.8961787
-0.93052316 -2.4865942
-3.2666662 -2.2027354
-3.0430434 -1.5445995
-2.276521 -1.4001532
-3.3445647 -1.6319103
-3.3877978 -2.109187
-2.510215 -2.7776637
-3.6243315 -2.0858548
-1.4205804 -1.8851745
-2.1601596 -1.3769643
-1.4366099 -3.2949235
-2.7636242 -1.7558732
-1.7624955 -1.3794138
-0.11238225 -4.0211663
-1.8374313 -1.2509737
-1.8129516 -4.0519776
-1.7703711 -3.1591938
-3.1633184 -2.173882
-2.7774277 -2.1161206
-2.6278045 -1.8194268
-1.6842252 -2.6493325
-2.393402 -3.4195604
-1.3497918 -1.5881023
-2.2308178 -1.386759
-1.2989253 -1.94679
-2.8967571 -1.6078959
-0.41340572 -3.870942
-2.3849647 -2.251534
-2.1733727 -1.8143265
-1.8104664 -1.7320478
-1.6325828 -1.7743332
-3.5746498 -0.91199267
-3.1246524 -2.3357024
-0.81073725 -3.1293178
-1.978206 -2.2128904
-0.6921754 -2.3124087
-1.349279 -1.692024
-1.7674086 -2.5834975
-2.3654711 -2.7537851
-3.770305 -2.9621565
-1.4320794 -3.7228894
-3.5377746 -2.5424197
-1.4825023 -1.2745266
-3.046683 -1.7033908
-1.9957222 -2.55098
-3.2915041 -1.8344371
-3.0589738 -0.8581205
-2.4251506 -1.8612628
-3.1943133 -1.1249192
-3.3484762 -4.0696516
-3.1434588 -1.6686094
-1.0448912 -1.8802698
-0.5375675 -1.8600206
-2.286638 -1.2828176
-2.7437668 -2.6451414
-1.840254 -1.8890164
-1.4029163 -2.7082975
-3.5424483 -1.5030239
-3.1022973 -2.122091
-1.9617271 -2.518367
-2.341794 -2.279661
-2.8451018 -2.107042
-1.4897482 -2.4132595
-1.813461 -3.285984
-2.5157487 -1.7059696
-0.17713574 -1.8362036
-3.2692537 -1.8928142
-1.6530954 -1.5693607
-0.30560058 -1.9114456
-1.9574516 -1.7452428
-0.38406673 -1.2063413
-3.0831695 -2.7401009
-1.2508882 -2.2369382
-1.4511906 -2.0340712
-1.5459223 -1.2774091
-1.0572836 -3.149184
-2.9564033 -1.0022714
-1.4145616 -3.1761785
-2.5245724 -1.7403529
-1.3575205 -2.7520974
-2.119642 -3.5674195
-3.6119883 -2.392508
-1.9738957 -1.9300449
-1.5738844 -2.6089952
-1.1871092 -1.4411695
-2.483693 -2.288845
-2.5069041 -2.2212324
-2.0977764 -0.8254529
-1.1436048 -1.6412227
-1.2952827 -3.432944
-2.8821766 -4.285845
-1.7613723 -2.897746
-1.7494662 -2.9162867
-1.5881721 -2.7047396
-2.5332308 -1.1498916
-1.1898928 -1.9923062
-2.5695817 -1.4119284
-1.2182307 -0.9613374
-1.5183331 -2.1732209
-1.6865852 -2.5270598
-1.3027418 -1.3376274
-2.9796157 -0.9403087
-3.0516045 -0.9482481
-2.5279348 -1.592252
-0.5179478 -4.115321
-3.218453 -1.9193714
-1.5801105 -2.4195683
-2.8415668 -3.1495607
-3.3108387 -2.0830617
-0.32680598 -2.288343
-3.2030072 -2.3541048
-4.10725 -1.7548325
-0.414027 -1.725899
0.40345109 -3.015841
-2.420909 -1.8241098
-2.026402 -2.4856353
-1.2086613 -1.2393005
-1.7732215 -2.4630802
-2.8773687 -1.1558008
-3.190706 -2.0038571
-1.3774408 -2.4767184
-3.1289117 -1.053412
-2.1711454 -2.7563453
-2.1814165 -0.8509164
-2.0133832 -1.5631914
-2.2397628 -1.7930107
-2.9812973 -2.8130596
-0.56938136 -1.3916545
-1.1942631 -2.9211326
-3.2919085 -2.1495743
-2.072502 -1.3818641
-2.9928217 -3.0496268
-2.4178987 -2.5501657
-1.561504 -2.3664212
-2.233087 -3.1776347
-2.4178033 -2.446011
-2.9403234 -2.9132802
-3.1532393 -1.6248889
-2.3926387 -1.9626386
-2.6602073 -1.6579075
-3.7980247 -2.4659214
-3.0895936 -1.7820444
-0.91613 -4.006772
-3.5586994 -1.7288363
-2.1740184 -1.420615
-0.63123524 -1.7191403
-1.5086784 -0.9858184
-1.9739277 -2.9400425
-1.8273345 -2.7382712
-0.56251246 -2.9741428
-2.950967 -1.0311956
-0.94082373 -2.4082482
-2.0589383 -3.3304424
0.1651208 -1.9295819
-1.3023975 -2.116205
-2.5483134 -2.8626127
-2.1137097 -3.593791
-1.8532555 -3.7653716
-2.3423707 -3.3119164
-3.519488 -2.5672743
-0.26836216 -1.9056969
-2.899967 -2.069266
-2.3534641 -3.108119
-2.8548622 -2.1863801
-3.3884118 -1.3386002
-0.6073349 -3.3281255
-0.7630836 -2.2033758
-1.4555674 -2.754871
-2.8572462 -1.987236
-0.7323793 -1.8244252
-4.035677 -1.3667297
-1.0888503 -2.1306715
-0.6401609 -2.1950176
-2.028374 -1.5150812
-2.107834 -0.8166379
-1.8233933 -2.0488288
-1.7568194 -1.4135041
-2.8440344 -1.3849216
-1.9343596 -3.1578298
-1.0853196 -2.330504
-1.7278831 -2.4839957
-1.6790879 -2.323477
-1.0062039 -2.89484
-2.5451746 -0.14003944
-3.029632 -2.0071115
-3.1244702 -4.131116
-2.6644628 -2.8238547
-2.0848665 -2.6412094
-2.005398 -4.421825
-3.0723395 -2.049974
-2.5884356 -3.3267212
-1.7141687 -1.5802035
-0.86667836 -1.2368041
-2.9750338 -3.0951657
-2.9629118 -2.594429
-3.600968 -1.0208213
-3.3958051 -1.773694
-3.423027 -2.7298384
-2.786313 -2.2475736
-2.3057191 -2.3190467
-3.3950558 -1.591542
-2.3303127 -1.3263903
-3.224048 -1.8868539
-1.2746598 -4.6609654
-3.4602506 -1.7533071
-2.7737572 -2.1770384
-1.8862134 -1.379807
-1.5070816 -1.6180303
-2.6632516 -1.3655508
-2.8899975 -2.1736505
-1.744497 -2.7225907
-1.767576 -2.0855622
-1.2791165 -3.3882828
-2.5715768 -2.780198
-2.9454758 -1.6133175
-1.3226644 -2.6650088
-1.9345951 -1.3249035
-2.2535782 -3.2509046
-2.2585962 -3.2632911
-2.9869025 -2.0430226
-1.8775488 -2.5077624
-0.9346948 -1.7298019
-3.0150597 -2.7824354
-1.9264984 -2.521328
-2.183689 -2.912231
-1.3148341 -1.0729718
-2.6415973 -0.6562832
-0.91390306 -3.145614
-1.2491988 -0.19752356
-1.4860117 -2.9337173
-3.7036252 -2.148805
-2.320972 -3.2802365
-3.29639 -0.47298467
-0.80964875 -0.5651407
-2.307297 -1.8315687
-1.8873274 -1.2574415
-2.5038779 -2.1941385
-2.819062 -3.1766753
-2.7548583 -1.4505758
-3.1365864 -1.7004328
-2.1026154 -1.3002713
-1.0419616 -4.6489615
-1.6504655 -2.66914
-1.9475256 -1.495722
-2.1452377 -3.9423661
-1.0960732 -0.73691523
-1.4027574 -3.4951005
-1.9680336 -3.0841863
-2.8187313 -2.2082696
-1.7222857 -1.3458993
-2.8166072 -2.1747606
-0.9197335 -2.829741
-1.7421521 -3.012191
-2.6633136 -0.9234162
-2.0017107 -2.1201909
-1.3602278 -2.3383374
-1.3495408 -2.0664494
-1.3380716 -3.3942099
-3.6559825 -2.89471
-1.8288475 -2.3397477
-2.2809458 -1.8212621
-2.9688563 -2.3475976
-1.5496656 -1.4948964
-3.0277574 -3.16775
-2.6849551 -2.8214033
-0.58636755 -3.335327
-0.79379475 -1.9306242
-2.0052552 -1.7215145
-1.9811476 -1.7871063
-0.33390853 -3.8833616
-1.992744 -1.0692427
-2.5730202 -2.3580005
-3.7125351 -2.3742168
-2.0881252 -1.4059908
-2.1192997 -2.468246
-2.2959127 -3.616543
-2.6650305 -1.5895107
-0.88093805 -4.1472235
-2.9490485 -1.6085849
-2.6564503 -1.3178835
-2.3674016 -1.3239892
-2.7226062 -2.2827091
-3.699761 -2.9121382
-2.7453945 -1.9000945
-1.0126128 -3.2501862
-2.2050521 -2.4937267
-2.342007 -1.4967728
-3.3859909 -1.8685093
-0.8853488 -1.4725583
0.36341363 -2.0910373
-1.8872979 -2.6129487
-3.2427511 -2.6839378
-2.4536667 -1.2731912
-1.5201641 -3.6884806
-1.771468 -3.4807048
-1.2063631 -4.1549215
-1.9004507 -1.6945477
-3.228602 -2.5417225
-0.115210846 -3.2934647
-2.1746964 -2.3980765
-1.6443907 -2.0879607
-1.2898192 -1.8586266
-2.2353156 -2.2306666
0.1783564 -3.2191317
-1.5455652 -1.8250041
-2.2686968 -1.6346755
-1.9048804 -1.9975276
0.06475599 -2.6399555
-2.8501399 -2.5085018
-3.1417205 -2.2244885
-1.7216022 -1.9666178
-2.68815 -3.7441998
-1.4431578 -2.3082252
-2.5953946 -2.2554975
-1.5577769 -2.1920607
-1.0425761 -0.8983906
-2.1091025 -2.7857223
-2.300091 -2.7634196
-3.9199028 -2.204945
-2.6139205 -1.5889323
-2.6454942 -2.442254
-2.4615436 -1.9536278
-0.17497608 -2.9502811
-2.1523318 -3.290703
-0.20031658 -3.8631818
-0.7851465 -4.168244
-0.9160171 -2.6525362
-2.5361073 -1.5768242
-2.675257 -2.7148979
-4.2336006 -4.1954317
-1.7920094 -2.1145074
-0.9174749 -4.7080765
-1.7770218 -2.1025698
-1.4364636 -2.779898
-1.4672344 -2.8458323
-2.2472215 -1.4375467
-1.8043231 -2.1653361
-4.0154457 -2.853747
-1.1780367 -1.8399727
-3.647051 -1.9480677
-1.0029534 -3.0621288
-1.2354093 -2.4364984
-3.5901651 -2.5780752
-3.569434 -2.6450396
-1.8266592 -1.1812283
-3.3132353 -2.2597866
-3.155769 -2.576384
-1.3063389 -2.5500572
-2.8793933 -3.259605
-1.4439138 -1.2955599
-2.6653683 -2.2077613
-3.859846 -2.6524558
-1.3143656 -3.9670017
-2.895671 -1.3674257
-2.2587187 -1.4554217
-2.4682648 -2.734471
-2.4029887 -2.1613767
-3.2064548 -1.9426799
-3.0123389 -2.6123724
-2.69137 -2.9649637
-2.6874235 -1.8128693
-3.7329528 -3.1969235
-2.2664492 -1.6236501
-3.760993 -1.8353183
-1.127494 -3.6893568
-3.3734794 -2.4333005
-1.5416064 -1.9599774
-1.0458091 -3.4050925
-0.9036554 -0.3294553
-1.9805696 -2.6595552
-1.1744347 -1.2018821
-0.20602094 -0.81797355
-1.273299 -3.4620452
-0.816729 -3.928064
-1.6370772 -3.3847136
-3.3045511 -2.4545944
-1.9830405 -2.1782608
-3.2387214 -2.7885187
0.7685711 -3.4665284
-1.5441349 -2.3762665
-1.0158376 -3.006823
-0.41381204 -2.9245074
-2.6865923 -1.2261925
-1.4830639 -2.555213
-1.8584435 -2.8885062
-2.321835 -1.267657
-1.3952779 -0.8643593
-1.5432479 -2.7992141
-0.90657324 -3.3608375
-2.1745524 -1.1433524
-2.8201337 -1.5845203
-0.67814255 -1.6686392
-2.608831 -1.119766
-3.2510529 -1.9847772
-3.0654402 -2.8249462
-1.1797153 -1.416929
-2.3363807 -1.3023851
-2.5375016 -2.040359
-2.416338 -2.1297314
-2.4905078 -3.0504057
-2.8757515 -1.850204
-3.2556932 -3.4828718
-3.6249514 -2.3064828
-0.51421875 -3.2414062
-1.9095432 -1.779681
-3.2578654 -1.464911
-3.5647058 -1.8679688
-3.1183531 -2.6281013
-2.9624698 -1.6708758
-3.9205074 -3.7505412
-2.125022 -3.0829806
-1.5510272 -2.3122323
-1.9840473 -2.303699
-0.74721146 -3.3461025
-3.589587 -2.6997385
-1.7472075 -1.9298291
-3.7305343 -2.8603086
-1.5030235 -1.7214575
-0.18747573 -3.0951674
-3.312234 -2.1040928
-0.08411005 -4.116161
-0.7210489 -3.1741993
-3.218004 -2.3411
-0.65083283 -3.3155413
-1.9086182 -3.2128808
-2.1741633 -1.5757508
-2.061546 -0.85791457
-0.30284742 -3.699543
-2.6357603 -1.8986754
-1.2980156 -2.101427
-0.71598786 -3.8079832
-3.5126624 -1.4257634
-3.4415963 -1.6591485
-0.9079304 -2.5512087
-1.3577311 -2.940848
-2.745242 -1.9637024
-3.6534574 -2.5823896
-1.8282847 -1.106575
-1.7370992 -1.3986509
-2.019549 -2.1484969
-3.2981262 -2.6802638
-3.3394406 -1.3651335
-2.9886644 -0.9647615
-1.3023758 -3.6432538
-0.7203792 -2.4990053
-2.2895114 -4.222803
-2.7347167 -1.7981553
-2.6844666 -1.6074469
-0.19850639 -3.6272511
-0.82895464 -2.8947432
-1.261436 -2.0996208
-1.473751 -2.2846227
-1.3767226 -3.6686342
-1.6292977 -1.0404446
-2.7616484 -1.3778148
-1.6344255 -2.569202
-2.8553045 -1.8771489
-2.958412 -1.8871882
-1.7627299 -2.3363
-1.5816033 -2.6443262
-1.400521 -2.783863
-2.769803 -3.825693
-2.8250253 -1.8097842
-2.2137907 -0.96689105
-2.477394 -1.1366906
-3.016881 -3.6746736
-1.9361906 -3.82451
-1.912233 -1.6505249
-1.1714244 -3.6550074
-2.1345012 -1.3936627
-3.1381683 -2.0317585
-1.5654019 -1.5692623
-1.3959241 -2.946814
-2.2346826 -2.2528434
-0.5761901 -3.872405
-1.6062838 -2.4333448
-3.2852519 -2.0412757
-3.5518148 -1.965019
-1.5323592 -1.198569
-2.098644 -1.7360601
-2.8954456 -1.3148596
-1.2530631 -2.0828474
-1.9062035 -2.5033615
-1.4664278 -1.1144989
-2.4860911 -1.6238616
-0.18878876 -1.6896911
-1.3961535 -3.1923234
-3.0649133 -1.6908219
-2.56814 -1.2590415
-0.651382 -1.4821551
-3.3644612 -2.4379675
-2.7299576 -1.2551827
-2.1105611 -1.0947033
-0.92660517 -1.7122684
-2.0731642 -2.5122974
-2.036943 -2.3316517
-0.18387407 -3.031471
-2.7743096 -1.7444646
-1.5987177 -1.0927472
-1.5025223 -2.3945143
-0.8280459 -2.7030337
-2.1869926 -0.8189215
-2.1688066 -1.621041
-1.107753 -2.1721303
-1.4643735 -1.9766514
-2.3684149 -1.496115
-2.2831779 -1.6019821
-3.2252595 -3.7318072
-2.4438744 -2.6486998
-1.8835075 -3.077912
-2.2906573 -2.8194938
-3.0246623 -0.96231276
-1.1735554 -2.7020016
-1.7387469 -2.6935854
-1.9043608 -2.1943138
-1.4649186 -1.227942
-2.752423 -1.6409333
-1.2051489 -1.9818842
-2.5068069 -1.8265672
-2.4435377 -1.7825732
-1.1693032 -1.8187242
-1.6139288 -2.2195673
-2.298136 -2.3611987
-2.0438354 -3.1196141
-2.850747 -2.0329754
-1.2064494 -1.5852377
-3.2852345 -1.960746
-3.793048 -2.9507265
-1.6159191 -2.5439208
-3.4712322 -2.3464985
-1.9309832 -2.77454
-1.4009918 -1.4625494
-1.3541125 -4.7027345
-2.6476202 -1.2196107
-3.1069944 -1.979821
-1.1766375 -2.0808191
-1.5389075 -3.918931
-2.773193 -1.4841485
-1.9755582 -1.4771178
-2.4114494 -0.9405791
-1.1397674 -2.983706
-2.0000815 -2.1237438
-2.7526793 -3.0472643
-2.3878837 -1.5841455
-1.2637386 -2.0700471
-1.2748828 -2.3934495
-1.8966209 -2.3906124
0.14845999 -2.1733453
-0.3491874 -1.6245351
-2.647858 -2.8704193
-3.3800488 -3.5978441
-0.58990645 -3.007536
-2.7322264 -1.0121102
-2.1003702 -2.4846282
-1.9562215 -1.2933135
-2.8955257 -2.1065562
-1.3953357 -3.7847447
-1.8814236 -2.3643975
-3.5488534 -2.7941976
-1.2508546 -2.885032
-2.1854641 -1.6114452
-0.69245815 -2.4978049
-1.1294141 -3.1997135
-1.9015852 -2.401732
-1.6733044 -1.9644516
-0.9551558 -2.0859883
-2.8892162 -0.67635477
-1.6233896 -3.0522802
-1.0004163 -1.5148239
-2.6152763 -2.0511365
-3.2678416 -1.6517048
-2.477785 -1.2510264
-2.39697 -1.0680724
-1.0650434 -3.0045907
-0.8335297 -3.835838
-1.8782793 -1.8794007
-1.921272 -1.0272969
-1.5131543 -2.368144
-1.7966194 -2.8374207
-0.47799754 -2.589196
-2.645577 -0.84767014
-3.1233103 -2.1244216
-1.9351579 -2.018052
-2.4075575 -2.3333406
-2.7584271 -2.1659904
-3.482125 -1.9891593
-2.9498503 -1.753881
-3.5306633 -2.3252916
-2.8305724 -2.0712335
-3.6540878 -2.9929135
-0.03784749 -3.8882952
-2.2657833 -1.6960847
-1.1481421 -3.5777776
-3.8507586 -2.1777816
-2.3551655 -1.207189
-3.2146127 -2.7680807
-2.6838176 -2.3953457
-1.2548084 -2.778296
-2.0739775 -2.3290722
-2.8011744 -3.0070946
-2.8635318 -1.9975917
-1.99013 -2.2176948
-2.319766 -2.655532
-0.73719996 -3.380733
-1.6112676 -1.7270002
-1.9871111 -1.4232574
-0.71016365 -3.4775648
-2.7925694 -1.2301004
-2.725011 -2.893204
-2.2178702 -3.1697679
-2.9896042 -2.0581162
-1.9312456 -1.67805
-1.7392305 -1.273052
-3.279355 -2.636671
-2.418847 -2.7417634
-3.1393101 -3.2888067
-1.1495774 -1.5845399
-3.1029701 -1.7009044
-1.9104235 -1.8097577
-1.2160392 -2.0038726
-3.051526 -1.6649828
-0.98042613 -3.408308
-0.8809574 -2.7520118
-0.6501903 -1.7239904
-0.710315 -3.7426574
-2.8073087 -1.7069857
-2.5967298 -2.4647949
-2.1966522 -1.654921
-0.8795101 -1.8295794
-1.8990616 -1.9546635
-2.051942 -2.3574808
-0.6224167 -1.6120226
-1.786316 -1.906429
-2.0409741 -1.3771763
-0.793046 -2.054884
-2.140086 -1.4020786
-3.1723337 -1.716522
-3.506135 -3.3400378
-3.0284562 -2.5591698
-3.3992982 -2.6771908
-3.4562418 -2.9504511
-2.5071647 -2.2520573
-1.9237521 -1.9910958
-1.280927 -2.9190474
-2.1265674 -2.658461
-2.8092463 -2.2299263
-4.034375 -2.4252255
-2.6658664 -1.087157
-2.6344047 -2.2717974
-1.975778 -3.0188274
-0.53400964 -2.9073465
-1.5761324 -3.0215237
-2.4545345 -1.857111
-1.7291658 -0.8967812
-1.8001066 -2.2067437
-3.5079186 -2.4377112
-1.8682246 -3.1308515
-2.586051 -3.1401088
-2.3171222 -3.0543919
-3.3139606 -1.6723137
-2.9075198 -1.4088914
-2.2196612 -1.3115401
-2.5087256 -2.4081604
-1.866198 -0.5495059
-1.2684265 -3.5719259
-1.4776912 -2.9511607
-2.2987194 -1.5792322
-0.5969268 -1.9776921
-1.7186092 -1.6753907
-3.2111313 -1.4669898
-2.6626837 -1.6550748
-0.8570096 -2.6305716
-1.5727922 -2.1611989
-3.5093195 -1.9463322
-1.4665539 -2.7023664
-2.6175597 -3.7319727
-1.0050799 -3.0645216
-3.4483025 -1.4846799
-0.42095095 -2.2622905
-1.8626091 -2.0059783
-0.65415096 -2.642533
-1.9981259 -1.6639001
-3.2140605 -3.7047653
-1.0295736 -3.5683775
-2.119031 -1.3570421
-1.9876075 -1.4011996
-2.9899116 -1.9041486
-0.7113096 -4.881997
-2.4072003 -2.2596917
-3.5972219 -1.9145477
-3.2928197 -2.046596
-4.093957 -2.2747712
-1.1496569 -2.3805506
-1.6299496 -2.440203
-1.865235 -2.0045345
-1.4012794 -2.2673059
-2.3719358 -1.1467222
-3.7802422 -2.044622
-2.6814892 -2.570675
-2.310089 -1.842715
-1.5755401 -0.95206594
-1.9978613 -3.3351166
-4.255609 -1.7672124
-3.1551268 -1.498847
-2.8940864 -2.4087296
-1.0118281 -4.2270646
-2.949606 -1.9122071
-2.6654806 -1.589385
-0.6939823 -3.2669456
-1.4672228 -2.3094323
-2.0981464 -2.608869
-2.3395696 -1.110302
-2.9905038 -2.0961015
-2.8338327 -1.2408519
-2.2717419 -1.6692743
-2.6608787 -0.6832154
-1.8301226 -2.054939
-1.4782455 -1.6611612
-0.9230771 -4.159065
-1.0620457 -3.1031168
-2.60461 -3.4986184
-3.4660816 -3.2037237
-2.5772758 -2.6172516
-2.8034492 -1.6687324
-2.4945571 -1.8354623
-3.1154153 -1.9225972
-1.0817016 -2.3704545
-3.3077257 -2.7408378
-0.9215173 -2.019032
-0.6710336 -3.475445
-0.3708514 -3.4356282
-1.1414917 -3.5718732
-3.005876 -1.9475651
-3.5909133 -1.7126496
-1.5472959 -1.8975844
-2.500824 -2.300729
-2.693595 -2.8017313
-3.7666938 -2.0841937
-3.158044 -2.6643932
-2.4286814 -1.2694321
-3.0318155 -2.4877262
-1.652354 -2.0828495
-2.4594014 -2.6572397
-1.5241723 -3.6893396
-2.453303 -1.8929923
-3.2575681 -1.4085078
-2.4654257 -2.9605749
-2.6379886 -2.1816776
-0.24750346 -2.9033616
-2.1965797 -1.7249634
-3.885161 -2.5418162
-4.1297455 -2.799778
-2.3873568 -0.85854244
-2.9524875 -1.4231136
-3.9780016 -2.8919544
-2.030012 -2.44228
-1.9400758 -0.84308505
-2.596748 -1.0067825
-3.7552452 -2.6275084
-1.7796311 -4.0102496
-1.791498 -0.61257136
-3.8384144 -1.3109784
-1.6330252 -0.9614533
-2.9751823 -2.0003157
-2.7554047 -2.7674994
-1.8836564 -1.6928
-2.564704 -1.8690243
-1.0108333 -2.370145
-1.357191 -3.0954502
-1.1579417 -3.466088
-1.2030127 -3.5720387
-1.5994048 -1.9633982
-1.3043958 -3.902103
-2.7427697 -2.5538547
-1.7346568 -2.2965024
-2.916291 -1.1566348
-2.8387456 -2.3119955
-3.5272143 -1.9325643
-1.1696575 -3.0903957
-1.9483157 -1.7066474
-2.7467353 -1.5070357
-1.4292209 -2.340078
-1.2899617 -2.229255
-3.6384706 -2.1205716
-0.35047603 -3.9621894
-1.467036 -2.2380145
-1.0508673 -1.0804107
0.0030521303 -3.0531373
-2.261024 -3.039094
-3.1988196 -2.2213235
-3.2238111 -1.9824622
-2.8362076 -2.5783918
-1.4771459 -3.527574
-2.8609035 -2.48815
-2.9586108 -3.1011634
-1.3188988 -2.3645158
-0.4590599 -2.3240156
-1.3071527 -2.1830568
-2.3157775 -3.2794142
-2.716807 -2.8595989
-3.297103 -3.1717043
-1.776868 -1.3160417
-1.3482502 -2.5716295
-2.3783178 -3.7560737
-3.684754 -1.7789264
-2.88883 -1.8498492
-2.6104198 -2.8359156
-1.9440254 -1.5492973
-1.90825 -3.6763477
-1.6703454 -3.8118904
-3.0594769 -2.122173
-2.7232337 -2.68306
-0.98759764 -2.2510424
-2.0133846 -2.8762164
-1.7363571 -1.8283813
-1.0895268 -2.3367074
-2.4988961 -2.1382244
-2.5091178 -1.7650781
-3.5008042 -1.7269676
-2.8359997 -1.0920216
-3.2867405 -1.805223
-1.854708 -1.1124439
0.13021766 -3.164446
-1.6786692 -2.0307107
-1.7663611 -2.2189903
-3.1723244 -2.2683153
-3.1293044 -2.9728298
-3.0341887 -2.0556507
-2.8431737 -1.8383315
-1.8935354 -2.1629877
-4.1901207 -3.1546247
-2.7402182 -1.8727024
-0.2895966 -2.2212079
-0.8924159 -2.5404277
-0.31743565 -5.102469
-1.6395718 -2.9059997
-1.3306233 -4.151517
-0.6528343 -2.5989041
0.5381109 -3.0372312
-1.8762593 -1.6241214
-2.891786 -0.9937442
-0.7928527 -2.4604247
-2.4400263 -1.923722
-3.3364353 -1.1300592
-3.4905267 -1.6006658
-2.3222055 -2.2427528
-1.5997549 -1.8243625
-0.28201154 -1.8720741
-3.1816516 -2.512011
-1.9509239 -2.014583
-1.6967287 -1.8568313
-2.8185654 -1.9466739
-1.6487863 -3.1431172
-1.8566012 -2.3175476
-2.549884 -2.7096653
-3.0449045 -3.352017
-1.1843368 -2.8911045
-2.9233675 -2.3825126
-1.841619 -2.5777152
-3.6186917 -1.9954121
-1.8853414 -0.2686992
-1.7204114 -0.98538995
-2.5734355 -3.7112346
-2.6632073 -1.0804965
-1.4180797 -1.1934962
-2.9529493 -1.9503539
-2.2731016 -2.6257548
-3.33651 -2.1037805
-1.6663734 -1.8177423
-2.004003 -1.7545235
-3.350084 -2.4078605
-3.9295137 -2.2160146
-2.8401968 -2.5584283
-0.94843155 -2.860865
-2.8339593 -1.7978995
-2.4218493 -4.0655413
-2.7039135 -3.3169138
-2.7721982 -2.6860034
-3.111988 -1.9348211
-2.7323892 -1.2038743
0.09322168 -2.1085916
-2.5806746 -0.7872245
-0.22227053 -1.4532924
-2.7624524 -2.238184
-1.9120826 -2.7900245
-2.8915584 -2.4921446
-1.9359461 -3.043525
-3.0632582 -1.5265975
-2.7839499 -3.8569357
-2.9326243 -1.1336129
-1.6380937 -3.0687814
-1.3633846 -1.9784105
-1.7431473 -3.3227057
-3.031414 -1.5493643
-3.3932674 -4.4917445
-0.54411185 -3.0887082
-0.03651938 -4.471925
-2.5062559 -1.7745574
-1.7565845 -0.98340356
-3.3955667 -1.9852879
-2.7955546 -2.8570616
-1.6959865 -1.9596393
-1.8084555 -3.8735075
-1.5072547 -1.4731126
-0.46970928 -4.2510138
-2.5589364 -2.9283488
-2.8369036 -1.7083151
-2.882621 -0.8678336
-0.117639035 -2.6531363
-3.3539994 -2.1284633
-0.95555896 -1.7634492
-1.8670131 -2.5175729
-3.1859143 -1.3710482
-2.1513047 -2.0034978
-2.7888227 -1.9014809
-0.3612896 -4.925783
-0.6205592 -3.2786365
-2.8533309 -1.914227
-2.0754588 -2.6867416
-2.7793941 -2.8188398
-0.3575924 -3.3740878
-3.5704372 -2.5357146
-2.6228797 -1.5082536
-3.1310582 -2.0583267
-2.0931451 -0.9169411
-0.91890925 -3.104025
-3.5023699 -2.280334
-1.8503911 -2.0967562
-2.6725147 -4.8776836
-2.3247497 -2.8274543
-1.7502161 -2.3543994
-2.4318662 -1.6509418
-3.6406982 -3.079038
-2.8800633 -0.7066709
-0.32781887 -1.6060183
-2.2553887 -2.5147343
-2.5257895 -0.9887999
-2.4403582 -1.8750243
-2.2023048 -1.6852953
-2.3063972 -3.2391038
-1.8293511 -3.44335
-1.7801178 -0.99976474
-0.4995196 -3.846689
0.3847096 -3.4920366
-1.0837682 -1.0733366
0.49779302 -2.1635401
-2.7164187 -2.31684
-1.5778863 -3.3484333
-1.158286 -3.0971754
-2.4656923 -3.2017424
-1.6059506 -3.5948205
-2.559176 -2.0146654
-1.6783438 -2.8484454
-0.7244258 -2.510394
-0.7572971 -2.815283
-1.5243279 -1.3177946
-0.5481866 -1.7615736
-0.050551474 -3.0242357
-2.3479083 -3.8033743
-0.56578416 -3.9554195
-2.011655 -0.74955124
-2.9721577 -3.5516086
-1.204736 -3.2458634
-0.60116464 -2.4282587
-1.9378277 -2.5529974
-3.2343953 -1.8338091
-1.2577051 -4.5878944
-0.8903329 -1.4685874
-1.6449045 -2.9506686
-3.5166845 -2.4992342
-1.3998672 -2.6775286
-3.1606388 -2.3267572
-1.6468022 -1.3387086
-0.5654907 -1.8533938
-0.17545572 -2.943366
-2.4737463 -2.7858906
0.1028177 -1.6210136
-3.4973056 -2.4170625
-3.0041814 -1.5481429
-2.4333656 -2.5673609
-2.0081778 -4.6061053
-2.9149113 -1.0577701
-1.0840158 -3.5898376
-1.9130697 -2.5374258
-2.9908297 -2.6668606
-1.9590716 -2.8229034
-1.8654412 -4.0181913
-1.6622202 -1.7518921
-0.7381867 -2.7924397
-2.5303955 -2.368972
-1.9446045 -3.2476754
-2.733025 -2.0232005
-0.99753475 -1.6820815
-1.2834654 -3.9314353
-2.7854526 -1.2246238
-1.5778133 -0.79401475
-0.2729877 -2.3020263
-1.7127333 -3.804391
-0.676071 -2.7760036
-2.987254 -1.7750952
-2.4141393 -1.6904871
-1.2764633 -2.632746
-2.677925 -2.969969
-3.7361896 -2.6508067
0.39476186 -3.3148806
-1.9394374 -2.7886765
0.15547867 -2.6521177
-1.3218358 -2.4905362
-2.6119735 -1.4284205
-0.29828805 -4.2832594
0.698312 -2.505487
-1.5214481 -2.409144
-1.328306 -3.87682
-2.1323922 -2.7801642
-1.2233195 -3.883038
-1.1762519 -2.4741426
-1.4144082 -2.8887582
-3.0030384 -1.5499198
-3.3530374 -3.0568175
-1.5829545 -3.1266942
-2.3425076 -4.876888
-1.9584032 -2.279903
-1.9967856 -2.5101097
-2.015997 -1.1127489
-1.3932836 -2.21033
-2.2687962 -1.8329375
-1.8816826 -2.621132
-2.3392794 -1.4886553
-2.3364644 -2.0359643
-1.8846728 -1.7121077
-3.8920348 -2.3749275
-2.4163613 -2.5883687
-3.437841 -2.8913918
-3.0301745 -1.5130441
-2.1139686 -2.0191782
-4.103016 -1.6713934
-1.616878 -3.12524
0.07783513 -2.5683768
-2.9162257 -1.2540183
-3.2748444 -3.115121
-1.4478245 -2.987154
-0.028055102 -1.8012669
-2.5220838 -2.2488797
-2.9697928 -1.6266353
-2.1118252 -2.0878685
-2.5656593 -1.3459163
-1.1440902 -2.3655398
-1.9450543 -2.9069908
-1.4780772 -3.3327043
-0.5707721 -1.0819817
-2.6193585 -0.98431075
-3.291868 -2.1244812
-1.6416501 -2.3468823
-1.0610589 -4.5449677
-1.5744349 -1.5048342
-0.8813051 -3.6374688
-3.7157946 -3.4057856
-3.5345166 -2.560768
-2.8855534 -1.6749868
-2.0646129 -1.2642455
-1.7808819 -2.1582384
-1.6440647 -1.8720217
-1.3196083 -1.508862
-2.0559936 -2.829063
-2.177492 -1.5290921
-2.8277776 -1.4611712
-3.0923374 -2.254354
-2.7716231 -1.4142327
-2.5326118 -1.1034015
0.4500745 -3.0479987
-0.90217674 -3.8679533
-0.6027676 -3.1139448
-2.8029447 -1.4563441
0.037893966 -2.5254433
-1.6749787 -2.4213648
-3.727356 -1.7303507
-2.4985714 -2.4270983
-1.0602899 -2.5183554
-1.8481574 -2.0241146
-0.8525037 -3.3694034
-3.1950293 -1.5704997
-2.801118 -1.4928503
-3.0705912 -1.8175268
-2.368021 -3.5998766
-2.539024 -1.7527108
-2.6531322 -3.3045146
-2.7629566 -2.8020144
-2.1411521 -1.7295461
-1.689953 -0.8117363
-0.68728846 -2.1615822
-2.2257447 -3.2977397
-2.0539417 -2.5744307
-0.46666697 -1.4795513
-2.182438 -2.0352309
-1.8283303 -2.2204297
-2.5745547 -3.0230403
-1.739688 -3.8424408
-1.5996726 -2.8594356
-1.0328581 -1.3510671
-1.4457122 -2.5380607
-2.382372 -1.9302721
-4.349316 -1.4391057
-1.6739503 -2.3814178
-1.4310657 -1.7376826
-2.138516 -4.4913707
-1.6362851 -3.473249
-1.1312866 -2.559031
-0.10452011 -3.0358615
-2.5763762 -1.1369575
-1.3986971 -3.914992
-3.391956 -2.1596532
-0.1996971 -3.7091897
-1.7879407 -1.8884113
-3.2676146 -1.7229424
-0.26874292 -3.6443033
-2.4823043 -0.85894436
-3.083866 -1.2733655
-2.830057 -0.99578273
-2.732271 -0.39445287
-2.3222787 -3.1526368
-3.4257834 -1.0181361
-3.373457 -2.755841
-2.580575 -1.7489519
-1.7008241 -1.3838007
-1.2048191 -1.0592757
-0.18460223 -2.4577844
-3.2678528 -2.8617399
-2.0532024 -1.5241683
-0.499356 -3.9998329
-3.5287201 -2.7896268
-0.797754 -4.2861085
-1.2914915 -1.9833658
-3.0271845 -1.0682409
-3.1422207 -1.2930081
-2.531135 -2.0672956
-2.3557377 -2.1792884
-1.3412982 -2.5492692
-2.3310003 -2.801067
-1.6335574 -1.7975805
-1.7581025 -2.1320841
-2.3255906 -2.0422533
-0.9504784 -4.6927605
-1.7011685 -2.1264668
-2.0095732 -2.9575038
-1.1477644 -3.2590306
-3.6913924 -2.7890348
-1.1233315 -1.0657837
-2.6023953 -3.5405898
-3.1649933 -1.5308304
-2.9400415 -1.9364552
-3.5786765 -1.374018
-1.2644209 -2.719901
-2.8123405 -1.5745952
-3.2694068 -1.7254682
-0.93635625 -2.1626103
-3.2937205 -3.1260319
-3.0015132 -1.0800798
-2.773976 -2.5929356
-1.699865 -1.2365744
-0.66722304 -3.771982
-1.5233462 -0.44718271
-2.5232382 -2.1775422
-1.3606858 -2.3830228
-1.1078694 -2.040753
-0.8813917 -0.71151596
-1.4057336 -2.3342693
-1.9830124 -2.557223
-1.6482463 -2.4583132
-2.7686856 -2.3226426
-1.6811663 -4.179161
-2.900479 -1.887336
-3.475589 -2.8356256
-2.384999 -1.9999061
-0.9004386 -2.7784986
-3.2891548 -0.7507614
-1.3519064 -1.3011253
-0.58201826 -3.0967536
-2.0014563 -2.4524868
0.30332506 -2.5226977
-0.8942077 -2.8767903
-2.795455 -2.524462
-2.4206135 -2.7071178
-1.5145886 -1.6690898
-2.6631687 0.0107066035
-2.5071158 -1.9182873
-1.5806652 -2.9556205
-0.16488436 -2.5600393
-1.4596624 -3.915678
-2.8098724 -2.7727044
-3.5110528 -2.0375555
-1.4130045 -2.6987417
-2.2111204 -1.6617062
-0.7015464 -2.2122405
-1.3410867 -2.2288587
-3.0681362 -1.9895005
-1.0094285 -1.8556967
-2.422359 -2.1685503
-2.6343954 -2.0886006
-2.0621657 -3.457224
-1.6540234 -1.5137243
-2.466288 -3.025427
-1.8210506 -1.2795999
-1.6094221 -2.5964339
-0.2473593 -2.9792852
-1.8999101 -2.8994715
-2.588426 -1.0725033
-3.4687095 -2.0633585
-2.0470092 -2.0148315
-2.72875 -0.7634333
-3.4986942 -1.070251
-3.2860975 -1.5317614
-2.0438783 -2.034717
-1.1109856 -1.4273953
-2.6277115 -2.514061
-2.9522047 -2.4229386
-2.7958186 -3.5432737
-3.1069543 -1.9582193
-3.45905 -1.702322
-1.3273475 -2.660173
-1.5519239 -2.017095
-1.4848084 -2.4633517
-2.0848932 -2.9095592
-1.7739718 -4.181977
-1.647392 -1.4080825
-1.187277 -4.2067466
-2.7178547 -3.2460034
-2.515642 -1.8661926
-1.9040095 -3.8328917
-2.3503232 -2.5370107
-0.7544884 -3.1164834
-1.4679756 -3.057737
-1.1643919 -0.7488589
-1.7214419 -2.3610275
-0.71420467 -3.7790935
-0.7289311 -2.9247406
-1.017782 -2.4901612
-0.9704712 -2.025958
-2.9536667 -1.6858311
-2.0271661 -3.013514
-1.3222445 -2.9006617
-1.0900825 -3.1118765
-2.0184 -1.6385772
-3.282251 -2.3331053
-2.308197 -2.2422895
-3.525919 -2.520753
-2.5565825 -2.4981818
-1.8215516 -1.9469872
-3.5808952 -1.5958395
-2.4054067 -1.4647701
-2.8911586 -2.031189
-1.745999 -1.3600938
-3.8818529 -1.4202511
-2.3251584 -1.6764414
-1.9713446 -3.3390346
-1.7068722 -1.1433258
-2.3377979 -1.9382513
-3.0813024 -1.4019101
-1.4616374 -2.7750719
-1.3230435 -1.362392
-0.9501792 -3.6192245
-1.4114457 -1.6859906
-1.0242645 -3.019352
-1.412678 -2.173327
-2.3072171 -1.2248325
-1.1081372 -3.0971334
-3.2019956 -1.1045682
-1.6481576 -2.559171
-3.5287695 -2.6772175
0.2072352 -2.7167284
-2.2849586 -2.384653
-1.2026893 -2.2080154
-0.89961636 -3.3496854
-2.1339042 -2.9063156
-2.8705163 -1.7714269
-3.2269642 -1.4116046
-0.97360015 -1.5056927
-2.2342367 -1.3756998
-1.6186467 -0.6028154
-2.1159365 -2.4603088
-2.5663595 -1.3968451
-0.22045997 -3.5450916
-1.5110234 -2.7589605
-1.3670294 -2.8296976
-2.769062 -1.4441783
-0.92450243 -2.1626709
-3.1408324 -3.1526039
-1.4397445 -2.5011675
-2.9253988 -2.0206747
-3.0549922 -2.6327875
-1.0277746 -3.6192968
-1.4239721 -0.7068553
-3.1343684 -1.9412394
-0.97696877 -2.3317997
-2.8268626 -2.0482144
-2.241992 -2.1569874
-2.9349718 -1.917227
-2.4536421 -1.8878562
-2.138196 -0.64328915
-2.309293 -3.2371516
-1.119483 -2.9068952
-2.492625 -1.7330663
-1.5250486 -3.0209918
-1.6949916 -3.2448263
-1.5311713 -3.2661586
-0.79498255 -2.8853345
-1.3785868 -3.0300586
-2.6075363 -2.5617387
-2.593487 -3.3819532
-0.8006708 -3.4302397
-3.014389 -2.1471148
-2.1822634 -1.4718328
-0.7718852 -3.2885084
-2.707193 -3.2346776
-2.6527727 -1.5859044
-1.024554 -2.7778146
-3.5664093 -1.8053579
-0.952563 -2.330027
-1.6012499 -1.7161069
-1.09704 -1.3550763
-3.0147479 -0.5244303
-2.2642944 -2.029377
-0.739874 -2.895842
-2.9475913 -1.8503962
-1.500498 -2.5720184
-2.1186376 -2.104052
-1.465377 -2.5731187
-2.156708 -2.7430906
-2.0972624 -3.1121192
-2.4294124 -3.2771733
-2.8404105 -1.3252995
-1.8543246 -0.7479375
-3.184538 -3.4527411
-1.4948636 -2.7121525
-1.4754534 -1.2644994
-1.7257926 -2.9112315
-1.5404062 -1.5164781
-0.841483 -2.492111
-0.62461686 -1.5847518
-2.2124588 -1.0714548
-2.0332196 -1.0861574
-0.32298005 -3.4208245
-3.0293322 -2.3696487
-0.834884 -4.5493546
-2.1704786 -2.2607281
-2.602316 -2.559291
-1.5391686 -2.230127
-2.0723019 -2.708065
-2.7738087 -1.5414205
-0.7560125 -2.5903676
-2.3325005 -2.505068
-2.4234946 -2.7143497
0.61059046 -2.3229856
-1.3476392 -2.292084
-2.6628962 -1.7091959
-3.0489614 -2.4316418
-4.1482477 -1.9322753
-1.5902517 -3.6972008
-2.8052714 -2.793147
-2.4442723 -2.1863837
-2.343564 -1.295358
-3.1894624 -1.0892191
-0.87574166 -1.152547
-1.8979065 -1.0972447
-3.2230506 -2.9183118
-1.1142921 -1.6851377
-2.5855794 -1.4679668
-1.8174486 -1.1457562
-0.8989811 -4.0677137
-2.0981653 -3.0501444
-1.9629633 -2.6073816
-2.2509897 -0.96382695
-1.2840363 -4.0043936
-2.6491814 -2.4296453
-1.150647 -3.890432
-3.172704 -1.3164849
-1.8244864 -2.550304
-3.1891847 -1.5872838
-3.6827242 -2.1282747
-1.2950665 -2.9630485
-3.656218 -2.279336
-1.9141927 -2.67812
-1.2708199 -1.655473
-1.1010643 -3.1828763
-1.9054021 -2.4009929
-3.3242278 -1.9429584
-0.12812021 -2.4906607
-1.5175017 -2.1903005
-1.0261345 -0.877414
-0.8925321 -1.2373583
-1.807234 -3.0608456
0.40942162 -3.2408216
-2.3222082 -2.0686991
-1.0243943 -1.4878814
-3.3373377 -3.351017
-0.6068328 -4.111423
-1.4018681 -3.647433
-3.430508 -2.4238179
0.044182643 -2.9022377
-2.9196775 -2.3684282
-2.1758342 -1.3843234
-1.3684868 -2.3249214
-2.6073952 -2.2901502
-1.8425391 -1.2962236
-2.0949752 -1.1774786
-1.0339892 -4.548707
-2.2303696 -2.4009988
-2.6129024 -2.6442082
-0.75894207 -3.0006733
-1.7243514 -1.3836637
-3.174394 -2.3368537
-0.6570268 -1.8466456
-2.443617 -0.92546755
-1.2713819 -2.4611495
-0.77088743 -2.9104044
-2.1183295 -2.8891306
-3.3767045 -2.5604708
-0.95676684 -2.2837763
0.36579502 -2.9243312
-2.8265383 -1.5283678
-4.30708 -2.2931552
-3.1327405 -2.5049973
-0.46772724 -2.8192668
-1.6363399 -3.3722787
-2.704519 -1.1055541
-0.025245443 -4.034792
-3.0125656 -1.9346683
-2.0512052 -2.523703
-3.2513447 -1.3001044
-2.7142997 -1.5517881
-1.8451416 -1.7527676
-2.909972 -1.198499
-2.3603516 -2.3107617
-2.1696537 -0.80397385
-2.85007 -1.9719758
-0.5994348 -3.1705427
-0.68912435 -2.9153066
-1.642454 -3.2179577
-1.61457 -1.6616201
-1.759823 -1.9544106
-1.5655668 -3.1750288
-3.239525 -2.1496184
-3.5922668 -2.7362072
-1.3247433 -1.9187186
-3.0164015 -1.9783511
-2.1884468 -1.2678714
-2.6594558 -2.2537901
-1.1423898 -0.8106682
0.15166374 -2.1704292
-2.9789224 -2.5143657
-1.5709635 -1.3276975
-2.2297153 -1.3258734
-2.684126 -1.7547848
-2.9743636 -1.6773956
-2.012755 -1.7463071
-2.988583 -1.9364116
-3.0561166 -0.9308527
-4.235267 -4.6041775
-2.049264 -3.9212077
-2.1661339 -1.3713276
-1.3839395 -3.2975447
-0.80202127 -2.4362044
-3.9007304 -1.180311
-3.527444 -1.6942635
-2.8414316 -2.7304025
-0.68768436 -4.0602217
-0.72637427 -1.0996277
-0.9275712 -4.0751667
-2.5003495 -2.190695
-2.4610777 -2.1056747
-2.7784417 -2.4724193
-3.3129783 -2.598613
-2.1281233 -2.4866738
-1.7808304 -0.8022242
-4.148586 -2.103421
-1.0758189 -2.2643933
-0.022434413 -1.8103006
-3.5114655 -1.5065284
-0.33852577 -4.418545
-2.9762945 -2.5395007
-3.2766297 -1.4022579
-0.76527715 -1.4785593
-0.99632454 -2.2305133
-1.0629958 -4.0147963
-0.52977276 -1.9947982
-2.8961911 -2.3952816
-1.1335301 -1.0106212
-1.7107867 -2.01302
-0.8833009 -2.2722342
-1.3622558 -2.0440593
-2.67757 -2.378925
-1.4726713 -2.457258
-0.9111486 -3.0849593
-1.5699478 -3.425901
-4.0191 -1.3412724
-3.836742 -1.3242102
-2.2674892 -1.239027
-2.9676685 -1.6983633
-2.1641421 -1.1939948
-2.9997272 -1.9936266
-1.489951 -1.9681118
-1.6023381 -3.2979429
-2.4903765 -1.5559018
-3.3416002 -1.7590263
-3.4178293 -1.0117638
-1.3624535 -2.296405
-3.2974486 -3.0762057
-2.1557639 -2.299606
-1.6031722 -2.3871431
-1.1596141 -3.5220819
-2.703722 -1.5930781
-2.9862494 -1.1702442
-3.5416687 -1.299171
-3.846036 -3.0519242
-1.8600652 -1.8703909
-3.0913308 -1.0477164
-2.489293 -1.4785893
-3.0320506 -1.0750158
-1.4608083 -3.4668417
-2.228175 -2.0205235
-1.4436114 -2.8379495
-2.156362 -1.1708356
-3.0611787 -4.4065466
-2.1937873 -0.77548516
-2.6018217 -1.5939331
-2.020319 -2.123994
-0.5341627 -2.7930088
-2.236791 -3.046942
-4.0123672 -2.217551
-2.768139 -1.469414
-2.2910118 -0.26455826
-2.9632373 -3.1781628
-0.8624987 -2.3665726
-1.8627677 -3.4236245
-3.049124 -1.1247376
-1.6814013 -1.9125991
-2.712136 -2.1562438
-2.2973976 -1.1457953
-1.9593849 -1.6307716
-1.914472 -3.0632594
0.28304493 -3.2550642
-0.85999244 -2.9370835
-2.4222913 -2.5001376
-3.411081 -1.293308
-1.8951774 -2.3946335
-0.34166688 -2.5476768
-2.0677962 -2.6514132
-2.6510005 -2.678457
-0.8745582 -0.99703825
-3.4525065 -2.3944073
-2.0461314 -3.2585459
-1.7200135 -2.861332
-1.5477084 -3.10233
-1.3349035 -1.9292171
-2.4891682 -4.184342
-1.3664287 -2.700116
-3.8701487 -3.337679
-2.422859 -0.93737614
-2.935652 -1.3107519
-1.4716657 -2.7018478
-2.6763535 -2.3858485
-1.7503041 -2.302153
-1.6306167 -3.1951666
-0.040012226 -1.7847102
-2.1055815 -0.756345
-2.7397242 -2.5400796
-1.8611583 -1.4617004
-2.1328964 -2.2230406
-0.6374293 -2.490034
-2.2217903 -3.030812
-1.9585164 -2.8682675
-2.8078175 -2.9822714
-3.2153468 -2.5753193
-0.9333857 -3.1016915
-0.39395124 -3.708641
-0.071414724 -3.4621303
-1.3068397 -2.2920938
-3.5132256 -2.847758
-0.26550612 -3.5362775
-2.6406412 -3.0014207
-2.17702 -1.8210583
-3.5966337 -2.5362139
-2.7037184 -1.5628636
-3.2019422 -3.0637968
-0.9330857 -4.0371003
-3.6672018 -1.9646399
-0.37342164 -3.325465
-3.294084 -1.4353671
-3.0061257 -1.6075451
-1.9353796 -2.310349
-3.8309708 -1.5536172
-1.1014742 -1.6166339
-1.7763158 -2.726243
-2.051379 -1.5377071
-2.2108805 -3.5232182
-1.3033934 -3.4350047
-2.9859602 -3.0193236
-0.8979218 -2.6496854
-1.9817414 -2.6019897
-1.1629857 -1.3066008
-3.0313013 -2.5984144
-0.46494487 -1.8648236
-0.911084 -2.60326
-1.9439824 -1.8669097
-2.5405393 -1.7002001
-2.0090873 -2.7692747
-3.5159855 -1.8059814
-2.1763191 -2.9796247
-0.15696433 -3.8791943
-1.8093159 -2.0372438
-2.4519954 -2.108072
-3.4613562 -1.6325209
-2.6331956 -0.37134072
-3.4101214 -1.0665464
-1.7689154 -1.4122097
-1.5546732 -1.7097566
-2.1776834 -1.9791725
-1.75304 -3.4511926
-0.99529886 -1.8301806
-1.6279973 -3.017865
-0.30020335 -3.9243805
-2.5539618 -1.9647655
-2.7327504 -2.268595
-2.3862069 -1.3122287
-1.6262296 -2.7129245
-1.7616864 -2.237999
-2.8205652 -1.4151037
-1.8836789 -2.518401
-2.2582839 -1.0644355
-1.7431147 -1.6382113
-2.816128 -2.0903614
-2.3546226 -2.6161404
0.14908491 -4.0634766
-2.0367906 -2.8833544
-2.1830926 -2.80305
-2.1330533 -2.1807163
-2.0002375 -2.480414
-1.2479047 -2.0224285
-1.3834739 -3.164902
-2.5895483 -1.8969259
-2.709004 -2.023719
0.33357292 -2.1610737
-1.5717349 -2.7141573
-3.059737 -1.3986759
-2.198694 -1.9800191
-1.6004558 -2.228508
-1.9059993 -1.8899741
-2.7120142 -2.8810406
-0.9406014 -2.8896391
-2.6863937 -0.56276965
-2.5358784 -2.1357694
-1.071184 -1.3582587
-1.2173187 -3.1162248
-0.9295105 -2.016893
-2.7423594 -2.084199
-1.3762228 -2.5229182
-2.639768 -1.1885977
-1.7407192 -1.8694472
-3.203813 -2.2331748
-0.8310679 -4.2154512
-3.120589 -1.5432398
-2.2796688 -2.2824466
-1.9364897 -2.8815258
-2.7928987 -1.4099123
-1.0974141 -2.8713403
-3.0485156 -1.8939607
-0.8789971 -4.008928
-0.33751532 -2.5513322
-1.8025475 -1.628995
-3.7904341 -1.6386428
-1.9852902 -1.736263
-2.0785506 -0.81504524
-3.9228318 -2.7287004
-2.213684 -2.0001776
-1.825782 -2.833736
-1.3168888 -3.063747
-1.8389077 -1.8369949
-1.4811194 -0.17962554
-3.4864852 -1.6801732
-2.6803753 -2.705483
-2.2035208 -2.6912892
-1.6748092 -1.2876883
-2.2388096 -0.81483865
-3.090514 -1.4576926
-3.0236769 -1.486157
-3.499474 -2.3651075
-2.0641377 -1.0753368
-1.2845165 -2.350371
-2.0133169 -2.5412521
-1.4075013 -3.124261
-1.2582835 -2.913308
-1.4238883 -2.6425238
-1.143497 -1.5114982
-1.9140282 -2.2280571
-1.4814777 -4.0465565
-1.3081979 -1.2674663
-1.7266847 -2.1135585
-1.1112913 -2.246889
-3.3281415 -1.3671587
-0.9234698 -2.0480094
-0.97687197 -3.5140953
-3.1354814 -1.9589508
-0.932293 -3.0336528
-1.2549056 -1.1812711
-3.2951412 -1.7078841
-0.58324987 -2.0450964
-2.3752759 -2.2732673
-1.303782 -1.9479711
-1.9945174 -2.6991558
-1.4628334 -2.8273687
-2.3507566 -2.3025992
-2.0620353 -2.0349214
-2.2767358 -1.5293896
-1.5613705 -2.8749557
-1.0337356 -3.6418278
-3.3729825 -2.5054064
-2.27341 -3.4169724
-3.1291697 -2.5882149
-0.72004926 -1.353029
-3.2326853 -2.5193558
-1.6421537 -2.0426927
-3.4203217 -1.928575
-1.8678627 -2.4818966
-1.4721476 -2.0549111
-1.2399316 -3.1570215
-1.8058293 -1.5314994
-1.598972 -1.766582
-2.4260714 -1.6996031
-1.513075 -2.9614532
-2.6241262 -2.0379746
-3.2943008 -2.258894
-2.0913262 -3.409471
-2.0879822 -2.858156
-3.0370214 -1.0822225
-1.014021 -2.3779597
-0.672566 -1.9723303
-1.5914094 -0.84921277
-2.5461903 -1.3950071
-2.289184 -1.4516263
-0.20580414 -2.8464909
-3.3671901 -1.2170417
-0.97100747 -2.2559123
-0.6322561 -3.181633
-2.5633519 -2.3262177
-1.7616873 -4.9008965
-2.1642292 -1.2676058
-2.3701115 -2.0833616
-2.7697928 -2.1594646
-2.8814678 -3.7244174
-0.28673798 -1.3377554
-2.0768197 -2.9725409
-1.894304 -1.9949396
-2.8011353 -1.3215625
-2.389993 -4.116619
-0.10724077 -3.4962544
-0.569537 -2.5832427
-1.7309663 -3.797747
-1.9960032 -2.3077128
-2.5378683 -2.1249363
-1.751933 -0.9811244
-2.9147093 -1.2933226
-2.5907376 -1.9357159
-2.4340415 -1.6546717
-1.4199225 -3.64558
-2.5334506 -0.82069916
-1.5376495 -2.8549452
-1.984725 -2.9458013
-2.7545 -1.3654156
-1.9713211 -2.6140122
-0.85572547 -2.8425448
-0.43103582 -3.167495
-0.8641369 -2.3830254
-3.02537 -1.9423647
-2.1015687 -2.1470354
-2.3844004 -2.4761105
-1.7674842 -1.7473629
-0.19933924 -2.8968172
-1.5741843 -1.9554961
-0.9410882 -2.1566942
-1.2738603 -3.4122007
0.23780002 -2.2136514
-1.7465259 -1.8061581
-1.8892117 -4.4588003
-1.142775 -3.4123244
-2.7900567 -2.4628925
-2.265767 -1.8926818
-2.956828 -2.6492503
-1.7860978 -3.245807
-2.183333 -1.2986698
-2.7869673 -2.465624
-2.1959565 -2.985284
-1.0685971 -2.2575755
-3.1944857 -2.0879712
-2.6821156 -1.4660561
-3.4611797 -1.8302772
0.15774582 -1.5352716
-1.4921708 -1.3132238
-1.4325179 -2.9218829
-3.4147093 -1.4691889
-1.6912205 -2.250163
-3.3908193 -2.24599
-0.9893831 -3.1251507
-2.5606673 -2.028188
-1.1252661 -3.1755607
-1.2812407 -0.98916966
-1.1881248 -2.463574
-3.223072 -2.3149545
-3.503995 -0.9407849
-1.2588087 -3.4199069
-2.3659694 -2.3506813
-2.084447 -0.61563873
-1.4063256 -3.1484954
-1.921019 -2.7349823
-1.0428773 -3.8721218
-1.6034117 -1.4289682
-2.4946263 -1.9977508
-2.891719 -1.2565637
-1.7292389 -1.8160048
-2.7832704 -2.0462537
-2.6538198 -2.0914989
-2.4594858 -2.344919
-1.8889138 -3.2389405
-1.9675419 -2.5329347
-4.3768883 -2.5789108
-0.33432475 -2.4547632
-3.0137117 -1.1769503
-3.5559669 -1.3616457
-2.5645676 -2.712881
-3.1213338 -1.7013085
-2.316462 -2.6052449
-2.267232 -1.3188052
-1.3593713 -2.2745097
-2.4324267 -1.9557872
-2.7156222 -1.2862809
-2.2198176 -2.0353432
-2.984435 -1.9580305
-2.029319 -1.2614684
-2.8618655 -1.1916751
-1.7454159 -1.9506736
-2.2998238 -1.4191108
-2.9929786 -2.1760836
-3.4769475 -2.3794446
-2.2601335 -1.1069564
-2.7256734 -2.2827582
-3.0442483 -1.9850447
-2.7136033 -3.1095853
-2.549095 -0.859889
-2.5398636 -2.2490063
0.15378381 -2.0011568
-2.0230808 -2.282405
-1.4294763 -1.9984562
-2.3473306 -2.5703676
-0.9193263 -3.9488344
-2.6642795 -4.2773223
-3.5902085 -2.1531672
-2.7550194 -1.4609537
-2.8389494 -1.3626785
-1.2281599 -3.1698523
-1.9608253 -1.0151513
-2.9214363 -1.5752761
-1.053437 -3.2906165
-1.2852111 -2.0986826
-1.2913667 -2.6838808
-2.0994847 -1.8417766
0.60834676 -2.8239682
-1.6780636 -2.7386174
-3.6425562 -1.7984424
-2.6545117 -2.1755915
-2.1381834 -2.6404052
-3.4592836 -2.048145
-2.1697433 -2.3807478
-1.3612192 -2.9361355
-1.3879445 -3.95977
-2.4259043 -0.6247803
-2.43131 -2.9570158
0.010469958 -1.1369996
-1.3172231 -2.093833
-3.4907005 -3.6135638
-0.8879304 -3.1730115
-0.0012230277 -3.3872945
-1.5162177 -3.969898
-1.2070911 -1.1803024
-1.5207042 -2.3146865
-1.4733214 -1.1739912
-2.6769269 -1.858098
-0.3891229 -3.1813307
-3.3014686 -1.8973174
-2.2477946 -2.9943857
-1.9235256 -1.6038964
-1.3633933 -4.0833387
-2.7599854 -2.8330598
-1.8911306 -0.9491685
-2.7898774 -1.7944996
-2.7648337 -2.7440279
-2.4409368 -2.2263687
-3.1371782 -3.615855
0.32356012 -3.0100284
-1.407959 -1.3427722
-3.0210793 -0.9141634
-1.8065313 -1.8922937
-1.7964956 -0.61173224
-2.0424397 -1.8108184
-0.8893854 -2.5831904
-0.93222255 -1.5539739
0.33220428 -2.690964
-0.92474407 -3.625837
-3.551073 -1.4420094
-2.3782897 -1.1400859
-2.850823 -1.4482474
-2.0899205 -3.6120796
-1.8379592 -0.117681794
-2.4261332 -1.8645604
-3.8035471 -2.6851947
0.384452 -2.4229245
-1.5631056 -1.435683
-2.8377616 -2.587439
-2.001918 -3.508827
-3.1203306 -2.8770568
-0.38572997 -4.1085525
-1.461867 -3.7632349
-2.256408 -2.3439572
-3.3337865 -1.7884655
-2.9035313 -1.5456288
-0.4731202 -1.6601756
-3.0413024 -3.3395731
-0.95669466 -3.656989
-1.3701361 -1.9646556
-1.6413146 -1.1750648
-2.7579987 -1.9042933
-1.3677192 -1.4803622
-0.009515971 -3.6729543
-3.5869668 -2.6892138
-1.2577523 -1.3786247
-2.2273884 -1.811549
-2.813811 -1.4433165
-1.4980725 -2.2554953
-2.459448 -1.7816174
-3.5340056 -1.4322832
-1.3999292 -3.0190852
-1.6379346 -2.0407565
-2.4227993 -2.857681
-1.5275676 -3.5550625
-1.9564668 -2.063743
-0.02488567 -1.9309683
-2.8056786 -2.2855692
-2.7258506 -2.1854794
-2.8884997 -1.9561796
-2.4832015 -1.799079
-0.79766494 -2.800155
-0.95737785 -2.3584154
-3.499987 -2.1706939
-2.6568384 -2.7577047
-2.0765827 -1.6032255
-2.6084805 -1.4116826
-0.7525233 -3.4466782
-3.048306 -0.98463637
-0.5748552 -4.213874
-2.9493778 -1.0970163
-1.151561 -3.8541665
-2.467256 -2.983942
0.019064024 -4.6164913
-2.7393565 -1.427316
-1.738295 -3.423727
-1.8862877 -1.6723263
-2.7561083 -1.0825908
-2.5290384 -2.8027365
-2.4005406 -3.068968
-3.9933257 -2.3318117
-2.7628493 -0.6355616
-3.9440246 -2.2661958
-1.0558537 -3.935751
0.5698229 -1.841537
-0.5725947 -1.3277903
-2.386911 -1.840883
-0.5974749 -3.160688
-1.0309681 -3.4689178
-2.527364 -1.5847387
-1.7193675 -2.2949204
-2.4750242 -2.6046002
-1.8047557 -1.8947916
-2.3719265 -1.3066456
-3.327621 -2.3724046
-3.7181165 -1.697351
-2.5086432 -2.2271397
-1.2898442 -3.1831508
-1.5984368 -0.68607724
-2.5288136 -2.1870503
-3.6557577 -2.6866062
-1.7940812 -2.6354265
-2.2210455 -1.5963717
-3.1850717 -4.206528
-3.5481813 -2.0375178
-1.6927576 -2.984186
-3.5151205 -2.2999265
-3.4440405 -2.3697925
-2.0843828 -2.1143918
-1.4314233 -1.4553928
-1.270665 -3.4247177
-3.7263992 -1.8444507
-2.5085695 -1.3680222
-2.9328487 -1.4290371
-1.0255685 -2.6163197
-1.6436921 -2.7151928
-2.1896834 -2.7602866
-0.83294654 -3.0927243
-2.0857117 -3.0087798
-1.8361322 -2.8915813
-2.4826605 -2.2975588
-2.894725 -2.5374374
-1.7357637 -2.1632617
-2.8243113 -0.8328976
0.17071606 -1.2639346
-2.7397375 -1.8835759
-1.5182793 -2.9494739
-1.1773821 -1.8484988
-1.1259327 -3.5286765
-2.396685 -2.740998
-0.60170645 -3.6972551
-3.2723863 -2.0888355
-3.2179756 -2.5230348
-1.992546 -0.87237
-2.8921726 -1.8402271
-2.5416348 -2.033982
-2.8523543 -2.4434125
-1.3973587 -2.1497152
-2.9949605 -2.5544417
-1.6273421 -1.5567338
-1.84902 -2.8785005
-3.4459338 -2.436961
-2.4474053 -1.1993963
-1.8112006 -2.5556426
-3.6952267 -2.381947
-3.0502133 -1.3442836
-1.0638943 -2.3118205
-3.1989152 -3.3177009
-2.3065698 -2.392996
-3.2105837 -1.4196215
-1.2446871 -3.163132
-1.5537773 -4.1163826
-2.3637817 -2.0067415
-3.469834 -2.2900372
-3.0240035 -0.9013636
-3.3319573 -2.0037022
-0.118568406 -2.575386
-1.7461673 -1.4331436
-2.1193056 -3.0879219
-1.5092257 -2.3085241
-2.9842033 -2.0588088
-1.7152888 -0.84634346
-0.741216 -0.63799125
-2.887326 -2.7406106
-1.4979709 -3.412375
-1.3957074 -2.4952595
-2.9752824 -2.4344208
-3.619762 -2.4994931
-1.6412845 -2.7674541
-0.820148 -1.7038224
-2.3810287 -2.1537175
-2.4366128 -2.6242409
-3.4737456 -1.3765085
-1.8720372 -1.8213737
-1.556913 -2.7504146
-4.0181446 -1.7622356
-0.9622859 -0.86362183
-2.6983695 -1.9812
-0.6752244 -3.1392121
-0.9192121 -1.5571368
-1.5648524 -1.2726018
-1.0104918 -2.1092873
-2.556413 -1.0505345
-1.6072316 -1.6113429
-2.18319 -1.0423961
-3.1977243 -1.8731451
-1.9879602 -2.129521
-1.9448762 -1.6946833
-3.1910055 -1.3320498
0.14150603 -3.3008635
-3.0624979 -1.9497604
-1.7239884 -2.9879498
-2.5222378 -2.458046
-3.503032 -1.3270965
-3.2586117 -1.7151158
-1.9210523 -1.1091821
-2.3540657 -2.393944
-3.7530396 -3.2637787
-2.9926548 -0.7938565
-2.7043264 -2.7136004
-1.5978622 -2.510336
-1.1787564 -1.3842459
-0.5371882 -1.8823335
-1.6386621 -1.5728083
-2.7318754 -2.6319914
-2.1904917 -1.9696143
-1.4760807 -3.5508637
-1.3686973 -3.5285175
-1.1150266 -0.6125208
-0.6740281 -1.7675769
-1.7596977 -2.8909285
-2.5940583 -1.9228697
-0.89994663 -3.594417
-2.7606797 -2.3287785
-2.2965662 -1.3212531
-2.3625984 -2.9015634
-2.10814 -0.91548705
-3.6713746 -1.893857
-0.9100514 -3.1487842
-2.204396 -2.199301
-2.4691584 -2.7409005
-3.7742195 -1.7993693
-2.9634678 -1.3766458
-1.4448401 -1.4490099
-2.902608 -2.0740874
-3.34482 -1.5601771
-2.7304614 -3.3379028
-2.1236935 -2.248569
-2.3212366 -1.747637
-2.6835136 -2.7114835
-2.752183 -0.42368305
-3.0042877 -0.16238844
-1.9654341 -3.233433
-3.5059063 -1.7208011
-1.436397 -3.8523574
-1.4099938 -4.194607
-2.1748297 -2.0911536
-1.3091013 -2.8553991
-0.29840067 -2.9030817
-3.0352833 -0.7885933
-0.9459393 -2.6716106
-3.9665663 -2.863735
-1.5144134 -2.9111602
-0.57225114 -1.6497242
-1.8787975 -1.4724941
-0.73085934 -1.350508
-0.8519443 -3.1394048
-1.4034122 -1.8562715
-3.504808 -1.1548193
-1.5389028 -3.2347612
-2.1854348 -5.0156465
-3.4026883 -1.8686888
-2.9689734 -3.4816787
-1.3488462 -2.1910415
-2.360677 -3.673908
-3.5061812 -5.0060325
-1.2106537 -2.7416065
0.05977957 -1.3651338
-3.7655425 -2.2956045
-3.3443072 -2.985925
-0.87117636 -1.971129
-2.9007173 -1.3701041
-2.7085493 -2.5794063
-2.2098298 -2.5637984
-2.0635273 -2.602232
-1.249489 -2.125452
-2.332304 -2.0553763
-1.7955415 -1.9986601
-2.0192847 -2.8749814
-3.7902272 -1.0551124
-1.6349308 -2.848991
-2.2968876 -1.0238028
-1.3301903 -2.3464067
-3.3566504 -1.4801111
-1.8125938 -3.5212169
0.17685212 -2.5621512
-1.0949744 -1.8865483
-0.763069 -2.5532243
-1.301837 -1.9002197
-0.8080514 -3.3280296
-2.729324 -1.7792969
-0.6633728 -2.0860069
-0.14535406 -3.0102718
-2.240895 -2.282089
-2.1731875 -2.4401839
-3.0258808 -1.7483735
-1.7466702 -1.6530442
-1.2625188 -1.5970178
-0.38899302 -3.5317767
-1.6441514 -2.039503
-1.5609124 -1.2696023
-3.6748967 -1.5687973
-2.5839937 -1.1444812
-2.7414758 -1.360461
-2.418529 -1.9397037
-2.0181863 -1.6225865
-2.2140439 -2.5069082
-2.5354853 -3.0069187
-3.0192993 -1.2424407
-2.086241 -1.3965003
-2.6462374 -1.9793386
0.117880926 -1.8250566
-1.124978 -2.6749954
-2.5594661 -0.7978069
-2.7908764 -1.9835188
-0.29278082 -4.2346325
-1.9452897 -2.577604
-1.8387167 -1.4820147
-3.0466695 -1.646662
-1.4677877 -2.3229046
-2.9339645 -2.2026536
-2.0980458 -2.6344423
-3.368923 -1.0758574
-1.6137766 -2.9608862
-2.6083138 -2.6337235
-1.948428 -2.5302432
-1.6067685 -3.3529086
-3.1103191 -1.2842588
-2.967448 -1.9574935
-1.5766761 -3.582112
-1.5681565 -1.4818056
-3.173361 -2.8658485
-3.412901 -1.3374081
-3.4600694 -2.2115052
-1.8435816 -1.944617
-0.53737295 -1.2665365
-1.6691679 -1.9425044
-2.926432 -3.778294
-4.2904797 -2.5918133
-1.5399216 -1.8262022
-3.0745091 -1.6186838
-0.98130363 -4.552194
-3.2374594 -1.4067762
-2.5808644 -2.0687528
-0.90070325 -1.0696142
-3.2708414 -1.8965175
-1.4633365 -2.5483966
-2.611294 -2.337605
-0.35560024 -1.555939
-1.6423489 -1.961453
-3.0948858 -2.1839852
-3.2624226 -1.3834882
-2.989097 -1.8144715
-2.006355 -1.2367625
-2.087655 -1.843329
-2.5614696 -1.1746438
-3.386046 -2.7425113
-3.3730013 -2.383537
-1.3099079 -3.8828878
-2.966122 -4.1365542
-3.2934387 -3.4153006
-2.5490787 -1.4596622
-2.2553654 -2.8678098
-3.483495 -0.9197317
-0.2604813 -3.5080943
-1.2160288 -2.934915
-2.7452352 -2.309993
-2.7430084 -1.8000705
-0.111477956 -2.8337755
-0.6198523 -1.8787472
-3.3720262 -2.0329878
-2.982811 -1.380116
-3.4567251 -1.7650471
-1.1332843 -1.3723671
-1.5418454 -2.0138721
-4.2700214 -2.1303613
0.33096212 -3.487028
-4.270925 -2.3408718
-0.9362178 -3.088759
-0.8765007 -2.1887178
-2.1518276 -1.3903451
-1.2263168 -1.877696
-3.7128508 -1.5100598
-2.172433 -0.84002876
-1.6182617 -2.8863285
-2.6220062 -1.9098251
-3.225254 -3.2160983
-1.7523249 -2.2864122
-1.544025 -2.6217773
-0.7877114 -3.0649703
-1.9970298 -3.2043386
-2.8960962 -2.251084
-0.6353249 -2.0917737
-1.7292826 -2.5621655
-3.0010698 -2.4997056
-2.165845 -3.6216075
-0.32224435 -2.4450314
-1.4406949 -2.2763038
-2.885755 -1.0998998
-2.8721256 -2.331821
-2.376391 -2.429619
-2.185485 -1.0492656
-3.0337818 -0.95419186
-3.2531254 -1.5814149
-1.3364459 -1.8842957
-1.1741023 -1.4839547
-3.2226589 -1.8041999
-2.4730308 -2.1946542
-2.3369348 -1.1172304
-3.1918035 -1.824053
-1.4731034 -2.1579993
-1.5183704 -3.2967505
-0.0021152198 -3.5436618
-3.0430298 -2.052674
-0.80558366 -2.3298795
-2.0964224 -2.38993
-1.8241597 -1.9779243
-1.7756951 -2.42918
-2.1287463 -1.0424218
-3.205692 -1.7551265
-1.7944618 -2.4023006
-3.144445 -2.0297356
-2.045872 -2.258875
-2.1425734 -2.5471954
-2.5111034 -3.0847034
-2.5634758 -3.0219567
-1.0667205 -2.974803
-1.2070146 -2.1460369
-3.4266963 -2.2076886
-2.5638492 -1.2576373
-1.3974062 -1.8176484
-1.9112384 -1.1973921
-2.0554736 -2.755022
-3.0060332 -3.0863204
-2.411542 -2.547694
-1.5883297 -3.0088031
-1.3615375 -3.117281
-1.9834448 -3.6628113
-1.421164 -2.8485937
-2.2555485 -2.7040286
-1.6495365 -2.258958
-3.3669157 -2.4139569
-1.116968 -3.0034902
-2.0551062 -0.8373731
-0.73966223 -4.6084
-2.1066456 -1.1909337
-0.1849486 -4.1651254
-3.5291023 -2.277483
-1.6678662 -2.2812986
-3.1510878 -1.904846
-2.7032003 -1.7950227
-1.7863575 -2.310785
-3.1407716 -2.3787282
-1.5702525 -3.0731382
-1.4528012 -3.2712204
-1.7691131 -1.8232296
-3.332303 -1.5375533
-2.0845041 -3.0244474
-2.633446 -1.7776451
-1.8110278 -1.5557888
-3.2316039 -1.4280524
-3.0987208 -2.369387
-2.041552 -1.3647368
0.056960866 -3.3910086
-1.4534419 -3.5814922
-2.8794038 -3.7774923
-2.788124 -3.425736
-3.0021994 -1.6491432
-1.1500654 -3.2430546
-2.9315002 -2.6833687
-1.1907777 -2.342281
-1.7160726 -1.858573
-2.2196538 -3.4779284
-2.1004508 -1.6668432
-0.9778482 -2.208097
-2.5628457 -2.4498699
-1.7309133 -1.2070298
-2.6247172 -2.3659263
-2.844271 -2.198723
-1.8393909 -2.4752004
-2.7910862 -2.1586568
-0.19941017 -3.7070642
0.30246288 -3.4152281
-2.88545 -3.093766
-2.3538136 -2.0767298
-0.9944013 -1.8723233
-3.6894648 -2.382589
-0.61846554 -1.957211
-1.8276691 -0.98728585
-3.4950619 -2.1961815
-1.8400652 -1.8193734
-2.7101605 -1.5976708
-1.2166244 -2.80862
-2.2182338 -3.272757
-0.95527047 -3.2577124
-1.4230556 -2.566209
-2.3970425 -2.3625734
-0.7973245 -2.0181167
-2.6403084 -1.8636267
-2.7596283 -2.2891111
-2.2249312 -1.6986349
-2.4748254 -2.323234
0.25622064 -2.6439996
-2.2019393 -1.7436285
-1.0948187 -3.0902581
-1.937047 -2.4986637
-0.21954308 -1.8637588
-1.1536096 -3.2561297
-2.0497456 -1.4620628
-2.24202 -2.093712
-2.731386 -1.617027
-2.8237996 -1.7780759
-2.6955738 -3.3751154
-0.18236059 -3.5062554
-2.5654316 -1.9425457
-1.3449237 -2.8573234
-2.0228012 -2.196925
-1.3143722 -0.49505657
-3.2902517 -2.3397048
-1.1288894 -1.572429
-2.037053 -3.1363978
-1.2103769 -1.8013923
-0.50048274 -1.9980443
-1.545243 -1.3186481
-1.7809637 -2.291697
-2.3609123 -2.0046587
-0.87634087 -2.8326359
-2.2214274 -2.0821378
-0.69087654 -3.586065
-1.5896908 -2.224874
-2.7957354 -1.8918092
-1.459785 -1.6016479
-0.6215671 -1.848572
-0.10753791 -1.9493248
-1.1388605 -1.0807586
-1.5538969 -3.4528599
-3.0220094 -0.63697314
-0.7889547 -2.0060806
-0.81067806 -1.8725357
-2.7338884 -2.2560976
-1.8765671 -0.90893173
-3.7181408 -2.9792995
-2.2498884 -2.4374952
-1.4151642 -4.025322
-0.6213942 -3.3929892
-1.3060201 -3.0243027
-1.2337 -1.7268281
-2.4396255 -1.4595423
-1.2962363 -2.7239237
-0.99984956 -3.2227159
-2.4086506 -1.3474512
-0.8661692 -3.5167284
-3.296101 -2.7999413
-2.4309285 -3.1445248
-1.2967625 -2.8421543
-3.8444147 -2.0816197
-2.457195 -0.96682185
0.36297053 -3.1052158
-3.59476 -2.136097
-2.1723309 -2.287927
-1.8718053 -1.571594
-3.024402 -2.6101434
-2.1425579 -2.2166696
-2.9388552 -2.030413
-2.653132 -0.72607964
-3.3885362 -1.9565234
-2.078752 -1.8525665
-3.752892 -3.0886936
-1.9656011 -1.9782445
-1.3922716 -2.8755538
-2.427906 -1.9046082
-1.6513937 -1.0291975
-1.9398648 -1.9594114
-1.4750549 -2.6740198
-1.7962294 -3.070399
-1.0365756 -4.352401
-1.5662986 -2.9423594
-2.0371888 -2.5511634
-0.32382506 -2.9338655
-3.3174798 -1.2065854
-1.999036 -2.177311
-1.6446998 -2.2861319
-2.6620169 -2.358304
-0.09401046 -1.2605298
-3.3181458 -1.9901359
-2.538679 -2.9309876
-0.61788857 -3.2948964
-2.2538977 -1.5425034
-2.640408 -1.5215628
-3.5592034 -2.9552622
-1.1521565 -3.3908217
-1.4544019 -3.1132557
-3.4370947 -1.381115
-1.6934048 -1.2191536
-0.8424334 -2.7226818
-1.1473019 -3.1383617
-1.6894841 -1.998286
-1.7383156 -1.4596756
-1.2886248 -2.5017004
-1.7286835 -4.6125555
-3.522987 -1.8182356
-1.317792 -2.5164711
-0.42212582 -2.6374457
-1.6994582 -4.3520155
-1.465331 -2.3382215
-1.5329882 -1.4010544
-1.6658607 -2.4557366
-2.6155832 -1.3122561
-1.4093424 -1.0909166
-2.929052 -1.3714724
-3.0778506 -4.150546
-0.47183853 -1.9431145
-1.3824674 -2.6028984
-1.7436761 -3.5356116
-2.6880212 -2.6741993
-0.46577734 -2.9168763
-2.154632 -1.3620646
-3.073828 -0.4827478
-3.1688662 -2.227929
-1.3457029 -2.723388
-3.1020901 -2.7324328
-3.6579895 -2.3721418
-2.1076066 -2.6995587
-1.8583083 -0.9270135
-3.4791675 -2.896694
-2.2355142 -1.6545126
1.2227523 -2.2731032
-3.1779938 -2.1233335
-2.6775723 -1.5192659
-1.2755077 -3.067543
-3.6801286 -2.9990933
-2.8390386 -2.4824314
-3.4534335 -1.5077853
-3.7522109 -1.2921023
-1.2292178 -2.335265
-1.9439524 -3.0209188
-2.1885967 -2.7876573
-3.1310983 -2.9634764
-2.62431 -1.6744387
-2.957953 -1.1364292
-1.1099737 -2.2927556
-2.281129 -2.420313
-1.2038273 -2.0637596
-1.3435514 -2.3957052
-1.6409836 -2.697956
-1.1469169 -2.4835258
-2.7941647 -2.93918
-1.7049899 -2.4036694
-3.1103144 -2.2234912
-3.9345548 -2.3239949
-3.5136328 -2.1992886
-2.7193408 -1.5528369
-1.7069937 -3.003164
-2.7066422 -2.2543907
-3.1506872 -2.3359587
-0.034754425 -2.932842
-3.1772616 -1.9280176
-1.502405 -2.2600665
-3.3131073 -1.715097
-2.3400965 -0.88244396
-1.8657975 -1.4015179
-1.9437901 -2.8376484
-1.0110555 -2.1315038
-2.7238023 -0.7463012
-2.6388159 -2.263963
-3.5784268 -1.9519196
-1.2087331 -2.3724747
-3.2504954 -1.4802394
-2.315715 -2.1714098
-3.5270758 -2.241176
-1.4206883 -1.9196868
-3.0512938 -1.8136213
-2.512193 -1.4999127
-2.132051 -3.7652974
-3.744153 -3.3373785
-1.3487239 -2.3118277
-2.458066 -1.5062134
-1.9932741 -2.0142076
-1.4032208 -1.6504622
-2.8083222 -0.78322756
-2.774946 -4.2005982
-0.942564 -3.997709
-2.7367704 -2.2671962
-3.2133915 -4.4827533
-3.4229674 -2.284625
-1.4768754 -1.505343
-3.4406333 -1.5724618
-2.109927 -1.0479038
-0.679212 -3.0004232
-2.054524 -3.3584173
-1.8431749 -3.1336968
-1.2088382 -1.2927606
-0.9950994 -0.96260965
0.017794535 -2.5436194
-1.8950866 -1.4986191
-2.0768754 -0.8214915
-3.6119163 -2.3786538
-1.7781568 -1.1351708
0.30090517 -1.8993361
-2.7058868 -0.87222624
-1.2511576 -2.2300422
-0.060836688 -1.6050372
-3.6054173 -3.1175902
-1.8289537 -1.3156965
-1.7282696 -2.7300472
-1.5699626 -0.7460309
-0.50430274 -1.4627426
-3.4268394 -1.587985
-3.0719976 -2.0930278
-0.4459233 -2.0683882
-1.7266489 -2.0861063
-1.2105088 -1.9783723
-1.3521075 -1.5950625
-2.246604 -1.8139899
-1.226412 -1.6895208
-3.105902 -2.7215612
-3.1116202 -1.9388115
-1.4206214 -1.6015148
-1.4022367 -1.6934779
-2.6650746 -1.5560045
1.0397877 -1.9974742
-0.7783471 -3.0511804
-2.7791944 -2.9513822
-1.7938527 -2.8926563
-2.9485648 -3.2235205
-1.3434184 -3.2177076
-0.6070759 -3.514427
-3.7086186 -2.0600178
-3.648366 -1.5708675
-1.8784407 -2.4174786
-1.6374468 -2.1058319
-1.1861799 -1.7648771
-0.7722205 -3.8960857
0.2705807 -2.6640725
-1.8359228 -2.161578
-2.8130486 -0.94034266
-2.6590853 -1.6991253
-1.4205269 -3.5018287
-1.9837457 -1.2721479
-1.659257 -1.1763803
-0.6358604 -1.5860367
-1.8630999 -3.1788857
-1.7335905 -2.0476317
-2.4825633 -1.6582553
-1.660221 -3.0031471
-2.9342656 -1.8941615
-2.394689 -2.1374192
-2.6721518 -2.096292
-2.253224 -3.3060598
-3.1355836 -3.1932662
-3.446703 -1.8226125
-3.5915015 -0.8046597
-2.1891737 -1.7191885
-2.938437 -2.3544655
-1.1947435 -2.9236605
-2.2532072 -2.216895
-2.0862439 -2.9246457
-0.74128705 -4.191247
-2.457372 -1.0599089
-2.6834078 -2.2656472
-1.7490853 -1.5661025
-3.532093 -1.9713435
-2.8799968 -1.8891275
-2.4729078 -1.7546022
-3.64396 -2.0947337
-1.6763241 -2.2468042
-2.4027941 -1.8507094
-1.513593 -2.2053137
-1.3480144 -2.3821275
-2.5490782 -2.4903433
-1.895698 -1.519644
-2.0551777 -1.2256693
-2.8372388 -2.719912
-0.32575458 -2.9251144
-2.929944 -1.398783
-2.7403314 -2.5097136
-1.4996606 -3.5021205
-3.0900674 -1.9998977
-2.9732838 -2.2869911
-0.93787056 -2.1181424
-1.8265351 -1.9591541
-2.9724224 -2.5356
-1.7331955 -1.8036847
-1.7932651 -3.4854367
-1.9577125 -2.7092183
-3.7892122 -2.899208
-0.5974258 -2.7694676
-3.4197805 -2.1548426
-4.4552875 -2.306338
-4.185076 -2.6004097
-2.7975588 -1.0688157
-2.1604955 -1.7531378
-0.93412715 -3.8663285
-3.0869627 -1.9231548
-1.8012427 -3.6816692
-1.5208696 -1.8926306
-4.116552 -1.9093127
0.61062497 -1.5178072
-2.3802626 -3.2291286
-2.2160978 -2.4878883
-2.7468557 -1.0743363
-0.42303345 -3.2239952
-2.7558696 -1.4613726
-3.2501335 -3.293782
-2.4518936 -0.99648297
-1.4526452 -1.6566167
-2.647391 -2.0839298
-2.0547957 -2.2423513
-0.21866123 -3.3269763
-1.2740207 -2.6181705
-2.20623 -1.576823
-2.1691587 -2.600292
-1.8360918 -2.6283472
-2.109657 -2.9577875
-2.8146186 -4.213812
-2.2761524 -1.5873158
-1.7129486 -1.925636
-2.5171015 -1.7722647
-1.4538573 -3.1041617
-2.269476 -2.1829274
-2.1511362 -1.6716075
-2.7750342 -2.4376526
-0.6726807 -3.0951598
0.0633132 -2.9671648
-1.7213825 -1.4263437
-3.0964482 -1.3589611
-1.5547192 -3.1132905
-0.7295063 -2.8406146
-2.243581 -0.9726647
-1.0252321 -2.3754454
-1.8242626 -2.8718698
-2.5164866 -1.4269576
-2.156489 -1.9627886
-0.7746659 -2.6423821
-2.5813699 -4.008614
-2.900569 -3.3020692
-0.44122654 -3.1654694
0.26088142 -3.0009425
-0.09829444 -3.6658838
-1.5352218 -2.3113728
-1.9902751 -1.5162578
-1.0843729 -3.8158286
-1.6826165 -2.2871034
-2.5849197 -2.329958
-1.3396971 -1.6389873
-3.4781637 -1.9111288
-1.6086345 -2.8000638
-2.1860447 -1.8508484
-1.1847323 -0.42812663
-2.866311 -2.0066597
-2.0840375 -2.532441
-2.662311 -2.0190809
-2.7342343 -0.34721184
-1.1154706 -2.4762774
-1.1610404 -1.62796
-1.2498764 -1.3940129
-0.84452546 -3.1381428
-0.7947244 -2.4538004
-0.82262594 -3.5822423
-2.7817948 -2.2782488
-1.059921 -2.6135995
-2.6611598 -2.7626874
-1.533482 -2.5314775
-3.7486444 -4.5284424
-4.579724 -2.8739681
-0.7585427 -1.601697
-1.3120881 -1.3954
-0.08711703 -1.5871615
-1.9613961 -2.2116308
-2.4548912 -4.4843483
-1.5703346 -2.354818
-1.1916684 -1.7679536
-1.3093758 -1.2668526
-3.2911983 -1.3582401
-3.308937 -2.875005
-0.73343295 -2.5959187
0.08538468 -3.179232
-2.0589325 -2.3959928
-2.7245972 -1.7163568
-2.9411201 -1.310082
-1.0496327 -2.7129552
-1.7085282 -1.1988146
-2.7609277 -1.1079391
-2.7716162 -3.9363532
-2.9991167 -1.6951461
-2.515622 -2.4756117
-1.485744 -1.4913261
-2.5112786 -1.7738609
-1.8032681 -3.2526634
-1.120715 -3.6697612
-0.38999283 -3.2773402
-0.36415404 -2.8235095
-3.5441835 -2.1397634
-3.246022 -1.4618914
-1.4085385 -2.7076135
-0.9489227 -2.4961994
-2.9881823 -1.8686769
-0.34267068 -1.6551261
-1.5856693 -1.8477175
-0.8182034 -1.7364147
-3.0140293 -2.1705744
-3.0151389 -0.7182617
-2.6834266 -1.7508473
-2.976606 -1.5829036
-0.8140601 -3.0257685
-0.095411524 -1.5169251
-2.9056447 -1.4787683
-2.4116368 -3.3028445
-2.1485724 -1.1302379
-0.96154946 -4.21319
-0.9249896 -1.4796615
-0.5214397 -5.753466
-0.7398526 -3.9860954
-2.582525 -2.0821009
-2.2695205 -2.5170143
-2.5250862 -2.407655
-1.48488 -3.0299566
-3.091617 -1.6278489
-2.6579566 -2.2931237
-3.000383 -2.1239293
-3.6193843 -2.2867131
-2.0064888 -1.4879735
-2.8564115 -2.2699637
-0.96571296 -3.5310585
-1.2467273 -0.43721703
-3.3599246 -2.5533767
-0.58664 -1.5748572
-2.6464236 -1.1363634
-2.2788682 -0.8926977
-0.15758422 -0.42999297
-2.9654622 -1.0754572
-2.2252707 -1.0212383
-2.1912217 -1.601865
-1.4843234 -3.071119
-2.9441566 -1.6508415
0.11624046 -3.712832
-3.1492767 -2.546794
-2.1744504 -3.2058406
-2.7123005 -1.8625305
0.29220545 -2.7869785
-3.3327007 -1.6383815
-1.9562162 -1.3204498
-3.2085853 -2.0625181
-1.6231668 -3.5400817
-2.7247906 -1.1900792
-1.416858 -4.4435754
-1.6370393 -1.5976739
-3.064289 -1.9085951
-2.9597995 -3.04886
-2.3936975 -1.9436998
-2.317948 -1.727596
-0.5887659 -1.4495814
-1.3931218 -3.342586
-1.7432507 -0.7694076
-1.7138871 -3.3270986
-2.4528744 -3.505562
-2.6802247 -1.9009776
-2.0602853 -1.0766269
-2.3242648 -2.219135
-2.6763384 -1.332068
-0.019336239 -2.9336214
-0.67726696 -2.520399
-1.70966 -1.4439576
-1.2425377 -2.7060583
-1.9806572 -2.202076
-1.6676807 -3.0505853
-1.4666029 -1.613776
-2.5675445 -3.3577533
-4.304919 -2.3919492
-2.1080632 -1.4804201
-2.2715528 -3.4446437
-1.640565 -2.427196
-1.4531918 -1.8124499
-2.5975368 -1.6737075
-2.668914 -2.2120862
-2.1951516 -1.3747699
-3.6853678 -2.1659296
-1.6684319 -3.6476982
-1.0641036 -3.4640944
-1.0237081 -2.5018556
-3.7033823 -1.7973716
-2.4518719 -2.8281403
-1.9661005 -1.728117
-1.7646948 -2.053709
-2.3118396 -1.2931967
-2.2190404 -2.7767076
-1.7850463 -2.6459577
0.3717776 -2.85885
-2.9292278 -2.5353036
-1.0892918 -1.3637364
-0.9956446 -2.2006145
-2.1853507 -2.4813204
-1.3980048 -3.2117589
-3.0983033 -0.8523354
0.08708821 -2.0910838
-1.8435117 -2.7450442
-1.8939598 -2.341351
-1.5549655 -1.4611144
-2.0132208 -3.1080024
-3.1573927 -2.387849
-2.6311576 -3.2741773
-1.2565862 -3.054702
-1.5640035 -2.6806545
-0.62735695 -1.9651742
-1.2708095 -4.020892
-1.0421363 -2.1598241
-2.3762805 -1.3562119
-3.0484183 -2.8634617
-1.1286699 -1.4557412
-2.45085 -2.047755
-2.2711227 -1.791014
-2.4804256 -2.9024234
-2.3937974 -2.3720388
-1.1717743 -1.601752
-3.4905465 -2.796743
-0.9903585 -3.4083707
-2.307723 -1.6730444
0.21275581 -2.008182
-2.8381958 -1.855839
-2.586961 -1.0512049
-2.8803291 -1.5165246
-2.873836 -1.8313546
-1.7278115 -0.70549524
-2.7337613 -2.1665413
-2.906999 -1.125334
-2.1021442 -0.14343488
-3.6668475 -1.3101146
-3.0832498 -1.1120181
-0.2136557 -0.2989124
-2.7540665 -3.1303499
-1.5494099 -2.3198667
-1.9196097 -1.5549331
-0.6576515 -2.8606753
-1.4039952 -1.6720748
-2.6889155 -2.9316578
-3.2217155 -1.8127139
-2.2102127 -1.2827878
-2.5229592 -2.6526406
-3.0180423 -0.93379164
-2.8697011 -1.6654575
-2.2397726 -1.1163391
-2.2409713 -2.5390232
-3.3387096 -0.89413667
-3.0350554 -2.317221
-0.94722325 -2.2095783
-3.811109 -1.517544
-3.2610834 -1.9071374
-1.1543417 -1.0819819
-1.9790395 -1.5323501
-2.078572 -1.5316288
-2.4000823 -0.8562257
-2.7212381 -1.3226945
-1.9402065 -2.263292
-3.4903438 -1.2906563
-2.5791833 -1.583322
-2.0731807 -1.0391243
-1.2225537 -2.0796492
-3.3050447 -1.8915246
-0.8261968 -1.0734208
-0.69003105 -1.5412025
-2.7606504 -2.623588
-1.5070809 -2.321102
-1.3136936 -2.8192685
-3.3913252 -1.4592795
-1.0706842 -2.8894074
-2.5208435 -1.512147
-1.4544749 -2.034338
-2.4243805 -2.3699765
1.0147399 -2.8337784
-2.1192987 -3.4459686
-1.5381019 -1.7196095
-0.8151093 -3.07279
-0.77100104 -2.219798
-1.0753801 -2.6428165
-2.528414 -2.257007
-1.3715906 -1.7106817
-2.0383174 -2.372142
-0.24508496 -3.556433
-3.3631701 -1.428062
-2.4945579 -3.1214561
-1.3803384 -3.06113
-1.6841463 -1.455123
-3.522996 -1.6486473
-2.619899 -1.1685069
-1.6000081 -2.4767344
-3.1112132 -1.6105072
-4.05354 -1.9055376
-2.5421462 -2.5796807
-2.8070507 -2.575276
-1.3598454 -3.2241209
-2.356533 -1.6632946
-3.3038416 -3.0134366
-1.3139325 -1.7667234
-0.6161607 -1.7115562
-2.60153 -1.115125
-3.4712214 -2.8239133
-1.0274572 -3.5058467
-1.4184806 -1.621916
-0.66298246 -1.7474549
-0.9664988 -5.0784135
-2.5119226 -3.204005
-4.0052333 -2.4732378
-0.62216157 -1.6406288
-0.8702798 -2.1909876
-2.575625 -1.9715645
-0.5300453 -3.8154292
-0.32934898 -2.4740207
-2.262405 -2.208292
-2.0682745 -1.914582
-0.75314593 -1.1941656
-1.3036213 -2.695909
-1.0385524 -2.7138698
-2.5349844 -1.6079652
-2.256344 -3.081461
-2.3340316 -3.1801333
-1.2113097 -3.6050644
-1.8913033 -3.1123886
-2.5197532 -1.8801672
0.22405459 -0.9825669
-2.1117268 -2.2692757
-2.110535 -2.4120445
-2.8987079 -2.093705
-2.0032656 -2.000181
-2.2950532 -1.8266418
-3.1240659 -1.7919867
-4.147562 -1.5369191
-2.660951 -2.3539374
-2.0801256 -1.4208543
-0.5900451 -4.1649356
-0.8668505 -3.6370716
-2.0976987 -1.8848286
-0.3797472 -3.2965972
-2.2655466 -2.9455714
-1.672382 -3.2036655
-1.3128461 -1.3818882
-2.4016469 -1.299613
-2.1046267 -2.2741735
-2.5013952 -1.8866651
-2.2998788 -2.9534001
-1.2588446 -0.88018465
-3.2436047 -2.2060308
-1.4305099 -2.4005535
-1.5437448 -3.2682533
-1.5596979 -2.3749075
-3.0365043 -2.576717
-1.000747 -2.7918413
-2.828514 -2.0764837
-2.147986 -1.3763344
-1.0977163 -3.0420773
-2.8710113 -1.4059768
-2.117026 -2.257812
-3.505871 -1.7978847
-4.082322 -1.9032054
-1.6007805 -2.5727196
-0.8896336 -1.1468197
-1.1803081 -1.670274
-3.1733568 -1.4461925
-2.016418 -2.8300567
-2.1566684 -1.4552581
-2.1320598 -1.0560467
-0.17849426 -4.389116
-2.2842555 -2.4273598
-2.2454014 -2.058981
-2.9740028 -2.110086
-0.9261907 -0.48645326
-3.7168596 -1.1431313
-1.8947347 -2.0345082
-1.652468 -2.1308906
-1.2675369 -3.466104
-3.0698807 -1.4135501
-0.47515512 -3.4899316
-1.274576 -2.382213
-2.2026298 -3.2521923
-1.6440042 -1.2855201
-1.9783497 -2.2342033
-0.38295826 -2.1755617
-3.704808 -1.7414117
-2.5571804 -1.1279376
-1.9936079 -2.9411247
-1.2876742 -1.6215842
-2.5325537 -3.1598923
-1.2602488 -3.0764344
-3.0983038 -1.4482179
-2.23957 -2.8855374
-1.6498708 -3.416331
-2.1174772 -2.1095967
-3.962135 -3.3998246
-1.8616474 -3.195728
-0.29220712 -3.3227673
0.101283506 -3.4409723
-2.961612 -0.692526
-2.7019422 -1.6942291
-3.0052383 -2.5577705
-2.8493488 -3.217868
-3.0379384 -1.4876292
-2.5239797 -1.8196385
-4.3206825 -3.429866
-1.7679414 -2.2553794
-1.7839555 -1.4273531
-3.0339718 -2.8022735
-0.69704545 -4.306427
-2.4721067 -1.398916
-1.4457114 -2.378771
-2.766592 -1.1286988
-3.8965595 -2.4296548
-1.0307186 -2.7127402
-1.8761593 -1.2683446
-3.287273 -2.510268
-2.2132614 -2.8689404
-2.1471574 -1.6074092
-2.6066074 -1.8687718
-0.76844823 -2.1005917
-3.4211414 -1.5719268
-0.071414724 -3.4621303
-1.0256279 -2.4462245
-2.470771 -2.1663184
-0.6551169 -4.3128405
-3.115284 -1.3893945
-0.73459053 -4.0793123
-2.8058093 -3.7223506
-0.2061243 -4.4176335
-1.2520174 -2.3281958
-2.3846004 -1.2119856
-2.1160269 -3.290619
-2.1166139 -2.8092873
-3.648632 -0.6648909
-2.9565663 -1.7609766
-2.5976572 -2.7027543
-2.2983668 -1.7714763
-1.182691 -1.6302712
-2.3300407 -2.137762
-2.0962791 -2.6944542
-0.88556206 -4.0173883
-1.2408893 -2.867555
-3.207392 -3.5264115
-1.6657143 -1.8934836
-1.8204157 -1.4030111
-2.6640716 -1.7008917
-2.073615 -1.8304038
-3.1119404 -2.8951235
-0.5288704 -2.8627646
-4.0042944 -1.8466117
-1.3420303 -2.7493386
-3.088958 -1.88637
-0.3640119 -2.6839569
-2.9798806 -3.6576464
-0.5896249 -2.4925728
-3.1224658 -1.733154
-2.3244061 -1.2632167
-2.1893308 -1.6077826
-1.1693078 -3.411685
-1.65034 -3.0358539
-3.028536 -2.599106
-2.9466276 -3.340308
-2.807264 -1.1148338
-2.9985456 -1.4491811
-2.447576 -2.6478703
-1.0273246 -3.5078092
-1.2337747 -0.83831143
-1.8708297 -3.380997
-2.7393565 -1.427316
-0.56876737 -1.3026083
-0.76683813 -3.2616377
-2.121833 -0.56772184
-2.1799493 -1.8699853
-1.8526387 -2.224693
0.25089437 -1.5112536
-2.7363877 -1.6943882
-2.975644 -1.1972777
-1.9234209 -3.0297759
-1.9833773 -2.9914258
-2.8848066 -2.994986
-3.9538405 -1.4408162
-0.3044681 -1.1400666
-1.9147028 -2.2766602
-0.4429164 -2.4958978
-1.0007235 -1.8444629
-2.2074583 -1.4498134
-0.19944692 -0.56843376
-2.5996692 -3.600894
-2.9526384 -2.4996414
-1.0830404 -2.390907
-3.3302653 -1.0607575
-3.051063 -1.9326427
-3.091961 -2.5529985
-1.123607 -2.477207
-1.0562016 -2.086503
-2.2098722 -2.5559156
-2.1342804 -1.030527
-1.3155068 -3.656207
-1.3415096 -1.1562867
-3.387253 -1.7835021
-1.6316229 -2.0089254
-1.9387982 -2.332351
-1.4650961 -3.2441313
-2.4613674 -1.9216552
-3.0236692 -3.8294418
-1.371988 -3.0600939
-2.8233888 -1.9510567
-0.78449166 -2.9988863
-2.1211212 -2.8790495
-1.9268343 -2.4553864
-1.9947138 -2.924709
-2.182495 -1.7198043
-1.5436085 -2.1338491
-2.0569792 -2.169973
-2.9815009 -0.7018515
-3.6816368 -2.148358
-1.6083655 -2.5011723
-2.5296385 -1.7236164
-1.688875 -1.9209423
-1.5718502 -2.656413
-1.7604948 -1.5234668
-2.9743965 -0.6039612
-1.558108 -3.4249825
-2.4746187 -2.0073218
-1.505694 -4.0851197
-3.3776748 -3.1848853
-0.97208315 -3.9113793
-0.8202558 -4.905275
-1.3611383 -2.176499
-1.7900722 -1.6779366
-0.8880628 -3.9801762
-3.9224582 -2.7328446
-3.2743204 -1.4857299
-2.1241848 -1.5537422
-2.5904949 -2.5075922
-1.25367 -3.9853637
-3.281529 -3.0069613
-3.4219885 -3.281637
-3.6612604 -2.270771
-1.071418 -3.8925872
-0.44821697 -2.7195132
-1.7897532 -1.6573303
-3.4924743 -1.6918406
-1.8625369 -2.2331233
-3.068338 -1.9430251
-3.0791304 -2.9455843
-1.2561487 -1.9886043
-2.1296718 -1.1123159
-1.8069942 -1.603528
-2.0251415 -1.8740132
-2.2085674 -2.6008935
-1.5567142 -1.45667
-3.006487 -2.675951
-1.7787914 -3.047717
-2.8442798 -2.8922234
-0.49026346 -0.8862113
0.3428905 -2.7087643
-2.794359 -1.925499
-0.47380698 -1.1888444
-1.2187147 -3.2971666
-3.0860884 -3.3560405
-2.4141889 -3.2614357
-3.6097298 -2.282829
-2.770022 -2.7485054
-0.49471182 -2.9394207
-1.3220692 -1.6420245
-2.030983 -2.0410414
-2.5086486 -1.0266352
-2.3695042 -0.748185
-2.0168765 -2.449071
-3.1702797 -1.5664437
-3.4683876 -1.5682313
-2.8694804 -1.4851391
-3.4920158 -1.2426031
-0.9757247 -1.6315086
-2.2849195 -2.942394
-1.0720077 -2.8401797
-2.4089346 -1.8454936
-1.0893663 -0.7124423
-2.8429708 -1.2259626
-1.067161 -1.9640694
-3.6274798 -2.1426117
-2.7510064 -1.3148057
-2.019732 -1.6311922
-3.5586772 -1.8211021
-1.8311995 -3.3889647
-3.151031 -2.5205257
-2.610818 -1.4256577
-0.7034708 -4.032968
-3.1006093 -2.4581819
-2.635169 -1.7352974
-1.6702048 -2.025215
-2.2099767 -1.5566578
-2.4130085 -1.9406817
-1.2636441 -2.5617993
-1.7744913 -1.0473888
-2.3992655 -2.4987733
-1.843465 -1.5904036
-1.6721313 -1.5173457
-2.67693 -1.9323521
-1.4038204 -3.7128484
-2.8550744 -1.1467981
-2.5070786 -2.6205738
-2.7260041 -1.7966378
-1.130408 -0.5613816
-3.4579697 -1.8948948
-0.2608733 -1.4077661
-0.07858749 -2.862485
-0.9173048 -2.2472627
-2.4115438 -2.7296886
-3.1072633 -2.9035025
-0.10374497 -2.6524093
-3.0187917 -2.694117
-1.5861745 -0.98339283
-3.1237638 -2.1540692
-2.7060537 -1.7029648
-1.9830353 -2.9563587
-2.7063706 -2.0467787
-2.672839 -2.8826303
-3.2986507 -1.3241036
-2.1625607 -1.1714497
-3.4828243 -2.5204306
-2.812013 -2.568409
-1.7274222 -1.1943625
-2.4215405 -2.5836172
-2.755993 -2.8556159
-3.0421104 -2.936998
-1.5271013 -1.7899935
-2.6506252 -0.8659103
-2.1161416 -2.6521919
-3.8492558 -3.174617
-1.9111025 -1.6499553
-2.3482857 -2.8606033
-1.3458837 -1.3440223
-2.6604953 -0.56868553
-2.1487064 -2.799526
-3.6316807 -2.2809436
-2.1635942 -2.81641
-2.942117 -1.9351916
-0.6476741 -3.2305102
-3.2007532 -2.2901106
-1.0703295 -3.5886636
-3.314963 -0.61127937
-2.7562602 -1.4119599
-3.6328604 -1.3138161
-1.8695283 -1.416568
-3.4307325 -2.2384586
-2.306885 -3.0764022
-1.9767985 -2.5478826
-3.1492045 -3.3258557
-1.2698902 -2.1703265
-1.1824058 -3.2009764
-1.2174959 -1.7122278
-3.2004008 -1.850059
-1.8078017 -1.9886518
-2.8457081 -1.3689039
-0.93228793 -3.2216122
-1.775707 -1.9709723
-2.205052 -3.181522
-0.32386822 -3.1077979
-1.6784353 -2.2569644
-1.8742083 -2.6079202
-2.3045928 -2.4565535
-0.9988037 -2.274067
-2.1632621 -1.3082745
-0.8717683 -3.7006123
-2.75305 -2.4151168
-3.202523 -2.0762227
-1.9761097 -0.79881924
-1.9946401 -1.9871697
-1.8685777 -2.9413378
-1.0539367 -2.3352098
-2.5904224 -2.924046
-1.8056095 -3.455048
-3.3269584 -2.756044
-1.8482752 -2.3382003
-3.1783288 -2.0660777
-2.9172575 -2.7606235
-1.1183393 -2.3018615
-1.9689542 -2.0198245
-2.114346 -2.7967286
-2.9390645 -1.4422369
-1.5363733 -3.3205028
-2.0409389 -1.2074466
-3.0834868 -1.5002985
-3.190682 -1.2196072
-1.7150525 -3.9598238
-2.0249872 -1.3898091
-1.4654622 -3.4286757
-1.537271 -2.150316
-3.1932676 -1.2873955
-3.2976444 -1.7055354
-4.1577334 -2.0531383
-1.9843776 -2.558213
-2.1816676 -2.8974204
-1.2946185 -2.7133958
-2.9695024 -1.1094732
-1.9452285 -3.1948817
-1.8984185 -2.4453619
-1.8924074 -2.00506
-1.8820597 -0.97013175
-2.6980207 -0.60190225
-2.1466963 -1.4256868
-2.2627304 -1.4132357
-1.160434 -3.5117683
-1.9026024 -2.4816878
-2.3249993 -1.4773788
-3.84908 -1.8947277
-1.8723416 -2.10565
-0.9678086 -3.5674725
-2.1702223 -2.8499327
-2.6316435 -1.408196
-2.042015 -3.1621127
-1.4554753 -2.4141793
-2.9567146 -1.4329927
-1.7128196 -1.2318906
-2.8562822 -2.0144162
-2.98329 -1.2383502
-1.1826892 -4.108744
-2.3965943 -0.58098173
0.10051249 -1.4958954
-3.166434 -2.53227
-2.5951898 -1.7488978
-2.8143358 -2.0627904
-0.95863503 -2.886882
-2.4031157 -2.2867165
-2.3936808 -2.0551686
-1.7988158 -2.567977
-3.3250895 -2.6344497
-1.3593857 -1.6066449
-2.05354 -2.1689804
-2.8304567 -2.2300956
-1.8463147 -2.6094055
-2.7470677 -2.717556
-1.4209453 -1.4739246
-1.769818 -0.8491397
-2.7019567 -1.8404875
-1.2411706 -2.6137798
-0.9793687 -2.6595805
-3.3778203 -2.4222264
-2.957712 -1.2529888
-2.2373147 -2.2859864
-2.8157716 -2.4560115
-1.2489312 -3.5384352
-2.3010457 -1.3643005
-2.1598737 -1.9668055
-2.0431902 -3.3624582
-0.8612461 -2.421215
-1.0408558 -2.7924562
-3.6757004 -1.6255898
-1.1066583 -1.3299665
-2.6257873 -0.87632126
-1.0133257 -2.335064
-1.9367464 -1.3773463
-0.6474519 -2.7500265
-0.6300198 -1.3144383
-2.780513 -1.7217605
-2.4228003 -2.2592058
-3.9365883 -2.0384467
-3.2635975 -1.735771
-2.1472733 -0.71271455
-1.3668852 -3.9243112
-1.8467574 -2.9117453
-1.590564 -2.2061727
-2.1059883 -0.31662333
-1.2777522 -1.359122
-2.2340863 -2.1197596
-2.386755 -2.0014565
-3.3963041 -1.6731501
-3.167219 -2.2365189
-1.8178989 -1.9624081
-2.5390084 -2.8815544
-1.2495165 -0.88263565
-3.4815958 -1.6400552
-1.376877 -2.1423268
-2.2276492 -3.0408654
-2.1498635 -1.2965484
-1.4725634 -1.812262
-1.7257913 -2.0820315
-2.277779 -2.9663289
-1.4195861 -1.6687629
-3.2014349 -3.335379
-2.1100073 -0.2585159
-2.0775335 -3.583039
-3.3215501 -1.2411284
-3.2152066 -1.8047857
-2.789287 -2.0544682
-1.0018004 -2.8098726
-3.3870962 -2.3985195
-3.5063317 -1.9956131
-0.8766635 -3.0128853
-2.470694 -1.8424535
-3.544959 -2.185915
-3.4219918 -2.1832547
-0.50947773 -1.7769043
-3.2782106 -3.487252
-1.9372497 -2.7426522
-2.239382 -2.910514
-2.6549423 -1.8489769
-2.810998 -1.3462515
-0.88925016 -4.689015
-3.0521042 -2.254684
-3.2088492 -3.2374935
-0.5285937 -3.791324
-2.8694773 -1.832859
-2.162007 -1.787672
-2.691381 -2.1570761
-0.9779478 -1.6559889
-1.4843867 -2.2603586
-3.208233 -1.7506509
-2.3064113 -2.2614322
-1.9737376 -1.9857051
-2.8528771 -2.2395866
-1.3211823 -1.9853897
-2.5752928 -2.5450323
-2.234501 -1.9247403
-2.2306995 -2.8678036
-0.6656778 -1.7358665
-2.7310097 -1.2275492
-2.4442635 -1.2513897
-3.4565322 -2.844116
-1.085516 -1.2168584
0.06258093 -2.7105865
0.16801615 -2.0564945
-2.4041398 -2.4856997
-2.6917686 -1.0651937
-0.7986169 -0.7764836
-1.6612694 -2.808014
-0.7684153 -2.300563
-1.83092 -1.8787937
-3.6395648 -1.6532872
-3.7610307 -2.2400882
-1.1010994 -3.342447
-1.5743399 -1.7923741
-3.0779972 -2.1478906
-2.7119749 -1.1459694
-2.747435 -1.4425387
-1.7199386 -2.8650846
-2.9457529 -1.2510045
-2.4638457 -1.9854767
-2.1510398 -2.063809
-2.1182518 -1.300497
0.013494059 -2.7736723
-2.1789668 -3.6606233
-0.9166558 -1.2620325
-0.8551327 -2.2638166
-2.3277156 -1.1288838
-3.496355 -2.6444664
-0.047378495 -2.3176348
-1.3102063 -2.6469462
-3.2268853 -2.6243412
-0.7736267 -4.3588977
-0.28328496 -2.691249
-2.8694723 -2.845756
-3.4773595 -1.0972762
-2.3645399 -1.8261511
-3.8772058 -2.584767
-3.3324137 -3.0700202
-1.671664 -2.8779802
-3.5839214 -3.426875
-1.7175617 -2.0758748
-2.4828792 -1.8493166
-2.931384 -1.6618693
-0.8949455 -3.418749
-1.9586521 -3.3335893
-2.328602 -2.6021507
-2.0771515 -1.0118266
-1.6326352 -2.6999269
-1.0542418 -0.92443514
-2.2512202 -1.0945896
-3.0144503 -2.7647595
-1.8040524 -2.2788723
-2.0323884 -1.5334151
-0.55477744 -2.7939022
-0.79814315 -3.179041
-2.4340143 -0.97269887
-3.0295823 -2.2256904
-2.861321 -1.9205663
-0.79431736 -0.98327243
-0.71979064 -3.1430893
-1.70407 -2.159037
-2.174827 -2.5630128
-0.27212694 -3.3499777
0.054749116 -3.0436857
-1.4661406 -0.84441656
-2.9288776 -2.6409216
-3.2596593 -2.6132407
-1.7810631 -2.604408
-3.024468 -2.299289
-1.8505851 -2.809806
-1.7197009 -1.7485693
-0.7553522 -1.7054121
-1.8350705 -1.6085358
-3.1047103 -3.2063107
-2.3712456 -1.8988585
-1.1629516 -3.9883876
-2.481792 -1.6630759
-1.471228 -1.2355727
-0.6012956 -2.415214
-0.3869502 -3.2308729
-2.005307 -2.289414
-2.6226401 -2.3581157
-2.4755976 -2.015802
-0.70692647 -3.7484522
-1.8383887 -3.3732314
-1.2142084 -2.5721805
-0.31471536 -3.4409468
-2.2404149 -2.8351338
-3.5052016 -2.0127103
-2.4689236 -2.301937
-2.267632 -2.8526566
-3.2132208 -1.7328486
-3.4507868 -1.7197075
0.46078503 -1.8155031
-3.7644813 -2.0536797
-3.0412564 -2.9917917
-2.0072854 -3.1175773
-2.440012 -2.6292422
-2.257293 -1.6122773
-2.2255402 -0.853345
-1.9249247 -1.7665532
-2.9158585 -2.376477
-1.7647407 -3.1243017
-2.1682057 -2.373663
-1.6188573 -3.3367565
-2.64497 -1.7616944
-3.0375664 -1.7403946
-3.1628032 -2.1537352
-0.32842302 -2.791232
-1.1926776 -1.193793
-1.7895887 -2.942994
-2.7072556 -2.1082325
-3.3570106 -1.2889066
-3.2461119 -3.284329
-3.579393 -1.6000006
-3.2024221 -1.6934698
-0.8296576 -3.4563086
-1.5646561 -2.410351
-0.3956678 -2.409109
-1.6157591 -3.0260422
-0.7402078 -2.1690998
-2.4350803 -1.8965123
-0.45420575 -1.7485225
-3.2180722 -2.767479
-2.3714092 -1.6826315
0.12231745 -3.1029975
-3.0162563 -2.4618464
-2.372352 -5.5089073
-2.0082371 -1.8659112
-0.6777067 -3.1508648
-2.018631 -2.0243566
-2.1543133 -1.7613821
-0.9651205 -2.1530495
-0.7816575 -3.9537919
-1.7842308 -1.3690553
-2.8967257 -2.2331097
-1.0854527 -3.3939497
-2.658715 -1.5379934
-1.3159732 -2.0033796
-1.5998498 -2.7620783
-2.2927308 -0.22883016
-3.3823283 -2.3780925
-2.0086546 -3.4261596
-2.481571 -2.9415812
-2.9413707 -4.358653
-1.5948203 -3.2320979
-1.346338 -3.6210341
-2.293873 -2.0056748
-2.3150697 -1.3216069
-2.8081753 -2.254866
-0.41976202 -3.2139444
-3.457319 -0.8554011
-2.8471599 -1.7639647
-3.1612556 -2.156811
-2.5585928 -2.7574348
-3.2685626 -1.7643085
-3.357112 -1.367471
-0.70332074 -3.4741719
-0.46241015 -2.0982444
-3.190364 -0.8366155
-0.9910113 -1.5581212
-3.6743186 -2.8548024
-2.1430242 -2.3569129
-2.3733559 -2.9099624
-0.0047964454 -2.2345357
-0.20978916 -1.2001293
-2.5208917 -2.7258623
-2.9008665 -1.7885649
-1.9146178 -2.6389284
-2.976967 -1.2974367
-1.5448041 -2.2037754
-2.6090639 -2.013941
-1.9021523 -2.5264647
-2.467353 -4.010957
-2.83956 -0.76288986
-2.0836828 -1.4250023
-2.0918312 -2.6190178
-1.559115 -1.3275406
-1.6572402 -1.8216252
-1.5533736 -2.6415608
-2.0512347 -0.2450075
-1.6569169 -3.0046127
-3.283933 -2.982012
-2.1033127 -0.9882109
-1.478567 -2.9878008
-1.6093494 -1.5934818
-2.922964 -1.2877727
-1.6931021 -3.5638056
-1.6921616 -1.575444
-3.7656386 -2.0421767
-0.7128076 -2.5462904
-3.4638832 -1.6522665
-2.9805012 -1.2761619
-0.89885914 -1.1036605
-0.061269864 -3.8069937
-3.5593011 -1.4629209
-0.5534154 -1.5005174
-1.056785 -2.2174754
-3.0539143 -1.4325111
-1.7490902 -2.1425846
-1.9237921 -1.7350917
-0.9832331 -2.4648294
-0.7124384 -1.4252288
-1.8733572 -2.307234
-0.45641655 -2.3789601
-0.39482743 -1.7466233
-2.662401 -1.4195559
-1.9289209 -2.1154258
-2.200337 -3.2808948
-2.1461892 -2.6070154
-1.2758889 -2.6215594
-1.7243156 -2.0694199
-3.4507816 -2.1280801
-3.3184068 -2.117589
-3.835495 -2.676083
-0.09847702 -3.83981
-1.1033078 -2.1449912
-3.2717574 -2.52005
-0.2453762 -1.9030445
-1.7706561 -2.1147969
-2.6587849 -1.4631257
-1.7748114 -2.7506115
-1.0027146 -3.5449817
-1.0908306 -2.4280572
-1.420871 -3.7375197
-2.5008495 -1.3282902
-2.842211 -0.8544837
-2.175687 -0.884845
0.6693686 -2.2756932
-1.4346972 -3.0285542
-2.164195 -1.4908025
-3.0600772 -1.6580157
-2.6698344 -1.8223162
0.5138394 -1.5226974
-1.1450143 -2.5961835
-0.9517433 -1.3809597
-1.7271819 -3.0007734
-0.77444744 -2.3573012
-1.2183063 -1.3770299
-1.934549 -3.6448128
-3.9033203 -1.5809019
0.4202718 -2.3981786
-2.7371192 -2.07965
-2.3816721 -1.2334664
-2.6090355 -1.6513076
-0.88105047 -3.3836517
-2.3450656 -3.0629063
-0.15793276 -3.952275
-3.1062682 -1.1089518
-2.1274045 -1.0312556
-3.8611732 -2.833326
-3.6772842 -2.4585936
-2.5822067 -2.274753
-1.2928382 -1.9160435
-2.3047426 -2.0070596
-1.5864317 -1.9330995
-1.6670382 -3.638794
-1.612845 -3.579921
-1.5883081 -3.2160482
-0.6440156 -3.6536927
-1.8652332 -1.6700976
-0.97023964 -3.1694126
-2.7510455 -2.0840292
-1.1966095 -2.0482273
-2.1917098 -1.2912443
-1.1892036 -2.7607281
-2.2560582 -1.3380992
-2.649275 -0.8686739
-2.287748 -1.9530783
-2.4705222 -2.7488608
-1.8110731 -2.6453974
-3.775781 -1.1957376
-3.7399926 -3.6344752
-2.3032656 -2.1978981
-1.4055309 -2.3949885
-3.0135398 -1.4680264
-2.8673851 -1.1514715
-0.9756462 -1.6904242
-1.8877484 -2.3995528
-1.2442515 -4.270817
-1.1026878 -2.8675444
-2.9582806 -2.2245288
-0.04743001 -2.7226224
-1.094793 -2.8619366
-1.024918 -3.637203
-1.0401615 -3.6975276
-3.6233659 -2.5886326
-1.8381107 -2.5444324
-2.0599806 -2.0146139
-2.358491 -2.3683815
-2.1805341 -2.4814234
-3.2253902 -2.5004907
-0.49274594 -2.320746
-1.2171179 -2.1991475
-0.54379565 -1.9187956
-1.6593373 -0.77077127
-3.3459926 -1.9617398
-3.111716 -1.6664684
-1.9229796 -2.3809133
-1.9735534 -1.9046373
-1.856182 -2.9527473
-1.0769798 -1.5660219
-2.1836085 -1.9269722
-2.4114616 -1.5983934
-1.1590164 -2.8254306
-0.7976279 -3.6794052
-4.033636 -1.9199035
-1.2101407 -0.46277207
-0.95680606 -2.735689
-1.8044848 -1.9164128
-2.5754569 -2.4988666
-1.4247831 -1.2442291
