-1.2843946 0.011962295
3.105909 0.3112279
0.16487701 0.0811581
-0.6269639 -1.0060325
0.39015597 -0.102963924
-0.2356196 -0.43002126
0.11312483 -0.85308325
0.7274207 0.3611785
0.11351867 -0.5214939
0.08354588 -0.0040775687
0.79967606 -0.10462543
-0.7671474 0.6315522
0.8251234 -1.6855705
0.28419483 -1.3320887
-1.0658159 0.8559809
-1.5583593 -0.23753771
0.95367527 0.5180166
1.8305932 -1.4211216
-0.1920571 -0.4086374
1.0651408 0.14784878
0.25548387 -0.98255706
0.0965669 0.2132102
0.20800476 -0.8486279
2.8931353 -0.08676122
-1.3827235 -0.5166764
0.6120133 0.0857234
-1.2983937 0.236193
-0.2434366 -0.61339134
-1.1496773 0.52616906
-0.670337 -0.58706355
-0.5381294 -0.6120652
0.6447534 -0.14463314
1.442147 -1.7262357
-0.9840438 0.36350712
-0.41517097 0.10728514
1.1968894 0.93529665
0.2826563 0.059402764
-1.5181934 -0.0040629953
-0.86106807 -0.18716319
-1.3728584 0.0015142113
-0.43732882 1.2089757
1.2833072 0.39654037
1.7355922 1.4843575
-1.7033793 -0.83087265
-0.835303 0.49206033
-1.4904966 -1.5367123
-0.38391727 0.91372466
-0.70294267 -0.78159
-0.9139762 0.36323205
-0.97909856 -1.0047065
-0.40327367 -0.428921
-0.3465339 -1.1931753
0.14488818 -1.7126341
1.7182802 0.52560914
0.357073 0.88968873
1.126078 -0.9943733
1.4106413 -0.23043445
-0.87878656 -0.9645039
-0.9362312 -0.10274422
-1.4749362 -1.1111562
-1.7479341 -1.37302
-1.4151787 -0.043550894
-0.52715415 -0.7354801
-1.4742903 -0.013537705
0.46999592 0.16603467
0.78945804 0.6547973
0.41929233 -0.71910274
-0.9537466 -0.08891098
0.90145206 0.98032093
3.110357 -0.80438685
0.5309707 0.45706138
1.7534491 -1.6888069
-1.1859357 -2.4478905
-1.8635283 -0.5268232
-0.060763583 0.42613807
0.7490378 0.8721864
0.5392344 -0.0054692626
-1.1528158 -2.0927553
0.20681839 0.019762665
-0.8289878 -0.63882023
0.8194721 0.092745006
-0.07080206 0.99350286
2.7112293 -0.45807248
-0.191993 -0.8631619
-0.9311311 -0.77702177
-0.20173208 0.09069809
-0.5762927 -0.25791964
-0.8743107 1.9395428
-1.6011492 -0.88334537
1.0469708 -1.1117904
1.0590721 0.02422148
0.99001896 -0.67237175
-0.31879184 -1.4753342
0.31420892 -0.6359254
-0.92179585 -1.1974503
-2.1419656 -2.0917926
1.2325901 -1.1599905
-1.5155685 -0.47057772
0.9379313 0.8826016
-1.0123769 0.32217875
-0.7400621 -0.94034326
-1.238419 -0.25398463
-0.5034882 0.96202123
0.0052182227 0.88838685
-1.1161008 1.3578031
-2.1547565 -3.1877375
-1.481448 -0.6021665
1.3177729 0.003193006
0.14346845 -0.5806619
0.10257687 0.5495975
-1.6822455 -1.1184547
1.0594817 0.931527
0.7356607 -0.44349736
-1.5844687 0.24505123
-1.0698187 -0.8548517
0.36610186 -0.8659574
-0.01226145 -0.49393275
-1.4918598 -1.216017
0.60607576 -0.69577193
1.2584211 -0.9361187
-0.8500156 0.1847347
0.97943366 -0.55671203
-0.93132675 -0.7747915
0.22264566 0.4348118
1.7780157 0.33087835
-1.0655005 -0.25287837
2.4556987 0.6244736
-1.1706129 -0.8744364
0.60068774 0.11124629
0.12874363 -0.55785304
0.8378687 0.9657515
0.38592237 -1.1341871
-1.2623289 0.7814963
0.71597743 -1.0091456
0.31264347 0.1605688
0.7077754 -0.17691305
-0.4422109 -2.005765
-2.5977886 -1.0280329
1.0559355 0.037655056
-0.3000798 -1.2268045
0.9076735 1.0529547
0.83803964 0.504025
-0.81108254 -0.77535975
-0.44997728 0.9204068
0.8272557 0.2437155
0.8789836 -1.6588581
-0.05556597 -0.82571244
-0.59390473 -1.3062365
0.50638604 -0.16727419
0.46891022 -0.64152765
0.8375294 1.4936574
1.1350074 0.08376798
-0.5576409 0.90983844
1.2694468 0.5540652
0.14285518 -0.3482568
0.4637782 0.24071142
0.85395753 0.4708173
-1.2455482 0.41357365
-0.34593612 0.7652557
-0.2701196 -1.0099578
2.2162292 -0.67805994
-1.6782807 -0.63783145
-0.11180912 -0.6935748
0.14080904 -1.2380682
-0.6650688 -0.24740684
1.3180857 -0.07037425
-1.6234621 -0.87537193
-2.3889048 -0.59844977
0.36602306 -0.55567366
1.7038538 -0.81875813
-0.48008737 -0.3667131
-0.3286941 -0.33595103
1.840926 1.2394336
0.6726761 -0.48805583
-0.36928046 0.014267951
-1.2617842 -0.18309467
1.2930582 -0.1517536
-0.79040074 1.4626006
0.6400971 0.019462198
-0.45940387 -0.13352856
0.41639084 0.39798942
-0.33875117 0.46003553
-1.4928924 -0.87390184
0.42645508 -0.21573609
0.54436505 -0.37238258
-1.1514595 0.660179
0.5793334 1.3873904
-0.7227732 -0.7416043
-0.12528396 -0.8771274
0.855219 -0.20922261
0.23335786 -1.00956
0.15089907 -1.3356558
-0.28401846 -0.17798026
-0.2559914 0.10013935
0.36836165 0.016443491
-1.5985483 -0.4583711
-1.8471478 -0.051991552
-1.139025 -0.57442474
1.4519843 -1.2969452
0.95089555 1.3842437
-0.20160244 -0.5554515
1.1450069 0.30702886
0.35322416 0.61837125
0.40193027 0.3386143
-0.45630443 -1.3403735
0.8333808 -1.1180309
-0.74978876 1.0917017
0.8797507 -0.22228841
0.32293624 -1.7859461
2.1384125 0.43636915
1.3041551 0.13056082
-0.12426107 0.08055079
1.4899905 -1.7446014
0.85127604 -1.4734976
-0.5797174 -1.8434136
-0.6791467 -0.033709913
0.93587637 0.0791643
-0.87599057 0.15488827
0.05696647 -1.1782733
-0.037635744 0.44195637
-0.9192935 0.9083146
2.4703739 -0.051383227
1.7167838 0.836954
0.6134893 -0.94005466
0.09292181 0.45500728
1.6987349 0.40874043
-1.2347741 0.6278542
0.42180663 -0.5096829
1.1593158 -0.1196179
-0.25078148 -0.41546828
-0.4569578 0.7296399
-1.0434784 -1.4564298
1.1414486 1.2817243
-1.5542717 0.098049015
0.87439907 -0.31757212
1.1132594 -0.5625516
-0.08307469 -0.47457987
0.5494 -0.19268306
1.0291148 -0.70119774
0.18171822 1.2729682
-1.105616 0.04123655
-0.1160844 -1.1301341
-0.41766357 -0.053639382
0.7616911 0.037076235
0.53251535 -1.731651
-0.309382 0.36130247
-0.45992187 -0.76213443
-0.42236966 -1.2967343
0.16330542 -0.3825121
-1.5976489 -1.7714685
-1.2350321 -0.860536
-1.6498532 0.47908506
-0.8289916 0.7144228
-0.8939584 0.03036353
-1.5932477 -0.21081191
-0.6360348 -0.8111447
-0.79864174 0.6256877
0.6035087 0.7935281
-0.6349349 0.9944376
1.3102525 -1.7506703
-1.3823551 0.21025917
-0.84242064 -1.02965
0.62224525 0.9060364
0.68180823 0.054658562
-1.585494 -1.1915915
-0.8126063 -0.41390935
0.44395596 -1.4367481
1.1980933 0.9679545
2.116724 -0.58416784
-0.25285387 -0.4198578
-1.2481257 -0.31675887
0.8032298 0.108935624
0.50588125 0.35853627
0.43115383 -1.366301
-1.1871035 -1.192287
-0.54418993 -0.339108
1.5094208 0.88057125
0.161738 -0.2475818
-1.4173106 -1.1315186
0.23223574 -0.4909967
-0.35730904 -0.8196449
0.7323153 0.28208366
-0.6563022 0.07306111
0.9605423 -1.1195844
0.76515555 1.9395983
-0.037620336 -0.44747603
-1.7001888 -0.3379257
1.4374578 -0.6717217
-0.48621327 0.79504585
0.4379704 0.4131439
-0.85915065 -0.39844477
0.0014686435 0.6312965
-0.501223 -0.44160563
-1.9122448 -1.721756
-0.5441757 1.0005077
-0.8581677 0.7315875
-0.13159445 0.1315535
1.1937687 -1.0458294
1.6534649 -0.83576417
0.21876968 0.20100585
-0.43689877 -1.7748699
-0.03336589 0.45205387
1.7867988 -1.3868445
0.7413547 -0.7931198
-0.11696258 -0.2836038
1.3201339 1.8550146
-0.23654006 0.17931354
0.31820697 -1.3132247
0.19235133 -1.7231996
-0.57488453 0.7601346
0.26946747 -0.15628868
-0.74859124 -1.7606099
-0.22214986 -0.5953213
0.85294354 -1.0821569
-2.2076101 -0.292148
0.22291468 -0.1941803
-0.43602154 -0.38953418
-0.902443 -0.6873058
0.10311441 0.40249547
-1.0761685 -1.2622799
-0.69952154 -1.3743709
1.675398 -0.856076
1.1751918 0.2705973
-0.752272 -0.77496684
0.2654984 -0.33665103
1.2081615 -1.9944106
1.4373314 1.6380924
-0.1956759 -0.43029124
-2.2038636 -0.9100981
1.2363337 1.0515472
-0.41245127 -1.1065633
-0.78024536 -3.2424555
-0.25056794 -0.012881458
1.0658764 -1.378787
-0.685602 -0.4160814
-0.3524082 0.8677219
-0.1021643 -0.14514408
-0.6583841 -0.06732671
-1.0787302 -0.90427864
0.023662105 0.19740978
0.73122925 -0.98910403
-0.6143863 -0.7384566
-0.40544283 -0.39517918
-1.1248829 0.4419962
1.4193226 0.66157126
1.1213396 -0.15459931
0.0931579 -0.629962
-1.5865918 -0.37531722
-1.1691823 -0.07765581
-0.5325606 -2.0796413
-0.034407765 -1.0855869
0.9541124 -1.5291897
0.096109524 -0.27488723
-1.0624083 -0.26046494
1.451282 -0.12461977
-0.5011819 -0.87300813
2.8979495 1.2631485
1.1847137 0.62467444
-1.0066377 -1.2081952
3.6758478 -0.53211975
0.7511314 0.19023511
-0.9526279 -1.1541468
0.5348099 0.44596455
2.6536014 -1.0197408
-0.45217985 0.09510502
-0.92423636 -0.48185325
-0.16896886 -0.52770007
-0.62761575 -1.9240935
0.361678 -0.764037
-0.63958025 -0.39914075
-0.12522194 -0.33840975
0.66888434 0.6718476
0.5805782 -0.87376106
-2.0524902 -2.692917
-1.3231 0.11129409
-0.84898335 -0.3918611
-0.24405378 -0.7743261
-0.83226633 -0.4462339
1.9206916 -0.017389908
-0.30019203 -1.283321
2.1726205 -0.5918168
1.394614 -2.3072937
2.2647326 0.019321978
0.38981068 1.1676205
-1.1415738 -1.2466389
1.054988 -0.065185115
0.001017645 -0.49087697
1.1740124 -1.1819229
0.38619047 -0.06585549
0.8862487 -0.5527146
-0.26559338 -0.8340775
-1.0150182 0.11996454
-0.54041797 -1.197629
-1.8375878 -0.48701388
1.1506544 0.42793724
-0.7373617 0.08160731
-1.3542389 -2.355804
0.5413436 -0.6854056
-1.295034 0.21944469
-1.9624257 -0.50996876
0.4499401 0.30855015
-0.2960642 0.71061647
-1.3131896 -1.6440654
-0.17760432 -0.8407186
-0.3115827 -1.132588
0.053714678 0.0024719387
-3.1535554 -2.402632
-2.1445954 -0.7044457
0.53602725 -1.8451407
-0.59948343 0.449127
-0.2920357 -0.069918185
-0.121987075 -0.685753
-0.45775437 0.021247834
-1.0296437 -0.6745323
-0.18534112 -0.69682527
-0.37332875 -0.19814055
-0.9634327 1.0928216
-0.7468181 -1.0347391
1.060296 0.704167
-1.3131018 0.4117054
1.786229 -0.9075239
-0.4132951 0.08576971
-0.54075557 -0.53596157
0.09555234 -2.3868234
0.73471946 1.07123
0.42925078 -0.19875708
0.4189334 -0.12764129
0.37996888 0.27464202
0.29518682 -1.3941903
1.6339446 -0.96374035
3.1846113 0.08745986
-2.0986652 -0.52797824
-0.78591883 0.14569125
-0.73429936 -0.40801397
2.9332209 -0.61048985
0.39586556 -0.9216955
0.239935 -1.8996671
2.1266108 0.02187574
-0.66226107 0.04084009
1.5185769 -0.10376297
-0.063677385 -1.2999198
-0.4904182 0.26421008
0.5286258 0.38143715
0.6197381 -1.0822748
0.7641753 -1.325148
-0.7697619 -0.85200834
-0.26721978 -0.5956246
1.1206985 -0.2944706
-0.5050323 0.7021376
-0.9715589 -0.075337425
-1.3748821 -1.1595994
-0.18820767 -0.13449395
-0.7736938 0.32710037
-0.38499367 -0.041784793
-1.0483477 -0.77135444
-0.83906806 -0.5723113
-1.5207448 0.9434135
-1.6802967 -0.9491879
-1.1714418 -1.0248796
0.57973176 -1.7111014
1.2331315 1.1631174
-1.3813548 0.80281174
-1.9407852 -0.5188185
-1.3717797 -0.52134454
-0.60105395 0.0049259365
0.55201787 -1.3132553
1.1104536 -1.1202053
0.21341164 -0.40685707
1.4105024 0.84958327
1.2933879 -0.8697289
-1.196231 -0.7687553
-0.5416754 -1.1877942
-3.0036368 -2.2991512
0.06435989 -0.751575
2.3297162 -0.48293877
-1.7646047 -0.78241444
1.1889722 -1.6898625
1.3782947 -1.6177353
-1.5303739 0.10672599
1.5338159 -0.807951
0.2176591 -1.4620589
0.88711274 0.41058573
0.22409745 1.0464159
1.2442214 -1.3802456
0.120296255 0.49979332
1.7529815 0.40756872
2.1846995 -0.288593
-0.7149984 1.2477689
-1.4431367 0.28791425
0.88516366 -0.8124465
0.46257782 -1.1617529
-1.4194146 -0.13698971
-0.48318934 0.14094025
0.3642186 1.0270517
0.16387446 0.21191025
-1.0319946 -1.3445914
-1.1722131 -0.5705005
-0.9509943 0.79517233
-0.331941 0.9226122
0.9884683 -0.7576816
1.4900559 0.33653763
-0.7873755 -1.876259
0.85114944 0.6189264
-0.687059 -0.14775385
1.7660304 -1.070215
0.5135124 -0.8787707
0.649441 -0.02855073
1.0679882 -0.16414607
1.9989916 -0.61756754
1.2857491 1.7483696
-0.57201636 0.19394475
0.7998779 0.6261686
-0.58428085 0.85972714
-0.6706022 0.25597513
0.40538305 -0.81264687
-0.106147096 -1.0281681
1.3651763 0.52664447
-0.7182737 -1.6162483
-0.3951757 0.727931
-0.42958808 1.1716233
-0.049718574 0.54263055
-0.21482229 -2.0482368
-0.52993286 -0.89143646
-0.26312768 0.17572364
1.5896474 -1.4318304
-0.23176895 0.10063255
-0.3712458 -0.2622084
1.5598403 0.48515138
0.39698046 0.02177468
0.16984425 -0.69087183
2.028675 -0.7703762
0.34771812 0.044589132
-1.0651096 -0.16381717
-0.72383237 0.18739638
0.5743139 0.1511535
0.060206875 0.09326622
-0.9312526 0.59861946
1.9054464 0.35331276
0.9135792 -0.0868015
1.6688265 1.5510503
-0.85076624 -1.0695395
0.5481717 -0.1065786
0.6930467 -0.6927033
-0.8358546 0.26569447
0.04606785 0.6300653
0.69191164 0.43355557
-0.6339705 0.009272337
-1.276084 0.07939795
-0.2730888 0.7736002
0.46577752 -0.14176798
-0.78921366 -0.6243243
0.14312209 0.66206074
2.9756343 0.0747087
-0.79577726 0.059582442
0.84641516 0.89689636
0.9673556 0.3371034
0.7437502 -0.85686505
-0.34399566 0.55932045
-0.5673878 -0.10058142
0.70652074 -0.39919925
0.30644727 0.15830958
-0.298433 0.32875755
0.32418996 0.5977601
-1.3785248 -1.4309291
-0.29793862 -0.8821199
0.498335 -0.78288805
-0.56903446 -0.74562585
-0.38745484 0.74759233
0.65867835 -0.41515577
-0.109442815 -0.9412397
-0.8596581 -1.3956877
1.0301641 1.0295192
-0.29137224 0.7352687
0.8494818 -0.004600182
-0.2032341 -0.4265049
-0.79747254 -0.5982898
1.5787864 0.108474165
0.0005736798 -0.7310469
-0.96029806 -0.83151627
0.055584565 -0.8820932
-1.0130565 -0.28395927
0.4115594 0.081086814
-1.7910482 -0.44238457
-0.4177193 -0.30326402
-0.019007549 -1.0878227
-1.3268822 -0.57608306
0.3680902 -0.3596541
0.15212409 0.5693222
1.0326319 -2.4903345
0.035027698 0.7952516
-0.6023827 0.7216643
0.28443772 -0.9089935
0.11055301 -2.1927805
-0.10197513 0.43138155
1.1074594 1.5767962
0.33134508 0.57469904
2.0036416 -0.1903212
-0.11833322 -0.14895013
0.51121116 -0.20010625
-0.5990667 -0.2340617
-0.11148499 -0.4383334
2.3414507 0.26753905
-0.06052515 -0.12063089
1.7423006 -0.16397181
0.87936187 -0.073682874
-0.70060366 -1.3082975
0.48258018 -0.70611686
2.6749313 -0.16546124
0.17753817 1.0319662
-0.6068948 -0.7015492
0.40359956 0.93739927
-0.5873585 -0.5200562
0.773438 -0.8227606
-0.2680561 -0.60857
-1.0335066 -0.7232321
0.06548108 -0.9777695
-0.2990505 0.29580536
0.5912751 -0.5256984
0.75393426 -0.82623255
0.38977093 -0.71501267
0.27716744 -0.44549885
1.0259941 -0.15558705
-0.999734 0.8434558
0.044425473 -1.6941637
-1.106336 -1.5683053
0.0053652376 0.4238445
-0.20378302 1.4605453
-0.56782866 0.6261656
-0.21430151 0.19402844
0.81491446 -0.3424995
1.3253419 -1.5748774
0.19288118 0.49062678
1.1916134 1.6176062
-0.4463203 -0.94546676
0.6264373 0.091643244
-0.121224806 -0.81304514
-0.23103115 1.9673176
-1.1808779 0.4026241
0.6309431 -0.57104594
-0.7030762 -0.41506746
-0.73160976 -0.32434824
-0.7952659 -0.022117943
-0.21760571 -0.12173529
-1.3107388 -0.7562578
-0.5959678 -0.33801508
-1.4847043 -1.4706304
2.675464 -0.6029051
-0.10449451 -0.21747983
0.6562917 -1.1926023
-1.6538289 0.09206647
0.26449507 0.92182565
-0.39075792 -0.82473135
0.4301949 -0.15639028
0.40527874 -0.58036315
-0.7530559 -0.71515584
0.15357621 -0.7287588
0.62380064 1.3789294
-0.6258847 -1.247445
0.52157515 -0.5548961
1.4550611 -0.23875065
1.5079871 0.3100281
0.33846813 -0.02846086
2.7770138 -1.031037
0.10257207 1.2672571
0.28801244 -0.52781296
0.10252111 -1.0068835
-0.13852735 1.2654499
1.0876226 0.5972383
0.1786107 -0.4641292
-1.7644439 -0.37804735
-0.53203374 -1.1335741
-0.31534663 -0.83561265
1.6734589 0.7421925
-2.1208994 -0.03680247
1.43248 0.8150593
-0.850533 -1.1107715
-0.08260815 1.0281539
1.4183401 -1.1146026
0.76492953 -1.1416094
2.8291266 0.8400327
1.0496203 -0.99133396
0.1380697 0.55621874
-1.3891022 -1.7938671
-0.5943807 -0.1444322
2.033514 1.2423866
-0.14019525 -0.54335284
-0.17900392 -0.45873427
0.18947215 -0.36804456
2.1990623 0.96776974
0.7696308 0.5900227
1.2919188 0.48055097
-0.21371527 0.9794642
-1.0187553 0.7541981
-1.4527724 -1.3062575
-0.45092016 -0.054019183
-1.3023316 -0.36388224
-4.251182 -2.5181673
-0.37539953 0.030937701
0.4724133 0.121252716
1.2322705 -0.4762317
-0.02034448 -0.397381
0.30812007 0.27764842
-2.27017 -0.052500293
-0.3225606 -0.47475642
0.5192696 0.082273275
-0.7786258 -1.6738914
1.2481152 -0.8840233
0.25756788 -1.2715615
-0.7826977 -0.6118114
0.87896 1.5302371
0.515787 0.30915782
-1.0819159 -0.9090426
-0.044213384 -1.3994268
-1.1509478 -1.9189371
-0.54514754 -1.3613586
-0.41979772 0.43097588
-0.637196 0.17781934
0.72025317 1.3572448
-1.370087 -0.98690045
0.70600724 0.5340822
0.72283405 -1.0866214
2.2809467 -0.69111025
-1.1373934 -0.309662
2.8200483 0.7577703
0.53285265 0.0045187473
-0.5543804 0.53835094
-0.84739804 -0.21177314
0.90462613 -0.9066057
0.2564656 -1.2768854
-1.0712798 0.26790205
0.44547474 -0.7930391
-1.2911009 -1.7241211
1.6915944 -0.4639873
-1.675135 0.048657417
2.3182344 -0.06439045
0.8410008 -0.14776607
0.87530494 -0.83098257
-0.58234733 -0.123074345
-0.35423583 -0.45342356
0.7472377 -0.59757847
-0.45190257 0.08011049
-0.2941001 0.08334783
-1.3819706 -0.69500375
3.4214418 -1.4747198
0.26169574 -0.581738
-1.3658777 -0.6102246
-1.2480917 -0.18772972
-2.0288737 0.031599402
1.6398313 0.44090047
0.7056117 -0.5901835
-0.3651793 -0.39470404
0.29074752 -0.5118386
0.683976 1.3436289
-2.0305355 -0.6913537
-0.27157742 0.37055537
-0.60901535 -0.13845778
1.0597749 1.1747034
0.5783054 -0.07822549
-1.9248897 0.5469012
-0.73987895 0.5198263
-0.8674992 -0.9357799
1.0976133 -1.1927459
-0.834078 0.50753033
-0.5122022 0.8496783
1.0254558 -0.8147838
0.09159143 -0.65869284
0.6145474 0.2732531
0.08871178 0.037481368
-0.9648723 -0.2058565
-1.4605545 1.1295407
-0.75812614 -0.9117924
-1.2202938 0.086547405
0.29671574 0.22105742
0.9106368 0.00034840405
0.9552499 -1.4016831
1.45881 -0.7968612
0.34757423 -1.4252579
-0.99685526 -1.3291025
0.2754591 0.09227869
-0.504877 0.49877122
-2.4138153 -2.3477416
-1.1351941 -0.21669157
1.8475605 0.20775458
-1.9275903 -1.2924148
0.3795719 -0.671985
1.847988 -0.81339896
2.466495 -0.110822365
0.70705235 -0.92921877
-0.26962426 0.21676254
-0.602638 1.2325691
0.4507832 -0.580621
-0.9427154 -0.8496525
-0.25260547 -1.2266098
-1.9344811 -0.11026408
-1.132886 -0.49390143
-0.32915184 0.044905275
-1.1154835 -1.0734247
1.024914 0.4988893
-0.33766618 -0.6804308
0.51321155 -1.3991727
-0.40244734 -0.25522298
-1.9665229 0.144413
-1.069713 -0.90747714
-0.6666525 0.33261272
2.1917212 -1.0312997
-0.27452618 -0.25585243
-1.2403585 -0.49356717
-1.356825 -0.33417946
0.12416555 1.5687218
-0.50711143 0.7218683
-1.2275276 -0.70048904
-0.08087313 -0.44941592
-0.010895267 0.70947266
-1.4631616 -0.6331812
-1.4644171 -0.11602803
0.4609288 -1.7514639
-0.31469253 -0.12158864
-1.8856828 0.5682241
-0.13370082 1.1345369
-1.5210407 -0.0075164586
-0.46944708 -0.34235853
0.5608715 -0.20560749
-1.6048272 -0.69073945
0.9174831 -0.28648314
0.06537391 -1.6081575
1.3282526 -1.3779821
0.88487005 -1.0140057
-0.19282138 -0.5263474
2.2113786 -0.7619324
-0.40457824 0.011148602
0.7830372 -0.17540354
-1.8359942 -0.6925631
-0.46295607 -0.068035394
-1.297737 0.023694396
1.4827076 -0.23205575
-0.94579804 -0.5185375
-0.72427773 -0.49693805
1.4615169 0.033676952
0.8677671 0.2674264
-1.4527203 -0.8021301
1.3292238 -0.8785857
0.3549531 -0.3924642
1.950106 1.2608473
2.1526937 -0.990278
-0.40795785 -1.2323172
-1.6582528 -0.63173866
-1.5011517 -0.9727371
-1.2320136 -0.25413048
0.53640795 -1.3282162
-0.15355894 -0.452996
-0.8871168 -1.3751718
0.5097143 -0.14934698
2.3307388 -0.23578237
-0.68511033 -1.8085161
0.4308704 -0.5183579
-0.23982093 -1.1411752
-0.7422893 -0.54927325
0.51987517 0.3785968
1.275103 0.6319492
-0.4722961 -0.8936888
-1.4105237 0.44513866
-1.4254632 -0.40890336
-0.65750015 -0.46023846
1.3211434 0.47238967
0.44948536 -1.126993
-0.1083727 -1.7767075
-0.9695463 -1.0607978
0.37259084 0.1024352
1.3788701 -0.4275962
-0.08393088 -0.8463677
0.06758593 -0.20272729
0.36904538 -0.34586912
0.68007183 0.21398252
0.2606492 -0.1683211
-1.2464267 0.43170592
-0.00040096045 0.8178055
-1.6732439 -0.58069897
0.23040874 0.625839
2.7928014 -0.856709
0.9547155 0.6734376
0.37492317 -0.46846658
-0.69427747 -0.7861006
1.0319118 0.071495235
-0.8080695 -0.14142045
0.055182323 0.5752388
-0.324154 -1.0809585
-2.0410457 -1.6586092
-1.8480662 -0.70924693
1.704034 -0.5327536
1.0791929 -0.5585779
1.9821018 -2.5541346
1.5455154 -0.5146103
1.0255575 -1.8742528
1.9332312 -0.5108723
3.166394 -0.4936427
0.8396975 0.2649028
0.09421082 2.0211139
-0.03607817 -1.0883862
-0.2969822 -0.6997191
-0.18718281 1.0460193
-1.2655069 1.09602
-0.71522194 -0.8510263
0.78065884 0.82663167
1.2913058 0.75808203
-1.1682802 0.25594506
-0.35621813 -0.8866093
2.5138366 0.92987657
-1.3764743 -1.0562227
1.0122516 -1.2530408
0.34859973 -0.30439895
-0.06680578 -0.5671675
-0.7500797 -0.6168026
0.61715275 -0.57928
-0.32689825 0.04608828
0.38978714 -0.93498707
-1.594998 0.14776906
-0.08642012 1.1971043
1.2279706 1.1296959
-0.1187806 -1.0579948
0.22854425 0.89688706
0.28668034 0.107378274
-0.70180905 -0.16454446
0.18744196 -0.8599905
-1.6139615 -0.011698768
-0.3035813 -0.2902022
-0.86112845 -0.8089615
-1.7795999 -0.3313233
-1.3304831 -0.52720666
-0.79170275 -0.64692414
1.9158226 -0.73271215
-0.31221473 -0.09033249
1.4251368 0.28132513
0.0005687326 -0.6984987
-1.2946638 -0.90350723
-0.55945826 -0.2631318
-0.14694905 0.8157685
2.6036062 0.41868308
0.091743276 1.155204
1.1170892 -0.15362497
-1.4970691 -0.1704124
-0.3423181 -1.3002976
-0.53374016 -0.70653653
0.57472175 -0.5244875
-0.8972298 0.34593603
-0.9496939 -1.4353459
0.039196536 0.49669197
2.0200417 -0.18205202
-0.12016682 -0.21755843
0.76592565 -0.92065656
-0.55034244 0.42330286
-1.262828 -2.1076403
0.12377669 -1.6407185
2.165663 -1.6900619
-1.2849894 -0.5995962
-0.5930878 -0.6697384
-1.2830644 0.5190047
-0.8282514 -1.3181051
0.60529774 -0.5282178
0.08536245 -1.5013442
0.74230134 0.5003767
1.112398 -1.8724649
-0.65472627 -0.7165159
-1.1962787 -0.7916522
-1.0765389 0.9444581
0.98403656 -1.1251839
-1.6612153 -0.7341535
1.5451117 0.29325828
0.6141413 -0.059251934
-0.80400044 -0.11590985
0.5327974 0.6067002
-0.23306055 0.55924976
2.5446937 -2.1907327
2.238444 -1.1612147
-0.8510583 -0.14700258
0.57361805 0.17060518
-0.3104021 -0.5206516
0.8331804 -1.3496622
-1.6696434 -1.2746196
-0.41924646 1.0997931
-1.2472457 -0.68642175
0.4289707 0.31825128
1.7668484 -1.289683
-0.54091996 0.4772661
0.3380006 -0.37798792
0.3808217 -1.8116177
-0.47256207 0.083310485
1.1971836 0.14070907
-0.4985417 0.03641087
0.85651433 0.21672848
-1.5858005 0.91468024
2.5218692 0.5713111
0.01619862 -0.41497427
-0.43574286 0.2448945
0.10009073 -0.27519387
0.9535098 1.5993599
0.17336814 -0.45702928
1.1660626 -0.24058317
1.2134397 1.8773723
3.606043 -1.3232124
2.5905511 -0.5636914
0.3224752 0.6124301
3.075175 0.40989527
-1.9611342 -1.6668208
0.5490637 -1.7141418
0.85916746 -1.2636324
0.03453456 -1.0392882
0.42279541 -1.5828491
-0.64382017 0.027026683
0.6238882 -0.40487146
0.9417863 -0.09703986
1.0838257 -0.08602166
1.486812 0.83476603
-0.19330291 -0.4317357
1.7730953 -0.62719774
0.091245666 -1.6003507
1.7175403 -0.8927456
0.8447778 0.6327832
0.508387 -0.60342854
1.3377053 -0.60310435
1.3028933 -0.59245574
-0.10237305 -0.65795946
-0.6116123 0.42913923
0.71563905 -1.4284854
1.3864138 0.41547248
1.4426967 -0.97511053
0.01879789 0.93390036
2.0258036 0.3388057
-0.4422348 0.20311224
-0.09841494 0.06829673
2.5837486 0.48146078
2.28463 0.166828
1.767366 0.79507816
-0.4296348 -0.5018202
-1.3135949 -0.74060607
-0.6772741 0.83577526
-0.83060795 -0.5462309
1.2118713 -0.28118306
-0.04126306 1.412714
2.211193 -0.87386775
0.76283514 -0.38259903
-1.031922 -0.04811941
0.38393605 0.5486878
0.6215285 -1.682185
1.1039896 0.010756373
0.87870264 -0.47010064
-0.6338035 -0.43461844
0.8321371 -0.9352808
0.050365403 -0.9192327
0.24478121 -0.050905287
0.9364979 -1.3019645
0.08507018 0.86321664
0.085301384 0.33456686
2.410777 -0.3049736
0.22698961 -1.4976637
2.57944 0.438229
-0.4234233 0.28973392
0.78195417 1.140307
0.860253 -0.29821327
-0.79060453 -1.4094425
-1.7724046 -0.3034319
2.9384327 -0.7787708
-0.7509896 -0.9309236
1.0425924 -0.75557065
1.9395617 0.10016635
0.14566194 0.4234883
-0.9992423 -2.4230692
3.1980784 -0.0020530075
1.4239758 0.19347155
0.8236563 -0.99177957
-0.10434903 -0.55830526
0.5875384 -1.5568093
1.198723 -0.55162257
-0.019848496 -1.3455853
-1.2052495 0.2371346
-1.5976572 -1.365473
-2.7924213 -2.146677
-0.5033159 -2.2180305
0.5951199 0.2154333
0.10800396 -0.16114816
-0.49664962 -0.23013523
1.5465094 -1.2302219
-0.35313642 0.34672096
0.24853499 -1.1404483
0.01538153 -0.43996495
-0.20254658 0.07714209
-0.16078812 -0.5061977
-1.867501 -0.2799843
0.21062087 -0.583761
-1.515325 -0.97884595
-0.49453068 0.9967948
-0.06358527 0.54423
-2.2838333 -0.0718659
1.4894276 -0.45483065
1.1799363 -0.5640882
-1.0009695 -0.14637195
-1.4382666 -0.51230145
1.543529 -0.31206673
1.3832895 -0.705022
1.1221914 0.10055485
-1.3483819 -0.21943216
0.23871665 -0.21178102
0.5633419 0.70564866
1.161595 -0.34010822
-1.516828 -2.7764282
0.6775227 -1.6597396
0.8273548 0.49560335
-0.5184476 0.013270259
-0.7096859 0.8930571
0.66908765 -0.67982453
1.6510742 -0.36744946
0.344257 0.6621462
1.3987646 -2.2725136
-1.6156039 -1.1776692
-1.2998937 -0.7639766
0.20088537 0.47223535
-0.0057198256 0.15223414
-1.204981 -1.1460294
-0.048767105 -0.3400727
0.48028004 0.49389634
-0.782382 -1.662918
-0.5571394 -0.42371088
0.33843982 1.3150895
-0.15860987 -0.11077675
-0.7401982 -0.17699367
-0.0808602 0.42914233
2.8042626 0.12001833
1.1268638 -1.0038902
1.162285 -0.09960388
0.018500999 1.4120811
-0.71732295 -2.4492123
-1.117607 -1.3594179
-2.2911398 -0.33290207
0.0802363 0.09196353
1.0280613 0.2724981
-1.8132948 -1.6473914
1.6405509 -0.27971956
-0.88204676 0.9928417
-0.09727988 1.1537739
-0.3967233 0.1992822
-1.2794385 -2.3976266
0.10237543 0.6896024
-0.7605045 -0.9867531
0.03926502 -0.44478303
0.8919474 0.3107091
-1.3947464 -0.8847704
1.5400585 0.21718606
0.65351635 -0.84255445
-0.33365667 -1.1157161
1.1158667 0.13167873
-0.2331498 -0.48249942
-0.66035515 -1.466181
-0.67393845 -1.3120061
1.2301593 -0.8923061
1.1917927 -0.12431815
-0.115607604 -0.15097985
0.90803254 -0.9146186
0.40134758 0.57180905
-2.3314188 0.1541495
0.6940784 -0.78148997
2.0122876 0.8519975
-0.16774169 -1.8993635
0.89139223 -1.813337
0.34937668 -0.36001664
2.4554427 -0.6737856
0.6923445 1.900806
-0.1417276 -1.7386385
-0.9603242 0.09468222
3.119071 -0.7687435
0.76100683 -0.07393558
-1.2393882 0.44199488
3.6591904 -0.5089071
0.61050844 1.6474457
-0.78237826 0.34566304
-0.6292359 0.69094014
0.11483665 2.2142265
0.06820615 -1.3606348
-1.1303729 1.0978973
-1.2510456 -0.7148671
0.33193135 0.9500904
-0.3166849 -0.0685913
-0.026351914 -0.3798422
0.39837563 -1.1986412
-0.89931405 -0.2645495
-0.6361458 0.8309938
1.8345009 -0.47701895
-1.8657566 -0.9203274
0.9002315 -2.0735664
0.81910634 -0.26726806
-0.7826953 0.69733
-0.6328364 1.5023209
-0.4912273 -0.48343122
-1.2690574 -0.8882481
-0.29653564 -1.0589797
-0.47618917 -0.9542395
-0.0046124756 -0.7225083
1.6916866 0.23118016
-1.1763115 -0.80609465
1.2969912 -1.5154401
-0.057742074 -0.096375376
-1.0157185 -1.5635711
0.29268497 -1.6287283
-1.3309116 -0.45623964
1.7291316 1.5562078
-0.497407 -1.5509043
-2.010639 -0.8768188
-2.3076894 -1.2437385
-1.3467602 -0.38577536
0.06392278 -0.91126215
-1.7483155 -0.5979781
-0.5374658 0.122665495
2.3162293 -0.023770258
-0.660181 -0.73260975
-0.48931265 0.5148101
-0.23320144 -0.04987493
-0.6022676 -0.20702972
0.8730912 -1.2397348
-0.47063845 0.43717042
-0.07963641 0.6625562
1.5162116 0.07185489
-0.20001215 -0.7011844
2.130658 2.049213
-0.276342 -0.88067615
0.4735896 -0.54995084
0.3833391 -0.5725479
-0.60840744 0.265848
0.59656537 -1.6546811
-1.410311 -0.6408188
-1.3176613 -0.91540563
-0.38130975 -1.3406403
0.4807034 -0.9328793
-1.3207545 -0.3782093
0.77566826 0.9321537
1.2184129 -0.7327894
0.11196752 -1.0543917
2.757593 0.34924927
0.38135898 -1.0589406
-0.1377275 -0.15167457
-0.31789324 -0.96414685
0.30714148 -0.38874674
0.42150545 1.383594
-0.427202 0.9920155
0.5333917 -0.36394075
1.3249714 -0.5318252
-0.013729915 -1.495727
-0.8123581 -0.10110074
-1.6848227 -0.5480969
0.261396 -0.11225827
-0.7809522 -0.7442746
2.4379306 -0.3082687
1.0194988 0.19831836
-1.6097856 0.319564
-0.00027160347 -0.18326059
-1.1180937 -1.247288
-0.27150083 0.5655695
0.7642292 -0.2365892
0.31413323 0.27331546
-0.4075114 -1.2866753
0.46809196 1.0165688
0.58000374 -0.56032115
1.5205709 -0.6685209
0.12828632 -0.24250986
-0.03801997 1.0406432
-1.4211147 -0.06738752
-0.40318346 0.21754852
0.47036004 1.3443103
-1.2790036 -0.06360066
-1.1707904 0.7339668
0.19054006 -0.3609441
-0.5201784 -0.6507405
-1.4858767 -1.7695041
-0.7915934 -0.1822591
-1.3109796 -2.0855093
-1.8524058 -0.16843475
-1.3759129 0.35954866
0.5646246 -1.026742
2.3775806 0.4931861
-0.5445362 -1.1681768
1.2406338 0.12012017
0.6222296 -1.7031039
-0.602727 -0.8724605
0.66115206 -1.6598942
-1.4012513 -1.6063856
-0.665039 0.0828042
1.0783044 -1.4230816
-1.9815357 -3.0010834
1.632237 -2.431842
0.9378686 -0.90449595
-1.3395838 -0.15879542
-0.43234348 -0.87712955
1.3908505 -0.8704113
1.299735 -1.1826053
2.7116258 0.37052593
1.0863415 0.48478666
0.031061098 0.8284539
0.312352 -0.8213452
-1.4843208 -1.9527217
2.2354348 -0.89678526
-0.008450672 0.55821466
-1.7402029 -1.2712408
-0.8209157 -1.149795
0.051770136 0.19031525
-0.5817716 -0.77517426
0.2903884 -0.049623787
-1.5448598 0.45200798
0.77340126 1.2730314
-0.49925482 0.9936199
-0.16246425 -0.26084402
-1.5646706 0.93510675
-0.02976723 0.13602108
0.22812523 -0.72206676
0.62793744 0.4172617
-0.41089383 -0.34146506
-0.9406024 -0.46121663
0.21636741 -1.2192208
0.6390628 0.29349568
1.2423532 -1.739607
0.33498466 -1.7275918
0.7436849 -0.7792907
1.6066813 0.73687387
0.7220277 0.7492119
0.8097373 -0.96833444
-1.6853406 -0.58615035
0.12626521 -0.4141445
-1.2135935 -0.5477866
1.9286734 -0.7296712
-0.17197059 -0.46478605
2.5637138 0.38007405
1.4486293 -1.052955
0.55316085 -0.28198388
-0.90126824 -0.02075252
-1.2576461 0.687364
1.3889792 0.7474526
0.14679362 0.8909986
1.1630837 0.83181417
0.33838803 0.35185817
0.49243516 1.0991755
2.1606512 -1.3927882
1.529262 -0.046267614
0.3835113 -1.1634299
-0.30873877 -0.1769446
1.1687478 -0.70696044
-1.0205735 -0.91311955
1.3729227 0.42492148
-0.25290397 0.47780946
-2.9167197 -1.9532372
0.11721118 -2.186333
0.71646774 0.8656703
-1.2348562 0.08198494
2.0617735 0.20823482
-0.5479305 0.17482895
0.26544833 -0.4639536
-1.04038 -0.851969
-0.061751887 0.5252633
-0.079793856 0.36402622
-1.3287731 -1.7369977
0.20231669 -1.4281456
0.5403662 1.0595369
1.1606581 -0.5085958
-0.74645644 -1.9424773
1.8357173 -1.2120117
1.2740275 -0.8329693
0.9598174 -1.1898891
-1.0512311 -1.1019719
0.54667455 0.48943892
1.6352625 -1.1557877
-0.3333044 0.3414202
0.36501718 1.6028755
0.29146522 -0.7692416
-1.047964 -1.5310321
0.9378395 1.8524277
0.9055439 -0.3728137
-0.5087127 0.67938745
0.12075992 -0.38849968
-0.2525857 -0.35765123
0.7820734 -0.3089924
-1.4058195 1.8813026
-0.5911644 0.12131867
0.5843246 -1.1453674
-0.13257551 1.7008007
-0.13795146 -1.0928833
-0.013483167 0.6351403
0.59615755 -0.32163742
-0.028375596 -0.80122006
0.3891192 -0.29758993
-0.27860516 -1.2941043
-0.3463791 0.49158707
0.31406623 0.6101308
-0.929597 -0.96186495
-0.26579112 -0.5116997
1.0232558 0.94267476
-0.68156713 -1.4215297
-1.0613068 -0.2344247
1.483723 -0.79986787
3.1388452 1.3190725
-0.13772744 0.22242582
0.9638543 0.5060015
1.0034527 -0.977373
-1.6891922 -1.5261258
1.0972495 -1.4354037
-0.22296837 -0.7947235
-0.766228 -0.3869378
-0.02007091 -0.4013589
-0.2998423 -1.2423229
-0.7428285 -0.18715814
1.2502495 -0.4284202
-0.67885965 -1.244618
-0.6676422 -1.7588204
0.92196417 -0.39064747
0.81917965 0.36453184
-0.3769401 0.37672308
-1.0727109 -1.148009
-2.781775 0.1472528
-0.9523917 -2.7612953
-0.995027 0.17133394
-0.9689769 0.08082843
0.3759215 1.1337119
-0.5342021 0.094554156
1.7631985 0.60172117
-0.31032032 0.16835508
-1.2162971 -0.5729511
1.1419197 -0.2668954
-1.2152923 0.47685912
0.5871535 0.40722898
2.8320735 -0.6463523
0.7490915 -0.50900763
0.15440027 -0.32007328
-0.76223046 -0.079453096
0.73546416 -1.6251017
-1.6400629 -0.9697703
1.1932007 -0.3456797
-0.7469142 -0.20225124
0.6440494 -0.16831031
-0.0488064 0.37001732
-0.5076669 1.1832957
1.3142312 -0.2744043
-1.7764971 -0.60107493
-1.0695356 -1.6386253
0.78158426 -1.1825477
2.1549292 -1.1907877
0.71293885 -0.1439964
-0.92517745 0.6344911
1.3935013 -0.35452533
0.6411199 0.13284272
1.5747323 2.059217
2.1897244 1.3265504
0.36782593 -1.0658524
2.4239902 -0.51429343
1.2851562 0.17205843
1.5156369 0.8891834
-1.3858966 -1.264219
1.9683203 -1.1998513
0.86401093 -1.4804686
-1.5745056 -0.74795294
1.8244771 -0.5986668
-0.40128702 0.49700442
0.38682187 0.53318596
0.028750673 -0.7845696
-0.494511 0.23876655
0.4339677 0.84667087
-1.5944084 -0.5175123
1.829892 -2.4186895
-0.109150365 0.0718444
-0.188533 -0.8981105
1.2518128 -0.6457561
0.08408488 0.1323281
-1.6662517 -0.3627361
2.734256 0.26030648
-0.2827202 0.051331967
1.0969858 0.06732082
2.2050338 -0.17309436
-0.45151758 -0.6275661
-1.7149428 -0.37864426
0.78806317 -0.025558293
2.4322574 -0.92103744
-0.30494052 0.42924753
-1.8897151 -0.36173248
-1.6586477 -1.5329363
1.791617 -0.22916003
-0.6018518 -1.9715254
-1.104633 1.0471035
2.0078163 -0.849808
-0.64297193 0.7081568
0.32733798 0.31241795
-0.75564414 1.2713253
-0.83847135 -0.11786031
-0.03942786 -0.33256096
0.039650515 0.54427695
0.23249091 -0.80153286
0.8891101 1.761575
-1.3861581 0.08505309
2.0222507 -0.41771817
1.0062484 -0.51240987
0.08432199 -1.3927739
-0.21793343 -0.5654118
-0.5995117 -0.6023221
1.1736251 -0.9545002
-1.0107027 -0.14347573
-1.0134273 -0.4833584
0.48959005 0.36998233
-0.4945983 0.8325763
-0.27132255 0.43305817
-0.21995294 -0.28454065
-0.44070822 -0.15290123
2.125817 -0.39933085
-1.3882421 -1.1784338
-0.38776505 -0.65467465
0.35151106 0.94388306
0.7445553 0.508167
0.04955001 0.52602565
-0.4145109 0.0024424195
-1.0359508 -0.0053235143
0.34970856 1.6695586
1.6269006 1.712535
0.992988 -0.9067358
1.181298 0.638842
0.9660808 -0.81874514
2.4536684 0.83752966
-1.8128973 0.21261624
-1.6421275 -0.03780569
-0.36546826 -1.3537765
2.4785833 -0.3714083
0.059115395 -0.27611986
1.314893 -1.4029958
0.88332474 0.7471287
-0.25537682 -0.5276761
-1.0325226 -0.08819981
-1.4967521 -1.3786092
-0.93082887 -1.1960301
1.193672 1.1770793
-1.6583576 0.16445208
0.43072146 0.2828432
2.6616921 0.2023327
-0.49100956 0.4947836
1.4241265 -1.9720072
-0.7535569 -0.5538162
-0.31585208 0.61305785
0.1685686 -0.18335766
1.5884115 0.33336136
2.1554916 -1.5541624
0.97999465 0.30895266
-0.9264946 -1.1002401
0.817932 0.16874719
-0.54822046 -0.7052418
0.8541889 -0.4215265
1.7523712 0.49831066
-0.7329383 -0.10628636
-0.13280216 -0.97880685
1.4936006 -0.47317547
1.2832829 -0.90823174
-1.6404909 1.6412361
-1.728224 1.3712239
0.23169239 -0.4167375
0.08002697 0.042842746
0.5362542 1.1050496
-0.9234839 -0.37235072
0.1912045 -0.46507782
0.64557105 -1.2894917
1.4787089 1.5424627
-1.7131925 -0.06748456
-0.65484345 0.34046403
0.5788068 -0.37413234
-1.064366 -0.6656698
-0.3540933 -0.56441814
0.38145852 -0.3999933
0.74904746 -1.1841623
-0.31569862 -0.16443068
-1.5161852 0.95216846
-0.5765508 1.0765613
-1.4876804 -0.6535228
-0.1857995 0.06014672
-0.42466173 1.9495285
-1.3459282 -0.20649567
-0.38536298 1.2420123
0.7978214 -0.93080294
0.122565344 0.22501025
0.92332983 -0.6960733
0.051503465 -0.6818355
-1.3950471 -1.9875658
0.3079813 0.78900707
-1.0338136 -0.3395578
-0.30194443 -0.5976311
1.4215149 -0.4873889
-0.6312852 -1.579318
-1.7096441 -0.51347846
-0.7404071 -0.0073126107
1.0284976 1.5428182
-0.89836186 -0.940305
0.55649066 -0.22578676
-0.058008432 -1.8322933
-0.4517491 2.3634107
0.54625607 0.10854441
-1.1269406 -0.3928004
-0.49554175 -0.12597889
0.135269 0.4614264
0.37604547 -0.79093766
2.282343 -0.288224
0.7116526 -1.0770715
-1.2910904 -1.4506136
-1.2585 0.89557505
-0.6774328 -0.16613354
1.5662024 -0.37151903
0.9789362 -0.26591095
-0.89814043 -0.918738
0.6341871 0.5707859
-0.9500165 0.43693778
0.58181 -1.0814483
-0.18253835 -1.3489327
0.022940889 -0.9662466
-0.6991307 -0.46910843
-1.1979791 -2.3597026
1.6628253 -0.70047605
-1.6391674 -0.8204987
-0.12927262 0.58963
-1.5522906 -0.6671376
0.41691846 -0.9347025
-0.24622944 0.5846331
1.661673 0.16359144
-0.20564926 -1.0333405
1.3505125 -0.061181203
-0.4448191 1.1388509
-1.2761983 -0.77901244
-0.1316511 -0.03231427
0.4258111 0.6355301
0.6429282 -0.8627373
-0.19762407 -0.5495122
0.24216162 -0.66333735
0.11519869 -0.7061434
-1.4942786 -0.6606705
0.89591 -0.7751633
1.0935576 -0.5169557
2.6541207 -0.5526451
-0.14935602 -0.57639754
-1.6973679 -1.2520022
2.2358599 -0.07193662
0.2826435 -1.0757143
0.95953643 0.7925513
-1.8923671 -0.9708899
-0.6724348 -0.09341699
-0.59342974 -0.5078051
1.2981473 -0.9531833
-1.3112605 0.4299744
2.080648 -0.5322231
-0.731189 0.16052368
-1.4761108 0.5236279
-0.011371553 -0.29701287
-0.8349384 0.54580414
1.3103232 0.23730043
-0.21991445 -0.7442045
-0.4185634 -0.6938494
0.38618934 -1.0014579
1.6167079 -0.63625515
-1.0179977 -1.1332897
1.0913321 -0.03891976
0.3887245 -0.93217635
1.6136546 0.9985639
-1.5016183 -1.114767
2.1689115 -0.011189893
1.6553173 -0.6738298
0.08500786 -0.5221643
-0.2916786 0.8564609
0.3023616 -0.6761257
-1.7211866 -0.22702129
-0.7810204 -1.0987121
1.7942282 -0.5927259
-0.40082204 -0.4289086
-0.3390572 -0.16432345
-1.1147975 0.7445866
-0.7559709 0.75909865
-0.2966374 1.6850743
-0.34059304 -0.3165405
0.8176904 0.24252903
0.3574717 0.5180508
1.3680372 -1.3462234
1.0900127 -0.16851225
0.562548 -0.77727985
1.7283077 -0.8510512
0.046298817 0.6519109
-0.57626444 -0.744648
-0.80286163 -0.5002251
-0.3338796 -1.4582465
0.18601052 -0.2280943
-0.735933 0.41842481
-1.0103736 -1.3522122
-0.7043 0.33668253
0.13572516 -0.16300488
-0.17210865 -0.113213465
1.0102608 0.080574304
2.8686156 -0.3635125
-0.39656526 -1.0920091
0.17940636 -0.9785143
-0.7367952 -1.0189006
-0.2553681 -0.7096497
0.38579214 0.11430499
1.0297065 -0.7385526
-0.5439858 0.38579455
0.42470253 1.196755
1.0469382 -0.7298728
0.95783937 -0.8454008
-0.80217844 -0.09300621
-0.3877045 -0.28804272
0.4246031 -0.5857402
0.95252883 0.60032773
-0.32774645 -0.15315995
2.9410107 -0.030256405
-0.5504151 0.92591774
0.023246005 0.32601658
-0.8428038 -1.1538833
0.40749925 -0.5326508
0.68794876 -0.4397963
-0.25217095 -0.01176922
0.55088687 -1.2845719
-0.21512611 0.28188446
0.6167566 -0.5560912
-1.5631578 -1.2898691
2.6622894 -1.7710277
-1.0619905 0.23196837
0.34367776 0.12671596
0.6055854 -0.94655
-0.3622734 -0.36623722
1.4363166 -0.5841733
-0.005816534 0.008130044
1.1024237 -1.6584667
1.190206 -0.7117682
1.1605209 -0.02632302
-1.2991868 1.018595
-0.15204293 0.19325542
0.51306045 1.3560779
-1.5077306 -0.58141714
-0.2433031 0.2296975
-0.28430793 -0.82519245
0.82387495 -1.0516158
0.07058306 0.015462339
1.4829346 1.6569141
-2.3209438 -1.1670724
-0.89883024 -1.1582264
-0.40837568 -1.3472346
1.1085786 1.0180951
-0.93628395 0.29086635
-0.7268227 0.7330445
-2.0210564 -0.42955256
-1.2638593 0.4771423
-0.31905276 0.06090644
0.96091866 -0.72428006
-0.9941648 -1.6942055
0.79197085 -1.0905704
1.3063424 -0.4075191
0.42558867 -0.036030203
0.5182312 -0.13648944
0.07826616 -0.6916455
0.38222504 -1.7035288
1.0549506 0.018327296
1.0052638 -0.39200467
-0.23021132 -0.42165834
-0.09226355 0.6625743
-0.67885035 -1.415195
1.25572 -1.4445443
-0.7695403 -0.64085984
0.99961936 -0.89612174
2.2626276 1.7075509
-1.4478405 0.27255043
0.84359145 -0.1840115
0.037735894 -0.14348373
2.1568449 -0.10938929
0.1560844 -0.95613146
0.3285535 -0.28030154
-0.67515486 -0.8629695
1.1456215 -0.053743586
-0.41036206 -0.42486656
0.9072741 -0.5092107
1.4646848 -0.7796813
-1.0421126 -0.26987433
-0.3143572 -1.0776465
-0.059861854 0.02288118
-0.16803405 -0.5168109
-1.0461987 -0.8843088
1.9559621 0.9809557
-1.6847439 -0.17266959
1.8952657 0.21308231
-0.27067834 -0.6271484
0.6786106 -0.8138267
0.9135587 0.6655865
2.2734852 1.1823455
-0.016030908 0.74812496
0.9299481 -1.1699376
-0.15000296 0.29118446
-1.6266056 0.11671233
-0.54559815 -1.214251
0.99011254 -0.4134693
-1.159323 0.057096303
0.4086284 -0.2853378
1.4068238 0.23859471
0.39446664 -0.124114856
-1.2851164 -0.17330216
-0.34786725 0.1405654
1.3953786 -0.51888466
-0.7175656 0.87247956
0.8466873 0.083839
1.2348735 -0.68142176
0.72828954 0.5370326
0.73802763 -1.2748175
0.55392724 0.75364494
0.034828648 0.6931864
-0.1060871 0.53466344
-1.1448841 -1.8992236
1.0309051 -0.15900835
-0.34710532 -0.81433976
-0.2295146 -0.48363885
-1.0537238 -0.14125118
1.1753772 -1.693349
0.9556693 -0.81298697
1.0676308 -1.0450832
0.31668854 -1.2126065
0.07479362 0.489592
-3.942844 -2.4098036
0.2294089 0.29742184
-1.2409763 0.47038487
-1.5411551 -0.27254093
-0.25305846 -0.4583201
1.7608904 -0.72283345
0.24099971 1.2156391
0.7834729 -0.36639434
0.26260054 -0.6317021
-0.82332826 1.3217071
0.9345101 0.3069407
0.8078027 -0.6054007
1.4815164 -0.21023746
0.6210099 -0.016265512
-1.2128892 -0.49296245
-0.5072904 -0.39726365
-0.24748698 -1.7049913
0.52161956 -0.6936277
1.7907547 -0.3335376
0.56054074 0.64889383
1.4511143 0.34822604
0.6786369 -1.2418427
2.8862686 0.59583044
0.2022555 -0.18485178
0.70620894 -2.0655186
1.7451428 -0.2805301
0.18978246 -0.12116747
-0.4048457 -0.039777413
0.027974263 -0.7638353
0.30365783 -1.0403402
0.08763875 -0.03446108
-0.59995353 0.025108367
-1.5293262 -2.4437206
1.0904517 0.06540969
-0.6682257 -0.7310109
0.4778186 0.9012712
-1.761282 -0.48618817
1.550357 -0.022310913
1.7493422 0.9694096
-1.471142 -1.6357037
-0.15961802 1.3601271
-0.17215237 -0.063514516
-1.3607844 -0.012123302
2.4207454 0.090375245
-0.95046365 -0.4195583
0.8922807 -0.804811
2.5775588 2.0783937
0.51220316 -0.48909962
-2.1418624 -1.4267548
-0.35099858 1.5052139
2.1810126 -0.9729488
-0.49476796 -0.855546
-0.09559888 1.0041931
0.69614214 -1.415957
1.1345537 0.3856893
0.34630495 -1.8512204
0.11725928 0.17037058
-1.286535 -0.25475535
-0.6329215 -0.3565722
1.0748082 0.42827287
-0.9804704 -0.6320631
-0.5276517 -0.23520558
0.6153308 0.25614867
0.49248022 -1.0521051
-0.70251274 -1.0352006
-2.5738144 -0.42551214
2.050339 0.09434664
-0.90843207 -0.0265702
-1.2101731 0.7150159
-1.1189519 -1.1582592
-0.7099579 0.49492708
-1.2306149 -1.0129306
0.1142156 2.1449323
0.97144914 0.40578517
-1.7193226 -2.123782
-0.23053865 1.0029234
0.63693285 0.19189587
0.5143993 0.48418102
1.2799746 1.3136051
-0.71906507 0.055455238
1.522138 0.111917615
0.069445714 -0.027375042
-1.2797891 -0.62639165
-0.68643904 0.19177127
0.09111495 1.319205
-0.613154 -0.18914218
-0.92038226 -0.26259354
-1.9327767 -0.916268
-0.33180904 0.33506712
-0.36869332 0.056631327
2.0537696 0.05930704
-1.0762657 -0.9751034
0.7539091 -0.17366876
0.014111087 -0.51407427
0.16637765 -0.9850737
0.94433093 -1.8639418
-0.42944798 0.5350282
-0.073682725 0.021696419
-1.0564145 0.0073467344
0.5841431 -1.2021044
0.44605213 1.756791
-0.6589547 0.40236124
0.9667355 -0.8376306
0.31750113 -0.6175077
1.8287183 -0.28447187
-0.8441956 -0.8797486
2.2089686 -0.49726787
-0.25032473 -0.82720137
-1.6400259 0.43068418
-1.342595 -1.1600548
0.088443145 -0.45244217
-1.2304486 0.768579
-0.23121044 -0.8977933
1.860509 -0.5017891
1.0968277 -2.1814108
