-0.6700671 0.7788423
3.4227664 0.8402638
-0.04299593 -0.09281157
0.6532142 0.5183217
0.78818333 -0.20502125
-0.4110916 0.17917301
0.7860886 0.33051503
1.2499349 0.7842725
0.018029124 0.20873262
0.98453 -0.34092525
1.5144016 -0.13009179
0.30923405 1.6231359
1.3308432 -0.9446514
0.79567564 -1.1065655
-0.22374657 1.1211895
-0.5697129 0.83640224
0.51149225 0.13513179
2.3404531 0.11147188
0.1615398 0.46825463
0.7561028 0.41806626
0.42987284 -0.6652348
0.8993952 0.8687956
0.76341426 -0.5634825
3.544085 0.6476133
-0.2245745 0.8610211
0.2832707 -0.46790615
-1.0356015 0.8388913
0.40127644 0.07561372
-0.8528683 0.5880501
0.46658292 0.2533881
-0.6990808 -0.5147503
0.6858413 0.15465797
2.570863 -0.83365065
-0.6718628 0.30946577
-0.16114947 0.023057744
1.1975298 0.54697394
1.2579684 1.4378986
-1.0302603 0.50771743
-0.47397196 0.35804582
0.016788483 0.8119411
0.6237861 2.243532
1.8012451 0.28516656
1.8363754 2.0138235
-0.06398608 0.9806848
-0.23961347 1.3334376
-0.03536436 -0.42040873
0.10920578 1.405183
-0.21089612 0.3533457
-0.24857016 1.2186711
0.0085400045 0.7985243
-0.032356292 0.20116158
0.8485223 0.6986661
1.2898414 -0.6000903
2.023151 1.1124817
0.65289545 1.3094219
1.2423304 0.16925628
1.6805557 0.49912572
0.057934374 0.728125
-0.5842284 0.49807292
0.0039747655 0.69719815
-0.38009214 0.36595362
-0.72750163 0.3232785
1.7685674 0.51299554
-0.99741995 0.8778134
0.52599776 0.048223868
0.5744395 0.30298406
0.90692985 -0.24076146
1.6189507 2.0687337
1.2758174 1.4419129
3.586662 -0.5562952
0.34588578 0.5240309
2.6001337 -0.9307706
0.12843558 -1.1298453
-0.3804691 0.8508739
0.6979816 0.3910089
0.88736594 1.3446455
0.44618693 0.050881013
1.9810666 -0.8753178
1.6688322 1.5264728
0.8255583 0.8973387
1.1974801 0.99066013
0.62046826 1.3539095
2.8002138 -0.6496323
0.7109103 0.80287987
-0.5428105 -0.42906868
0.18439677 0.47384453
-0.16697139 0.3465473
-0.32660183 2.2436554
-0.32872087 0.10613696
1.824335 -0.06210074
1.5061057 1.091467
1.5338191 -0.36880714
0.6344898 -0.8647261
0.74484026 -0.21709314
0.05720836 -0.6463797
0.3474125 0.9261436
1.7148795 -0.696927
0.18223327 0.36214548
0.8484645 -0.005293742
-0.09207149 0.6683375
-0.15146852 -0.8177637
-0.9682697 0.5135087
-0.39057088 1.6756502
1.1388505 1.8500865
-0.13257873 1.6836718
0.55775476 -1.3149171
-0.9277886 0.008254543
1.4524156 -0.29163632
0.4324719 0.10577659
0.66954243 1.2696214
0.11416441 0.36149597
1.1100603 0.91536397
1.0753518 0.25608104
-0.06846543 1.5921388
0.022988677 0.76986426
0.98110366 -0.16024023
0.08223203 0.059623197
-0.039031312 0.2813382
1.0533668 -0.25906223
2.1549273 -0.28970444
0.45688912 1.4041387
2.3476 0.36292142
-0.44075063 0.61793363
0.4597527 0.039228216
2.7569594 0.8811911
-0.33694547 0.7530144
3.0048158 1.7780051
0.06922606 0.87058085
1.2891891 0.93157476
0.45024726 -0.5637705
1.2448047 1.570029
0.6098485 -1.071
-0.66125953 1.0258524
1.1915462 -0.09829779
-0.07486588 0.8189772
0.39342144 -0.6166918
-0.14290151 -0.70823306
-1.0964316 0.029258177
0.13437268 -0.29594144
0.12236735 -0.63861126
1.9008249 1.7266213
1.8699833 1.7485888
0.031643867 0.3446641
0.93318903 2.1082587
0.4794921 0.10230447
1.5881182 -0.2484928
0.8880446 -0.0034947842
1.1612064 0.76289636
0.7292702 -0.22024618
1.214836 0.16987197
1.0688615 1.8795526
1.0817575 0.2723477
0.62041485 1.3832396
1.3888412 0.71808475
0.9566014 0.31105137
1.302867 0.7488021
0.9004924 0.40184212
-0.1217345 1.1020033
-0.17931972 1.1968217
-0.3918153 -0.47637826
2.3749156 -0.60632867
-0.9106034 -0.011053413
0.40413138 -0.27469
1.1564618 -0.05179429
-0.43701684 0.283136
1.3159231 -0.64169484
-0.49217796 0.006577447
-1.0259372 0.20046164
1.2887435 0.88184065
2.6813881 -0.8770337
0.39982226 0.44204813
0.36839715 0.03517498
1.6460502 0.938767
1.2740922 0.603992
0.45120606 0.45294398
-0.167679 1.0410174
1.5838896 0.106653556
0.3132511 1.9107399
-0.020203128 -0.7324585
-0.81810546 -0.21220115
0.78680766 0.97658795
0.08659318 1.0883917
-0.34449863 0.68565506
0.3077447 -0.29690132
1.3352075 0.45228356
-0.89942694 1.5878501
1.3178316 1.6920928
-0.111044094 -0.075556636
0.63714457 0.17222847
0.9809823 -0.5317627
0.8163011 -0.0769085
1.2061821 1.3287708
0.44505414 0.5639024
-0.24973172 0.3013829
1.2034581 1.3047336
0.20079532 1.0665425
-0.7734474 0.9222092
0.28985438 0.71672577
2.1543846 -1.2887734
0.15488914 1.1012521
0.2945011 0.93455774
1.1865546 0.15940003
1.2116033 0.87750846
0.27730557 1.0739063
0.47675326 -0.51422846
1.2783216 -0.23296614
-0.4069205 1.7617865
0.29462424 -0.686998
2.0041342 -0.3908364
2.6412103 1.266131
2.0220175 1.0079728
0.5772748 0.93894154
2.050653 -0.6156928
1.7797812 0.2871477
0.15944791 -1.0983229
-0.60510784 0.52068293
0.99536276 -0.045720264
-0.17308637 0.56053007
0.5394 -0.4498727
0.6639397 1.42397
-0.253515 1.8699133
2.4861698 0.22561364
1.6774385 0.793161
1.3693275 0.73636043
0.11856115 1.1358943
2.3396091 0.9253394
-0.37353587 0.5865219
0.55041134 -0.20776409
1.3082678 -0.18254034
0.7010499 0.38047093
-0.04247515 1.2928618
0.060397863 -0.1617096
1.3643223 1.2425197
-0.21223214 1.2769465
1.6822473 0.05621724
1.0497713 -0.8499855
1.067921 0.31358778
0.34564987 -0.13898768
0.7306528 -1.0769539
0.6866175 1.5233829
0.022674322 0.78426784
1.190347 -0.010396555
0.18040791 0.38190705
0.68574464 0.5588326
1.1718026 -1.4076505
-0.09045021 0.90461594
-0.21009451 -0.6544832
0.04336658 -0.75947636
0.20031741 -0.30537224
-0.36158764 -0.3565874
0.8167385 0.43686664
-0.7465713 1.3934342
0.4112986 1.3791444
0.1621784 0.6637686
-0.08817232 0.5875711
-0.41365045 -0.50288284
0.15560183 1.5877302
0.4991462 0.93489414
-0.4623527 0.7563838
2.0888674 -0.7404385
-0.8740139 0.95689696
-0.44711578 -0.39066172
0.5699595 1.0481412
0.5633272 0.29948473
-0.3516482 0.0856321
-0.7629626 -0.07821989
0.8600844 -0.38320887
1.9110259 1.5845047
2.5045416 0.42354846
0.4141443 0.3473612
-0.63265395 0.15389334
0.81135154 -0.056700394
0.5317937 0.79222924
1.0005174 0.3730433
-0.1282475 -0.70502937
0.9176229 1.6447116
2.2304513 1.3422362
0.42689392 -0.4597059
-0.14243263 0.071072295
1.7351162 0.70682436
0.24820435 -0.39092684
0.17393467 0.14782025
-0.3211286 0.44443548
1.5846618 -0.4813383
1.3741543 2.313952
0.39363518 -0.6441216
-0.54636365 0.46026087
2.3655276 -0.010802105
-0.50866723 1.0361006
0.40126696 0.16657247
0.32155398 0.63213444
-0.43025148 0.13142322
0.5421823 0.44971573
-0.8330151 -1.4257599
-0.53693765 1.1648276
-0.06407957 1.231258
0.12826976 0.4099872
1.6815974 -1.2739462
1.0141102 -0.46485573
0.55033875 0.7621117
1.0119035 -0.45614594
-0.10939887 0.13550876
2.2901852 -0.5784442
1.8870376 -0.2741561
-0.20399086 0.0451463
1.4892955 1.7876165
0.2389465 0.19144665
0.6838404 -1.3284005
1.4263654 0.5462869
-1.2611935 0.9718403
1.1092917 1.1483858
0.1323379 -0.41665515
0.082965344 -0.69132906
0.48931935 -0.82570463
-1.0820792 0.20341282
0.7572768 -0.0056237876
-0.050509676 0.78902406
-0.8493959 0.2718891
-0.0053777248 0.43552452
0.8530936 0.7504671
-0.2113823 -0.5479994
2.5856955 -0.2928212
1.8905188 0.20707648
0.012045115 0.13111822
0.6278043 0.744218
1.8208922 -1.3239307
2.2392008 2.3952582
0.62337124 0.602419
-0.82671 0.0381328
1.3237253 1.7668653
0.08244529 -0.6179221
2.5124612 -0.7583628
-0.39395565 0.70416516
1.5045909 -1.7822638
-0.8984647 -0.84271425
-0.19061762 1.3955367
0.0074520707 0.4926657
-0.061135456 0.727022
-0.5754452 0.060673997
0.8483672 1.1596884
1.7567765 0.04790999
0.7453164 0.41244787
-0.08489546 0.11915748
-0.47658783 0.81387514
1.5497824 0.0007082522
1.0940254 -0.8694712
1.0584664 0.20780964
-0.41099632 0.6166755
-0.66266346 0.50845367
0.39258495 -0.5215502
0.89757276 -1.0281568
2.0924838 -0.21654141
0.42794707 0.29225892
-0.25074452 0.6027704
2.2071395 -0.4400407
0.42039368 0.34897393
3.7492638 2.5638719
1.1975458 0.92117125
-0.1619753 -0.22603738
3.675679 -0.18766622
0.45821163 0.053289935
0.38734952 0.5917562
2.138735 1.4893984
2.9400365 -0.31846514
0.5426146 0.7602664
0.10765797 0.94423527
0.017751694 -0.36115277
0.56475043 -0.35969102
0.49830475 -0.8242036
-0.15984955 0.23157777
0.98939776 0.42050445
0.9893447 1.2039876
1.1132106 0.08316429
0.0783802 -1.0110997
-0.6158656 0.3391496
-0.15517288 0.5789268
-0.06818804 -0.052173734
-0.029062659 1.1577618
2.0010712 -0.15290791
1.3888628 -0.12501821
2.3767998 -0.7365156
2.1769712 -1.6646678
2.4833817 0.47805822
0.76236176 1.698106
0.27050152 0.23300828
3.1813385 0.88181514
0.5875876 0.31848055
1.606119 -2.035195
0.23249292 -0.16074906
0.8077638 -0.31547466
0.4386476 -0.46846792
-0.24974763 0.0734791
0.33393332 -0.19359526
-0.5817015 0.19296633
0.42754504 0.05324249
-0.25643596 0.06732504
1.2715759 -0.1855078
1.2408947 0.4502024
-0.77223253 0.79262644
-0.5189756 0.5956126
0.09276196 0.33098137
0.70286274 1.5651318
0.17049053 -0.028360352
0.58647716 -0.25576252
1.041145 0.15878211
-0.082644016 -0.06186363
-1.8718983 -2.100087
-1.3338801 0.46061045
1.5488433 -1.0529828
-0.49318057 1.0790775
0.3277817 1.4179242
0.27592257 0.11850293
0.6479238 1.150854
-0.58756363 0.2843066
0.6986805 0.91335684
0.25770512 0.56377923
-0.41647118 1.16873
-0.020843804 -0.11745983
0.86096644 1.0400122
-0.62789774 1.290109
2.584809 0.04732637
0.3384426 0.8182505
0.4950197 0.1288424
0.9218911 -1.0973697
1.182172 1.8648825
0.8249227 0.6091661
1.2113285 0.8079732
1.8388153 1.582285
1.2196308 -1.1380143
1.6961918 -0.35829964
3.6689599 1.0718124
-0.045040697 0.6318272
-0.29634464 0.94243485
0.37413958 0.95373327
3.2257013 -1.3587704
0.7489877 0.1522442
0.8973079 -0.53886974
1.945736 -0.25767234
0.6587472 1.6095915
2.1700823 0.78902036
-0.39027756 -0.93454105
-0.05512394 0.5693787
0.5533252 0.3068471
1.0089127 -0.43239194
1.4257302 -0.6977806
0.4832466 0.13545911
-1.1715981 -0.6216018
2.564318 1.2561865
0.10768926 1.2330897
-0.19429195 0.94567543
-0.77598834 -0.78302217
0.38891956 -0.010541365
-0.4414306 0.5456647
-0.05922255 0.9634691
-0.85903764 -0.41838068
0.038674027 0.26478112
-0.8620013 0.90431494
-0.3739003 0.5872762
-0.07092741 0.7416938
1.4734348 -1.6597854
1.549653 1.458722
-0.53453004 1.9722166
-1.0327464 0.07173832
0.00993371 0.15069465
0.20557484 0.9391194
2.5838366 0.62242854
2.0099633 0.6888944
1.1295459 0.9963569
1.2669582 1.3672824
1.4646425 -0.924683
-0.2972141 0.70707864
0.20980263 -0.5448961
-0.07257497 -0.8682349
0.5355792 0.5294551
3.2256722 0.25397235
-0.46321362 0.20304759
2.7770848 -0.45660987
3.7487302 1.4338647
-0.9543737 0.7581201
1.8506211 -0.25837892
1.2739146 0.037520304
2.762466 1.8500116
0.69446194 1.4021803
1.9759821 -0.36739406
0.6793848 1.1981248
2.4201803 1.2158926
2.3099642 -0.606905
0.13782713 1.8224916
-0.60369325 0.6891146
1.869758 0.68036884
0.91659343 -1.3008666
-0.3419664 0.9065959
1.0318404 0.97182125
1.120716 1.2037426
0.8919084 1.0312636
-0.5963094 -0.73186886
0.0979836 0.5300237
-0.84783435 0.9756108
0.33137956 1.7780404
0.62784696 -1.1131532
1.2305602 -0.52892566
1.0358481 -0.22473371
0.601475 0.8080631
0.2726564 0.5391939
2.0374353 -0.63575566
-0.3827746 -2.1540904
1.346175 0.92471474
1.310534 0.18529053
2.4655128 -0.89265364
0.9909158 1.3595911
0.14364958 0.85941106
1.2379798 1.172524
-0.39485508 1.1046356
0.1464771 0.9601485
0.66410124 -0.29648337
0.4101067 -0.29239404
2.1033134 0.6919312
1.921372 0.29460722
0.31217077 1.3316218
0.34461108 1.3543832
0.5729474 1.1768271
1.3699524 -0.52779686
0.15888482 -0.09937227
0.5039917 0.37683225
2.443667 0.3536734
-0.7882035 -0.27734032
0.03009963 0.040682897
2.5830085 1.8006632
1.8265415 1.4088215
0.829278 0.62658685
2.4754906 -0.28664783
0.7689189 0.12563767
-0.20318097 0.23684107
-0.22434306 0.6295145
0.43987593 0.18193032
1.0711689 1.2612095
0.21027207 1.5830325
2.0438266 1.1526968
1.3187357 -0.048734233
0.9812217 0.73075235
0.12967479 -0.0500969
1.4061395 0.025504068
1.5064518 0.2446853
0.14762875 0.83820873
0.6992568 1.4184676
0.8065363 0.28149194
-0.33833662 0.8454527
-0.8804668 -0.07907951
-0.07771365 0.9913575
1.5173223 0.11774452
0.66215813 0.88802165
0.40446016 0.78193194
3.0298898 -0.32367608
0.34608802 1.2072816
0.6815684 1.3714736
0.6927376 -0.6927118
2.332257 -0.56455773
-0.06672941 0.75249434
0.25226995 1.0420622
0.6863586 -0.30286026
0.66970706 1.2513353
0.17053822 0.53888416
0.5328406 0.34602392
-0.059166238 -0.44257808
0.45768818 -0.005167991
1.7482966 0.057633385
0.99085224 0.3464498
-0.6732778 1.001857
0.67899895 -0.55237466
0.47487804 -0.1933487
0.60467374 0.1965474
1.1942897 0.9539222
0.57827115 1.7246544
0.65424836 -0.52409005
-0.038914487 0.24961181
0.15767896 0.5090201
2.0220683 0.834703
0.3950067 -0.69661146
-0.48357123 -0.64935035
0.2503496 -0.86341155
1.2967995 1.5096008
1.0103519 0.28384942
-0.6297393 0.4630906
-0.007227853 1.2271193
0.8454863 -0.48697203
-0.20400813 1.0307324
0.9563143 0.12384342
0.63804495 0.54457366
2.7350252 -1.4338663
0.8633541 2.1372423
0.23374555 0.77159077
1.0792005 -0.45070395
1.6778792 -0.5473037
0.16337997 1.0265397
1.3348839 1.9296136
0.09390861 -0.10908106
1.6186314 -0.48708814
0.016255558 -0.3096941
1.1750824 1.5108556
0.42519382 -0.15839523
0.5246023 0.10344003
2.7952266 0.80162627
0.6619426 0.95920306
1.6840616 -0.09829214
1.1025184 0.12429692
-0.2928668 -0.65084314
1.6490809 0.962169
2.7242932 -0.15510622
0.2912552 1.6806234
1.3374786 -0.058821708
1.1743617 1.7029334
0.10406405 0.31711525
0.70234823 -0.64381504
-0.06688523 -0.039119974
-0.32148147 0.8492654
1.0336256 -0.071900755
0.87826073 1.0244217
0.93134296 -0.87048286
1.4800452 -0.22209328
0.6823753 -0.104635105
0.97597563 -0.26694715
1.5004807 0.61549205
0.015991598 1.7294303
1.4942795 -0.82007235
0.90396285 0.6078313
0.1586237 1.0793619
0.5749545 1.9781995
-0.8252951 0.8688633
0.078671396 0.913349
0.99992704 -0.47508192
2.4629643 -0.61856306
0.61781025 0.5679853
2.0529196 2.4327934
0.4864889 -0.36363333
1.2256479 1.3773241
1.7204019 -0.30019805
0.9303123 2.251631
0.14292419 1.2394613
1.0442833 1.2105299
-0.37465814 -0.13879052
-0.5109933 0.3058591
0.031014144 0.6208068
-1.0164682 -0.44935757
-0.26470214 0.66184074
0.786618 1.1854208
0.08497387 -0.10292119
3.0493927 -0.7670325
-0.6539465 -0.7471373
1.372146 -0.508463
-0.5721686 0.63882315
0.77536213 1.8296909
0.14029253 0.14749216
0.62939477 0.8383867
0.48403034 -0.7928471
0.61474705 0.83254665
1.4216236 0.9930559
1.2384875 1.7881565
-0.3835593 0.14059572
0.53239775 -0.2871038
2.1380618 0.051821336
2.053796 1.0222108
-0.10481216 -0.04111302
3.2146814 -0.41385716
0.113232404 1.1696845
1.2504896 0.9589754
0.55535614 -0.3435894
1.0577846 2.011111
2.0738306 1.4430131
0.33753607 -0.095228046
-0.44109914 -0.09323001
0.21567485 -0.43324605
1.6985682 0.553483
1.4532783 0.44965297
-0.26151994 1.4784093
1.0305674 1.4761809
0.045068473 -0.0975053
-0.08029424 1.0449102
2.1907308 -0.8003587
1.1443601 0.1100245
2.9395142 1.4551452
2.2517657 -0.20895046
0.37239483 1.417234
-0.36659604 -0.48037034
-0.3505324 -0.029959127
2.5122313 1.0062191
0.16567111 0.023134604
0.4503316 1.0990349
0.5800674 -0.57521045
2.0217154 1.4791455
1.07519 1.2727869
1.1062984 -0.24850613
0.5799575 1.4228455
-0.6488664 1.1156539
0.67905295 0.8047822
0.03915465 0.271941
-0.10305059 0.70502436
-1.1657646 -1.124682
-0.050249606 0.48511738
1.5753064 1.0278294
1.7424946 0.13992612
0.19364467 -0.1411618
0.5019884 0.41833115
-0.877969 0.84758466
0.016482025 0.61876136
0.8614155 0.37589365
-0.09676547 -0.2981931
2.1804595 0.44151062
1.2791686 0.21553151
-0.47492447 0.16406949
0.9511522 1.7713735
0.9081416 0.6647467
0.08182657 0.43695801
1.7873529 0.1830868
1.221851 0.19790702
0.24653155 -0.74546397
0.76171947 1.5684812
0.60630834 1.2945349
0.3237476 1.2230885
0.17948928 0.26601738
0.59904325 0.8598656
1.1177301 -0.9338466
2.6130826 0.18063773
0.73038924 1.107912
3.2181225 1.035251
0.5636376 0.3201874
0.19654417 1.2089192
-0.20162556 1.1076578
1.0539578 -0.22756921
1.1878024 -0.32129276
-0.30030665 0.8355387
0.91328704 -0.70129377
0.44699022 -0.4008841
1.6274761 -0.5815088
-0.93356586 0.8663594
3.2665954 1.4610937
1.2462128 0.6599319
1.3711513 0.049965337
0.047418088 0.2397692
0.05427894 0.266707
0.8447746 -0.45410573
0.59943795 0.4303664
0.5356691 0.7366216
-0.010121584 0.9664305
4.3711133 -0.8947407
2.6712518 1.2716304
-0.48171413 0.8457832
-0.5461446 0.76805574
-1.1866028 0.56438273
1.5663849 -0.007414818
0.2732632 -0.717689
1.2076691 0.6551851
0.54827046 0.6210215
1.0324541 1.9646318
-0.8553108 0.2544105
0.25443944 0.9229873
0.2215957 0.5627906
1.1454425 1.4754361
1.0813504 0.7580059
-1.156908 1.1329226
-0.8399706 1.0633547
-0.03905885 -0.34586024
1.4589274 -0.89313555
0.15906775 1.3309022
0.2506099 1.3718195
1.2928884 -0.970804
0.7543498 0.4677807
1.3353612 1.1788001
0.29030946 0.6485566
0.11168605 0.73534167
-0.9781102 1.4041655
0.24246868 -0.69642323
-0.5896539 0.60754794
0.3452904 0.21697654
0.381542 -0.13905638
1.4597316 -1.2400638
1.9178444 -0.4155463
0.80844915 -0.2786793
-0.28414446 -0.20119353
2.6719725 1.6674896
0.3963342 1.5673572
-0.05163786 -0.15085658
-0.675999 0.71429104
2.9753792 0.8976652
-1.4094592 -0.6488381
0.54539466 -0.6778476
2.2443666 -0.93197143
2.412466 -0.105376616
1.3750751 -0.933263
-0.18429455 0.46492392
-0.39186764 1.1457683
0.9741206 0.2982477
-0.24877314 0.033584967
1.6171361 1.0714053
-1.2424906 0.6386909
0.31852517 0.687044
0.099202335 0.6698069
-0.2596621 -0.18738785
1.4253217 1.4914532
0.7982203 0.44922364
1.4918182 -0.77483463
-0.47723168 -0.17845324
-0.82287467 1.0527846
0.33235738 0.55284303
-0.47596776 0.58175004
2.6343856 -0.73123485
-0.13785729 0.2454843
-0.21927482 0.10641764
0.21208805 0.8410196
-0.42992634 1.5372511
-0.12969705 0.931904
0.08640656 0.6275933
0.59481 0.5238629
-0.0027143657 0.93809193
-0.60726386 0.933021
0.056500137 1.1151985
1.39748 -0.72033477
0.4531552 0.9509041
-1.0572622 1.5726116
0.2932873 1.507077
-0.56531537 1.0143522
0.16135162 0.55888706
1.2495335 1.2812747
-1.0146391 -0.43673962
0.93064356 -0.6214346
0.5120504 -0.6823432
2.0698607 0.028990969
1.9557232 0.17767607
1.6396974 0.706924
3.0076895 -0.69056773
0.75873065 0.60363173
0.5514649 -0.3248705
-0.5414932 0.106208995
0.6750041 1.8188617
0.077828795 0.7238861
1.2933408 -0.18152723
0.7623142 0.69415987
-0.03278193 0.28051382
2.2158122 1.4818401
1.4910033 0.02573891
-0.24213587 0.21638857
1.4987473 -1.3342906
1.1664155 0.21552788
2.2689776 1.5254278
2.8465471 0.24294873
1.0387818 -0.26770368
-0.4605899 0.07497321
-0.6253339 0.5220046
-0.26201537 0.5970347
1.2851722 -0.3527334
-0.0070198327 -0.16387056
0.41338983 0.2291664
1.0747968 -0.061745092
3.1295738 1.3299291
0.63876545 -0.32649907
0.726962 0.2686277
-0.09452525 -0.751048
-0.22930855 0.5795934
-0.16870272 0.29336947
1.7798725 0.86995596
0.82269645 -0.4225706
-0.32165143 1.1370211
-0.7538152 0.285222
-0.04640217 0.034319773
1.405467 0.42941457
0.42352822 -1.0584888
0.83424616 -0.6766979
-0.19689804 0.28253037
1.7063556 0.9233425
2.0159936 0.11855577
0.1227448 -0.51932704
0.59648263 -0.18501425
0.6708834 0.12122826
0.8222501 0.96509296
0.49066284 0.14685778
-0.7942593 1.0776838
0.114899516 1.1814076
-0.71817666 0.27355295
1.5524837 1.7885823
3.6830463 -0.34641415
2.4425712 1.448279
-0.08115168 -0.35448807
-0.38974604 0.775026
1.4812251 1.2269715
-0.33461392 0.6662691
0.21177754 1.2193846
0.58522344 0.51708525
-1.0231137 -0.53477347
-0.48938024 0.5135361
1.4990438 -0.039371505
1.7970754 -0.014545992
3.8575404 -0.8628143
2.1916342 0.6627826
2.1601772 -0.69297737
2.8860793 0.4542657
5.1501403 0.95563287
1.3368491 1.0988173
0.4215016 2.1153257
1.1309199 -0.08728218
0.3796573 0.07899089
-0.56924796 0.5745207
-0.014681369 1.3633782
1.1095014 0.4559335
0.77039135 1.31386
1.3209666 0.008540064
-0.52253264 0.8623534
0.14199442 -0.021578878
2.6232033 1.3006971
-0.9399923 -0.86540264
1.9591533 0.7229362
0.8303962 0.38904178
0.80482864 0.065959886
-0.2443055 0.3519736
1.2310163 0.19809328
0.038671613 0.65408134
0.7253442 0.08344616
-0.81034064 0.9069659
0.5012692 1.4223393
1.0231432 1.0692258
0.85403883 0.22369276
0.16064492 0.3757584
0.42934647 -0.14990705
0.26268473 -0.09298669
2.0219316 1.587055
-0.54283273 0.95124763
0.48486087 0.7037382
-0.48887575 -0.5379112
-0.8928673 0.4813959
-0.112235114 1.3468153
-0.42706817 -0.34031767
2.409607 -0.18308303
-0.18275276 -0.07188061
2.085204 1.3663476
0.56685424 -0.008861661
0.07381487 -0.3686511
0.20312399 1.054729
-0.5411589 0.29912198
2.5608802 0.48763883
0.049915314 1.5305388
1.5536268 0.15952413
0.3237386 0.64792955
-0.30812466 -1.21247
0.48148164 1.0854189
1.9461616 0.59103304
-0.5434593 1.1199262
0.011092156 -0.69862354
-0.41622692 0.46923798
2.3944747 0.07178672
0.58097804 0.022451356
1.4146097 0.32789892
0.1634543 1.3373718
0.7434633 -0.25017968
1.0489346 -0.74300784
2.3045375 -1.953341
-0.2126801 0.32989544
-0.5873003 0.3178388
-0.85226667 0.60251874
0.69496095 -0.045035943
1.1563728 0.027168408
0.93696404 -0.5289814
0.87496316 0.88220066
2.5219524 -0.9311515
0.19621035 0.21005552
-0.6783508 -0.24792811
0.015519947 1.7458892
1.4457102 -0.50962865
-0.2790787 0.912685
1.9281622 1.1935432
2.424514 1.597059
-0.8859917 -0.6764235
0.96771467 1.1958613
0.41319534 1.3954228
4.274585 -0.31380883
3.591089 -0.07692663
-0.3789998 -0.07427125
0.2783992 -0.14353332
0.4736059 0.9921965
1.2858799 -1.4044768
0.24760512 -0.011639982
1.0082365 1.840555
-0.61969006 0.26203614
0.31097922 0.8572864
2.5009255 -1.0804296
-0.31609678 1.2037792
1.2570103 0.8277332
2.5842514 0.16727646
0.023905933 0.78491193
2.0687828 0.8518047
-0.059287816 0.4884447
1.8019065 1.748814
-0.056513816 1.8580079
3.2327528 1.5466567
0.19423166 -0.012095407
-0.7031549 0.03578426
0.1776577 -0.021712556
1.6368511 1.9194341
1.6889224 0.50859463
0.6413945 -1.1721218
1.1278665 1.9115734
5.2811527 -0.08082676
2.8731542 -0.028506339
0.79496396 1.2743461
3.8900502 0.82897633
-0.67565525 0.1642525
1.1577682 -0.46834224
2.8830144 0.90637344
0.44398072 -0.51726687
1.6383321 -0.5345557
0.055484742 0.41806108
0.036004722 -1.0208467
0.6337744 -0.32562044
1.3591379 -0.4051761
0.99806523 1.0418001
0.64942336 0.1709641
2.099931 -0.41394028
0.7916174 -0.46102726
1.2123699 -0.9839918
0.0024788082 0.39397156
1.5257133 0.2284608
1.7388697 -0.54705405
2.1934702 0.15433876
-0.18609136 -0.22756541
0.59302044 1.6543535
2.0933435 -0.5561343
1.5020492 1.0088629
2.533777 0.18050294
0.90215576 1.3237981
1.5622354 -0.20253485
0.21308252 -0.020668358
1.1615597 0.79895204
2.7696698 0.7028558
2.3539743 -0.3113338
2.5822468 0.75779575
0.4481258 -1.0961787
-0.72236586 0.45609385
0.15915093 1.0873735
1.1938767 0.5027105
2.1982918 0.21874024
-0.037733108 1.482994
2.7400923 0.65723103
1.4194728 0.6572955
-0.52262324 0.1820619
0.7612618 1.4488771
2.5658653 -0.05247368
0.6530689 -0.08926049
2.097242 0.6384666
0.5948384 0.7207267
1.7369751 0.54686815
0.06298953 -0.8057008
0.78504646 0.6045689
0.587065 -1.8605553
0.18723053 1.1695267
0.64142156 0.8483824
2.98714 0.71414715
1.1413119 -0.5666809
3.5041952 1.6143922
0.12934631 0.62579083
0.310443 1.3637205
1.9022866 0.43189728
-0.22924906 -0.5337998
-0.790416 0.53146267
3.7527773 -0.188403
0.24440771 -0.317655
1.5535817 -0.45946008
2.4860644 1.0391883
0.41351935 0.6457682
2.2404065 -0.68704534
3.0957646 0.43011123
0.86201787 0.04460378
0.5554719 -1.4706594
0.7326673 -0.1208002
0.7022308 -1.2339536
1.9843181 -0.34727925
0.39450344 -0.8090008
-0.23835139 1.0527598
-0.17481062 -0.08320683
-1.8004532 -1.6475194
1.3997434 -0.9290506
1.0285785 1.2629936
0.4010789 -0.10876852
-0.5160619 0.51858956
1.3510437 0.37800485
0.46845922 1.3594084
1.1096598 -0.29484433
-0.21612495 -0.4052298
0.14819169 0.91635174
0.11991152 0.063638166
-0.69624096 0.89532596
0.6185181 0.20158811
-0.27717236 0.07560672
0.24111655 1.1612324
1.1097212 1.1145053
-0.8570467 0.99984103
2.1477919 0.6537619
1.7763449 -0.038432136
-0.9323969 0.22981755
-0.24457894 0.386101
2.0363278 0.15165322
1.8003446 -0.20380141
1.4762028 1.0557002
-0.46312222 0.3553391
0.98382044 0.5900581
0.7657676 1.1199474
2.0285466 -0.05714205
1.4727067 -0.8868713
1.3778087 -1.0799016
1.937239 0.62973326
-0.28815907 0.5855433
0.093596995 1.6068528
1.4062129 0.26836413
1.5899023 -0.8395119
0.71894205 1.3988957
2.6385179 -0.025239319
-0.03216259 0.105221465
-0.11550245 0.82237965
-0.24310201 0.010838583
1.1405941 1.5582304
0.081021756 -0.36436954
0.6283487 0.6758085
0.4221767 0.030137494
0.73878026 0.13689779
0.17703971 0.16272412
0.5753641 1.5761535
0.483588 1.2040935
-0.7130318 -0.346966
-0.6721252 -0.37386018
3.6939404 -0.098077744
1.578732 -1.2705525
1.1522025 -0.81479365
0.8976947 1.7824519
2.2363362 -0.53071725
0.099556655 -0.58945733
-1.4169217 0.47950172
0.10173786 0.6977761
1.1981099 0.20659994
-0.74412906 -0.53270257
1.9226297 -0.853613
0.25992194 1.489037
0.693377 2.119103
-0.39036733 0.27019745
0.074525505 -0.87096405
1.3397433 1.8578839
-0.11828941 -0.29519647
0.20446903 -0.04275167
1.1115073 1.451364
0.064777136 0.1563742
1.1595517 -0.57115406
1.320138 -0.68705106
-0.3358687 -1.2546632
2.0666823 0.6579325
-0.4529071 -0.5232719
0.11124179 -0.37162352
0.046662956 -0.2847546
2.0377133 -0.41811508
1.0304306 -0.68590516
0.19991803 0.13986687
1.147808 0.013117716
0.87461925 1.509245
-0.9587238 0.92703766
0.2082294 -1.2643721
2.1187685 1.2669003
2.2620842 0.3779574
2.008462 -0.6162551
0.38849857 -0.783259
3.1799116 0.41561097
0.08756286 2.2393947
1.0167943 -0.9523978
-0.09333114 0.45269853
3.4557385 0.4916771
0.676944 -0.33311054
-0.35346085 1.1365161
4.777792 -0.063679725
0.7710241 1.8886209
-0.08678955 1.5697415
0.6088896 1.6831756
0.3585615 2.008121
2.058077 0.6685277
-0.6705085 1.3658916
-0.22125334 -0.042302743
0.71549284 0.50237435
-0.58393097 0.3163768
-0.10298975 -0.15252136
1.0995506 -0.50992286
0.9897636 0.92838925
0.00464949 1.4437456
1.8011366 -0.90710497
-0.71653813 -0.4007545
2.1381707 -1.2875398
1.3854674 0.24698772
-1.2671546 0.77254015
0.36713502 1.8021231
0.6679665 0.51572996
-0.0025026947 -0.12498198
-0.4384213 -1.2378635
0.45644113 0.25781286
0.0034268498 -0.34781167
2.2207484 1.6346884
0.06864014 0.67523843
0.8074347 -2.3075206
0.7116083 0.44123733
-0.41282958 -0.54518497
0.9188671 -1.0768082
-0.19282325 1.0691698
1.9294974 1.7316269
0.09833115 -0.52615964
-1.0134739 0.2781688
-0.6560018 0.8533309
-0.6052602 0.5105605
0.46981815 -0.42684832
-0.3537803 0.556136
-0.124115825 0.70794976
2.2289274 0.5995613
0.84654367 0.28471756
-0.49008206 1.2202927
-0.5992172 -0.09598774
-0.8941047 -0.22813398
1.3284022 -1.490285
-0.6299255 0.49590772
0.2243694 1.0416813
1.2607306 -0.016334623
-0.03797993 -0.90801865
1.6034911 1.7552044
-0.28228062 -0.6597645
0.4922273 -0.31723034
1.2227857 0.20271082
-0.0015781522 0.9045835
1.321029 -1.037745
-0.4090414 -0.23161077
-0.7547858 -0.32744825
1.4607669 0.75342625
0.72179735 -0.7429534
-1.1368344 0.20386238
1.1508174 1.6115314
2.0830574 0.57214534
0.5927458 -0.5696326
2.6222987 -0.16564035
0.567523 -0.60273033
0.62982035 0.6683606
0.27916136 -0.3860764
-0.037618667 -0.2056142
-0.63698125 0.7495536
0.51124525 1.5582949
1.3076344 0.5027382
1.466031 -0.95773107
0.9538803 -1.1362152
0.5746802 0.4159699
-0.76166475 0.46193784
0.49907878 -0.62994975
-0.08775906 -0.08820233
3.119286 0.6324947
1.5748011 0.5316399
-0.68720937 0.6954993
1.5589602 0.57502955
-0.07707526 -0.26283368
0.31809905 1.4477766
-0.21288972 -1.5567955
0.5231453 0.6623971
0.74296653 0.17481096
0.7837099 1.3718606
1.4253225 0.06352495
1.8355416 -0.6309836
0.4323416 0.74367803
0.028426558 1.272726
-0.36864772 1.2294979
0.5620756 0.60555536
1.2830387 1.6931474
-0.92970026 0.48082465
-0.65182364 1.3660433
0.33072445 -0.5558163
0.6923374 0.5361594
0.4856663 -0.35823026
0.003021717 0.48130077
0.17799714 -0.9004966
-0.15037118 0.70610636
-0.10944842 1.363529
0.28748354 -0.92696214
2.7756898 1.46361
0.5307555 -0.34844106
1.4508778 0.8589341
1.7609965 -0.6625419
0.12919846 -0.34223294
1.820845 -0.9681949
0.23077273 0.34211826
-0.14604676 0.7178432
1.9029206 -0.68847597
-0.1229772 -1.9728413
2.1834946 -1.7127633
1.4634585 -0.6447056
-0.8091098 0.017929181
0.0232099 -0.24750212
1.7915393 -1.2208012
0.8609097 -1.161334
3.311754 1.2069874
0.7978759 0.36415577
1.1707699 1.8190863
0.49895403 -0.24374452
-0.1269624 -1.1980696
3.14991 -0.28854004
0.02241683 1.2415134
-0.84536946 -0.5635626
0.24361104 0.12992813
0.5968077 0.34270734
0.044814587 0.39888358
0.34128466 0.9346736
-0.44330257 1.2807825
1.146001 1.7708967
0.8965416 1.6293194
-0.5951634 -0.94019395
-0.68320155 1.6393341
-0.50352895 -0.024294555
0.8383026 -0.31411457
0.095932126 0.45269835
-0.25547922 -0.5229129
-0.18327963 0.86124414
1.7884854 0.042824134
1.3387091 1.1768365
2.3619645 -1.223472
0.54754305 -0.4335428
1.1521169 -0.87730175
2.2966185 1.1833268
0.35008326 1.4086502
1.6868484 -0.58916765
-1.9264253 -0.61714053
0.18333513 -0.039484844
0.55248404 1.2616729
2.1752622 -0.1913945
0.67930984 0.4539963
3.0077307 0.93870705
1.5840786 -0.94031805
0.5509703 -0.1001945
0.3332238 0.9321694
-0.79141223 0.7970733
1.3626515 0.5855009
-0.8234079 0.6871781
0.5992514 0.39065003
0.4933999 -0.036961973
0.65120864 0.938054
3.2198515 -0.31716558
1.9601992 0.5690967
1.4758408 -0.897431
-0.21341386 0.3051433
1.3439133 0.7993962
0.18196619 -0.15261158
1.1940346 -0.102185115
1.362554 1.8960655
-1.2446183 -0.5280635
1.6092405 -0.32549232
1.0082881 1.4891522
0.11870304 0.839479
2.270436 0.09736489
0.6848519 1.2242827
0.8418721 -0.6196112
-0.12790248 0.9353159
0.4497024 1.351425
0.57341456 0.8761881
0.23690185 0.026252583
0.66680396 -0.7782732
1.4369544 1.9050663
0.9036825 -0.65054375
0.4534442 -0.39132094
2.1976748 0.12110208
1.5406007 -0.39260155
1.9108249 0.11203556
0.5342834 0.73571
1.7798587 1.8502827
2.2567406 0.17811085
1.3305018 0.6918348
0.966571 2.278393
0.6510737 -0.8140263
1.19674 0.0059021413
0.9843892 1.6673819
2.0498395 1.3469805
-0.8798895 1.0801328
0.6775336 -0.8782671
0.39640102 1.1405842
1.1868385 0.7091247
-0.7462456 2.0617201
0.7545111 0.94877607
1.6879525 0.04072891
0.8078375 2.0408185
0.033118516 -0.98168135
1.2978623 1.446498
0.96163595 -0.2397761
0.3557032 -0.13728638
0.034190774 -0.37476724
0.56456494 -0.53316003
0.046978384 1.0463811
0.22025707 0.7639945
0.2862598 0.30805337
-0.6935025 -0.96700966
1.1683273 1.3161309
0.36835542 -0.40038693
-0.9815154 -0.551795
1.4289533 -0.7369453
3.0849721 2.1359801
0.24910659 1.1702626
1.1063048 0.95903844
1.4676417 -1.0461153
-0.9875572 -0.6615019
2.1377497 -1.3839695
0.048520207 0.31996214
0.26513812 0.2598045
1.0675269 0.88348705
-0.94618154 -2.0631607
-0.8509568 -0.035628498
1.6912857 -0.12849437
0.21667036 -0.1446558
0.6055275 -0.32662126
1.4531672 -0.03867756
0.9092467 0.43476987
0.38644376 0.9234572
0.09062132 0.6256621
-1.5732051 0.33354992
0.94289637 -1.617795
-0.2503687 0.6719865
0.1476604 0.37112236
1.5429193 2.1460125
-0.8981707 -0.4631279
1.8486017 1.215451
-0.31533274 0.6181953
-0.25901905 0.10758759
1.4607273 0.34963894
-0.2677842 1.1337135
-0.15891099 -0.18332882
3.1218474 -1.2503077
0.9846585 -0.008946747
0.66708446 0.59162945
-0.19644979 0.82981294
1.6877197 -0.66964525
-0.29938373 -0.018490449
0.6882255 -0.8558488
-0.6844493 0.31145155
0.8615422 0.20246007
0.7111012 1.3458457
-0.44248497 0.97783667
0.97397244 -0.35912454
-0.36744145 0.58396006
0.08532372 -0.5020668
3.797148 1.182999
3.2683637 1.0373508
0.4645497 -0.3735271
-0.095248416 1.2330006
1.3167253 -1.2752236
-0.10666755 -0.50654083
1.8925141 2.1370368
1.7870067 1.3854976
1.989689 0.50979793
3.3209238 -0.73645216
0.6216512 0.4421389
1.6888561 0.94432765
-0.30678 -0.16304928
2.4941602 -0.5169771
1.6868197 -0.92808324
-0.5730719 -0.15045208
2.783533 -0.8628303
-0.31707567 0.24764581
0.2580026 0.5530271
-0.08731224 -1.2383512
0.21852595 1.759507
0.47797313 1.0739063
-0.80209684 0.4046058
3.2675536 -1.6532925
0.21684477 0.60903144
1.6693234 1.12722
0.9677273 -1.0542278
0.05162877 0.31318492
-0.09030698 0.70075864
3.0684426 0.5230268
-0.5555001 -0.29100755
0.9787637 -0.76910055
2.9590797 -0.028322294
0.24532416 -0.8876091
-1.0489954 0.3789121
0.7839545 -0.48400432
3.8358967 0.02147539
-1.0493335 -0.3338629
-1.4772815 0.1672936
-0.30529785 0.35497487
2.0776029 -0.028938666
0.90648305 -0.2543622
-0.3481205 1.7480044
2.7018995 -1.0717329
0.5800663 1.4986509
-0.046307504 -0.35230088
0.07774666 1.5066184
0.29425386 0.99236506
1.0348226 1.4611841
-1.0831085 0.15523575
-0.050856233 -0.54964703
1.368324 2.1880684
-0.29700106 0.2519096
2.683103 0.044221327
1.0658786 -0.7413087
0.47905585 -0.15548918
0.06599343 -0.22310024
-0.22163779 -0.21289556
1.7427034 -0.30352294
0.23910561 1.0284703
0.019837469 -0.30204347
1.1281208 0.6706516
0.036116272 1.4093535
0.41012523 1.4895968
0.30768427 0.27587724
0.15014452 -0.03875333
2.954987 -0.09100509
0.3595918 0.4084834
0.85405064 0.71864897
1.4292108 1.8742344
1.1808014 1.1777433
-0.016461253 0.24154578
0.1068925 0.09029047
0.36763117 0.8890647
0.69177365 1.7955811
2.2812145 2.5114236
0.044921905 -1.4447129
0.80204165 0.9337427
1.2292392 -0.96548796
2.918064 1.5193235
-1.0637889 1.1529124
-0.8276377 0.85624
-0.18586168 -0.46194726
2.952947 -0.28992122
0.15651977 -0.8715005
1.8706409 -1.0254618
0.73145175 -0.099139646
0.27633443 0.18528737
0.0989624 0.8408323
0.50199723 0.7000673
-0.2675022 -0.4372857
1.0076945 1.4699552
-0.5107277 0.62641793
0.48615322 0.9756357
3.1693997 0.8886594
-1.3159972 -0.23760113
2.1845095 -1.6948594
-0.2504655 0.62611353
-0.51051307 0.6548752
0.49159268 0.029659912
2.1471379 0.9857668
3.1945882 -0.9311522
1.1779706 1.0077568
1.0647243 0.6990522
1.8003443 1.7795031
-0.1811295 -0.053326637
0.5582603 -0.42572728
1.5156974 0.7861516
-0.69675547 -0.027285784
0.6721641 0.16682489
1.3899535 -0.78185755
1.6669079 0.14021204
-1.4226016 1.573069
-0.83152664 1.4635495
0.06673533 -0.6355637
0.06614578 -0.150036
1.1814351 1.8690052
-0.3820942 0.26445675
0.22582656 -0.6620613
2.4121912 0.34052396
1.6708857 2.071323
-0.8667259 0.6782329
-1.3962905 0.15469606
1.0182184 -0.21589664
-1.0814296 0.0021808892
0.49030676 0.6677671
1.2531043 0.119642004
1.1171076 -0.28293812
0.1924521 1.0975851
-0.7089637 1.4055103
0.083622605 0.91878647
-0.26224616 0.6183439
1.1777933 1.6099148
0.76112497 1.9521368
-0.030129567 0.1207618
0.08361244 1.7056226
1.5183659 -0.1710341
1.4069867 1.6196368
0.80055594 -0.6405999
0.6867856 -0.1496705
0.9967053 -0.059347093
-0.21801335 0.5858668
-1.0477628 -0.23404789
0.52787495 0.3469876
2.0805364 -0.39474398
0.12247869 -0.7613608
-1.3601557 0.46062344
-0.40938902 0.48167902
0.18870932 1.5086392
0.33114442 -0.24818222
0.77365994 -0.8873288
0.6016289 -0.603916
0.14722103 2.4746733
1.6189909 0.84685117
-0.005302906 0.5404078
-0.51862955 0.044961914
-0.056859523 -0.18814468
1.2539891 0.54502195
2.3108735 -0.84808815
2.1393132 0.30542022
-0.538913 -0.41067404
-0.5586587 1.3406296
-0.18038467 0.17755817
1.6431582 -0.43660378
1.3164533 0.74045485
0.1753296 0.1588964
0.6695043 0.89213294
-0.6946481 0.7250755
0.38522056 -0.76219404
0.044696838 -1.2067492
0.02657184 -0.9977293
2.4470804 1.21693
0.10095197 -0.9518183
2.6689339 1.173077
-0.6017434 0.17700426
-1.1444236 -0.063642904
-0.9914235 -0.22042884
1.4431206 -0.16005673
0.96333027 1.5554256
1.9192804 0.7623792
0.56666255 -0.3223607
1.8736495 0.17912064
0.51754355 1.7084081
-0.61882246 -0.01676613
0.08207402 0.29397625
0.43681607 1.0435818
0.75140023 -1.171121
0.78477395 0.40619296
0.7768818 0.052397504
1.685593 0.72201043
-0.056997806 0.825412
1.5481533 -0.30136368
1.5711052 -0.737866
3.7181983 -0.12080139
0.5855832 0.0296285
-0.7972007 -0.89938295
2.1483154 -0.6712252
0.4814252 -0.40569758
1.5642816 1.7656
-0.4760331 0.40489393
0.34324303 0.9438904
0.4315426 0.69570243
1.3740516 -1.0598782
-1.2846472 0.31530285
2.5838072 -0.5669614
-0.09602752 0.760868
-0.5645725 1.0788441
0.42461464 0.44148535
-0.5421539 1.4148346
1.605595 0.5198172
0.5530803 0.108333066
-0.55098796 -0.7833737
1.5456915 0.223049
1.98903 0.1827813
-0.2571277 -0.35306633
1.3059767 0.15561517
1.1749073 0.048177466
1.6180323 1.9236655
-1.1388087 -0.04026699
2.7540476 0.5663469
2.8098125 0.8366119
0.033502072 -0.50894487
1.1170094 1.5521748
0.9535489 -0.06332475
-0.2835416 0.16102253
0.045690745 0.36164367
1.5352005 -0.87395924
0.93225074 0.7447822
-0.122985736 0.44690335
-0.15338853 1.3696642
-0.026031867 1.9682293
-0.19015965 1.1329083
-0.09286396 -0.17873873
0.8114531 0.03896056
1.2271695 1.5516653
2.251056 -0.29890284
1.1175613 0.39239627
1.5658939 0.5906927
2.350806 -0.6738297
0.9934436 1.533708
0.8390074 0.9875551
0.1453259 0.86561054
-0.006590113 -0.7598479
-0.19398421 -0.23370998
-0.6446665 0.5884327
-0.21401393 -0.10910511
-0.4132166 0.8462115
0.71255016 0.08429058
0.96053874 1.2440468
1.3654804 0.79836196
3.224921 -0.4416316
0.4016675 -0.40757886
0.98898804 -0.08560443
0.05658552 0.081655875
0.74826527 -0.09944974
1.0701718 0.7840645
1.0946357 -0.9853499
0.36680785 0.6714636
0.82784986 1.5406144
1.4931364 -1.1099073
1.493241 0.08727516
-0.5339905 0.29915816
-0.5271553 -0.14041245
0.6930438 -0.7090124
0.90292704 0.8552107
0.16744313 1.1902037
3.2827885 0.65133065
-0.09315008 1.6597601
0.71320486 1.0181543
0.7352402 0.00387007
1.2957238 -0.19411558
0.24386421 -1.059294
0.09009966 0.99929565
1.7790414 -0.09784441
-0.62512016 0.3103078
0.8433304 0.6061858
-0.11343582 -0.2733649
3.590817 -1.0505046
-0.3101975 1.535559
0.6078235 0.94587404
1.5447292 -0.07639952
-0.2543533 0.04775153
1.3465482 -0.75761956
-0.589702 0.16454984
2.081589 -0.75049275
1.4426473 -1.1949264
0.7359772 0.2778622
-0.56677836 1.5426031
0.36743024 0.7868424
0.56025016 1.657288
-0.45750588 0.5354024
0.9322071 1.4083889
0.85970294 0.6073855
1.3640559 -0.7887181
0.7831085 1.1231891
2.0463622 2.4185312
-0.8138757 -0.2938044
-0.39446467 0.0459833
-0.7410754 -0.7589129
0.8077215 1.2659129
0.39553156 1.4021183
-0.48723567 0.68927485
-0.68538 0.457856
-0.5102698 0.80704194
0.5898478 1.3452214
1.22529 -0.5232006
0.53398764 -0.23633105
1.1163099 0.032378986
1.2114843 -0.310986
1.5685794 0.20968004
0.47093448 0.5096827
0.28839836 -0.16578509
0.7940308 -1.3220026
1.5504117 0.20868702
0.7758895 -0.40440154
-0.049354926 -0.08792527
0.8650092 1.6233562
0.065442055 -0.51921266
1.5038533 -0.60013235
-1.1757736 -0.67737323
2.000579 -0.002509877
1.8108784 1.8379152
-0.55912375 1.2567637
1.1304382 -0.36048144
0.04273683 0.23493321
2.3369744 1.264838
1.1240386 0.6687548
0.856894 0.6066369
0.37395653 0.6854192
1.4425176 0.8953987
0.83381474 1.465065
1.9065584 -0.120018855
1.6972626 -0.4363136
-0.5877091 0.6744868
0.15492493 -0.009572238
0.56581724 0.4859228
0.74068403 0.24054597
0.2057876 0.64349985
1.8709658 1.4733379
-1.0865359 0.9817502
2.615275 0.6191423
0.6536573 0.27648884
1.1039121 -0.42833394
1.9270076 2.1852984
2.3936522 1.6476414
0.65027773 1.6034296
2.602726 0.91952497
0.5621897 0.8551999
-1.0229882 1.2389604
1.167304 0.39911115
1.5768573 0.32396013
-1.0872959 0.40348268
0.043669283 -0.8175791
1.5104486 0.88151664
0.15963319 -0.06617974
0.35205743 0.94972247
-0.27807596 0.2239487
2.1158524 -0.4346552
-0.2261991 1.5242578
0.7946825 -0.26315016
1.4125836 -0.61178607
1.4425547 1.1259923
0.43800065 -1.8474206
1.0614336 1.5040903
1.0675257 1.6506412
0.18176776 0.686521
0.9426223 0.53077424
1.3404771 -0.09900887
0.90132344 -0.33001676
-0.36652225 -0.21870899
0.077493906 1.1560708
2.3208482 -0.23147549
1.5213208 -0.7561782
1.6446958 -0.3312345
0.552585 -0.81085265
-0.3317957 -0.095788226
-2.849217 -2.4383285
0.06436667 0.3615783
-0.4444852 0.816075
1.9238166 1.7936344
-0.14968663 0.085890934
2.4135334 -0.08864121
0.81325924 1.7620854
0.4637893 -1.0653621
1.0979639 0.42048764
-0.02757898 1.8056822
1.4519603 0.4949785
1.0153198 -0.91161305
2.1841166 -0.046395034
1.3794819 -0.5473473
-0.28117102 0.85926765
0.4004782 1.4439346
0.4684703 -0.8933428
0.70058894 -0.32917204
2.3217084 -0.8574457
1.3031644 1.3072152
1.2915938 0.5345793
1.233626 -0.8816813
3.8228185 0.41196203
-0.16430917 -0.81280166
2.2918792 -0.8752512
2.2381651 0.00091557205
0.120533675 -0.066932276
-0.013397455 0.21568803
-0.50449175 -0.25371557
0.38531724 -0.40465805
0.080145866 0.9239959
-0.028342947 0.5966762
0.059432358 -0.8278498
1.3008702 0.37367833
0.27359322 0.30187458
0.756992 1.5994354
-0.4458454 0.89406544
1.522409 -0.8795394
1.9317485 1.5316461
-0.70421135 -1.2150366
0.99674845 1.838161
0.6765654 0.6324902
-0.67424464 1.052168
2.444554 -0.24941535
0.8012037 1.1762661
1.0725597 -0.60428387
2.6791925 1.9466395
0.9085419 -0.1806885
-0.62514806 -0.22854099
-0.12671208 1.3542792
2.4210246 -0.37992406
0.058819056 0.94158596
0.63034034 1.6840197
1.1376058 -0.20295423
1.9417287 1.2451918
1.6269944 -0.82536733
0.4946688 0.86402065
-0.18127179 0.8653156
-0.5516683 0.50798273
0.8569186 0.15853424
-0.18412822 0.3315866
0.22325134 0.6812511
0.8015448 1.3028479
1.022383 -0.19186008
0.396221 -0.21457261
-1.3759793 0.46192926
2.2640734 -0.18201952
-0.026482046 0.813255
-0.32139713 1.4575845
0.15807804 0.27785695
0.03749907 1.2963142
0.43566677 0.40328574
0.41782698 1.924026
1.7371396 1.5806706
-1.1026437 -1.3530682
0.55751884 1.3240556
1.2718647 0.98193294
1.2313975 1.5945709
1.7794601 1.7650106
-0.70908046 0.287557
1.9351968 1.0801885
0.40703312 0.33731234
0.77002025 0.90055686
-0.47987217 0.80770475
1.8633231 2.7301161
0.17398536 0.07683097
-0.2676266 0.8911069
-0.7923126 -0.0515846
0.03294435 1.1235616
0.32068208 1.2115208
2.1558857 -0.18101692
-0.79827356 -0.72313976
1.0330206 -0.35780832
-0.21340221 -0.0384133
0.2823886 -1.4129865
1.555746 -0.5234542
-0.62961394 0.6579654
-0.30997655 -0.04265271
-0.4798814 1.4538119
1.404549 -0.35445487
1.1945707 2.204502
-0.2233281 0.071723476
1.4297329 -0.49327695
0.89994895 -0.24466899
2.2951713 -0.04947193
0.006860912 0.13452019
2.9123695 -0.09896442
0.42771724 -0.0695139
-0.5483732 0.509006
-0.2520611 -0.18628861
0.61365056 -0.34110904
-0.5738189 1.1428778
0.059506565 -0.20022066
2.236007 -0.16687411
1.9176894 -0.5705216
-0.54648554 1.0314785
1.0464553 0.35546237
0.89385843 -0.2561426
0.7595463 0.27131003
-0.5202928 -0.22166099
0.8704449 -0.29248303
2.2069042 -0.8664014
1.4780428 -0.9866654
0.32339123 0.41673994
-0.4052093 -0.85096115
2.1438622 1.4785775
0.72506535 2.0379903
0.69216955 -2.4574778
-0.045474812 0.95812696
-0.13863817 -0.74134207
0.4085652 -0.093176275
2.1066432 -0.22888242
0.33129057 0.018385336
0.0074521303 0.16247033
-0.66050977 0.7288318
0.13722235 0.20174609
-0.5769449 -0.37252212
1.012366 -0.9475565
4.5442476 0.23410712
1.5083708 1.2603934
-1.2777238 -0.23598184
0.69860005 0.39856374
-0.20534107 0.19784512
0.72992504 0.56665367
2.3963592 0.4738263
2.5692453 0.9317439
3.270724 -0.6544535
0.95069754 -1.5094643
-0.05996652 1.5910172
0.31119177 1.4991832
-0.03864366 1.0607933
1.8049182 0.32193714
0.5702175 1.7069781
0.038398385 1.1371053
-0.70386565 0.8890715
1.7263408 -0.8600243
0.19575605 0.008875117
-1.3018527 -0.46949708
0.8123536 -0.8255955
0.41998634 0.61820924
2.796978 -1.2711612
0.31991282 -1.4171095
0.55810237 0.42598033
-0.5334644 0.3653407
-0.40861815 0.56955266
1.3145124 0.14695631
1.8011647 1.6381269
2.3718164 -0.03259863
0.91393936 0.2317894
0.80465484 1.0623753
1.2578112 1.7264442
0.45031092 0.4534697
4.1151752 0.28013736
-0.3952679 -0.25595453
2.3917363 1.9501526
1.1572367 0.9464744
0.43161306 1.302362
1.3082308 0.4235221
1.1873102 1.4299167
-0.11627568 1.2698325
2.068185 0.44404572
0.3631939 -0.21089612
0.3632414 0.45877564
1.9331518 -0.14495294
-0.20594102 0.11235015
0.89518523 -0.08345416
1.2157702 0.9185447
0.016681015 1.0252935
0.10822183 0.6530126
1.5920787 1.3299993
1.9906129 -0.10777275
2.0296097 0.6828613
-0.43567443 0.1559243
0.7662853 0.39740324
0.25649074 0.14608137
0.0066788495 0.72358966
0.1453462 -1.1056948
-0.8902122 0.522185
1.9890844 -1.1488259
0.054210007 1.857763
1.5522286 -1.2070287
1.2556772 -0.108933136
2.2212334 -1.5009739
0.20147395 1.1882873
1.4678432 -0.22670825
0.73311746 1.113984
0.29884663 1.3131621
-0.22139241 -0.8676522
1.3031045 0.38232374
-1.0466262 0.8162847
-0.19960392 1.9072101
-0.81760836 0.41785043
1.3474789 -1.3121654
1.9753484 0.108754024
1.2766799 0.5378541
0.49516615 0.64912075
0.44041845 -2.0042183
1.6130193 0.14898236
-0.103596 1.050727
1.1661226 0.4492249
1.0566316 0.76091105
0.35618737 0.047663942
1.1815599 2.308748
-0.45409617 1.3123214
-0.49311197 1.2187101
-0.7294252 -0.40232888
3.5497196 0.8490471
0.10131976 1.27922
-0.5788679 0.43141502
-1.0965246 0.47320515
1.0565829 -0.7678647
0.7684082 1.1222434
2.8778982 1.5520968
-0.07876909 1.4317626
0.5834962 -0.39178646
1.6021461 2.4333947
-0.30734065 0.303914
-0.027561173 -0.16179484
0.8719034 0.33002543
2.2682207 0.8520549
-0.71309346 0.68824387
-0.097348735 0.3183627
-0.53432477 0.046949074
2.6832166 1.1340301
0.4838638 0.10569252
0.92623425 0.8900437
3.1279573 0.967681
0.51697373 -0.3413958
1.8735188 0.357252
0.1158779 0.27295226
0.19319132 0.538512
0.5371629 0.29494607
0.2666522 1.9562092
2.4257798 1.3823138
0.36732623 1.3442277
0.7380301 -0.6115255
0.42581478 -0.10177694
1.1939766 -0.72601056
-0.34371534 -1.084155
1.5631405 -1.113395
-0.8620266 0.45761913
-0.042630315 0.6091249
0.5114614 1.0551751
-0.8313427 -1.3441565
-0.57921433 -0.65420955
-0.57598925 0.5691467
2.299753 1.2951187
1.0818377 1.3277115
-0.0704481 0.20257635
0.7581346 0.13257919
-0.606084 -0.598061
-0.19633263 1.1154195
0.4560056 0.44521695
-0.81633925 0.26455778
0.10142428 1.4946553
2.0881302 1.6206145
-0.5896591 -0.43302903
-0.19379008 -0.003909841
-0.66507244 1.0330445
1.8977939 -0.24512036
3.3152823 0.3705849
0.12312907 0.25690502
-0.3030612 1.3848709
-0.025294691 1.224475
-0.20441331 0.3088842
1.9021171 0.061550125
-0.08347854 0.38183254
1.4940165 0.60870165
0.5459211 -0.41196877
-0.18388468 0.76038265
1.3356813 1.8813186
1.3671942 1.2335657
2.7297552 1.1569352
2.7289877 -0.35242325
0.36071125 -0.28182915
0.66399896 0.7019473
-0.5181973 0.3448022
0.621631 0.03091751
2.1839325 0.9705613
-0.18741934 0.04189928
1.5632825 1.0182666
0.25794128 1.6787891
1.727124 1.0183996
0.51279676 -0.3158397
-1.1511425 0.32733476
1.2144915 0.9039324
-0.6897757 -0.29421717
3.5289357 0.4929679
1.1306219 0.05882676
1.2599732 1.1378604
1.7398782 1.074735
-0.3020652 1.7282647
0.17604673 -0.4185077
-0.2683672 0.4628101
-0.4391396 0.19232245
0.48755428 0.67091453
-0.06589982 0.34809023
-0.23591162 0.95883423
2.9918916 -0.60512257
-0.5967969 0.4424258
1.8871857 0.85596234
0.5803944 0.4889447
-0.37463552 1.1952989
0.33692893 1.6879753
0.28840038 0.66667426
0.30492106 0.39616203
-0.3865837 0.40350854
-0.11117272 1.6298451
0.12408599 0.28254795
0.9819908 0.22860329
2.749621 2.1240227
1.8615938 0.55142677
0.36094168 0.044690207
0.29704478 0.06577672
0.11796039 0.15536173
0.74668324 -1.0083483
2.011343 0.40508312
0.42673412 0.4995262
1.1393663 0.26757532
0.94732535 -0.49094802
1.4334276 2.0655122
2.6865785 0.26471084
-0.99971676 -0.7323383
1.2087985 0.77572805
0.7690356 -0.7660593
-0.20808634 0.43026543
-0.37550813 0.6742689
2.4098408 0.008557439
2.3676698 1.2261865
0.9187509 0.29294652
-1.0918212 0.7384885
0.75293005 2.0233989
0.49891743 0.61738765
-0.034299135 0.031701162
-0.6067801 0.76312834
2.1035237 0.5266187
0.7840402 -0.10492207
0.31044546 0.16319595
0.5844468 -0.2827357
-0.6372371 0.58732826
-0.4127176 1.9661493
0.10055521 -0.9414482
-0.942678 0.66693354
1.0923982 -0.9452638
1.1728973 -1.1080898
1.0253787 0.64037186
2.6220326 1.1120256
1.903463 -0.7080064
-0.41577208 1.4087387
2.1775994 0.19751145
-0.686177 -0.14067736
0.7277163 -0.12764588
1.5280935 0.99377674
0.35568246 0.28050125
1.1664089 0.2883011
1.2797791 -1.3066574
0.062662065 -0.7590437
-0.1906414 1.934721
0.7401601 -0.5684248
1.9037822 -1.0517163
-0.19805658 1.1018188
0.7074914 -0.34563428
0.6827686 -0.1875979
1.6856797 0.0046880245
1.1061872 0.12644322
0.3753039 -0.26264036
3.5807924 1.1584814
-0.49790365 0.8215824
0.5282223 0.9967081
2.0652637 0.7939469
0.20848566 1.6262238
1.554001 0.8986878
-0.111194044 0.22118632
1.4582454 0.6766499
2.7178924 1.3007866
-0.07930215 0.28470576
0.7201767 0.3328213
1.4032986 -0.41052294
-0.17400792 2.1522717
1.0968573 -0.75365824
0.51321006 0.8462699
0.5768858 -0.4117754
0.07384917 1.3352445
0.47975025 -1.4500424
1.8179806 -0.31468502
0.73928154 -0.013322681
1.661208 -0.0826647
0.9429674 0.29829997
1.631131 -0.44759163
0.6782439 1.6448092
1.238845 -0.48557854
2.1933448 -0.14467016
0.20796415 -0.043650657
0.00019130111 -0.87908643
-0.55260813 0.3987295
0.8942455 0.20910119
0.5027709 -0.12896097
1.2556279 -1.2708014
-0.016717091 -0.019478515
-0.67808896 0.1812387
-0.102102414 1.8730123
0.6240659 1.0053848
-0.54229414 0.78216416
-0.28606802 0.11572717
0.76438296 1.0032895
0.23168504 -0.468476
0.4402865 0.13873751
-0.94644916 1.2168188
0.6704407 1.4213381
0.61892354 1.315122
1.9188193 -0.0009600669
2.2826614 0.30597025
0.56401277 0.94919044
-0.3373513 -0.06311686
2.6535044 -0.87956685
2.0630085 1.3194584
1.1750361 1.1169773
0.20579726 1.2851944
1.3006331 0.33674455
-0.506552 0.43862903
1.1980107 0.58391076
-0.927346 1.1173205
1.0785841 -0.097923934
-0.2998317 -0.6925541
-0.3938757 -0.34540278
1.4549245 -0.27873704
0.2377159 1.295057
-0.5161735 0.58916783
0.67029154 -0.73657644
0.7564826 0.26083052
-0.84351635 0.0011993647
0.28423575 1.1171174
-0.20551372 0.80455405
0.33657047 -0.0596817
0.2706776 -0.4849525
0.4858946 0.7756311
0.25032887 0.01592885
-1.2020618 0.43289077
0.89260316 -0.53708094
-0.20869812 0.52176654
1.826002 -1.3794106
-0.069549456 0.5665782
0.0044426024 0.37120026
0.80345976 -0.123854026
-0.34166747 0.87764305
1.917514 0.9474507
-0.16733283 0.40144277
1.0035709 0.13404588
0.4652932 0.027555183
0.52677107 1.0872195
-1.1029762 1.087758
0.13770649 1.3567115
0.22359812 0.41868675
-0.13056223 -0.062922865
0.585197 1.8157976
1.4493935 1.7384571
-0.85106087 0.44362938
2.429432 0.21242727
1.176442 1.2015669
0.5647944 0.76561743
0.33080223 1.3332392
0.5628357 0.5317174
-2.443123 -1.8135123
1.071777 -0.60056216
1.8567592 -0.1347799
-0.5826342 -0.68454224
0.23139265 1.2452692
1.6772891 -0.5517445
1.035882 0.30830193
-0.429885 0.8656103
-0.49046588 1.0940609
0.01376313 1.3334811
1.1091017 0.23603852
1.9117397 0.690201
-1.1084759 0.58251876
3.1361368 0.04670073
-1.1153519 0.18938564
2.5876207 0.8047685
1.3094072 0.7961226
1.3804381 1.9335544
0.5899465 -0.60136193
-0.81708 1.0787101
0.56755674 0.82074827
0.9293412 0.22001277
0.64513636 1.2027769
0.34171417 0.40386808
0.7086953 0.45782286
0.5313735 0.6516039
3.1289048 -0.008180529
0.93060696 0.36330742
-0.70196545 0.3848977
1.6250702 -0.38011926
1.2616922 -0.06329231
1.502152 1.1329253
1.3253986 0.42077118
1.5284741 -0.6540015
0.7398362 0.6666205
-0.15029728 1.1187207
-0.25850388 0.8420499
0.48599288 -0.1713618
-0.69921756 0.112363085
-0.80632365 0.5100657
0.35414645 1.9357252
1.0476534 0.51708895
1.3096327 0.8289804
0.6797396 1.5287125
-0.6254974 -0.916094
0.35147813 0.69623464
-0.06839785 1.0154133
1.5685353 0.78571576
1.7248479 0.2538603
1.4162682 -1.314166
0.35252503 0.5422954
1.0281575 -0.61047655
-0.9199424 -1.042156
1.8690156 0.8864271
1.8857712 1.592122
0.4390644 1.1923457
-0.08261804 0.7489299
1.0239601 0.4310366
0.92455614 1.2573196
1.0232452 0.8306642
0.13580197 0.035842672
1.457583 1.036654
0.09928563 0.23334046
-0.039008453 -1.3385643
0.7973279 0.112275824
-0.50371814 0.5733912
1.0009161 1.5546609
2.3738792 1.6057177
0.66765213 0.732342
0.5050055 0.09633051
0.1906623 -0.05428119
-0.3619179 -0.31770384
0.60028374 -0.42236707
1.2010093 0.32555634
1.0332196 -0.2037417
1.617877 0.0014752448
0.3028908 -0.056119785
0.7121366 -0.20389964
-0.123401925 0.9549822
1.7337795 -0.03485708
-0.02348037 0.98888034
2.2228413 -1.3460765
1.0306336 0.5747776
3.6317024 -0.29654273
-0.24066375 1.6084228
0.4315435 -0.52541035
-0.30972585 0.2612487
-0.38533437 1.5107434
1.5243804 0.86287016
-1.0541176 -0.12834784
-0.0036793947 -1.6887199
2.6647966 1.090711
1.9104599 1.9022062
-0.6934458 0.21846934
1.574955 0.5176711
0.119681925 0.20722605
2.2309713 2.0548792
0.056316227 1.4398692
-0.09489803 1.1744138
1.6774688 1.8016293
0.4527798 -1.4921346
1.7206753 -0.08919102
0.9739095 -0.0014516264
0.47788933 0.53345793
-0.6764472 -0.6300734
1.3185009 -0.8048408
0.4547598 -0.09017101
0.6070589 -0.23013173
0.8289788 -0.13212779
-1.0375158 -1.378959
0.6949514 -0.13169071
2.6589034 0.3739152
0.15088013 0.44379932
1.745817 1.9988956
0.88064826 0.84769255
1.1820425 1.6533092
0.440384 -0.1088697
0.44908038 1.0688293
1.8958486 -1.219015
2.8853192 -0.32900524
0.29128316 0.30668002
-0.92926395 -1.5185463
2.1588917 1.9402771
-0.13143858 -0.05942528
1.1051217 0.2858163
0.67295134 1.0016102
-0.78323054 0.062907234
0.56209064 -0.13404612
-0.9550096 -0.34452933
0.90305567 -0.6087717
-0.21181318 -0.99282515
2.459566 0.5597096
0.51447153 -0.15367866
0.52271855 0.08914389
2.1350157 0.43880445
0.4572412 0.30310357
-1.2054739 -0.8571106
1.7430007 1.6084149
0.5460677 0.24363934
2.2297266 -0.6133019
1.0318408 0.6755186
2.4266348 -0.38119626
1.416008 0.60818577
1.9830037 -0.45387393
2.5059323 0.63208646
0.43631682 0.7256831
0.4222025 0.68821937
-0.59776247 0.26235938
0.06386489 0.9083962
2.5086312 1.3383087
4.177664 -0.39229858
0.9588572 0.9637179
1.8155195 -0.479154
0.19518474 0.27074492
2.8043945 2.4123185
-1.1182845 0.483284
0.7619107 -0.19511168
0.9642682 0.47292095
2.008415 1.0624827
1.8693298 0.46793967
0.29463777 0.17018168
1.878733 1.1418209
0.7556443 1.0237563
1.5261093 0.12243341
0.5800227 0.5339626
2.7290094 -1.0199814
1.6906263 0.94709176
0.04652381 0.8832448
1.342808 1.4265791
1.1478763 -0.2562742
1.1864432 -0.90313274
0.058793783 0.01634945
1.2571265 -0.41774058
-0.47207707 1.5694658
1.6040351 0.2285222
1.4914184 0.48244083
0.00928548 0.55339855
0.29311225 1.0970216
-0.62555414 0.064548835
0.6138966 0.22596262
1.969644 -0.21679364
2.2938368 -0.5674502
1.9966208 0.3155054
1.063343 1.1199863
0.41272703 0.55960876
1.5765247 -0.2678989
1.7602116 -0.012314841
-0.40032905 -0.051040843
0.44527563 -2.4034052
-0.7391427 -0.23242305
1.0712677 -1.2813784
1.1587605 -0.66085416
-0.37728107 0.9241248
0.22731093 1.4014663
3.429395 0.2969582
-0.56706727 0.8953381
0.19546276 0.5246666
0.21948677 0.15273331
2.1771567 1.5697365
-0.31664482 -0.5009591
0.3547301 1.0661126
-0.030771106 1.6301486
-0.78546476 1.4497771
0.84388506 1.2950399
0.60051167 0.33564216
-0.1277946 0.17256407
1.1116759 -0.24296592
-0.18749759 -0.1589417
1.432648 1.4009916
1.0225767 0.46288872
2.6878622 0.081502125
1.006331 0.17748125
1.4560446 -1.5753192
1.9141687 1.121337
0.94546545 0.77632254
2.626285 0.30495125
-0.46505082 0.94144017
0.69409573 0.23108588
1.1011121 0.2621743
-0.1737493 -1.0424802
1.5544415 0.38855994
0.23851356 0.7339146
0.53409183 0.5427331
3.3390744 -0.0002874732
0.4598119 0.9210276
0.60992754 0.98441786
-0.07488169 0.37446797
1.2139977 -0.39960504
0.91275764 0.21987896
-0.06990963 1.3961774
-0.04684286 -0.23385665
0.9267819 -0.63125104
1.3548871 -0.53317446
0.29684553 0.09655224
2.6695058 1.3817515
1.3327289 -0.2991433
2.682822 -0.42441598
-1.1282421 -0.04348761
1.0085962 -1.0310401
2.559952 -0.034524515
1.0492711 -1.0553948
1.4431401 0.23055886
1.215964 0.8147319
1.4427809 0.7296474
-1.1660299 -0.18114272
0.43283376 0.23249139
0.20603856 1.5667087
0.12798402 -0.16834989
1.0538002 -0.329883
1.1343446 1.0400242
1.7810937 0.3040058
1.4561919 0.60701525
2.0118413 0.3921054
0.8256029 1.5028327
-0.1590896 2.5304074
-1.0788742 0.52570456
1.2252052 0.62255937
0.5253234 0.29032928
-0.41066283 1.0685127
1.7823309 0.4285621
0.20557794 0.9345886
0.26078203 0.65793145
2.0159225 2.0369725
3.029995 -0.46480468
-0.30918527 0.8353395
0.416998 1.1235274
2.428266 1.2311616
-0.7270217 -0.08233592
0.442786 1.3273698
-0.4455811 1.5274336
-0.5870234 0.7352056
1.3552711 0.569206
1.6689692 0.8113968
0.5941007 -0.013525352
0.85408294 1.4715861
0.46177205 -0.011106715
-1.1114582 1.1179252
0.8172498 0.23747997
1.0168495 0.95357615
1.1229494 0.57507366
1.297485 0.27904058
1.2640837 0.02510561
1.2908757 0.5797283
-0.41316086 -0.47889635
2.1802902 0.8353582
-0.65265024 0.25652903
-0.77374625 -0.0063780695
-0.32538232 0.19461836
0.31463858 1.3616525
1.3143411 0.17856522
-0.28559354 1.3069348
-0.76683295 -0.2017985
3.6355028 -0.32971093
-0.6185915 0.6447891
0.7222793 -0.2627553
-0.5878668 0.9818037
0.5710021 1.6308117
0.36922392 0.8786921
1.0531731 0.65382266
2.000492 0.8447779
-0.14634171 1.435269
1.2293465 1.1655607
-1.2665371 -0.08150828
0.100961536 -1.003906
-0.66966 0.72184885
0.6769955 0.9060424
-0.155682 0.61879694
1.5996354 1.1855656
-0.18337694 0.77652425
-0.21011563 1.0385717
1.0724108 -0.54991025
-0.3544535 0.18034299
1.0611385 0.45904106
0.33956972 1.3345358
0.5160029 0.28347814
0.5236416 0.12016748
0.66336024 1.5882237
2.1689622 -0.610813
1.4591863 -0.9274427
-0.4329192 0.6532741
1.6176152 -1.3048369
0.3052034 0.49432027
0.56495965 0.35032165
0.2183646 1.8596239
0.07851076 0.0796998
2.120766 -0.028918833
2.0078418 0.6773305
1.4185092 -0.06107618
0.3672671 0.4278028
0.30060348 -0.3767118
2.2866988 -0.45091668
1.0570346 0.9162405
-0.6924478 0.47207153
-0.19727561 0.99947673
1.1765268 0.5994407
2.4940212 0.92519265
0.50611615 1.7318128
0.13647431 -0.3724661
1.2342812 0.24725999
-0.04997775 0.2542073
-0.4487377 0.5146946
0.8598075 -0.6544286
1.286748 2.2961676
1.1726619 -0.7225755
-0.02154696 1.4011362
0.14227477 0.9051927
0.9336364 -0.039726064
1.8423723 1.6748765
0.41134277 -0.43284902
1.8491279 1.3784156
1.8738073 1.3748707
0.17432106 -0.27688372
0.5018401 0.68563086
-0.5898675 0.30269915
0.19485715 -0.14097747
0.15681013 -0.2705693
0.9660959 1.6070185
3.1701257 -0.12897396
3.8137915 0.49526238
-0.019500092 -0.9667409
1.4104528 0.54278725
0.3430288 0.09919514
2.418178 -0.37274092
1.4896586 -1.097243
-0.6768742 0.98499936
-0.9032581 1.2532258
0.6393151 -0.35807943
0.52477896 -0.369299
0.79248214 0.14840098
1.3172942 -0.9598419
2.2667415 -0.29201618
0.8001267 0.8831189
0.21941802 2.09613
0.8666707 1.4956571
1.2098745 -0.2722617
-0.48026338 -0.47070688
0.7399726 1.3071816
3.0617635 1.2902975
1.6212283 0.23269315
0.26395634 0.44927448
0.387399 1.2474096
1.3384559 -0.31092596
0.104528785 1.0842587
1.0975672 1.5555261
-0.40399814 0.029622838
0.5101967 -0.4506669
0.6782607 0.77886564
-0.5021497 1.3361287
-0.28583294 2.091954
-0.024078727 0.36103433
0.56512654 0.68326473
1.898821 -0.67943543
0.919719 0.43954593
-0.2244959 -0.07022755
1.8579267 -0.6633414
0.3634542 0.66205215
-0.05440241 0.6040959
0.44664678 0.5396882
-0.40873384 1.2829067
0.98527765 1.7703424
0.45432052 -0.17423819
-0.6045381 1.1054956
1.1512545 0.27406937
0.47894862 0.5589157
0.46593603 -0.08604252
0.86913085 -0.43326604
0.17295164 0.22215055
0.20748603 1.2676941
-0.5093719 -0.48602045
-0.23044954 -0.35283503
1.8816432 -0.27596602
0.19827408 1.5681216
0.45048127 0.968144
1.952469 -0.14901812
-0.6074753 0.49550647
-0.19226538 0.55535233
2.2786326 1.30925
1.4873785 0.8218699
1.3399777 0.48659563
0.052438527 0.5770248
0.7323506 -0.65032524
0.443904 0.3005998
-0.32663447 0.81608135
1.2929711 -0.2533487
-0.67425585 0.58268505
-1.7274666 -0.7772204
-1.1639602 -0.30783254
0.5873593 1.8823166
0.30810764 0.54364717
2.4721727 -0.5513787
-0.6408784 0.32153618
1.7815341 -0.51467335
2.2348452 1.7719898
-1.2401726 0.54022807
2.103085 -0.06872149
0.52664864 -0.38256645
0.2279068 0.59624165
-0.68136173 0.9424315
2.776581 -0.93128043
-0.5795903 0.8587826
-0.78577805 -0.66237646
-0.29504782 0.31725258
1.8899411 0.8974063
-0.7898122 -1.2339981
0.6580889 0.62952095
2.9280574 -0.49431413
0.83589697 -0.06773956
1.895933 1.9964426
2.5905294 1.6013374
0.628446 -0.3609531
0.20872298 0.16613694
1.2332318 0.28342617
0.87679255 1.3565228
1.2817192 0.9334826
0.79154336 1.4176896
1.2270068 -0.46324587
1.081778 1.0148487
0.93573904 1.165036
0.7653477 0.7992212
1.6407334 -1.1548387
1.9884201 -0.51077974
1.7833134 1.930932
-0.4482319 0.93614346
1.7250918 0.0126069635
2.7940052 1.4875094
-0.69331145 0.632465
1.6873982 0.33693898
0.74805117 -1.03837
-0.48009753 -0.4526508
-1.010955 -0.42847538
2.3668263 -0.3229527
1.8153437 0.36786664
1.685274 0.7921913
0.86743355 -0.06428601
3.106429 -0.8725554
0.9993292 -1.6256752
0.4953389 0.37790632
0.027062416 0.68213326
1.3155572 -1.2108881
1.7154307 0.48466182
0.44652578 0.24282159
1.4470916 0.6284774
-0.21266818 0.955206
1.967347 0.049555436
1.1331577 0.9930993
0.7629888 1.5222514
0.3878878 0.91133696
1.0395395 0.92065257
0.48957816 1.3097866
-0.6891955 1.1488268
0.6726608 0.35538197
0.55643475 0.27156138
1.1654876 0.5221073
2.412137 0.25683248
1.3107615 0.16153826
0.23997945 -1.4886283
-0.47496518 -0.25832692
1.1893891 0.43372136
0.9604833 0.8238893
0.15293184 -1.2059671
1.4272214 0.6298075
-0.482051 0.768413
2.3495586 1.2522345
2.575526 1.0599247
1.820047 0.17206053
-0.4081843 -1.0525243
1.5216343 0.0071401
0.8411454 0.45569497
0.83216476 -0.3602296
1.9441949 1.5055237
-0.7181393 0.66968936
0.30182716 0.7615569
3.19519 1.5237327
2.6119766 -0.5007536
0.2560521 -1.0671029
-0.7209455 -0.39513963
-0.6399978 0.8801994
1.2447252 0.105082855
1.0134819 1.867337
-0.447608 0.6839735
0.4681175 -0.9529143
0.08127481 1.163935
0.987059 0.7620142
1.0030191 1.0901828
0.30213955 1.8244522
1.4712653 -0.39845827
1.3119674 -0.3944985
3.1231923 -0.6914021
2.8072941 0.046761736
-0.59375197 0.24626394
-0.65857714 1.5748806
2.0062892 -0.45430946
0.6405643 -0.0023856908
-0.71225905 -0.45681977
2.8796008 1.5170089
0.33447567 0.0291311
0.20154485 -0.48746598
0.4183313 1.6552463
-0.020137846 1.1086835
0.52955914 0.3765719
-0.925166 0.68106323
1.801624 -0.14629883
1.6657908 -0.64746344
-0.9904543 0.74907595
0.71858203 0.075899825
-0.29190195 0.14889054
0.81071365 -1.2090694
0.7414659 0.3181088
3.7231438 -1.340043
2.697776 -1.2379417
0.85521376 0.3049901
1.170951 0.2744366
1.1439525 1.1668316
0.9510584 -0.71075386
-0.78727233 0.8712768
-0.45171666 0.45711982
0.5394913 1.8291686
-0.44582242 0.17534854
0.8323662 0.63480574
0.0943079 0.79642004
3.397072 0.6607931
0.3300133 0.7073801
-0.19984664 0.30661935
1.0728713 -0.4461456
-0.7007679 0.81078273
0.83501923 1.818696
1.5923303 1.5004301
0.1688895 2.135332
0.5765207 1.0875443
1.2486039 2.323176
0.6916188 -0.29218593
-0.014481649 1.0554183
2.6929996 -0.37843248
0.015301585 1.0888456
0.2589313 -0.79120433
0.27865675 1.0226488
3.441971 0.29321313
-0.6691205 0.4043017
0.17972991 0.11631109
-0.3590622 0.8879165
2.0831478 -0.024735168
0.124045014 1.3315829
1.7919246 -0.5286556
1.500527 1.2444389
0.27868214 1.2141551
1.25484 1.4103094
0.44027886 0.2141958
0.48507693 0.73531926
1.2953968 -0.33530036
0.7375194 -0.9774926
-0.0070144236 0.65433383
1.0955409 -0.37463182
1.617207 0.23863707
-0.2419927 0.2002479
-0.23947543 0.50854814
0.23373729 0.1322053
1.3817351 2.2841282
2.261118 -0.03292185
1.7103693 -0.63615924
0.8515582 0.75696117
2.5289283 0.10585649
0.32506916 0.5425669
1.0534314 -0.23031814
0.17342708 -0.10520515
1.6125813 0.47402215
-1.2494829 -0.06658672
-0.63934004 0.11648576
1.0813146 0.18065853
0.6470548 -0.8844973
-0.03592603 -0.13284111
0.9669292 1.5034412
1.3476627 1.3886801
0.4216278 0.96951884
-0.33055973 1.327052
1.8782462 0.22730024
2.0153627 -0.17366795
1.2923808 -0.08680372
-0.22051002 1.361831
0.4308215 -0.0697792
0.6398816 0.9624714
1.0697591 0.50653625
1.2253107 1.9169683
0.4776338 -0.588745
0.77419615 0.6707947
1.9018008 -0.06501903
-0.27512836 0.25890148
3.0842128 1.8102107
2.3063173 0.82242817
1.0828012 0.99634236
0.6344819 -0.32243806
0.605626 2.3598335
3.798206 1.5488105
1.1610997 -0.41031826
0.45817825 0.0061713457
1.017676 0.9924057
0.47365072 -0.09894632
-0.69645584 -0.42552355
1.0867616 0.114983335
1.2426999 -1.0151786
0.92599154 -0.18823674
0.8885188 -0.25057685
2.0745032 -1.1109102
0.59529877 -0.38088098
0.46804097 1.2239838
-0.077626914 0.08094244
1.265091 2.0511937
0.48307058 0.7560344
0.80870855 1.104261
1.4427663 -0.21152972
0.8474933 0.4342277
0.5826869 -0.43961167
-1.1342125 -0.21721958
2.4943001 -0.43007547
-0.5145576 0.5723401
1.8694264 0.013995066
-0.3110128 0.27687186
-0.07687427 0.15796088
0.36469558 1.9144616
-0.8196856 0.63067776
0.7455671 1.7352753
0.4503357 0.8405542
0.9113405 2.6910748
-0.11505571 1.9792194
-1.2604322 0.4127342
-0.1476216 1.5943294
2.4094422 1.7056988
0.21770465 -0.0949305
0.4185718 -0.27757454
-0.3223675 0.13456754
1.9234394 -0.86236656
1.1368433 -0.2495423
1.4474903 0.98641104
0.02379191 0.76214486
-0.26128316 0.5610441
-0.06466161 0.007466644
-0.34340048 1.1233783
0.8405541 1.4940537
0.7271198 0.21776108
1.9302698 1.1970022
0.3696445 2.3201895
0.80294704 1.286551
2.517462 0.597661
-1.0100237 0.024303898
0.28606954 0.6011744
0.6736692 -0.18336359
1.2921828 0.61120063
0.18874782 0.35902715
-0.5355115 0.1410724
0.24989769 0.91978496
0.3016931 1.0533166
-0.45554876 1.7663174
0.32122096 -0.17898983
-0.07354693 0.71799475
0.4903315 -0.5140475
-0.54327095 0.19761892
0.6900536 0.28518718
2.038314 0.8303066
-0.033364773 -0.121860445
0.5282258 0.869729
1.6637942 -0.22583418
-0.22018294 1.1870186
3.1875474 1.3315502
0.42798308 1.3388298
0.95062065 0.26542026
1.5195225 0.49942392
3.665936 -0.5495716
0.5792812 -0.7455634
0.5619705 0.4670226
3.3034718 1.3899726
2.0507617 0.2935109
1.5159914 0.117232665
1.4824802 1.0976974
0.7497257 0.519066
0.09386623 -0.62506676
2.5703127 -0.6295514
0.7019993 1.535849
1.5526435 1.2549993
1.9632722 0.108352974
-0.84916794 -0.30562785
-0.6967697 1.0377609
0.3914583 1.615633
0.84321785 -0.38979715
-0.29115835 1.2312181
-1.0285919 0.9509886
1.3690729 0.87221485
0.32148084 1.3618497
1.0466262 -0.08668123
-0.6259275 0.06566195
1.1217413 0.54331106
0.69533944 0.4807853
1.5230134 1.111816
0.14080179 1.4736042
-0.44943058 -0.15849602
1.5284902 -0.7806713
1.3381269 1.0362685
1.1030461 0.106634304
3.5040972 -0.87951434
0.4751906 -0.9425184
-0.42080003 0.82687837
0.784613 -0.48374456
1.046407 0.14158751
0.20806277 1.3101373
2.6878688 -0.494595
1.5087461 -0.90557903
0.7634281 0.77827805
0.07175624 0.5634744
1.4588412 1.7695704
1.1105043 -0.09361692
2.2389565 0.7781636
-0.23929332 0.24242456
2.1857903 1.5155681
0.7860056 0.2610159
1.404695 -0.6129302
0.24145353 -0.46625435
1.7529 1.5672512
2.3905017 0.73624
0.8308046 1.302313
0.46453217 0.3411563
-0.14715886 0.3163039
0.37626818 -0.2248093
-0.40232265 -0.15324515
-0.44889748 0.87223965
-0.86718416 1.2971227
0.8008599 0.6702905
0.54046047 0.3314162
1.2569789 -1.2777731
1.188295 -0.5481526
-0.41158736 -0.6073196
3.4144015 -0.07295874
-0.3353194 -0.8888737
2.7447224 0.07142611
0.2041468 -0.1240499
-0.5614766 0.19950126
0.6040523 -0.23319322
0.45268038 1.6975344
0.08803558 -0.66771567
2.413962 2.4952137
0.49323556 0.8981715
1.1224053 -0.61871487
1.6676015 -0.16633868
0.60555995 -0.19344686
-0.501511 0.21185045
0.7240102 -0.7571541
-0.03448908 0.64803827
-0.11003536 -0.46681362
1.7373427 0.3432309
-0.8715596 -0.70790154
-0.14934398 -1.0373025
-0.08038911 1.4799852
-0.22686343 1.2674826
1.544416 0.05792229
0.6681675 0.13128944
1.2402128 -0.20121133
-0.29071236 0.8264331
-0.5688618 -0.7868416
1.7976652 1.4005954
0.67350435 0.8361451
4.1931143 -0.31077638
1.3441104 0.7066802
0.8196335 0.74381346
0.74849486 0.14001538
0.9452528 0.60938764
-0.62146914 0.62361956
0.51145494 0.092534944
0.42359063 -0.12587178
1.7385511 -0.74420404
-0.5740819 0.91985387
2.421704 -1.1799287
0.7349899 -0.90200406
0.21145445 0.701163
1.2936078 1.4364903
0.028739154 1.1316334
1.7121152 -0.3476019
-0.82452226 0.40116954
-0.15042588 0.44944757
1.0661421 1.2164297
0.6284996 -0.20960888
0.68087804 -0.008099884
0.98722184 -0.34704852
-0.7841866 0.34128326
0.11520049 -0.7981036
1.0872436 -0.2530288
-0.5876266 -0.3580631
0.15129998 1.142174
0.9934627 -0.4305789
1.9958643 -0.32182905
2.957928 -0.9661436
0.21754706 1.9463973
-0.38793647 0.93595904
0.049256712 -0.1970655
0.0067616105 -0.55892485
-0.7832787 1.2241974
0.26305977 1.2903802
-1.0717294 -0.08883029
0.05278656 -0.5571458
0.58250797 0.8063294
0.44176516 0.8564536
1.9684564 -0.8751286
-0.61340296 0.85337764
0.20183301 -0.64815885
0.27876273 1.7713416
-0.76438034 -0.0026804358
2.0710247 -0.06546837
-0.20751342 -0.109420046
-1.130214 -0.7679982
0.7639191 -0.31245977
-0.13525337 -0.49714333
0.80971146 1.5097528
0.9327489 0.20550309
-0.4264857 1.3624358
3.7181983 -0.12080139
0.5384364 -0.37915397
0.21966651 0.5914002
2.2177114 -1.2857338
-0.65863055 0.6380279
2.15785 -0.59707355
1.5312173 -0.06721409
1.7190377 -2.305143
0.375024 -0.4905625
0.1986751 1.831656
0.37808016 -0.46498886
0.7675563 -0.14019604
-1.2749416 1.5261678
-0.51663756 -0.32935327
1.2268095 1.2991511
-0.009110048 0.28672868
1.2460294 0.714048
0.24610859 0.36713934
0.98859084 0.8728588
3.759958 -0.08657165
2.7951345 0.591963
2.5264046 0.6179058
0.58395076 0.44534934
0.12600163 0.023592278
0.12317175 0.8688174
0.062191725 -0.05359344
0.9120785 0.99565774
0.969957 -0.5489029
-0.5997475 1.4593323
1.5500464 0.50653625
0.30425397 0.09167375
3.662014 0.8259739
1.7841991 1.4222891
0.4056619 -1.3552953
-0.3758111 1.0529926
-0.015303135 1.0512531
0.07057458 0.45203006
2.1592717 -0.13676569
1.6093663 0.95746416
-0.1906356 0.15620457
0.899874 0.27911007
-0.6708826 1.098831
1.5376543 2.0729706
-0.020604357 -0.24661271
1.1563108 -1.7667946
0.34555563 0.4347406
1.6193165 -0.33332223
0.20147395 1.1882873
0.5367223 -0.7017168
1.5694246 -0.33596963
0.4941919 0.73938996
0.19743752 0.6512217
1.5231011 1.3134364
2.6126618 0.7364949
-0.69955707 -0.20558216
-0.7922598 0.8422949
-0.03141828 -1.0048589
0.16615728 -0.842206
0.1061261 0.19867803
-0.77689147 1.9127274
1.0665729 0.5193779
0.19698864 -0.8747823
1.4887068 -1.6238797
0.96589243 0.602661
1.3275753 1.8363857
3.0673625 2.0759673
0.7690687 0.5679265
-0.5896022 0.01198487
2.8464477 1.3702499
0.07946566 1.959538
0.7344843 1.6087558
0.29613295 0.07177265
1.3531836 0.038670138
1.0501683 -0.19113342
1.2137 0.93574876
0.64212596 0.64394546
1.7978057 -0.8018756
1.3942311 1.3527052
-0.21429875 1.3461304
1.3803761 0.8552316
-0.6542606 0.10668443
1.3640401 -0.36333704
0.84686065 0.9926756
1.0698097 -0.66196615
1.3365074 -1.2986656
0.7363132 1.6473558
0.35630134 -1.1269075
-0.4883263 -0.33471486
2.6972566 1.7818632
0.82281303 -0.33711678
0.017800063 -0.1208539
2.7731893 0.6901308
0.45403525 0.18331902
-0.9555142 0.2407272
-0.68606466 0.28789324
2.2078705 1.0851262
-0.25329733 0.55574274
0.29000488 1.2157956
2.2314692 0.32213068
0.41341576 0.13703181
-0.28693557 2.1073008
1.8191756 0.7472241
0.098719984 0.24062194
0.6566485 -1.1699834
0.04422471 -0.6170854
1.4505231 -0.4613052
1.9117666 -1.6858932
0.8551332 -0.13005853
0.7476376 1.371264
0.45989385 -1.6079776
0.05799502 0.22147258
0.88931644 1.4287163
-0.06987348 -0.49551338
1.2848011 0.87226087
0.35785177 -0.8879835
-0.09526011 -0.0339088
0.84240055 0.62737894
-0.6801939 1.0893018
2.2257137 -0.37692514
2.0924442 -0.5580097
-1.252764 0.12205975
-0.2796479 0.8148233
0.65440094 0.43606997
-0.3359939 -0.08539595
-0.8559607 -0.8157092
0.7237309 -1.4727956
0.5387683 1.5952882
0.8364347 0.4376403
0.43316248 0.97217673
2.4976707 0.6451422
2.32478 2.0049725
-0.53425944 -0.80910236
1.2367814 0.5718564
-0.1073513 -0.07529248
2.6285908 1.5245615
2.1410227 -0.16637427
-0.28427452 0.18115862
1.4747272 0.8840019
1.963188 -0.58824855
0.18073511 -0.16652107
1.3828993 0.7667088
-0.871765 0.16159914
0.5530914 -0.17939818
1.5125974 -0.45997632
0.90524685 0.72129524
-0.43350935 -0.7123188
-0.18467708 0.9336336
-0.4945379 0.37182552
1.3644114 1.4101927
0.62632895 1.9410155
-0.2296876 0.97855705
1.1681067 1.6218044
0.030079097 1.518841
1.4246562 0.13134255
-0.38644132 0.56387204
1.4715748 -0.18678638
-0.09891899 0.4343052
1.0630314 1.6773819
0.052467495 1.1280065
0.7686732 0.023247316
-0.34957457 1.2852836
-0.0488057 0.5316603
0.5895513 1.7148236
0.5795989 1.6746862
0.58007395 -0.35769033
0.07365057 0.53621
-0.2015838 0.7249132
2.3067229 -1.5085634
-0.3067481 0.17203046
0.55492353 0.7974989
0.8586546 0.62795025
0.9823326 1.6841302
-0.40499577 0.4383585
1.739446 0.50287324
-0.250606 0.051073268
-0.12756215 -0.91285783
-0.5396907 -0.5660288
0.01728481 0.2815417
1.6847389 1.7560782
1.4188135 -0.36629546
-0.5850585 0.34397388
1.0347633 1.03324
0.24665076 0.6521889
1.0753988 1.2576542
-0.13108784 0.10950734
3.313227 1.401548
1.9187106 -0.6821222
1.0911351 -0.64367574
2.1838114 1.256466
-0.67209405 0.06349526
1.3997476 -0.72678715
0.5593426 0.6273946
0.66307735 1.2295626
1.2373129 1.9861243
0.600531 0.95745116
1.6826744 0.18447803
-0.1394383 0.7543705
1.1526601 0.52933943
-0.2384629 1.8393493
0.3933871 1.5373535
-0.6564344 0.19059195
-0.12228012 0.5814735
-0.16724013 0.16849996
0.31474975 1.3017838
0.8582387 0.7917927
0.209833 -0.57290834
-0.2873161 -0.23176745
0.30756357 1.8240397
0.7534293 0.22394644
-0.8968971 0.14667286
-0.32873443 -0.2855346
0.05242148 0.5887026
0.13300884 -0.7075369
-0.2706739 1.1826808
1.0697039 0.8086973
-1.1365954 0.21699922
1.0317692 0.9970706
1.1470144 1.852021
1.6906348 -0.87519234
-0.045824036 0.9660216
1.0111362 -1.0119112
-0.26685932 2.739025
-0.09718914 0.97361153
-0.11892703 1.3259419
-0.09080693 -0.26062074
-0.08726579 1.1378255
0.5411103 1.1622685
0.016392112 -0.83028585
0.0040618777 -0.35825074
2.2461278 1.0540482
1.2300239 -0.6107402
0.34147272 -0.30927682
0.1582855 1.3000654
0.0045727193 -0.86964285
-1.1264496 -0.44786692
2.6408947 0.35927063
1.2418834 0.15711026
0.5890273 -0.7126874
4.4535084 1.179815
1.4679463 0.64841956
0.5548136 -0.4924276
0.4028215 0.40047365
-0.54694235 -1.3785913
1.4818318 1.7489288
3.7841756 0.034283444
-0.020309731 -0.23161179
-0.27274668 0.98533386
-0.09599921 0.538423
0.7819563 0.9761222
-0.13661669 -0.6336184
1.4704007 1.081566
-0.30843103 0.079260156
2.0145147 -0.3485945
-0.9094708 -0.28395292
0.5343497 0.6456116
0.80101955 1.8082533
0.6379069 0.7327489
1.1749245 0.32443082
-0.15897769 -0.48394123
-0.23836839 -0.81089187
-1.2453786 0.49048245
1.6168139 0.03814186
0.7884158 1.0983143
0.29709092 1.2320671
-0.8959718 0.28025866
1.7111958 -0.7124193
0.33033976 1.1673516
3.0524378 0.5347022
1.0135039 -0.067279175
0.10752401 2.0182538
0.029931217 1.4367757
-0.05364743 1.3170841
0.8045094 -0.026983812
0.105386585 0.06490074
0.7554158 -0.9166998
-0.56936294 0.36490214
-1.3602728 -1.0617776
1.2539679 -0.5037968
1.3110946 0.3937779
0.5546615 1.7213144
-0.43461162 1.4956269
0.50433385 0.64990336
0.23963705 1.5460954
3.0392165 -0.39327645
0.10954836 -0.5455056
0.009798139 1.7577496
-0.47637782 0.72819847
1.282071 1.246137
3.1407764 0.27165717
1.1090665 -0.08126539
-0.41151437 0.65678924
0.43230602 -0.27520195
0.34411517 0.4313144
0.35138097 1.6416968
1.6980404 1.8391645
0.54763496 1.4350882
-0.6203905 0.35686058
2.3476632 -1.1232362
-0.08998142 1.4057477
1.4325237 0.18392695
-0.5185667 0.20813616
-0.3892448 0.31708795
0.20033139 -0.13596106
1.3689784 -0.15079245
0.7736348 0.6749702
0.069928676 -0.07566102
-0.072310224 -0.65103245
-0.33193076 -0.0014329404
0.23414704 -0.3671146
0.5229572 0.57554907
-0.30037886 -0.014936939
0.39889333 -0.45489573
0.46526608 0.84566945
2.0495934 1.9768488
-0.19304611 0.02735807
0.6790153 1.5167731
1.169561 -0.3427286
1.5443668 -0.52599996
-0.038814902 0.45085466
-0.48350167 1.0074322
-0.2730028 0.7854813
-0.23247129 0.23639075
1.5531279 -0.8928859
-0.20672649 0.03981687
1.4350781 1.2753558
1.7708858 0.2344685
2.783731 1.4643009
0.7478967 -0.57828414
-0.7420291 0.37639987
-0.09905216 -0.13010584
-0.31804657 1.5400547
2.0487645 0.26462275
-0.13658792 -0.5945957
0.9777715 -1.5568398
-0.18784517 -0.4631247
-0.27756548 0.7267746
2.3057704 0.24719118
-0.24772024 1.2455928
0.19563335 1.7197363
-0.6163992 0.04974614
2.425481 -0.2732799
0.73276067 -1.1947639
1.6940576 0.043541834
-0.34636253 1.6469411
1.4460027 0.35733914
0.041059196 0.19799496
0.64751124 0.65109026
-0.02732107 1.4951878
0.0066402256 0.46977276
0.97427 0.45884705
0.27177134 -0.1392838
1.7159404 1.3512946
-0.74376214 1.0549775
0.8162985 0.6143391
0.6948106 0.45877904
0.5313164 0.50059724
0.58991945 0.2348335
0.9609786 0.8114075
0.7189343 0.055917934
-0.0053377897 -0.2702252
0.70029116 0.80503756
-0.0053108633 1.446647
0.41720453 -1.1535854
-0.11769061 1.914005
-0.26035866 1.1629596
0.24897373 1.298372
2.1430578 0.013830736
0.5835818 0.4732471
-0.60529745 0.63171816
2.358898 0.32024705
0.48472288 0.8243589
-0.48670888 0.3585891
0.72459745 2.0259705
0.56901765 -0.52828866
-0.115221485 -0.19490564
0.8950367 0.3920182
-0.01928629 0.426629
-0.071839884 0.9783583
-0.043355256 0.95386165
1.4072827 -1.3747683
0.0716469 -0.010780588
-0.09485501 0.3816284
1.6150626 -0.79819965
0.044302583 0.55796444
0.26838174 0.4634136
0.11986834 0.21378525
1.8332566 0.6259426
1.6851541 1.021007
-0.5497438 0.41788107
0.43684116 0.6268916
2.228976 1.1521627
0.37838534 1.282884
-0.056459486 -0.7998999
-0.26224148 -0.15922506
1.4039961 1.2342954
-0.8551289 -1.3999482
1.4562172 -0.3267972
-0.7000109 0.98432344
0.05219835 0.6658936
-0.44211584 0.2989638
0.30403873 0.31428862
1.4296417 -1.6632406
2.5233803 0.7134145
0.73026633 1.2017133
0.4695631 2.4676678
0.41252854 0.985033
-0.4224266 -1.7306259
0.15298435 -0.94950444
-0.06696783 -0.6026547
-0.2139037 0.95271534
0.229007 1.5652989
1.1728585 -1.3652762
2.040765 1.1985391
0.57230866 1.234579
-0.25135064 1.2707466
0.5448916 1.5559363
1.2015903 0.0045061857
0.9708636 1.8137035
0.4975221 0.9253339
0.026940137 -0.29449207
0.28432885 0.61276984
2.2920637 0.11370815
2.209641 1.1089004
2.2675712 1.697851
1.673614 0.38286698
0.07589686 0.43375766
0.8026569 1.342442
5.24165 1.6893647
1.4321268 0.12178792
-0.40984866 0.046306267
3.2564516 -0.32362413
1.8253561 0.027505234
0.32572475 -0.2583487
0.09669891 1.0814239
-0.3885479 0.38864326
-0.23936063 1.0641978
0.4998831 0.5706181
-0.5300541 -0.6967708
1.61745 1.1258761
0.8675338 0.33685756
0.5592742 0.26678652
0.54616463 1.4865243
1.5227599 -0.124129705
0.82643497 -0.84878474
0.22976887 0.06588386
0.14581648 1.7354189
1.0436095 0.026744083
1.0361252 1.0170836
0.17285332 1.1517881
-0.15931569 0.41359246
-0.12053123 0.29769373
1.2646735 1.3261472
1.0390683 -0.9154292
2.2770534 -1.3322768
0.20818251 1.0890326
-0.80115867 -0.8660599
-0.2589695 0.7071595
1.5771163 0.569409
0.6891842 -0.25582504
0.7840904 0.24269141
1.7881244 0.88905686
2.1286879 -0.4864541
2.6956303 -0.8466584
1.7475477 2.156373
-0.16328081 -0.5637112
0.1835857 0.6629468
2.1748517 0.5765562
0.37099198 0.744255
0.8402586 -0.12667574
2.37791 1.0122644
0.05640647 -0.773319
-0.10188702 -0.35129702
-1.0403205 -1.5149516
0.22770825 -0.2968296
2.275228 -1.3478057
0.32528797 0.801544
1.1566625 0.5665043
1.5106 0.08456059
1.4639878 -1.0622503
0.8739246 -0.3975106
-0.08051857 0.63303345
1.0650275 1.0715045
1.8041807 -0.33402207
0.33671102 -1.7057267
1.4781555 -0.23552032
2.4168134 -0.66402906
0.7253289 0.29490292
-0.2901985 1.5640705
-0.06209801 0.036621228
1.6186407 1.0417327
-0.26269704 0.88493377
-0.7679863 1.2504904
4.7557817 0.8148691
-0.101939306 0.5682055
-0.058298543 0.5459525
0.9157802 0.1641814
1.6183244 0.7612917
1.6404809 2.0551813
0.24707127 1.0977304
2.053899 2.1412988
-0.34192517 0.032697544
1.6595054 -2.5895743
0.039459735 0.6458855
1.5284716 -0.11157946
0.29875562 0.2783131
0.689234 1.936414
-0.32676384 0.03636627
2.362186 0.20755468
2.3734403 1.6787994
1.1201361 0.11623694
0.034181118 1.0702996
-0.46261877 0.35955656
0.943691 0.92545205
0.33535013 1.6090908
0.41999146 1.5997357
3.0220091 -0.32558027
-0.2398759 -1.1128428
2.0127442 0.024649784
1.2810078 -0.52045333
0.81727695 -1.5702457
0.76005054 1.4250264
2.5578806 0.9281476
2.115537 1.5809814
-0.17432718 -0.062764764
3.4174683 0.41977078
-0.03617394 0.89820915
2.5378997 -0.07524674
1.0121671 0.6904692
2.0789769 -0.7617152
0.6958933 -0.27950716
1.5284529 1.5001721
2.006241 0.29457742
1.1334399 -1.0748793
2.0220728 1.7766511
-0.3039965 -0.217218
1.3612471 -0.8574624
-0.41139722 0.9058719
1.9514567 1.0325673
0.6265588 -1.2576593
-0.56481564 0.5332009
-0.53067565 0.41540676
3.2409492 1.064513
-0.119148344 -0.8616319
1.4904119 -0.7548012
1.8154505 1.146862
3.1277032 0.77699465
1.1298419 0.7774245
-0.56034815 0.036711022
0.7904066 1.079971
2.1645694 -0.54056746
-1.2968059 -0.09207937
-0.34462488 0.31170958
0.025730789 0.7050968
-0.18888187 0.7925895
-0.28485453 1.5605083
-0.9500749 0.9735952
4.0266995 0.47186238
1.6461085 -0.3261361
-0.13290273 1.4331813
1.2971718 0.020954981
-0.7578069 -0.32745892
1.494379 1.1672833
0.97599804 -0.053029522
2.1281412 -0.47244033
0.5524272 -0.09491935
0.90931785 0.6650759
0.36249605 1.5433701
2.2820928 1.1014779
-1.2030704 -1.1123085
0.67599 -0.42643794
-0.6161858 0.5404174
0.30286136 -0.060194194
0.9041085 -0.3097979
-0.15162602 1.5983887
1.7673079 0.7399623
0.6984811 0.3497331
0.74666333 0.16213821
0.78966117 1.3511784
1.7935005 0.45647353
-0.17980948 1.2953414
1.0930076 -0.6160775
-0.06775744 -0.83345735
-0.10186583 0.5105013
0.5891552 -0.37566668
0.26911727 0.002221465
0.20786023 1.545206
1.3605155 -1.1400706
0.22768056 0.29790914
-1.130116 -0.18060605
3.4446447 0.79271895
-0.65387416 1.0806017
0.18577278 0.5681172
2.1423953 0.347472
2.5433857 -0.640928
-0.0520588 1.7690189
0.7411158 -0.31461075
2.4677424 1.3851283
-0.0024587214 1.6997461
0.67226875 1.219536
1.7085528 1.9050469
0.75399625 -0.35881847
0.50588405 -0.5367303
-0.40928176 -0.3678884
2.0193021 0.08566539
4.2869716 1.4955648
-0.18638694 0.97465426
0.14164802 -0.026776299
-0.095450446 -1.1527929
1.0788844 0.6642067
1.7569615 0.83847636
0.68806434 -0.39017075
0.7648088 1.9265637
-0.6359176 0.16163667
-0.6057048 -0.058579996
2.92329 -1.33452
0.8119736 -0.6174032
0.8226243 1.5114672
1.2351657 0.3485338
0.83122194 -0.2713628
0.6960231 1.7368834
0.4222472 0.008103475
2.0220013 -0.9590603
2.090868 1.0908494
0.55677986 -1.7098802
0.33045724 1.0495712
-0.76171076 0.15519671
0.8228123 1.2032225
3.8950121 1.1328102
0.9304279 -0.285078
0.10442498 1.0918936
-0.2912284 1.5553274
-0.6085589 0.8091784
2.091191 0.3066945
1.3382064 0.27040172
0.62342954 0.27195626
1.159372 0.04778351
1.9813894 -0.3467814
1.4166828 0.51780176
0.8441695 -0.62949896
-1.0209454 1.4979423
2.3807018 -0.5110895
-0.3202154 0.6219372
0.36377177 1.1322166
-0.4579933 -0.11245966
1.4163874 -0.9348621
2.2042327 0.885395
2.7674794 -0.27364454
-0.114211544 0.8545049
-0.10446198 1.114741
-0.6300155 0.63311964
-0.29147357 0.9928861
0.9341135 1.8525732
0.0771364 0.31889075
1.6706109 0.75515854
1.23575 0.7264385
1.8180681 1.1177789
0.9376447 -0.9614741
1.8931803 -0.14103627
3.5827212 -0.03162825
-0.012070984 0.73265034
3.1774266 0.6203574
0.71258247 1.6183622
1.6886115 0.5233626
1.4625964 1.7761719
0.9039347 -0.77111256
-0.04277563 0.2401912
0.6925062 1.8402481
-0.35212523 0.3055328
0.44066885 -0.1322756
0.32204875 -0.025343016
-0.8187437 1.3869623
2.3822184 0.8726805
0.48923698 1.2074634
1.127604 -0.1293998
-0.06383516 0.5770687
-0.72594404 0.46811825
2.5013857 1.3050305
1.0898699 1.0867594
2.1145196 -0.070481986
1.2543592 0.26135015
0.5581324 1.1782224
0.88449025 -0.93143314
0.6964867 -0.51502377
1.9166199 -0.49054396
1.8582407 -0.8532879
0.46497586 1.546048
0.14367738 -0.6614013
1.3112435 1.436662
1.6715636 0.9804656
0.54826665 0.11710654
0.7160244 0.807632
1.1177758 -0.42623615
2.3067844 0.49375325
0.40928826 -0.1980923
0.8526498 2.0141795
-0.32775536 0.74139154
-1.2684697 0.15897502
0.7727263 0.48483038
1.1227466 1.0829273
-0.08130227 -0.60503775
0.239627 -0.37657237
0.3017036 0.6860258
1.4050838 0.83366245
1.299265 -0.2612392
1.7607712 -0.69915587
-0.8940909 1.6762497
0.8299959 0.67342824
2.2872431 0.06632401
0.15472981 0.48791057
1.0539788 0.37001318
2.4470563 1.9038017
