-0.77627116 1.2007024
2.138842 -0.050659746
0.3310002 0.40109473
0.08195658 0.29182833
0.884587 0.20905602
-0.61039567 0.14496389
0.31934392 -0.21311837
1.6007329 0.07776773
-0.4636919 -0.5185933
0.21200849 -0.16346364
1.2278776 -8.249283e-05
0.11301066 1.2003856
0.6460639 0.19075078
0.8577102 -0.58635175
-0.417757 1.5167284
-0.19713998 0.8363767
0.13998942 0.34663892
2.083023 -0.13705257
-0.34631333 0.5553746
0.5771493 0.76465267
0.3843928 -0.88183016
0.34605825 0.67496556
0.6183722 -0.57898283
1.6832088 -0.12993054
-1.2558597 -0.24644853
0.035854444 0.19888732
-1.1254174 1.1426368
-0.92463386 -0.2602116
-1.170568 0.9195556
-0.3270456 -0.072118476
-0.21430379 0.48402244
0.35520726 -0.1829237
0.7736116 -2.247025
-0.21542269 0.63336796
-0.75344205 -0.0012122691
0.9718694 0.8730566
0.122471705 -0.10590051
-0.62716234 0.6196183
-0.27049163 0.556671
-0.12287317 0.42543173
-1.2330415 0.9725378
1.203497 0.46064222
1.8199371 2.0593925
-0.65237135 0.2981575
-0.36719808 1.4306548
0.41456783 0.37446576
0.7539385 1.3654833
-0.1375773 -0.11144534
-0.75580066 1.359014
-1.1112294 -0.40131772
-0.4530044 0.33059543
0.2509088 -0.46451902
1.0334125 -0.60729176
1.2631553 -0.22478744
0.38197786 0.71931726
1.3932582 -0.32840902
0.15656875 -0.8957358
-1.4030607 -0.26729652
-0.6898008 0.6445164
-0.039333954 0.8705142
-0.9686545 -0.2700137
-0.5449014 0.92349714
-0.26583079 0.45575434
-1.8721077 0.25645557
0.82080775 0.40866768
0.50840515 0.84238344
0.5021918 -0.507223
0.18761845 1.1358869
0.49786115 1.572715
2.5016086 -0.6293024
0.37633932 0.57809526
2.1950889 -0.82578033
-0.29184088 -0.91368663
-1.0244675 0.24234214
0.091459826 0.6303332
0.04456304 0.6768654
-0.17809242 -0.24842046
-0.00043267012 -0.8022977
0.72261494 -0.07836452
-0.102802485 0.4495247
0.12397806 0.29777038
0.62753564 1.9649138
1.6154467 -1.1197906
-0.28093433 0.3690434
0.055744156 0.09897378
-0.7316261 -0.1352289
0.23641263 0.5532883
-0.4665954 1.9927902
-0.56269395 1.165019
0.97125274 0.0524413
1.0798097 0.61063385
1.1717479 0.2279996
1.2207241 -0.25639048
0.75505835 -0.33564773
-0.7585057 0.013111204
-0.5599206 1.7270858
0.80126125 -0.8580089
-1.855836 -0.30050436
1.0856221 0.42394096
-0.38409728 1.3183722
0.1822557 -0.2482203
-0.8629055 0.3813678
-0.7502163 1.0257723
0.038400337 1.470418
-0.65316045 1.578376
-0.261625 -1.132554
-0.884072 0.94774157
1.0394496 0.40854883
0.9416376 0.23735735
0.21440108 1.0222774
-0.77412283 -0.28921968
0.7953798 0.26213425
0.40103972 -0.25178352
-0.96156436 0.62822616
-0.8207347 0.04375258
-0.07757762 -0.35588843
0.25326562 0.18191898
0.49494344 0.44175506
0.5625786 -0.9128119
0.73101765 -0.09960006
-0.12152985 1.1589754
1.5974505 0.066125125
-0.77910584 0.53022224
0.7104987 0.68935543
2.1023867 0.18227425
-0.3100083 0.742843
2.2970912 0.23262998
0.93342227 -0.43404698
0.76985866 0.41352558
-0.029268906 0.0396927
1.5268278 0.9321168
0.63646305 -0.7501773
-0.9402457 1.5404439
0.031337515 -0.35142553
0.43618584 0.8231459
0.99450225 -0.23466995
0.0048368126 -0.5559079
-0.42384505 0.67354715
0.50866437 0.29148895
0.23463838 -0.56670934
0.7122367 1.3853321
1.1378744 1.3205535
-0.81684524 -0.334351
0.36946988 1.2698965
0.74289536 0.5545155
1.0806834 -1.2229259
-0.444198 -0.8992737
0.4972217 0.4517979
0.28140342 -0.3957426
0.11636491 -0.53578734
0.54034835 1.7773538
0.9280135 0.23527491
-0.27717423 1.8386977
0.9793667 0.9690326
-0.24540907 -0.3778097
0.8740867 0.41868633
0.7787381 1.0832214
-0.92054355 1.1468773
-0.38482264 0.701157
-0.373265 -0.48064637
1.5397427 -0.430583
-1.2073215 0.26749402
0.15190269 0.0060343444
0.071780816 -1.1607356
-0.2719766 1.1078951
1.3103696 -0.42791295
-0.979392 0.1890822
-1.5550784 0.66426593
-0.6032246 -0.7712089
1.9422187 -0.79577607
-1.425167 0.46717727
0.24386124 0.3109221
1.23293 0.7498639
0.29174137 -0.010959879
0.3958251 1.387999
-1.3364742 0.69385767
0.42632282 -0.7917161
-0.18601108 1.324044
0.48863858 -0.22030231
-0.25342476 0.26711398
0.36689872 0.1302017
-0.13143012 1.0101566
-0.6907282 -0.37754858
0.8275904 -0.29544392
1.0231367 0.13352013
-1.2189568 0.8699661
0.83049554 1.6574423
-0.78169954 -0.5814539
0.011698857 -0.1748392
0.82921857 -0.29452848
0.38836795 -0.04911749
0.39776367 -0.20353484
-0.6882641 -0.36727905
-0.6632919 0.13706622
0.5889515 0.7579423
-0.67696077 0.27271152
-1.4544424 0.7552828
-0.15292858 1.6846797
0.93858916 -1.7637835
0.13077982 1.3456159
0.51390195 1.1603925
1.1393121 0.553428
1.1326003 0.7974077
-0.69334614 -0.029304355
0.41844416 -0.028735787
1.0250845 -0.24580476
-0.031343326 1.6969981
0.47598892 -0.4392196
1.3075659 -1.0529724
2.592798 0.71638465
0.99728173 0.17151871
-0.14955896 0.12634587
1.2327437 -1.0576017
1.186237 -0.8376007
0.55595213 -0.44579172
-1.36333 0.19987822
1.1471406 -0.00034745038
-0.22935806 1.0713108
0.11903478 -0.81863874
0.23270349 0.8324273
-0.66096336 1.5710845
2.0591283 -0.6362536
1.6114028 0.43141776
1.0422819 -0.3176982
-0.2592112 0.10975167
1.7082349 0.31013614
-1.1213305 0.7830301
0.51248616 -0.006356403
1.4993383 0.04464501
0.46385127 0.47541457
-0.37686974 0.7612322
-0.8633237 0.020605594
0.8709503 1.337584
-1.0207558 0.7617329
0.6200143 -0.14262621
1.0107877 -0.48568013
-0.18753563 -0.111834854
-0.72197133 -0.6105522
0.8961399 -0.5259073
0.5585087 1.7438302
-0.78987086 1.0613596
0.32965547 -0.20262736
-0.5086867 -0.08724047
0.73044217 0.51912767
0.49201822 -1.8127084
-0.67161614 0.23127434
-0.8577128 -0.9682389
0.5455916 -0.042836815
0.6631955 0.25901663
-0.7824039 -0.45713976
-0.0965697 0.54458743
-1.5947832 0.63244766
-0.015079528 1.2872748
0.14099462 0.35149968
-0.24948537 0.35386336
-0.6297507 -0.25556096
0.09323226 1.460521
0.24648552 0.5187362
-0.9304858 0.86187774
0.93280715 -1.4475067
-1.8495864 0.5658733
-0.30060384 -0.18632278
0.39701593 0.81515294
0.7684023 0.6091738
-0.78372526 0.08869165
-1.0114638 -0.14358526
1.0136681 -0.19593129
0.6144696 0.6904129
1.8716491 -0.7130787
-0.42504966 0.5391436
-0.18223417 0.7476783
0.6276313 -0.47330368
0.100256726 0.77941746
-0.013352975 -0.11563674
-0.19714572 -0.1961513
-0.46389854 0.21670294
0.38994437 0.6388924
0.6746239 0.1796554
-1.2917597 -0.43178904
0.8536492 0.41710585
0.100709364 -0.4635581
0.5963555 0.79960877
0.39695233 1.2319219
1.0460857 -0.45777923
0.26683056 1.9675648
0.26559085 -0.3869665
-1.4366921 0.55884224
1.1367568 0.009425908
-0.2777264 1.2426257
1.1948341 0.63003206
-0.31629825 0.30230397
0.111708894 0.5915103
-1.1274698 -0.38923636
-1.0694171 -0.50496745
-0.5534314 1.076688
-1.4502244 0.737578
0.11607446 0.73885375
1.4017477 -0.82949877
2.324284 0.02732119
0.73570645 0.85084516
-0.9107942 -1.6170228
0.5893102 0.66640943
1.0509408 -1.1557045
0.872356 -0.45976683
0.23975168 0.0141096115
0.5669487 0.90206474
-0.23061767 -0.41454816
0.7563614 -0.97346836
1.09704 -0.35239372
-0.67414606 1.3983867
0.74958086 0.6778608
0.5814885 0.19877097
0.61839414 -0.28455517
0.67715085 -0.90306497
-1.5976254 -0.12684776
-0.038337737 -0.22597721
-0.51159143 0.18100733
-0.778224 0.39193314
0.52003306 0.60685647
-0.8293067 -0.86957115
-1.3052021 -0.27447733
1.3055025 -1.0129822
1.5878749 0.57529277
0.58233 0.47541112
-0.053221792 -0.75830096
1.8137492 -1.8076007
1.1147887 1.9309237
0.20991679 0.10088757
-1.0619999 0.36457658
0.64645493 1.5280325
0.21537872 -0.3119703
0.23403014 -1.189151
-0.3290626 0.8132302
1.1964744 -1.515039
-0.24422322 0.77191514
0.14619683 1.596267
-0.73499036 -0.22117324
-0.48594308 1.0968146
-0.9300316 -0.3937197
0.25266933 0.520754
0.23081388 -0.6889978
-0.61701035 -0.5782157
0.31608862 0.27097255
-0.93052435 0.94604605
1.3952283 0.47638923
0.96700245 -0.974667
0.56422496 -0.066916406
-1.6721251 0.24380603
-0.33250582 0.4183491
-0.6927427 -1.2461367
0.68144196 -0.7344479
1.5356935 -0.6814947
-0.16525681 -0.061155304
-1.2003319 0.41098136
1.8283345 -0.13179737
-0.90873855 -0.1707291
1.7369429 0.75138557
1.2554106 0.6888783
-0.09751949 -0.7742712
3.1846397 -0.6952646
0.55861133 0.3279758
-0.28687745 0.5288503
0.7447918 1.6127796
1.4781011 -0.74690187
-0.6703152 0.07801351
-1.9149873 -0.68916553
-0.044257194 -0.11332822
-0.3205089 -1.0194602
0.7383899 -0.17832784
0.035337254 0.38009995
1.1375116 0.5441587
0.35264105 0.58362156
-0.03515324 -0.9645504
0.3942454 -1.2543397
-0.42908144 1.029362
-0.386211 -0.10067187
0.10593833 0.3098154
-0.8121478 -0.44293487
1.839084 -0.4265291
-0.29947582 -1.153834
1.7087657 -0.932441
1.2894754 -1.4281595
1.3407295 -0.3686678
1.8537029 2.6248322
-0.43732113 -0.047379345
0.56432194 0.6499231
0.58125955 0.0074295104
1.2966566 -1.879364
0.28129268 0.26767248
0.28407645 -0.28112993
-0.028570563 -0.3911533
-0.85670733 0.71155894
0.08882032 0.19817919
-0.96825874 -0.22156052
0.14328216 0.09055674
-0.118925214 0.4380346
1.1145386 0.3962105
0.78429645 -0.025938407
-0.38776797 1.2384508
-2.401713 -0.3208423
0.8428398 0.7469324
-0.48604918 0.39007103
0.2287928 0.74719375
0.76561195 -0.0010249764
-1.0353054 -1.6104963
0.48200423 0.6257292
-0.7333014 -0.37076303
-1.5307095 0.09661132
0.6215762 -1.316571
-0.6651872 0.6436175
0.35288584 0.70039356
-0.030701965 -0.023671106
-0.010945439 0.715328
-0.5491919 0.3658405
-0.11219059 0.476008
0.10611658 0.58316725
-0.91287583 1.0602195
-0.1295748 -0.06444453
0.28407538 0.36047167
-0.7280809 0.50177807
2.4319746 -0.5942137
-0.61100847 0.4316783
0.5627679 0.4925059
0.60524744 -0.95889485
1.6883856 1.791543
0.80681425 0.026259243
1.5106684 1.0937865
0.78651386 0.9774875
-0.15283275 -1.7207038
0.922007 -0.44671324
2.35276 0.84532934
-0.5322413 0.4613126
0.637725 0.68932503
-0.25827324 0.08780143
2.6464167 -1.1608655
0.2094528 -0.1889073
0.09843616 -0.8348949
1.6385462 -0.5280083
-0.9288121 0.5609545
0.3755294 0.16551134
0.27845287 -0.52373016
-0.08007783 0.23097622
0.78033155 0.60462654
0.28006464 -0.88006884
0.98364514 -0.72470367
0.18933006 0.2791291
-0.6928676 -0.2644959
0.8886964 0.62975544
0.17497997 0.8953863
-1.2446331 0.54812294
-1.3658354 -0.8500847
0.29217184 0.4360581
-0.0075510293 0.7945723
-0.012995422 0.48965877
-0.3925755 -0.11709131
-1.0765033 -0.72991335
-0.97489774 1.0032527
-1.0076351 0.45965117
-1.2997338 -0.0755291
0.03071399 -1.3521962
0.82651 0.8461543
-0.46759456 2.0384655
-0.8900971 0.55274415
-0.18891524 0.10555756
-0.641297 0.30230695
0.77596384 0.032105356
0.88141936 0.0040380657
0.29196846 0.013780534
1.3499502 0.29517746
1.6825649 -0.58785653
-0.858222 -0.034885645
0.090213105 0.25199005
-0.29996195 0.41576135
0.23331742 0.69409436
1.8053368 -0.13690141
-0.20061329 0.56569535
1.8021506 -1.0206115
3.0182407 0.30619925
-0.78737307 0.5834943
0.7189013 -0.56615067
0.49692798 -1.1191567
0.26036876 1.4256222
0.541083 1.6587422
1.4816933 -0.5188612
0.21704169 0.6777781
1.90757 0.69680333
1.152904 -0.99092
-0.5775878 1.6213746
-0.35611796 1.4257007
1.2660515 0.13608819
0.8803479 -1.179347
-1.6621943 0.19821179
-0.6135847 0.6515773
0.07962845 0.5179933
0.4867168 1.4866364
-0.11223617 -0.006016284
-0.37955558 -0.06596048
-0.77663445 1.1469111
0.75736326 2.1198425
0.73530626 -0.40038818
1.9718934 0.12518641
0.22587536 -0.3333856
-0.10068932 -0.4244327
-0.47414827 0.36190158
0.7267471 -0.7803176
1.5677884 -0.7913213
1.3954484 0.53070045
0.8944463 -0.3629936
1.717273 -0.9953911
0.141387 1.2288666
0.15782921 0.99034435
0.8227224 0.7117777
-0.26368034 0.9497506
-0.30665994 1.0064702
0.6046732 0.058879703
-0.38572147 -0.41916156
1.3062211 0.2941035
0.5938243 -0.06840034
-0.5452371 0.98723143
0.107075766 1.1970155
0.13007988 0.9454122
0.7674318 -0.70748657
0.003421232 0.08713609
0.059294 0.1700772
1.6836772 -0.5703084
-0.30236736 0.20766804
-0.08730391 0.64264965
0.4043122 0.54980946
1.1540698 0.80234
0.4821759 -0.008885741
1.290774 -0.53194517
0.2019922 -0.14833865
-0.8221097 0.777106
-0.29391378 1.379288
0.31110042 0.5380208
0.11688538 0.77173835
-0.7522615 1.255862
1.1522404 0.7755516
0.5954255 0.114558905
1.4730229 1.0023887
-0.082637444 0.18153235
1.0392661 0.23294774
1.3403966 -0.5592812
-0.4630428 0.10727179
1.3389442 1.8672864
1.0559007 0.31505644
-0.44127518 0.4410811
-1.3579966 0.9041596
0.15344231 0.6777355
1.2987429 0.14605442
0.66975707 0.47776812
-0.1803944 0.5309735
2.4157436 -0.21355939
-0.35760224 0.82691735
0.40458828 0.5529492
1.1789156 0.07684818
1.1809121 -0.45983866
0.047987834 0.9850665
-0.72728014 0.09623146
0.9098589 0.057121187
-0.30235088 0.42403597
-0.09466019 0.13108483
0.45207876 1.4410365
-0.36394745 -0.035616577
-0.64587593 -0.5648291
-0.41184735 -0.8806173
-0.3190319 0.097871244
-0.379284 1.5755355
1.1364987 -0.19286622
0.4110971 -0.16379821
0.29860127 0.2539651
0.70350546 0.7964724
-0.58861417 0.56141746
1.043089 0.092655
-0.14013052 0.18743214
0.0882168 0.7488699
0.87867635 0.08110461
0.69266796 0.39710587
-0.45735112 0.18643525
-0.06271796 -0.7535937
0.27409726 0.9508799
1.2910137 0.45453852
-0.91653 0.28342354
-0.81931037 0.6914928
0.12304513 0.022958666
-0.92723686 -0.22370431
0.62490124 -0.31353873
0.75888425 0.72874755
1.8229383 -1.1269767
0.10395925 1.3678622
-0.28962272 1.18804
1.3725623 0.2225104
-0.17137834 -1.6958072
-0.019736752 1.0358572
1.0899162 1.2451453
0.30558455 0.732249
2.0004528 -0.5469185
0.6408803 0.38582742
0.035081908 -0.028224587
0.08173926 0.35723436
0.54404145 0.33858228
2.0149825 0.20119396
0.07609646 0.7790025
1.330197 0.11388379
0.74185836 -0.16996476
-0.70298296 -0.044861823
-0.28517422 -0.41392922
2.433627 0.1357325
0.5779221 1.5660007
0.66406465 0.1390394
0.5130334 1.1939018
-0.5578952 0.45625478
0.27217674 -0.46039784
0.46765107 -0.06873308
-0.67367154 0.029267728
0.5728559 0.13647258
1.2240119 1.5846081
1.005706 -0.33426636
0.79974777 -0.8342235
1.7086744 1.3037827
1.1327709 0.14188063
1.0091878 0.480644
0.0575424 1.4598882
0.99501187 -0.62312853
0.43693846 0.5675649
-0.0141091645 0.5940641
-0.8373743 1.5672913
-0.8058218 0.8623044
-0.37845856 0.7677248
1.0846144 -0.22779725
1.0080657 -1.4558921
0.4859789 0.60701025
0.68711686 1.745928
0.6678281 0.024290204
0.35891765 0.74194896
2.5775208 -0.1184435
1.2227517 1.6796834
-0.6046077 0.5842717
0.54773927 0.57714146
-0.2072989 0.51294017
-0.7844006 0.23509264
-0.46632406 1.6986039
-0.31575906 0.42088616
-0.2603906 -0.15936825
0.18529914 1.260351
-0.93821746 -0.3292706
2.0164373 -0.97049165
-0.018267617 0.24532655
1.204795 -0.499253
-1.9121301 -0.09622522
0.49444777 1.7617607
0.5064385 -0.015351251
0.022180125 0.06839284
0.72212 -0.38673446
-0.5910482 -0.20262612
0.82537025 0.49283355
-0.6449276 0.028086722
-0.82708293 -0.046236843
0.5295905 -0.27519602
0.71278185 -0.4486621
0.74555475 0.86790425
0.099041596 0.8396289
2.2297628 -1.0115008
0.31933922 1.487432
0.5522768 0.50350857
-0.09599459 -0.6001625
-0.53512615 0.65026665
0.67011946 0.49363834
0.33927006 0.048378825
-1.5814611 -0.15857968
-0.015195921 0.4980418
0.43203402 -0.4221787
0.8998708 -0.033384085
-0.27147385 1.3325107
0.56245416 0.74999714
0.3869846 -0.38701254
-0.12392381 1.1380816
1.2980999 -0.31863233
-0.0025211275 -0.32794827
1.9688412 0.8590334
1.9938942 -1.17276
0.36108398 1.1318319
-0.53796715 -0.34120837
-0.28989965 0.049069166
2.1809072 0.9551346
0.8295155 0.110987484
-0.8436693 -0.106729016
1.155723 0.3095652
1.2993441 0.79627806
0.19034298 0.9379749
0.8822637 -0.039489508
0.07620101 0.90978235
-0.20365255 1.2314687
-1.7953769 -1.4294152
-0.7137029 0.69323754
-0.3141164 0.60987526
-0.41739953 0.066541314
-0.96937454 -0.060710505
0.9775283 0.5186358
1.489861 -0.4462288
0.23604889 -0.18609871
-0.017564401 0.25458834
-1.1806154 0.8709282
0.056640968 0.9170055
0.16620322 0.22193763
-0.06401932 -0.5142407
1.1872476 -0.10799228
0.20666824 -1.0253962
-0.5665137 0.033183813
-0.011884466 1.0882258
-0.044818208 0.05216199
-1.6755073 -0.36954868
1.1605992 -0.83695686
-0.60149384 -0.58473766
-1.5035727 -0.6962158
-0.20472415 1.7236087
0.07784073 1.2047617
0.5460061 0.939663
-0.23247735 0.43996847
0.61730826 0.5373155
0.46472377 -0.8785851
1.4427421 -0.35928816
-0.24160457 -0.14735448
2.391127 0.8922406
0.43270558 0.923286
-1.5729066 0.09807381
-0.74209356 0.7873283
0.55963546 -0.46762803
1.0121393 0.008546725
-0.40621024 0.7579989
0.69105446 -0.44655013
-0.40669307 -0.9472072
1.6782084 -0.28500438
-1.6890464 0.47521263
2.9342902 0.9050788
0.38767195 0.56453294
1.15315 0.012560546
0.09589572 0.265144
0.0010419339 0.18333691
0.73983467 -0.3748126
-0.79388374 0.653392
-0.25234047 0.27159357
-0.73560554 0.66912514
2.8010912 -1.1180784
0.65151113 0.96535426
-1.0071473 0.23921174
-0.12228423 1.2993743
-1.6722991 0.25064632
0.9546762 -0.40925893
-0.12401077 -0.56068444
-0.96408236 0.18791491
0.10838188 0.09933531
0.5906604 1.7106757
-1.0028852 0.63133436
-0.061308295 0.06410766
-0.5897604 0.41155416
0.9471311 1.023654
0.25171316 -0.27746308
-1.4790051 0.9627041
-0.76921415 1.0367327
-0.4701453 0.10648137
0.9282947 -0.27610996
0.19886087 1.2608202
-0.014435753 1.421736
0.51152605 -1.3493385
-0.31001776 -0.16786146
0.35920393 -0.38525018
-0.25877106 0.30583322
-1.9105198 0.035522074
-1.1551948 1.7313979
0.05101396 0.5591031
-0.762258 0.33765382
-0.39682627 -0.9052482
0.08373095 -0.402161
0.2653864 -1.1207323
0.7656651 -0.8177099
-0.036474213 -0.67772424
-0.7488046 -0.7281716
-0.81443584 0.36511803
-0.33472517 1.4255531
-0.24606755 1.1821322
-1.0265006 0.6538358
1.8926567 0.17100215
-1.2417046 -0.41205317
0.53883666 -0.5107291
2.015837 -0.6958893
1.720872 -0.4259662
0.4359973 -0.88026017
-0.4186761 0.28721988
-0.12727606 1.8713589
0.8349232 0.38124847
-0.18061511 -0.27796027
-0.32664493 -0.60800433
-0.7964074 1.0440717
-0.4396739 0.8959916
-0.1169375 0.16181168
-0.94872916 0.604746
0.9897135 1.0997412
-0.25263125 -1.4006786
0.71660995 -0.430614
-0.32830262 0.5672097
-0.614474 1.7026093
-0.12879205 0.016440064
-1.0041846 0.35384393
2.3697965 -0.56485534
-0.18505171 0.33739865
-1.1060978 0.14988977
-1.3080701 0.01579848
-0.8208321 1.1773865
0.28706223 0.8617025
-1.6391277 -0.95615554
0.23842643 0.04254332
0.25319946 0.8865301
-0.12913015 1.3270285
-1.8005697 0.32821757
0.5131132 -1.0244316
-0.1404266 0.34645015
-1.4973084 1.1159439
-0.05225633 0.9107315
-0.73333144 0.7248138
-0.3010651 0.042115122
0.26945204 0.5858975
-0.66330653 0.37922013
0.8441277 -0.76731545
0.3871565 -0.47725052
0.97152513 -0.8530585
1.39705 -0.6473093
0.5906067 0.14357546
1.9487032 -1.3036444
0.34686834 0.65962064
1.1346622 -0.3259913
-0.5386903 0.8663481
-0.30180115 0.74391454
-0.55612034 1.1235852
1.1748755 -0.023480207
-1.3572967 0.06277737
-1.7602746 -0.6250809
1.5492957 0.23524201
0.8969839 -0.09998606
-0.689804 0.3435043
1.528561 -0.8198208
1.2139325 0.13141087
0.919017 0.9174747
1.7863103 -0.4134964
0.44146603 -0.12658276
-0.8413192 0.8422715
-1.3318619 0.56200945
-0.48209167 0.63174903
1.0122001 -0.5298801
0.42052168 0.24738437
-0.851683 -1.166163
1.1083685 -0.3841129
2.8355045 0.8103836
0.20284908 0.024170876
0.41249287 -0.19976786
-0.23153481 -1.0468318
-1.2093016 -0.73108053
0.07992162 0.5818409
0.86465496 0.52863556
0.40521437 -0.28498155
-0.40824342 1.1112275
-1.2125041 0.68313354
-0.27861276 0.119856566
1.1390815 0.68646836
0.24195065 -0.9009811
-0.13151975 -0.9349728
-1.4413427 -0.46097687
-0.096649215 0.20270848
1.3121407 0.27907753
0.049739257 -0.09590493
0.40081733 0.29903
1.0353128 -0.0010015517
0.83245414 0.827776
0.400465 0.7663428
-0.94081616 0.637703
-0.19358835 1.1740308
-1.0408133 0.5825186
0.46898246 1.8875818
2.615897 -0.24506897
0.41151077 0.3103109
0.86712736 0.13647747
-0.54824156 -0.35506648
0.8539502 0.49333876
-0.95737165 0.095766515
0.016191527 1.345284
0.4815281 0.39237815
-1.7959017 -1.3310361
-1.3170135 0.50291175
1.406419 -0.56485873
1.014249 -0.21187738
2.6213074 -1.1763115
1.5609435 -0.5251571
0.8355641 -1.1813345
2.0184214 0.081700295
3.5410461 -0.18689127
0.19645159 0.21068108
-0.17156646 1.739706
0.14569302 -0.60887325
-0.5505247 -0.62490976
0.13854535 1.2535138
-1.3398926 1.881541
-0.22070709 0.5026992
0.13281621 0.6135633
1.1821231 0.13852537
-0.6807566 0.2804193
-0.10669635 0.4027143
2.6088247 1.3019862
-0.40696174 -0.22626053
1.3673031 0.08636695
-0.23100547 -1.0054406
0.66521025 0.0635705
-0.40320736 -0.2151672
0.8373422 -0.25136486
-0.37683165 0.0033414364
0.27904373 -0.07061206
-1.4333614 0.91003424
0.29788697 1.4023674
0.79221576 0.85455614
-0.019902527 -0.46869177
0.38348204 1.1954002
0.4621514 0.30449146
0.67302805 -0.575278
0.507015 0.33986604
-1.225544 1.2502091
-0.04662986 0.5805296
-0.5282637 -0.57625115
-0.99974674 0.07610315
-0.7083435 0.7072918
-0.92371875 -0.58176893
1.0395961 -0.5288192
0.276537 0.9384312
1.4585346 0.8870557
0.64953727 -0.14940695
-0.3507078 0.14400172
-0.17170519 -0.3341219
-0.13503592 0.7513691
2.2761636 0.37626034
0.34186238 1.0822737
1.4531262 0.39025843
-0.57206035 0.7325914
-0.25390062 -0.765468
-1.1358783 -0.3085447
-0.33674157 -0.5985228
-1.0530896 1.2956114
-0.28963667 -0.4348692
-0.57182443 0.8929506
1.6369132 -0.38508356
0.522379 -0.20389114
1.0725697 0.23371223
0.52023226 1.6037652
-0.1503836 -0.77638984
0.18253525 -1.4160402
1.6912587 -1.9447675
-0.110392064 0.55078375
0.0012315363 0.45595193
-0.7594908 0.79849356
-0.223734 -0.55417997
1.0685807 0.18928558
1.1991211 -0.926747
0.9153028 0.7780258
-0.83537036 -3.027223
0.16310464 0.057347417
-0.14520231 0.037199587
-0.30618927 2.0648494
1.2161572 -1.1227832
-0.36652225 0.7764271
1.488027 0.5341309
1.6011235 0.66671854
-0.31750777 0.69995475
-0.19129185 0.22344959
0.024308547 1.2316372
3.431698 -0.39493537
2.2783303 -0.36723852
-0.29972225 0.46225744
-0.14951561 -0.40449303
-0.059566885 0.40656006
1.3104602 -1.1350522
0.16908719 0.5473171
0.30099183 1.815192
-0.25048977 1.106008
0.4657867 1.2255604
1.7862624 -1.1419654
-0.5483692 0.7392799
1.217943 0.65522826
0.18734951 -0.45094994
-0.2678697 0.18087143
0.51155907 0.13009888
-0.28739625 0.6648517
0.5808941 0.5464687
-0.5436801 1.9188571
0.08018939 -0.2738014
-1.0347009 -0.24942856
0.22207628 0.6109761
0.67882645 0.024276704
1.3127989 1.6903391
1.3073536 0.49438155
0.6989607 -0.49403045
0.3474247 1.4545696
4.070602 0.07331979
2.3331516 -0.8261256
0.5977626 0.64017713
2.3312128 0.6855537
-0.9349868 -0.19956785
0.5157585 -0.82525337
0.4416173 -1.154793
0.39020514 -0.3981415
1.0751706 -0.54455185
-0.516488 0.22425023
0.48151082 -0.221721
0.8663476 -0.29157692
1.1642342 -0.3734299
0.8826986 0.8617882
0.81200963 0.5783856
1.7179998 -0.30865932
0.63683254 -0.66816086
1.149434 -1.1402428
0.13487111 0.98044425
1.4276774 0.3132316
1.0750054 -1.1251681
1.6496624 -0.88155854
-0.51559997 0.12606588
-0.5122602 1.104392
1.2528366 -0.67875993
1.0773567 0.44502407
1.9803687 -0.6080174
-0.19214286 0.5245893
1.212209 -0.47882652
0.7902215 1.6677377
0.71857333 0.61705434
2.3316867 0.52681905
2.0128617 -0.034383252
0.80495244 0.6577079
1.0972778 -0.1657143
-0.81666815 0.2548333
0.15305535 1.7391977
-0.3510119 0.2940895
1.5097153 0.6757713
-0.3012673 0.97759145
0.5784862 -0.84725076
0.8782577 0.018487275
-0.7278877 0.10199216
-0.78098685 -0.89518195
0.96973985 -1.074607
0.030541703 -0.31064162
1.3092767 -0.49797776
-0.12817493 0.42926896
0.78955513 -0.21496731
0.25489593 -0.09711018
1.1522359 1.0318668
0.24559538 -1.4300203
0.12635066 1.5386057
0.54142946 1.165406
1.4608558 -0.09793964
-0.11876196 -2.9414892e-05
2.8312004 0.41721725
-0.90491176 0.5768281
-1.1093669 0.45096356
0.8749531 0.0030438602
-0.15010962 -0.07008639
-1.4403034 0.5433875
3.1028414 0.044749737
-0.051491693 -0.9605301
1.3023901 -0.6206292
1.1020671 0.21588147
0.619302 0.5633403
1.2494006 -1.1063762
2.0832005 -0.22203903
0.98146087 0.002108261
1.0466771 -1.1851627
0.49374038 -0.36876506
0.33747435 -1.3131869
1.6193256 0.15710256
0.10430406 -1.0838739
-0.3901407 0.9339296
-0.4288841 -0.3419658
0.4827093 -0.09898275
0.849986 -0.869214
1.2011591 0.701118
0.250104 0.4269756
-0.029271707 0.79226774
0.39263558 -0.39505947
0.32380992 0.84052306
0.49697804 -0.46982306
-0.063022375 -0.0051390976
0.04787095 1.0057297
0.5374386 -0.06988101
-0.6810818 1.1527812
0.07687606 -0.19220449
-1.1695304 -0.43537277
0.3935415 1.5979128
1.0511186 0.47587317
-1.641916 0.9144022
0.7574515 -0.58448446
1.2758762 0.026082069
-0.1210634 1.0024059
-0.8211705 0.8997666
1.2281271 -0.53708786
1.0912193 -0.7263838
0.22259961 0.004690513
-0.7347817 0.6171152
-0.069552645 -0.75791025
0.19674517 0.7357726
1.7733599 0.15605289
1.8891436 -0.2991476
0.6993743 -1.4771051
0.94682246 0.3809455
0.31067127 0.41206932
-1.218541 0.16646066
0.39388585 -0.46029314
1.2001354 -0.93691325
0.10237111 0.77791005
1.7380086 -1.0849848
-0.559385 -0.124434635
-1.6441565 -0.113794714
0.08497693 0.94870573
0.6179524 1.0055404
0.1196477 -0.40721712
-0.11093156 -0.27456415
0.39473242 0.638297
0.20828162 -0.72218406
0.3306654 0.23177111
0.6308294 1.063225
-0.46112075 0.63672984
-0.09369433 0.6466092
0.18600999 0.7690583
2.0778332 -0.53386545
0.53296024 -1.4461176
1.3330755 0.01596272
-0.17393816 1.3519971
1.4810984 -0.28898644
0.26755232 0.10980216
-1.3568608 0.48062187
-0.77119243 -0.24045613
1.2715589 0.78621835
-0.28236762 0.07565987
0.8009922 -0.912848
-0.8087092 0.66831785
0.030301347 1.5746405
-0.22249673 0.5329782
-0.90204424 -1.4797192
0.18477742 1.2678688
-0.0969681 0.36824417
0.6605093 0.4031483
0.67657304 0.6523724
0.4831103 0.9683545
1.4349766 -0.022694334
0.65669054 0.027742743
0.06506382 -0.6724353
1.4883828 0.96086675
-0.2184766 -0.28850174
-0.5569364 -0.6511019
-1.0998399 -0.95098454
0.54632896 -0.78416556
0.6324788 -1.2502632
0.6422485 0.6704416
0.28178197 -0.78726226
-0.48591155 0.58797735
-1.0654758 0.9883309
1.4831415 -0.2690806
1.0242543 1.1020801
1.9442009 0.19823116
0.9268282 -1.855701
0.16102667 -0.6374798
1.756836 0.35040218
0.50103873 1.5514557
1.1471838 -1.1904244
-0.7344261 0.30163366
2.1033106 -1.0690014
0.87910336 0.48114377
-0.749297 1.2496707
3.032045 -0.38117987
0.046614602 1.2963457
-0.6049955 1.1611214
-1.400983 0.32680762
-0.053832382 2.2880619
0.67480356 -0.23283571
-0.20526181 1.7155561
-0.7643472 0.0886364
0.55858755 1.1022027
-0.16026479 0.20348117
0.2661937 0.43873996
0.8970117 -0.106037766
0.3540926 0.90065247
-0.40218705 1.2677536
1.5884066 -0.7370652
-0.7056361 0.36195624
1.1858019 -1.3126595
1.7038553 0.56287235
-0.8801861 1.07181
-0.076634765 1.3042967
-0.2912913 0.077717066
-0.6919077 0.03823459
-0.049565822 -0.38845238
-0.03555289 0.26448172
0.19983147 -0.15209219
0.74508274 -0.9174943
-0.41791964 -0.10940112
0.8945046 -2.0324464
0.123457536 0.6996803
-0.90279746 -1.0624337
-0.059230357 -1.087246
-0.9573837 0.47556454
0.9364459 1.3354151
-0.4910481 -1.3212719
-0.524688 1.1033046
-1.1933372 0.7028897
-0.9927166 -0.10104032
0.31024003 -1.0160809
-0.7301683 0.2061202
-0.7628969 0.24233106
2.355111 -0.30662352
-0.25088578 -0.846221
-0.32231733 0.9873484
-0.18965103 0.4639963
-0.057941854 0.60157555
0.9420276 -1.1957889
0.072986916 0.64877564
-0.9836015 -0.3297313
0.8521268 0.22369158
0.051653937 -0.5246335
1.1645893 1.9804442
0.40729046 -0.38657916
0.450302 0.099512875
0.65080065 -0.023060381
-0.97282284 0.4621753
0.8606909 -0.9220435
0.19577263 0.60849476
-1.6166893 -0.13732412
1.0003483 1.124259
0.4051237 -0.98823476
-0.7015099 0.69256157
0.9011083 1.1837869
1.285086 -0.2986213
1.0322063 0.8785773
2.0349653 -0.12969336
0.06284453 -0.96034765
-0.3870157 -0.15800509
0.50234014 0.04140377
0.29816824 0.33973366
-0.172072 1.3676524
0.01198335 0.9223439
-0.25051242 0.019782186
1.4159448 -0.55335903
-0.016342327 -0.9126558
-0.6035603 0.18146905
-0.900357 0.4996814
1.0276991 -0.08722243
0.47341532 0.28264576
0.87216216 0.17953
1.0701298 0.12979111
-1.4271858 0.53570384
0.5955004 0.3264833
-0.8615448 -0.42435098
-0.22503257 0.84298474
0.08773239 -0.9012248
0.0941187 0.314322
-0.84370536 -1.3014607
0.57413 1.1069925
0.6136772 -0.8061081
1.7906591 -0.39191365
-0.5297783 -0.1216248
-0.44035614 0.43003088
-0.4362405 0.55652016
-0.31978828 0.030823737
0.5688162 1.2586756
-0.04043457 1.1420276
-1.7998438 0.54462045
0.67357486 0.17286232
0.9546744 0.7952145
0.108096614 -0.37045747
-0.06390506 1.2398374
-0.14462167 -1.1100547
-0.17459337 0.39784545
-0.6523305 1.3945019
0.27130908 -0.65493655
1.4576246 -0.14255096
-0.0787622 -0.56394327
0.6341534 -0.10907403
0.8664821 -1.4254837
0.27981973 0.31238824
0.76800627 -0.958476
0.034293607 -0.71856594
-1.1327486 0.17784864
1.3979449 -1.0236602
0.57818073 0.30767566
1.3723942 -1.5708385
0.640256 -1.2465482
-0.14783503 0.34306657
0.22599946 0.24782723
1.5023594 -0.97068924
1.4618927 -0.19585489
2.0237205 0.14320064
0.786586 0.31279945
0.016475126 0.27201253
-0.0010785162 -0.42578042
-1.0539834 -2.0719578
1.7241896 -0.103622675
-0.610048 0.80790573
-1.0073302 0.77422863
0.11018379 0.04097137
0.18941842 1.3868794
0.031575426 0.07921699
0.2870366 0.56940293
-1.0366696 1.3404925
0.4577874 0.76595527
-0.9949363 1.1206512
0.05298771 -0.055536807
-1.0241042 1.9714444
-0.25291708 0.1209096
0.2805758 -1.4786994
0.25382143 0.99202687
0.14610602 0.15544456
0.2098283 1.3618543
0.0068476945 -1.1861418
0.5297803 0.6791815
1.4142952 -1.2672911
0.8925157 -0.050219744
1.553708 -0.92275727
1.2431413 0.9002072
-0.2612282 0.80165285
1.1558435 -0.7015684
-0.6223957 0.9204088
-0.25008026 -0.36844343
-1.0169182 0.10927907
1.1938477 -0.25575003
0.16598634 -0.22780432
1.4522029 0.8198008
1.4141783 -0.8676696
0.1637113 0.13813305
0.23116536 1.5391397
-0.8938156 1.2384777
1.2521533 0.49029142
-0.5489727 1.1847129
0.9240914 0.5556258
-0.385465 -0.3151555
0.24988212 0.46429193
1.8724672 -0.65833575
0.9566403 -0.2592918
1.4748404 -0.8747913
0.010945573 0.32792473
0.03223099 -0.28331453
-0.8819081 -0.7249886
-0.013118878 -0.31088844
-0.35790414 0.8872748
-1.2926496 -0.49814606
1.3429583 -1.6990712
0.6967281 1.319488
-0.31543928 0.46436805
0.95151156 -0.23790987
-0.6073391 0.09942758
1.187059 -0.019029468
-2.0905142 -0.5444851
0.2790298 0.6177042
0.35076332 0.65012985
-0.58008814 -0.6948919
0.029454276 -0.68343544
-0.49783683 0.0117945075
0.49410242 -0.6548027
0.1747116 0.1515041
1.1715052 -0.9228083
1.3786072 0.06650329
0.8762067 -0.35355324
-0.8688893 -1.1242659
0.5442753 2.033383
1.2448153 -0.46686044
-0.3326353 0.9472104
-0.57832634 0.72940123
0.55233467 -0.64167076
0.12969108 -0.6821944
0.93361014 1.2844367
0.79884714 -0.05821058
-0.63064986 1.8223908
0.48335123 0.08492559
0.3808241 0.43951917
1.2562305 0.7706441
-0.11413205 2.6524937
0.3341428 0.7200778
1.000489 -0.24606782
-0.14972033 1.8306615
0.39648044 -0.17865103
0.94989485 1.4420483
1.0639629 -0.43024275
0.3406101 -0.7703888
-0.019606352 0.07310346
0.09762533 -0.81143016
-0.6021362 0.67490095
0.43108237 0.8354171
-0.10203317 -0.14427944
-0.13290948 -0.14944527
0.58533233 0.979202
0.035115078 -0.7915075
-0.64133745 -0.8694993
1.1351233 -0.93493074
2.3509538 1.876081
0.20660476 0.8047213
0.6705847 0.942625
1.1659498 -0.29768264
-0.6876624 1.1244292
0.9511722 -1.4319417
-0.12999293 0.44537288
0.19852562 -0.036807716
1.064576 0.29116112
-0.1849316 -0.87986845
-0.9596784 0.4552164
1.0548536 -0.22567123
0.44486618 -0.03535883
0.30261892 -0.029704258
1.4478419 0.05704993
-0.33973026 -0.02726452
0.21585752 1.36955
-1.4890662 -0.3261961
-2.0475898 0.48830974
0.65425366 -1.3880498
-1.2474086 0.4997049
0.21818338 0.17341265
0.9704085 1.5736382
-0.09672706 0.29037148
1.527375 1.0826738
0.06011708 0.6772323
-1.279989 0.011872828
0.8906798 0.31685638
-0.6488774 1.0696654
0.60087574 0.32138485
2.4848382 -1.4859383
0.7481014 -0.5122187
-0.7073611 -0.43842298
-0.40744165 0.48196775
0.93853515 -1.2685568
-0.576735 -0.016618729
0.97123533 -0.59406054
-0.9136898 0.5422037
0.49504483 -0.13477084
-0.16779932 1.214216
-0.8787519 1.3453503
0.32891303 -0.48493925
-0.7032525 1.0450132
0.2922014 0.24363181
1.7862736 1.449341
1.4908175 -0.25612822
-0.08684702 -0.92690724
-0.6955113 1.0602403
1.6935434 -0.4890778
0.37488532 0.32405633
0.9981832 1.3612406
0.34439117 0.708409
1.1870979 -0.18275458
2.195317 -0.7652489
-0.031510293 0.12190759
1.9342362 1.4816897
-0.61297417 -0.7913493
1.6358496 -1.1065658
1.0413772 -1.323879
-0.24529608 0.5588242
1.7694241 -1.3465209
-0.5549654 1.0896416
0.41730577 1.0711055
1.065971 -0.87540275
-0.19206375 1.1728919
0.81593055 0.93416315
-0.568656 0.3405205
2.0439854 -1.6300981
-0.12382132 0.46049976
-0.28798532 0.011063099
0.10521348 -2.0151665
0.18547519 0.8116135
-0.9144028 0.4610768
1.7369992 0.32439756
0.1627572 0.47697735
1.0954634 0.071441114
2.4252746 -0.5059084
0.46446395 0.057249337
-1.4584384 -0.12293622
0.8576128 0.22000355
3.0422647 -0.13904148
-0.9271912 0.73514056
-0.9865413 0.7704844
-1.987622 -0.65820944
1.0870574 -0.2985421
1.1184038 0.3503356
-0.42440403 2.069076
2.2527874 -1.0474561
0.09934749 0.95108324
-0.1210299 -0.13669142
-0.11651012 1.7043364
-0.7123523 0.6888558
0.7334583 0.88351554
-0.114105046 0.9865089
-0.29497984 -0.47445554
0.46246374 1.8491702
-0.305563 0.54048777
1.9736613 0.321406
1.1483204 -0.4119296
-0.28645822 -0.744508
0.20717026 0.45317537
0.08970268 -0.26095584
1.4875133 -0.31556487
-0.93725747 0.4275639
-0.9187804 -0.6619028
0.5044502 0.671761
-0.8797156 0.3982377
0.32027352 0.5915106
-1.1984742 -0.664574
0.25604016 0.078733236
2.3446422 -0.08686121
-0.8153435 0.04197353
-0.2476369 0.01985073
-0.07913846 0.981957
0.7503485 1.2427635
-0.12617144 0.96698064
0.24090944 0.06520501
-0.533058 0.6404432
-0.17522046 1.5383384
1.0595355 1.5793226
0.15838577 -1.2035863
0.5951332 0.50395876
0.8770557 -0.38796502
2.282115 0.9915568
-1.1649215 1.4829595
-0.781836 0.6206942
-0.54362833 -0.811742
2.0807748 -0.535992
0.75036293 -0.47097278
1.3218914 -2.0362735
0.025106683 -0.14120242
0.11112879 0.29091704
-0.7215424 0.58434457
0.025237694 0.66617143
-0.03031303 0.346421
0.79438573 1.0776911
-1.1345359 0.79604214
-0.29726845 -0.002332896
1.4184445 0.5758269
-0.46449882 1.0594554
0.89708465 -1.4529381
-0.848512 0.07720128
-0.881742 1.0795927
0.75518876 0.013105214
1.3460038 0.598953
1.9234718 -0.9290346
0.03925599 0.051469833
-0.024545163 -0.5273235
1.1187199 1.1941504
-0.50835866 0.01602012
1.0247395 -0.5139893
1.2981864 0.5271577
-0.60542333 0.30148166
0.42853045 0.31018227
1.1565884 -0.51941234
1.4529011 -0.19570437
-1.4860283 2.1534936
-0.7377927 1.4607811
0.5485358 0.53477263
0.64340657 0.5212249
-0.17166965 1.1284993
-0.16804482 0.7018007
0.6203851 0.017217398
0.8443182 -0.23482414
1.4117789 1.8375478
-1.6428503 0.6081595
-1.1080068 0.9414453
0.37675977 0.3641007
-0.6575222 0.3819816
-0.61692685 -0.3081329
0.6490839 0.0442518
0.7375956 -0.663069
-0.12262617 0.49757367
-0.29865497 2.2295516
-0.44801044 1.7075436
-0.9173333 0.6389769
0.14070381 0.05877933
-0.5500737 2.0402873
-0.08883537 0.75500906
-0.24585243 1.4675345
0.5255958 -1.2003772
-0.14253299 0.29840225
0.14369424 -0.64102894
0.95110816 0.3330695
-1.090094 -1.0975099
-0.17689957 0.83352953
0.03549187 0.45505947
-0.01494427 0.54925346
1.5474577 -0.8134203
0.6787001 -0.35479242
-1.343948 0.77135605
-0.68106717 0.38233763
0.55214363 1.6537786
0.11817096 -0.046812937
0.93316025 -0.2556558
-0.2963545 -0.6588547
-0.3352619 2.198608
1.1780227 0.3665446
-1.1255697 0.11126366
-0.10240634 0.53784263
0.049481317 0.7447614
1.1088305 0.38333488
1.7230842 -0.71081793
2.5815861 0.23504162
-0.7082565 -0.2826512
-1.3302529 0.83634657
0.066034004 0.31543475
1.4189785 -0.34684226
1.0816804 0.55853325
-0.24623804 0.09749198
0.8608052 1.0566773
-1.1130403 0.99312204
0.0831791 -0.8206908
-0.5500182 -1.1927832
0.05776541 -0.57018864
1.1944685 1.511826
-0.87492603 -1.4585207
1.9105495 0.037105262
-2.045526 -0.5658831
-0.4155267 0.7076425
-0.4138739 0.49090403
1.2986432 -1.8411651
-0.061562583 0.6226245
1.2694533 0.9074554
-0.40059096 -0.92447424
1.2374849 0.24041194
-0.7826582 1.4480011
-0.47988397 0.5603375
0.51983863 0.503531
-0.14415048 0.5746156
0.64108443 -0.5186779
-0.034563974 -0.33180514
-0.019841999 -0.606686
0.24420686 -0.46669042
-0.1498209 0.49155372
0.40445632 -0.8532825
1.390541 -1.1158043
2.825171 -0.31879085
-0.5653906 -1.1908842
-0.18807079 -0.029700056
1.75116 -0.47723502
-0.20715542 -1.1910186
0.8214924 1.2158761
-0.43236294 0.62814677
-0.5355126 0.67479503
-0.5166401 0.0134676695
0.8392977 -1.0010898
-1.4303187 0.95578116
1.3557293 -1.0028944
-0.868608 0.08864626
-0.573048 1.2070498
-0.4244334 0.03474775
-1.7731773 0.58834463
1.0837913 0.044074506
0.2604094 -0.31207317
0.03456737 0.1069724
0.94657844 0.12366721
0.90318364 -0.29795814
-0.60522753 -0.79063356
0.78428155 -0.32064715
0.5474974 -0.28262883
-0.017664775 0.81199867
-0.92469096 0.2896123
1.8518826 0.7140897
1.2203012 -0.91790813
0.32225013 0.08941889
0.35335815 0.9071141
-0.03367637 -0.1712727
-0.20172232 1.1198163
-0.22849813 0.009220257
1.244194 -1.4777648
0.26890165 0.2464759
-0.40421078 0.41931832
-0.58489794 1.4844708
-1.1428819 1.0201707
-0.1998347 1.4482286
0.07203753 0.14303455
0.74831027 0.23124465
0.7903554 0.8223451
0.7092563 -0.8992162
0.7286493 0.4729269
-0.6100544 -0.5960015
1.403558 -0.5565953
-0.16056874 0.004028827
-0.18719289 0.3724473
0.3043707 0.9254934
-0.622331 -1.6106489
0.39464366 -0.057335675
-0.023388654 0.9435722
-0.3928675 -0.3735677
-0.30335212 0.49947357
-0.13640288 -0.1028485
0.33719993 0.5414877
0.2973085 0.43105435
2.4425197 -0.71792173
-0.04064098 -1.3690655
0.4746346 -1.0258985
0.27155232 -0.0030142963
0.9564858 -0.17605247
0.3422811 0.6463846
0.52759206 -0.68842936
0.17507885 0.8830636
-0.26661122 1.041789
0.67304504 -0.5512838
0.4262786 -0.910029
-0.9111951 0.4205795
-0.6381076 -0.28427297
1.142223 -0.16221763
0.35676563 0.2474831
-0.0659014 1.036597
2.2120025 -0.8762787
-0.06974456 1.4908941
-0.4138819 0.2939121
0.39651507 0.042968452
1.3174219 -0.50806606
0.8239837 -0.11436963
-0.10942343 0.694671
-1.4582723 -1.9455187
-0.20619255 0.7436106
0.51622874 0.60507905
-1.0594975 -0.7266212
2.3098264 -1.4090071
-1.4287143 0.5042057
-0.015018329 0.23750159
0.8333191 -0.8723812
-0.1729431 -0.15364692
0.80625015 -0.9086271
-0.17025761 0.72216225
1.0642338 -1.6434057
-0.06936853 -1.1979096
0.25044394 -0.024734437
-1.7655929 1.0760007
-0.55098504 0.23179936
0.27506608 1.5693014
-0.6679357 0.22379902
-0.6295843 0.056392252
0.6268373 0.10127762
0.18797992 -1.3208296
0.0056597143 0.12956434
1.6306275 2.048876
-0.9303203 0.45187324
0.1440586 0.17548004
-0.30448362 -0.48717088
0.869157 0.7887499
1.0567095 1.4114401
-0.3922953 1.5751624
-0.6889568 0.9278534
-0.6605586 0.9347457
-0.07218903 1.1271076
0.7103311 -0.17039332
-0.027213514 -0.28876463
0.16158105 -0.45954704
1.3513844 -1.0713549
1.1842678 0.2808351
0.1850939 0.5653019
0.16841517 -0.2146986
0.24768834 -1.7707293
0.75064653 0.4964158
0.6478673 -0.06736755
0.3539831 -0.50089693
-0.46147913 0.8044749
-0.43261337 -0.7743314
0.7869188 -0.8933624
-0.7796163 0.03165698
1.4374517 -0.48440856
1.2567127 1.6880574
-1.3924651 0.6711097
1.0335717 -0.16733566
-0.537239 -0.94296896
0.20848076 0.15849835
0.34915358 -0.5772933
-0.2682836 0.1873748
-0.16775012 0.24430314
0.37430012 0.45010203
0.05163409 0.38697308
1.4423982 -0.2194643
0.664927 -0.9083721
0.034627184 0.45581335
-1.2263365 -0.89136434
0.27199298 0.61939484
0.8404774 0.38507253
-0.005464375 0.33044446
0.7673486 0.49856406
-2.1239748 -0.05233407
1.3051049 0.54248375
0.1528259 0.25168636
0.1272554 -0.88973606
1.4116225 1.3726759
1.3939857 1.1583192
0.23686229 0.8037105
0.9430885 0.43382955
-0.6170702 0.24046355
-0.7998874 1.2591486
0.6669401 -0.5586617
0.19370286 -0.6115024
-1.1673586 0.20932823
0.64193946 -0.18548372
1.0286734 0.6972741
0.7966643 0.34728342
-0.1866336 0.8665393
-0.05765052 0.5669512
1.8400239 -0.30435285
-0.6443796 1.4022398
1.3729488 0.2771346
0.547384 -0.7455137
0.6966917 1.0284367
1.1083677 -1.4379778
-0.54567844 0.36727744
-0.67783165 1.1990712
-0.04006885 0.5145747
0.7888697 0.7232494
1.0180868 0.18503845
0.6413781 0.3334617
0.074996635 0.093542665
-0.22207564 0.53200966
1.1841412 -0.78710634
1.4446942 -0.5943247
0.8894668 -0.30198872
0.49961627 -0.9514116
0.51613134 0.36459917
-0.60086024 0.9659967
0.5463077 0.5900327
-0.84042037 1.0381947
-0.39298195 0.46588457
-0.4902172 0.2342503
1.7359064 -0.3892382
0.11587246 1.654506
0.48540837 -0.5843806
0.0930125 -0.5867511
-1.0591063 1.330864
0.40532738 0.41028816
0.77302784 -0.45196158
1.8247474 -0.59636235
0.06923865 -1.2570732
-1.0761131 0.29677492
0.29330057 -0.23571937
-0.0018125474 -0.748368
0.6075518 0.365144
1.6660948 -0.5399667
0.93089193 0.37060452
1.2807864 0.54512376
0.7667573 -0.69031924
2.0872927 -0.09891914
0.6448298 0.40437168
1.170206 -0.96139807
1.5115744 -0.3940577
-0.21823236 0.45751107
0.18726714 0.8148685
-0.8792152 -0.21219283
0.1380596 -0.5872419
0.0863 0.49965912
0.6098027 1.2352569
-0.2132237 -0.50923824
0.7535662 0.41937923
-0.38427964 0.08899298
0.6847154 1.0400765
-1.46265 0.6420295
1.9673561 -0.100902066
1.7746078 1.5671723
-0.0026307702 -0.9309738
0.040056333 1.4201849
0.68805367 1.1384368
-1.2270794 0.611545
1.3547467 -0.662186
-0.7180378 0.5249533
0.39501023 -0.63283706
3.1601062 1.9323101
1.3630905 0.42273134
-0.5438233 0.38860464
0.1667443 2.0215843
1.7128154 -1.2608008
-0.03956206 0.23527339
0.08413057 1.1906369
0.5332652 -0.7886449
1.1886632 0.8421933
0.86233467 -1.6595309
0.39379776 0.7929358
-0.93780077 0.31518584
-0.5302531 0.98130244
0.6717641 0.15170488
-0.58840114 0.6093913
-0.84708834 0.29975682
-0.5329691 -0.14197563
0.90153366 -0.421524
-0.6638887 -0.9411338
-1.9417732 0.5442601
1.1113513 -0.46476197
0.055296317 1.1793151
-1.4497336 0.70611566
-1.1247336 -0.6082822
-0.7672931 0.47068375
-0.22120023 0.033816755
-0.49603763 1.8925736
0.21329717 -0.13106114
0.4846139 0.43618184
0.13691337 1.2329028
0.47757912 0.49396378
0.7981364 0.86214596
1.6645899 2.0368016
-0.42073688 0.8283871
1.2978604 0.85700804
0.16872083 0.90221506
-0.59316033 -0.36101997
-1.4148816 0.32581455
0.5289581 1.9482684
-0.4107782 0.123674214
-0.7389672 0.6950382
-0.7053209 0.14723825
-0.48107064 1.1084001
-0.10605642 0.67237824
2.519626 0.10486725
-0.29814106 0.4308954
0.7354811 0.17793548
-0.5809678 -0.21715409
0.4026429 -0.9860935
0.36310357 -1.0914454
-0.9764831 0.23750055
-0.23581979 0.5088223
-0.6508117 0.7664526
0.8354946 -0.65159386
0.1678239 1.7274675
0.087235466 0.8080345
-0.04249075 -1.1938283
1.0472728 0.34708774
1.6290218 -0.08474815
-0.1813162 0.1912947
1.8854517 -0.52853256
0.22999384 -0.41448843
-0.39769924 0.9782799
-0.095874324 0.23689473
0.8780126 0.24459872
-0.43134737 0.9328045
-0.40083012 -0.59323347
-0.075163364 -1.8542333
1.0204011 -1.0000842
-0.17715465 1.1973448
0.8067997 0.35493267
0.970643 0.11525357
0.18105151 0.11218262
-1.3270975 -1.3146865
0.6401721 -0.36784053
1.7985927 -0.9153487
0.42470366 -1.7836876
0.73025733 0.8528705
0.21890186 -0.30900759
0.89577407 1.1130993
-0.00914593 1.179431
2.0968053 -1.1835116
-1.0245078 0.7931573
0.6456877 -0.31044802
0.60129136 0.32123435
1.014051 -1.0536371
-0.57854366 -0.61376816
0.36353385 0.62429696
-0.37536603 0.99272734
-0.3429814 0.3059588
-1.0902851 -0.665502
0.6779566 1.1153715
2.972795 -0.19760641
1.1390469 0.89366764
-0.32191414 0.8381725
0.64790064 0.7548959
0.17357792 0.71049994
-0.08245373 0.29584277
1.5659517 0.52175826
2.1682782 1.0756066
2.827723 -0.690372
-0.0056105554 -1.2679257
-0.8880252 0.98656267
0.3692394 1.1347601
0.16981892 0.76638526
0.41192752 -0.43207577
0.48939568 1.6024222
-0.19022861 0.43918204
-1.1671613 0.97039384
1.198347 -0.56846356
0.7361828 0.28625727
-1.5292294 -0.30967492
-0.91619956 -1.2905531
-0.21250877 -0.12358396
1.7796229 -1.31281
0.7961238 -0.5003437
-0.12399548 0.085407466
-0.92549574 -0.37423456
0.2708099 1.2326567
1.6342703 0.101994574
-1.7212805 -0.70426285
0.63971174 -0.655483
1.21201 1.0591121
0.29223102 0.57227904
0.34521127 0.53100514
0.09667523 1.0310168
2.1392903 -0.60051125
-0.70893705 -0.6192604
1.449681 1.527252
0.27390325 0.14067826
-0.50602293 0.6201337
0.78890866 -0.28201696
2.198454 1.9282069
-0.41549224 1.1181488
1.0639837 -0.4846813
0.091432706 -0.46941793
-0.37393636 -0.017900378
1.2201586 -1.3451743
-0.5132837 -0.699612
0.6808645 0.06790474
0.61684453 0.053958774
-0.60982126 0.6423886
-0.9609969 0.54082334
0.66482407 1.045624
1.6048197 -0.19955555
0.6124966 -0.19021118
-0.48074085 0.8643418
-0.5586261 -0.80272347
0.0023733824 0.09875184
-0.88741446 0.099662125
0.7571593 -1.123085
-0.5200207 1.0561068
1.6800354 -1.0887969
-0.35065782 1.2467353
1.1479791 -0.82909346
1.0184588 -0.27182627
1.658129 -1.4134154
0.32145792 1.1711366
-0.34417015 -0.6153265
-0.17373878 -0.31413552
0.34244996 1.5144498
-0.5637292 -0.05917892
0.45414752 -0.17218152
-1.5384572 0.4634202
-0.14719072 1.6961308
-0.5393711 0.4929554
0.6540353 -1.691885
1.9726049 -0.083483875
1.3168395 0.71679115
0.20137255 -0.29132432
0.7202258 -0.9337585
0.68242997 -0.22179917
-0.26451933 0.84251624
0.01275371 0.23233503
1.0635922 0.4986679
0.76674515 0.14199933
0.70142454 1.5852907
-0.9269953 1.3923376
-0.68173933 1.3523645
0.04730217 0.23098737
2.5885282 0.37268162
-0.17237577 0.8337104
-1.275556 -0.05185245
-1.1416571 0.54880846
0.7386897 -0.5471699
-0.08932929 0.44112086
2.105928 0.97442836
-0.7858301 1.4973452
0.47701484 0.028340429
-0.41852424 0.38085884
-0.937995 -0.29390267
0.11932765 0.18060237
0.48789942 0.5996228
-0.3389208 -0.52189547
-0.5405034 1.0628924
-0.3917688 0.8427312
-0.5027449 0.65840054
0.06801884 -0.290029
0.39410323 -0.24423873
-0.15860072 0.19801706
2.018681 -0.78706974
0.47952843 -0.3901219
0.75336415 -0.2836488
-0.4543553 0.22868025
-0.5064071 -0.11405672
0.5785884 0.4454375
-0.49109834 1.2580342
1.8899153 0.73300225
-0.3553213 0.8320733
0.5827623 -0.6280359
0.5465755 0.24488178
0.47491568 -0.67555624
0.087301865 -0.53102255
0.9220392 -0.8982283
-1.0474749 -0.2444896
-0.42244607 0.38505548
0.7491761 0.91413826
-0.52753514 -0.34020096
-0.0022793561 -0.014261082
-0.39847374 0.29022843
0.17580841 0.09613019
-1.06204 -0.39829504
0.17528532 0.68318814
0.2151172 -0.17839201
-0.54821116 -0.30368793
-0.15081084 1.1649239
0.898411 0.5083805
-1.2370903 0.37965763
-0.18359536 1.4811485
1.4241614 0.65883356
-0.4891804 -0.16663735
-0.9955258 0.18109825
-1.1076263 1.1501565
1.6656083 -0.31494522
2.095524 -0.28502393
0.14561652 0.78376526
-0.7004629 1.1664784
-0.20300412 1.2365365
-0.96690327 0.032859117
0.417091 -0.12727779
-0.40556794 0.223407
-0.60165507 -0.11644267
-0.10957661 -0.13366604
-0.2407407 0.7748758
1.162211 2.049778
1.3594437 1.227386
-0.55807096 0.39453554
1.9563085 -0.4332289
0.5569743 -0.78707445
-0.15739578 0.63418156
-0.9484044 0.5178358
-0.6012487 -0.96220213
1.190274 0.58437634
0.6843253 -0.061729223
0.7274725 0.38708943
-1.2989151 1.0828211
0.6692614 0.30679578
-0.17726773 -0.036661968
-0.97082067 1.3824971
0.61362934 0.35840088
-1.3108596 -0.13059604
3.0035326 0.012857199
0.6974968 -0.6965871
0.54507643 0.39352614
0.7491398 0.2512845
-0.2954099 1.0200105
0.8045694 0.7773501
0.04896222 0.84624964
-0.09954099 1.1134107
-0.61775553 0.7188472
0.31759834 0.47350645
-0.3097759 1.4242246
2.6785417 -0.23041393
-1.018717 0.56404155
0.58060646 0.40970916
0.08109282 0.20941114
-0.3847689 1.3332434
0.084680066 1.284739
0.2346644 0.2412281
-0.10103318 0.02803436
-0.9084156 0.027738571
-0.04676552 2.457993
0.28011197 -0.7469384
1.4855282 0.0040423274
-0.7368567 -0.17757012
0.9598486 0.20953783
0.12974308 0.18503132
-0.5091049 0.073133945
0.29305947 0.5015662
0.6636292 -0.9287081
0.31690532 -0.9168488
1.2350188 0.74344665
0.784023 -0.0053516626
0.38921553 -0.27047628
0.25722927 1.3403826
1.4323711 -0.91180927
-0.7958073 0.03635016
1.1932514 0.44797313
0.42031032 -0.38172576
0.058393225 1.3726635
-0.6241557 0.99803585
1.1169665 -0.20450333
1.763539 0.18243554
0.28376323 -0.24685234
-1.85238 1.006213
-0.28878 1.1007974
0.48252845 0.49286485
-0.5293375 -0.24876969
-0.71205837 0.5129195
1.3106457 0.48956203
0.13761996 -0.5527724
0.18265294 0.67785996
1.0016463 0.1300072
-0.029582664 0.9573844
-0.6662702 1.3925924
-0.1147487 -0.76797736
-0.6338345 0.7110667
0.9851832 -0.909926
0.34070367 -0.8946401
0.5082241 0.65899575
0.25247818 0.5633506
1.5036557 -1.2975793
-0.68519884 1.4748285
1.4734789 -0.28059524
-1.5608785 -0.25027913
-0.16364878 -0.46396744
1.6522392 0.48213822
0.15999688 0.6305934
0.79707426 -0.051090315
1.2714286 -0.564698
-0.04864143 -0.25221
-1.1887683 1.6134579
0.6580155 0.061142147
0.7572194 -1.5232425
-0.31284845 0.89941365
-0.8554209 -1.5788407
0.19346376 -0.17597404
-0.41000324 -1.0773557
-0.1846413 -0.65517724
-0.06829123 -0.6603365
1.9572018 0.10670671
-1.6093497 0.40172118
-0.2539586 0.1625292
2.2854533 0.33711678
-0.045572355 1.4027481
0.5594908 -0.14649786
-0.50800043 0.36065084
0.93180686 0.13515836
1.9284176 1.2397547
-0.49942136 0.19435099
0.25346082 0.20996729
1.1785369 -0.75864196
-1.8942784 1.3801119
0.90503997 -1.7890568
0.28842515 0.95067626
0.56742364 -0.16221918
-0.4882086 1.0608795
0.15280212 -1.1240966
1.7917382 -0.35592914
0.8214932 0.4937142
1.0504168 -0.06944463
1.2614298 0.9663945
0.73480296 -0.7711818
0.8971302 1.5905542
1.1178477 -0.2345711
1.7560519 0.21684363
0.2876004 0.26132548
-0.22650221 -0.1726447
-0.31260878 1.050477
0.38565838 0.047590226
0.78842205 0.268354
0.6590271 -0.8863582
0.17029218 -0.14914492
-0.08486444 0.5198124
0.024520412 1.7187474
0.85524803 1.1160879
-0.838387 0.54449534
-0.24247618 0.6246164
-0.012326106 0.21546364
-0.2642544 -0.24390888
-0.38546693 -0.55705893
-1.8987331 0.34484524
0.7811261 1.3588398
0.11769889 0.37138075
1.1707044 -0.20364285
1.060232 -0.19298775
-0.33153293 -0.5056637
-0.44390854 0.51733357
1.373614 -1.1825684
0.07813503 -0.008901373
0.44394147 0.6575067
0.49922436 1.6308317
0.92924637 0.5179614
0.061838016 0.5541836
-0.26873264 -0.3236939
-0.9202749 2.1481082
0.6241489 -0.25767303
-0.27534384 -0.49953082
0.008161381 0.06451291
0.14784686 -0.48250204
0.21677975 1.0483687
-0.3943388 0.96937615
0.24616544 -0.37150976
0.432752 0.33823454
-1.2072363 0.4364345
-1.1684608 0.2624135
-0.17670101 0.4134438
0.7134039 -0.36477244
0.75011575 0.2818755
1.0238267 0.7150527
0.009169951 -0.8642067
-0.8780904 0.9992923
1.4381554 0.33092493
-0.05215822 1.0158627
0.8921017 -2.0399268
0.42235172 1.5988748
-0.15239075 0.19938067
0.85582143 0.087774694
-0.29006538 0.73441523
1.4958202 0.10343766
-0.34740993 0.2597098
1.1119356 0.27936524
0.16147338 -0.079234675
-0.51056504 0.08045766
-0.97252125 0.84875673
-0.67141765 0.74834216
-0.1439859 0.5830115
0.31718862 0.0727056
-0.13506415 1.6133823
0.3949172 1.091608
-1.1779627 0.5522392
1.4331973 -0.29756644
0.4411326 0.06676257
0.12742941 0.18608096
0.09848429 0.64316463
-0.28339627 -0.525947
-0.68438035 1.5615201
0.59773594 -0.7878041
1.6519537 -0.9108432
-0.82574767 -0.6814344
0.49884027 0.4671114
1.6262556 -0.23538962
1.0682673 0.047517836
-1.50914 -0.1503835
-1.1215574 0.7718341
-1.0891619 0.30540693
0.82008535 0.40315723
1.1422313 0.36206883
-1.4857807 0.6239903
2.0559344 0.0021430105
-0.4441954 1.037214
1.8729948 -0.37000507
0.62340283 0.3524753
2.0140345 1.7226002
0.69448334 -0.31406337
-1.3711928 0.45292646
0.4940493 1.2721713
0.6707612 0.16670185
-0.7943919 0.09339604
0.43563515 0.044311672
0.40882117 0.23554343
0.45484728 0.14320251
1.7549616 -0.5295515
-0.060168877 -0.9772976
-0.46193665 0.21311605
0.45586264 -0.90111494
0.90967995 -0.20941827
1.1481173 0.36170542
0.24344109 -1.4136987
0.7194569 -0.6047182
0.17486997 0.17854643
0.13659577 1.0718148
-0.95416456 0.11948705
0.00918971 -0.47163224
-0.8655738 0.2175799
-0.20253588 1.4883327
-1.037584 1.0697017
-0.061866432 0.5187222
1.1492133 0.28680456
-0.13652462 1.0834916
-0.24039288 -0.27290586
0.42279625 0.9763616
-0.17754883 1.389045
1.2538415 0.5554873
0.55599964 -0.6399122
1.6110127 -0.57265663
-0.52187514 -0.004041776
1.1363894 -0.31710523
-0.28157574 0.18810645
0.55695575 0.31912678
-0.3498301 -0.32389608
0.6248188 1.3784006
-1.2072108 0.41362423
0.42975003 -0.5613683
0.34568542 0.9225413
0.6765815 0.82424504
0.07012479 0.8537596
1.2845559 0.38084656
-0.87741697 -0.78732383
0.7847884 -0.47177312
1.3741385 0.20854124
-0.605852 0.44706452
0.13443868 1.1116538
0.62804925 0.73941
0.3583151 0.47075367
-0.19061217 -0.43825006
-1.4712567 -1.3279274
0.26550418 0.23605478
0.45543474 -0.72520286
0.71503043 -0.43133074
0.4252423 -0.12982345
1.670427 -0.15360574
0.20205088 0.043946832
0.76806563 0.048355788
-0.90563667 -0.023055613
0.76844114 -0.4323905
0.316123 1.02511
1.6927022 -1.2783542
-0.24461102 1.0416584
2.5382185 -0.5469501
-0.54924184 1.2865672
-0.07648328 -0.37756974
-0.7005177 -0.113790005
1.041211 0.09166825
0.30641043 0.10532504
-1.2448691 -0.6215003
0.83114785 -1.1509145
0.88518554 -0.920425
-0.5858728 1.0823295
-0.176777 1.4326303
0.8654812 0.2788471
0.16733553 0.1980522
1.2855074 1.4687042
-0.54678077 0.54249126
-0.19962776 0.32581615
0.8462674 0.75495285
1.2146219 -0.9530257
1.2152686 -0.5961913
0.3038422 -1.3174572
-0.3810897 -0.4111092
0.010538444 -0.2854052
1.1345919 -0.35593808
-0.064292744 -0.5305127
1.133425 -0.2344952
1.5520887 0.2517069
-0.35081694 -1.3548961
0.83018273 0.5200176
2.0300853 0.66708994
-0.32304102 0.61459726
2.247537 1.9686913
0.7801096 0.2811573
0.24524476 1.158072
0.38229102 0.08645004
0.12543853 0.17455623
1.5633445 -1.5291846
2.451281 -0.63014925
-0.085759744 -0.31635964
-0.21478185 -0.36720675
1.8661672 1.5662663
-0.73466533 -0.3401294
0.53562564 -0.06929946
0.5063535 0.6918395
-0.8574433 0.07318002
0.3705231 0.2098163
-0.47498608 0.384848
0.49228156 -0.024122164
0.43722397 -0.76132005
1.8080219 0.31119806
0.39147514 -0.051467076
-0.39796013 -0.2593504
1.3100348 0.0061320066
-1.6318344 -0.3463408
-0.8070496 0.3011129
0.9832184 1.1110003
0.35532266 0.5344671
2.3004968 -0.62011564
-0.13281333 0.19743657
-0.2753499 -1.3814647
0.6424355 0.53357756
1.8897427 0.11270735
2.4054737 -0.12313246
0.2929824 0.489684
-0.048869506 -0.098461255
0.21340795 1.2457938
-0.9737679 0.061967313
-0.050573036 -0.18316498
3.0242007 -0.37580255
0.042626306 0.5980639
1.0375712 -0.2902783
-0.16629604 -0.18940252
1.616893 2.0243413
-0.9188588 0.16845831
1.13629 0.23736456
0.6437131 0.011908829
1.6782258 0.671354
0.79646426 0.003690973
-0.9713793 -1.0410184
1.3702252 0.869772
-0.2835357 -0.12984346
1.2367053 -0.05431284
0.004940316 0.24821636
2.0697362 -0.37821883
1.874978 0.72306246
-0.57913077 0.5080762
1.3827882 0.604315
1.5242784 0.35226452
1.1748422 -0.57900536
0.7654732 0.3654856
-0.23551343 -1.2888706
-0.7418551 1.2498486
0.6892202 0.05909586
1.547588 0.2560814
-1.1091418 -0.5985781
0.10539846 1.0785179
-1.0042193 0.39443678
0.50030804 0.30315775
1.218534 -1.3727822
1.4871299 -1.116817
0.6493263 -0.56718487
0.2921583 0.18873107
-0.67484987 -0.017116904
1.5255932 -0.28304765
1.4021348 -0.32048476
-0.20985025 0.10387924
1.4059305 -1.3481996
-0.5526325 0.40481746
0.25840414 -0.86361074
0.8336784 -0.9446188
-0.71450263 1.1479869
0.046205655 0.7259936
2.5805223 -0.38199925
-0.43151233 0.62244743
0.42098558 0.6427514
-0.18613042 0.3625797
0.4379478 0.25303113
0.36303425 0.21801835
-0.26096317 0.81640595
-0.15072018 1.3085856
-1.0225677 1.7487681
0.07147725 1.035219
-0.4048726 0.34282124
-0.13251513 0.3052624
1.1459213 0.11592397
-0.39685404 -0.26842687
0.32918924 1.381607
0.7954977 0.37311214
2.6207383 1.2042649
0.34378135 -0.26797014
1.1061665 -0.7578216
0.01334922 -1.007884
0.012056932 -0.87351286
2.1202645 0.07314134
-0.86088836 1.1286702
0.24256696 0.5613315
0.33592445 0.09390423
0.7699674 0.31296933
1.4381845 0.35228992
-0.11779408 0.037122995
0.12568147 -0.25296813
2.4294975 -0.41243652
0.14046429 0.94673246
0.47670412 0.89672345
-1.3657633 0.09592971
0.30110794 -0.76910555
0.22717212 -0.35248008
-0.60742927 1.5867395
0.33662027 0.15787673
0.86136633 -0.58923995
1.1011006 -0.7786694
-0.13026962 -0.5376735
2.7696335 1.5618999
0.71898663 -0.7782765
0.9235758 -2.436658
-0.92933387 0.5458296
-0.46832395 -2.116783
2.3375697 -0.6107166
0.88084537 -0.8370057
0.9397189 0.073496014
0.78289443 0.8530714
0.73249847 0.70396394
-1.0634106 -0.19024679
0.42112625 0.53865105
-0.8430432 0.45780772
-1.1645001 -1.2796764
0.76296276 -0.1463486
0.4239599 0.5369873
1.5860262 -0.81877005
-0.4582745 0.22836047
1.6698816 0.07218492
-0.14644432 0.88451356
-0.56471527 2.0084667
-0.87065345 0.47271824
0.15299584 0.27560198
0.5911199 0.6114244
-2.119663 -1.0220766
0.6006699 -0.6416476
0.931222 0.98327357
-0.812048 -0.2490969
1.2252829 1.107341
1.7324218 -0.51156634
-0.63355297 1.0122991
0.00264664 1.1933858
0.35729975 0.11809605
-1.2680134 -0.23247649
-0.8158231 0.5221033
-0.6157983 1.7933543
-1.5730325 0.362862
0.76574296 -0.056136146
-0.30064374 -0.7129327
-0.5681918 -0.36119658
-0.013951495 -0.6031759
-0.0036382526 1.1962643
-0.68843114 1.2430353
0.90185696 0.17528477
0.4687065 0.3619172
0.12919934 -0.33028185
1.094258 0.060099453
0.41946715 -0.60832137
0.84651047 0.2443248
-0.10607007 0.52136344
0.7005319 -0.4531564
-0.6530328 0.2843963
-1.4887486 0.033634573
-0.56393075 0.4257446
-0.76813906 1.2319081
0.27803898 -0.13999408
-0.69869137 0.9061199
-1.0746517 -0.04410833
1.7826914 -0.6527585
-0.61362886 0.7805138
0.7062144 -0.012688711
-0.9157526 0.63918084
-0.33634627 0.72613865
0.63268256 1.3942738
0.744198 0.2659515
1.905636 0.26809794
0.024533972 1.2944753
0.64730585 0.8174642
-1.6172584 0.5261633
0.76949376 -0.11518063
-1.5090847 0.48252296
0.03920059 -0.57040966
-1.4842714 0.40781838
-0.53032815 0.13279548
-0.13199964 0.7943546
-0.0814161 1.0339375
0.41121554 -0.95622665
-1.3493026 -0.92619824
0.51896054 -0.021871269
1.254888 1.557425
-0.11870603 -0.07127723
0.51279277 0.7115772
-0.09005076 1.4465272
-0.22634709 0.77329427
1.2867045 -0.9799879
-1.5342358 -0.3989303
-0.2964096 0.032453656
-1.5372133 0.3375963
0.52926636 0.84193784
-0.5708637 1.3311689
0.36883998 0.32755512
1.9648291 -0.14782959
1.1842972 -0.07350123
0.021396592 -1.1411757
0.74349254 1.0588267
0.4167993 0.19512221
2.3812885 0.22032183
1.0556502 0.56420213
0.028618053 0.7953852
-0.45254657 0.5959013
0.49233484 1.0937779
2.0281036 -0.87048435
-0.1165667 1.5861466
0.39151067 -0.1370314
1.1453161 0.05684504
-0.7779336 0.000699684
-0.0620241 0.50570124
0.03610961 -0.77004814
1.2254905 1.5714438
0.8447922 -0.25049612
-0.25511593 0.9988832
-1.5732694 0.06253171
0.9519209 0.1321424
1.3814543 1.188648
1.265495 -0.13556048
1.4024007 1.1747801
1.1731336 1.3385975
0.09791182 0.3241089
-0.65164906 -0.24071802
-0.33495927 0.8536255
0.7240184 0.006505877
-0.5426902 -0.6391389
0.5419913 1.2153001
2.0175817 -0.58128613
2.966025 0.009298161
-0.9838245 -0.6265089
1.2052962 0.105324715
-0.327503 -0.3275125
1.6545779 -0.24971156
0.88410264 -0.7721556
-0.8824729 0.53921384
-1.3314408 1.0337596
0.57758737 -0.5365368
0.6907665 -0.12006035
-0.06807846 -0.22131637
1.4019426 -0.9655046
1.5685091 -0.31798193
0.2591387 0.42466205
-0.3385168 2.0100136
-0.91062105 0.87930924
0.3225187 -0.97385186
0.7430038 0.3998015
0.08187659 0.9822796
2.404107 0.39094454
0.34035742 -0.26459095
-0.056907922 -0.10832071
-0.71661234 0.6502523
1.3412856 -0.4681111
-1.2201703 0.64010096
-0.3559187 0.37170058
-1.0509918 0.25813928
0.3669542 -1.5088315
-0.80731994 0.055849433
-1.2388227 0.25974968
-1.1434554 1.0556002
-0.18435703 0.5603738
-0.22322424 0.05962646
1.4621398 0.11964527
-0.13920325 -0.99175555
-1.2292439 -0.5129739
1.31508 -0.7576812
0.15040593 0.19243392
-0.5558057 0.43907326
0.5989193 1.033711
-0.96415323 0.8618172
0.61969733 1.1771302
0.3441686 0.43541455
-1.4252061 1.1210134
0.75928 0.40351415
-0.5027735 0.520013
-0.13068649 -0.9581818
0.7714526 -0.4803739
-0.6311384 0.5675912
-0.3510525 0.7623877
0.31605208 0.24940288
-0.1398747 -0.27908742
1.3919735 -0.52230704
-0.0046450645 1.0447862
-1.0611103 -0.38721052
1.4480717 -0.5271516
-0.4105029 0.7804808
-0.8681024 0.07505721
1.3686268 0.8600208
0.89294976 0.5171206
-0.70895356 -0.42246076
0.5961203 0.9434108
0.15603097 -0.55413675
-0.08322458 0.10656306
-0.8337177 0.59553236
0.45245004 -0.46684736
-0.42132962 0.2233637
-1.8531629 -0.72298527
-2.2130923 -0.008888394
0.28411365 1.6310868
-0.6562451 0.32534277
1.6001009 -1.3437617
-1.0370598 0.3014924
0.8565405 -0.6199945
0.9510066 0.7014988
-1.1317317 1.0631933
1.9461142 0.13924578
-0.9708556 -1.476028
-0.1293401 0.17550671
-0.22830963 1.447927
1.9426125 -1.0312214
-0.6950007 0.79978496
-1.9359121 -1.8415458
-0.29683495 0.7327378
1.513993 1.1601441
-0.45458347 -0.17460547
0.29529268 -0.029210791
1.5581263 -1.0105741
0.71516 0.037277848
0.83799654 1.1719785
0.49459338 1.0129378
0.2500888 -0.36889157
-0.8429068 -0.28063622
0.8050249 -0.11119479
0.41340202 1.2351539
0.7960127 0.66952497
0.48302615 0.95582503
0.700544 -0.47014254
-0.6897516 -0.35740966
0.56411314 1.0705049
-1.7420715 -0.15362324
1.6197448 -0.832139
1.0561805 -0.5488156
0.4091742 1.5097914
-0.29860312 0.9487327
1.0580611 0.42858237
1.2261275 -0.21652503
0.058869794 0.65802807
0.9478825 -0.2400692
1.0395522 -0.38835835
-0.21904221 0.08638838
-0.8771261 0.36058772
1.9923154 -0.18124062
1.2026622 -0.1334562
-0.1723448 -0.45752627
1.64104 -0.37199473
2.2409725 0.5688779
0.9214472 -1.4608924
0.5993116 0.38500947
0.14736162 0.57930106
0.34628034 -1.1512244
0.9739699 0.8463281
-0.21315318 -0.7099112
1.2602148 0.55090755
-0.45030868 0.9199206
0.1649565 -0.71963626
1.0814942 0.087082565
0.60871583 1.3631897
0.22325335 0.4654624
0.93348116 0.58373934
0.13853668 0.44926363
-0.0031137764 0.9460886
-0.24094447 0.07766092
0.014965102 0.2319687
0.9003567 0.23982051
2.4979856 -0.19547257
0.71382654 -0.3388698
0.8871028 -1.1953
-0.64187807 -0.013508275
0.9702528 0.15125889
0.7993441 0.83311015
0.42755562 -0.27848038
1.0872597 0.5761996
-1.0961392 1.4334936
2.0062244 1.5158923
2.994252 1.6304057
1.3135118 0.6216435
-0.35726553 -0.3479933
0.79616874 -0.61681706
0.20431642 0.62348616
0.7876536 0.06047705
0.88324016 1.4110727
-0.51266897 1.533953
-1.2797261 -0.39516896
2.1535327 0.6444473
1.829883 -0.6763524
0.25279015 -0.3567954
-0.39022344 0.030317813
-0.8576308 0.42211378
0.5588132 0.27771914
0.12612198 0.5627632
0.12861334 0.7842583
-0.22676773 -1.7630863
-0.8351353 0.19975445
-0.14753358 -0.009369567
0.049012884 0.30366755
0.07623975 1.3818135
0.26596594 -1.214079
-0.2936208 -1.9244566
2.3884523 -0.5825823
2.0693505 -0.07594913
0.09264706 1.1659913
-0.8727131 0.67828035
2.0491202 0.604378
0.81073505 0.02338788
-0.22435959 -0.113661826
2.3905902 0.5354026
-0.11247496 0.28419673
0.82490355 -0.04969506
-0.8866914 0.36850792
0.17011629 1.5108697
0.2776407 0.86827713
-1.4142579 0.38112634
0.6397312 0.28429925
1.9969686 -0.4781401
-0.9216582 1.1382713
0.43707114 0.34441745
-0.11623259 1.0010693
0.87232953 -1.0344256
0.73890054 -0.37630054
2.355002 -1.5054631
1.3908843 -1.4693396
0.32231432 0.61349946
0.17564498 -0.2721603
0.014254168 0.2417311
0.36483997 -1.2733862
-0.69114405 0.5386802
-0.6385397 0.31675994
-0.059706658 0.9877432
-1.0375421 -0.5027132
0.014939353 0.38857424
-0.78559786 0.46943146
2.0483384 0.097064435
0.3667465 0.38028735
-0.45814764 0.39382225
1.2560132 -0.13826254
-0.13792609 1.0991557
0.6300531 1.1966343
1.134029 0.9250271
-0.48763138 1.683716
0.51126033 1.3572254
0.17281975 2.0039074
-0.33761483 -0.68737084
-0.30336836 1.5225062
1.988705 -0.5812403
-0.9191979 -0.73830175
0.3734004 -0.4124014
0.15994744 0.5201398
2.126589 0.08916545
-0.8839692 0.9334912
0.48578513 0.23331603
-0.7697161 1.2074401
1.5105479 -0.13876987
0.20338275 0.8593927
1.1135504 -0.37785283
0.67026025 0.78069216
0.0024507195 1.3985405
0.79970616 0.8898894
-0.5808946 0.16071036
0.71546286 0.4802276
0.5763217 -0.24781741
0.40048814 -0.29322556
0.37976348 0.7279719
0.5936612 -0.7736837
0.22824897 -1.2955763
-0.8081974 -0.2624719
-0.28948414 0.7457013
-1.027242 -1.0315465
0.78980845 1.8000033
1.5409839 -0.09620814
1.4540129 -0.36004433
0.1851648 0.41738826
2.5126517 -0.5721068
0.25814646 0.8270864
0.9214702 0.144849
0.3231848 0.23681304
-0.7252186 -0.86976314
-1.1931293 0.9077459
0.4627989 0.68432695
-0.7858883 -0.45821753
0.11951135 -0.9311233
0.29433864 0.50080216
0.5148779 0.90752476
-0.52212524 0.3752538
1.0052863 1.2685926
-0.4736815 1.7782075
0.9506236 -0.10766937
1.121027 -0.42921174
1.0459249 0.025568277
-1.4262397 0.9144911
-0.5323331 -0.53370446
0.3351196 0.7807475
0.63214344 0.20377591
1.1208335 1.3750958
0.5876168 -0.0006662458
-0.022755116 -0.2561515
2.4249878 0.06392667
0.23594339 -0.5938727
2.3063483 2.110585
0.7534204 0.18638918
-0.35831928 0.17253938
0.20371304 -1.0862153
-0.07106052 2.4748793
2.3570395 0.67145777
0.30121392 -0.7884231
0.54022974 0.04092607
0.64055216 0.92310494
-0.16131164 -0.74024576
0.057392433 -0.28001383
0.6013497 -1.17062
1.5054187 -0.54477656
0.22879927 -0.9467243
0.70364016 0.12873158
1.3171692 -1.5762477
0.773318 0.43898195
0.1290782 1.0237217
-0.5010081 -0.9386644
0.753089 1.4536831
-0.32083493 0.63718945
-0.003463313 0.3346476
0.0062470585 -0.7187338
-0.29141757 -0.68124294
0.87832636 0.4995793
-0.87139034 0.8602572
2.0803697 -0.32982495
-0.34501112 0.8828251
1.1274604 -0.17917213
-0.5057402 0.8500747
0.054216012 0.24137923
-0.102687865 1.2426891
-0.7533205 0.69238997
0.15006621 1.559417
-0.11755878 0.40743315
-0.25329363 0.6378434
0.68842256 1.7603059
-0.032249093 1.3306944
0.1892849 1.7497241
1.4455973 1.0910091
0.28996056 0.10552284
0.22811548 0.021368057
0.25070733 0.55856395
0.7897009 -0.63999903
1.0636975 0.00845702
0.6614437 -0.39806
-1.133038 -0.251887
0.527158 0.81783205
-1.2867434 -0.94822425
-0.67612076 0.808374
-0.7082566 0.77209896
0.82801646 0.95395786
0.53381586 -0.024197683
-0.45909888 1.8837478
0.14786 1.1438162
0.92687196 0.036958933
-0.83063287 0.95935994
0.35370272 1.5147066
0.8869775 0.4370842
0.14913242 0.47637343
0.092373475 0.18180645
0.29585558 0.90193313
-0.22926112 1.2343986
-0.20410407 0.21190947
-0.9930587 1.6693883
0.5257701 0.3706144
0.5609926 0.45825148
0.10835482 -0.22782919
-0.6505035 -0.024290979
0.6440593 0.67999226
1.4995695 0.52932894
-0.10014373 -0.5451448
0.77027076 0.9501324
0.45838493 -0.18556537
-1.412721 0.64897364
1.0928603 -0.43647987
0.5157425 1.0942111
0.7181533 -0.0039640367
0.8282502 0.91310614
2.360983 -0.46359444
0.096730486 -1.0679885
-0.2804368 -0.2667183
3.1786425 0.21783713
0.9917427 -0.06344296
0.20872621 -1.1932433
0.096076384 1.03601
0.536246 0.21619138
0.5366017 0.24227667
1.3052654 -0.83068967
-0.7151709 0.3737337
-0.54073596 -0.037072673
1.4750693 -0.15497932
0.32311308 0.19625849
-0.9623055 0.8940193
-0.16431972 0.9814003
-0.25179145 -0.7269254
-1.6516314 0.6305025
-0.9364402 2.0230765
0.70914406 0.83373946
0.078313395 1.1457431
0.94651526 -0.2511312
-0.26049906 0.7997673
-0.36174363 -0.44321552
0.9662164 0.0936791
1.3385895 0.39213443
0.26038134 1.333009
-0.41342998 0.4225288
1.5450802 -0.75780857
0.22939278 0.270765
0.9979022 0.41908276
1.7572035 -2.6228395
0.7100903 -0.5539396
-0.8502879 1.1060133
0.45276856 -0.60766923
0.7467205 0.16671053
-0.09338744 0.7711454
1.796956 -1.1371593
1.8398005 -0.88069063
-0.27180427 -0.15216741
0.24714409 0.89514655
1.0381291 1.2577431
0.71699727 -0.18981497
2.3806946 0.87318474
-0.3699083 0.31025726
-0.36302927 -1.0933266
0.39303482 0.19671392
0.86065644 -0.4350744
0.17290209 -0.29016638
-0.4754634 0.56639457
1.7044001 0.2114701
0.18290947 0.7547939
-0.421619 -0.06875266
-1.1306269 -0.23052798
0.23586862 0.08492148
-0.13441172 -0.1934583
-0.99006605 0.7895437
-1.076571 1.504674
0.255602 0.40636015
0.6291755 1.2449834
0.9072978 -1.5109675
0.8596886 -0.77373
-0.06526303 -0.15513463
2.1367257 -0.2997851
-0.68545216 -0.8829989
1.1161616 -0.66243523
0.7289303 0.34998006
-0.63478327 0.353589
0.32622784 0.08523357
0.2757858 0.9558225
0.61687577 0.24650183
0.68704635 1.5843756
-0.3226442 0.4586264
1.2971405 -0.0009227991
1.1420739 -0.5343404
0.27088588 0.093915254
-1.1403557 -0.01041767
0.6965698 -0.5539077
-0.07374133 0.98849577
0.043029085 0.44097024
1.1150794 -0.17352779
0.19481398 0.35987282
-0.2954184 -0.37122184
-1.0465173 0.6487402
-0.8955722 1.1220102
0.05881785 -0.727975
1.1418915 0.58148664
0.6434508 0.46849573
-0.7773624 1.2196264
0.2567491 -0.28044996
1.0478637 1.40851
0.5799926 0.38578176
2.819959 -1.726661
-0.7516544 -0.47302473
0.09097351 0.48660547
-0.20875 0.22982687
0.9136583 0.83161753
-0.04532905 1.4532778
0.6143401 -0.003769815
-0.26064858 -0.4912634
0.7257175 -0.72020686
-1.1061245 0.63285935
1.5705024 -1.0073915
0.54390883 -0.5421634
-0.24870396 0.094486564
0.32992214 0.93623286
0.6384498 1.1519737
1.2100309 -0.22816394
-0.7827067 1.1325936
-0.14730446 1.036515
0.09825264 -0.0039031804
0.69899833 0.45231438
-0.47053516 -1.2623951
0.38968253 -0.5903965
-0.79128337 0.75741035
0.23590653 -0.24773763
-0.105901 -0.93354803
-0.6355458 0.010855794
-1.4566973 -0.59242475
0.002326414 -0.35718247
2.0069969 -0.42404336
2.2178583 -1.2163558
-0.1269426 2.1959956
-1.2514781 -0.3856431
-0.6256305 -0.21631408
0.018917874 -0.69286215
-1.5775275 0.5903248
-0.3286752 1.1400397
-0.81557846 0.11907914
0.27635026 -0.43300152
0.74218947 1.0717373
-0.29771593 0.3926282
1.2975777 -0.8518873
-0.77691287 -0.088818684
0.38579983 0.16832307
-0.19498385 1.4889104
-1.0568174 0.08381617
0.82441646 -0.38647664
0.43660486 0.2200779
-0.835053 -0.44702065
-0.214032 0.07981318
0.31281424 0.9415087
0.21875395 0.87544674
1.0968173 0.112380296
-0.71541214 1.2207091
2.825171 -0.31879085
0.8312121 0.19908118
-0.73696744 -0.13661382
1.71499 -1.7115881
-0.43546784 0.95555586
1.2303901 -1.1688437
-0.6809728 -1.392662
1.7867647 -1.4653852
-0.8713756 -0.70843875
0.015977219 1.319423
0.33313286 -1.2295942
0.35671943 -0.3466399
-0.9831408 1.2076452
-0.6545657 0.6069421
0.36450535 0.8530744
0.15144996 0.81492394
0.8263542 0.15272164
0.22377782 0.38199204
-0.8395332 -0.001537934
2.6949878 -0.23001836
1.9977764 0.30748826
0.5172785 -0.4350525
0.5852933 0.7828223
-0.23173124 -0.11001557
-0.9533601 -0.37074426
1.4112327 0.5107547
-0.4096269 -0.12543917
1.3440061 -0.52538115
-0.83332556 1.2779007
1.1545943 -0.33299977
0.8506718 0.09638503
1.6994789 0.026628911
-0.21206696 1.5803473
0.67144614 -0.3161795
-0.8985783 0.6331182
0.037860826 0.85727113
-0.031215742 0.85159796
1.6700681 -0.435629
1.5369807 0.50383824
-0.55148023 0.12391651
-0.2606162 -0.60309505
-1.0040703 0.999705
0.10755421 1.942095
-1.0911317 -0.06619866
1.2557238 -0.6473371
0.5080169 0.67297614
0.15790926 -0.20574406
0.32145792 1.1711366
1.2433096 0.14612567
1.5794665 -0.34719384
0.82214755 1.0426548
-0.10306992 0.6101183
0.8724535 0.75285333
1.9709085 0.681393
0.011355206 0.4780593
-0.44852066 1.1747377
0.051384225 -0.7305552
-0.29909325 -0.89068925
-0.24170582 0.6387258
-1.6217462 1.1126325
0.86212856 0.46618074
1.2724031 -0.11831206
1.922084 -0.8256369
0.8930121 0.38177145
0.07704009 1.3918252
2.1898346 1.9156172
-0.3486229 -0.21643884
-0.23872082 -0.18796673
0.6966124 0.81552273
0.23802496 2.5425632
-0.22143495 0.49871272
0.108983114 0.09700194
0.8258082 -0.25773728
1.0905128 0.03945574
-0.72589195 -0.71737206
0.9314887 0.96109337
1.9261254 -0.8177102
1.5286459 1.2303836
-0.7181207 0.58254665
0.89900905 0.20021209
0.13858081 0.575869
0.5691218 -0.84153676
0.14421026 0.31106812
0.69275296 -0.5388038
1.3503194 -1.0657833
-0.29819375 0.5704523
0.8393236 -0.64073795
-0.4034065 -0.4470625
1.6230179 1.1155009
0.40512216 -1.6172101
-0.03092295 0.16496441
0.36892074 0.033101767
0.5085401 0.1610088
-0.9382151 0.75646275
-0.42322296 0.16278672
0.82722825 0.15887344
-0.6142709 -0.2570706
0.29376602 1.0847712
2.2085896 -0.14785145
1.3018799 0.96675104
-0.24777247 1.953609
0.7240793 -1.0249693
0.34206378 0.598095
-0.60898936 -1.5166557
-2.19521 -1.555716
0.4682727 -0.79459435
1.506346 -1.5545506
0.0959198 -0.47866824
0.47399712 0.7370241
0.6674866 -1.073072
-0.7767221 0.9249373
-0.38463217 1.8961632
0.27562016 0.14169866
0.35354173 0.84012204
0.6418502 -0.3210843
-0.5674442 0.45845217
-0.37074262 -0.528122
-1.2785195 0.49611896
0.8860236 -1.0626645
2.0824 -0.3451457
-0.48165295 0.41496682
-0.20293601 0.9318014
0.12630586 -0.17228219
-0.0165129 1.0186286
-0.72188556 -0.29595143
0.94369406 -0.16998723
-0.060188174 1.4078915
0.8682886 0.71919847
0.18537869 0.31288755
0.36941493 0.54267824
1.7395846 1.0404441
-0.8224269 0.5371056
0.16841953 -0.23723969
-0.42908698 0.6270399
1.7218164 0.86549634
1.1263093 -0.6962023
-0.06616716 0.61284566
1.8013917 0.77849656
0.33058167 -0.8852475
0.2914906 -0.7080357
-0.4255861 -0.005821705
-0.78951854 0.6831852
-0.10697678 -0.85455674
0.84720427 -0.33005935
0.4271416 0.46457183
0.21180855 0.29634285
-0.24829538 1.0226257
-0.32486463 0.9817272
0.6462469 0.25263727
-0.34332687 0.7908208
-0.30146343 0.9524744
0.19135 1.9074597
-1.6741308 0.68090975
0.874181 0.059699953
0.2612558 0.5631095
0.9895862 -0.3112041
-0.8692648 -0.14055786
1.1637915 1.4899983
0.4144215 1.6064527
0.540977 0.37636065
-1.2203659 0.8324104
-0.7239416 0.1189211
0.2846254 1.0098617
-0.1409181 1.5905509
0.47713518 -0.86342114
-0.89056736 0.23069331
-0.67697906 0.5581078
0.9285061 -2.2784612
-0.28840184 0.4623651
-0.32624325 0.14759904
0.3072089 0.5966006
0.40829277 1.4225829
-0.29212445 0.2764572
1.1184918 0.1579245
0.051788256 0.5117207
-0.31986848 0.1501334
0.029233709 -0.14319
-0.35234773 -0.53540766
0.17257325 1.3155773
0.78950197 -0.6840122
-0.38062304 0.007054329
-0.14641437 0.3844496
-0.0043981075 0.8722978
1.5651897 1.4903884
-0.63743114 1.6163261
2.588141 1.3677757
1.8065771 -0.406403
0.9260195 -0.26917532
0.60762954 -0.024126887
-1.186194 0.21090418
1.4834427 -0.56783986
-0.7685193 -0.23308195
0.073900655 0.7162188
0.013601646 0.6298704
0.3128479 0.5621587
0.4989751 -0.9244744
-0.51650447 0.72137535
0.07528974 -0.053240165
-0.07325958 2.1253052
-0.14739059 0.5477924
-1.6611409 0.098833025
-1.0893444 0.07070553
0.31415075 0.6911042
-0.57075894 0.50878775
0.87825197 -0.48130074
-0.7436298 -0.30642906
0.4090407 0.14586884
-0.011104986 1.8936856
-0.6921929 -0.81203306
-1.825482 -0.41871828
-0.20640343 0.29450566
-0.60898566 -0.13324913
1.1561229 -0.16990833
-0.23699823 0.90907437
0.70508665 0.48409957
-1.1526262 -0.06601769
0.16080524 -0.15470806
-0.12627508 0.75211203
0.77218515 -0.93649393
-0.53859913 0.8967034
0.60772914 -1.1719234
-0.072067544 2.951428
-0.47786897 0.5525369
-0.33929688 0.97069186
0.546029 0.5115425
-0.8976561 0.5384814
-1.1757189 0.98299533
0.34294403 -0.10554524
-0.348113 -0.5956739
1.4521066 0.9344683
0.0792947 -0.52320313
0.7020679 0.44806194
-1.3010865 -0.27887332
0.56917924 -0.31003943
-0.32256648 0.37976986
1.3579206 -0.13631892
0.29635775 -0.45904228
-0.31112012 -0.8301857
3.1257718 0.1264686
0.7601003 0.6885531
0.07045756 -0.61848027
-0.5274997 -0.566947
0.6555388 0.14231795
0.8003257 1.5357115
2.425454 0.23621163
0.5552334 0.32442975
-1.7631427 0.015088737
-0.15115887 0.9805694
0.6507188 0.23440585
0.6770415 -0.94022894
0.8223837 0.5617269
-1.0053115 -0.3689826
0.847992 -0.9641441
-0.94043785 -0.6239854
0.30294698 0.6852921
0.09307869 1.5255888
-0.21416874 0.29953808
0.32655013 -0.6247549
-0.2790592 -0.004280716
0.2819714 0.22553319
-0.8248763 1.0308061
-0.07194449 0.008827001
-2.0300922 -0.92728823
-0.30985564 0.86804444
-0.33633888 0.9209834
0.9721231 -0.088636816
-0.037080258 0.53523266
1.3737444 -1.2447379
0.15345426 -0.22921473
-0.08869542 2.0470817
-0.63422346 0.98311716
-1.486702 -0.19674812
0.47034824 -0.086505935
-0.3981536 0.024201632
0.6757075 0.010415301
-0.17077267 1.0976853
1.9892515 0.014093399
1.0543387 -0.6567893
0.6418826 -0.03362459
0.5853481 1.688992
-0.39524415 1.4513936
0.37857467 0.6067025
-1.1441996 0.5358593
2.3986948 -0.78561
-0.45888424 -0.40555328
-0.23059438 0.97503334
-1.3209475 0.52495015
0.3981096 -0.18169942
2.0602927 -1.0756578
-0.024576798 -1.2025199
-0.51426643 0.5458474
-0.060894117 -0.6768082
-0.5193615 -0.18169647
0.20742609 1.1775653
0.15439047 0.35562563
0.08599879 1.274687
-1.0582657 0.41561168
1.3641841 -1.065274
-0.9734654 1.450944
1.3872454 0.5902748
-0.56337357 0.71244746
-0.117258355 0.49085075
0.10485293 0.1295825
1.3850379 -0.066020936
0.5813773 0.3041548
0.21759741 0.32479376
0.27305907 -0.10529569
-0.26073813 0.15969178
0.3542539 0.26129222
-0.70234996 0.656897
-0.5270356 0.45370668
-0.23856993 -0.6738595
-0.54409856 -0.036208108
0.76671094 0.885331
0.35341638 0.5048774
-0.185853 1.1103523
1.0063362 -0.39003485
1.1003331 -0.3209063
-0.85906655 -0.4469443
-0.7205992 0.8002071
-0.7061685 0.20412049
0.14290522 0.82889587
0.96436983 -0.4093781
-0.10916215 0.9653509
0.32624876 1.0916035
0.99935824 0.24553365
2.2218878 1.148984
0.9103897 -0.41219085
-1.1401694 0.7501922
0.2634815 0.21482289
-0.366291 1.0893738
1.0006121 0.18598565
0.16373618 -0.23823892
1.7996508 -0.509531
0.48736662 -0.057451934
-2.4306633 1.0700145
1.1268228 0.65210104
-1.2400919 0.60798645
-0.25692075 1.0867891
0.1974036 1.0541086
1.1740745 -0.73497427
0.6121152 -0.783174
1.0787266 0.35135835
-0.24687202 2.0992956
1.019825 0.74979407
-1.056394 -0.041798294
0.094161585 0.38833243
-0.9788177 0.84389395
0.071015194 1.3757486
0.46849573 -0.18439877
-0.32446128 0.028725088
0.7372926 0.72020525
-1.076263 1.2344973
-0.11606602 0.030524671
-0.58271354 -0.22511424
-0.46112376 -0.099396184
0.4900561 -0.030692533
0.7926076 0.4775064
-0.19866987 -0.5333606
0.5724659 0.26268786
-0.4957816 -0.07875286
0.5555889 1.7504625
-0.046765596 -0.9499746
-0.4943875 1.5630276
-0.39252308 0.61298347
0.10764195 0.54523444
1.4895837 0.034704655
-0.55907136 -0.14999469
-0.42577854 1.125601
1.8815058 -0.24934337
-0.47265303 0.1385968
-1.1534401 -0.034699842
0.5055259 2.030192
1.0322273 -0.19169575
-1.2370133 -1.1664453
0.47202116 -0.08260755
0.20991327 -0.34094667
-0.9360901 0.9745342
-0.24429113 1.4890137
1.1267294 -1.205347
-0.40207523 0.43195564
-1.3931383 -0.7644705
1.4906524 -0.51238006
-0.7983672 0.08316895
-0.40768 0.08872706
-0.4008081 0.46466398
1.4099206 0.35972524
1.0562594 0.55444396
-1.2693197 0.8465207
0.8779269 0.71622604
0.9934452 0.75201786
-0.8684069 0.7236271
0.20767178 -0.069888264
-0.9817019 -0.17229213
0.45639336 0.6070919
-0.19565015 -0.31153798
2.0134246 -0.86333954
-0.6286223 0.6981859
0.27308983 1.1617501
-0.07781115 0.46895593
0.8743325 0.832442
1.4130241 -1.0789511
2.4168112 0.9080389
-1.2162812 0.611416
-0.1448742 2.092446
0.91792184 1.3976939
-0.11788359 -0.8972139
0.58035237 -0.50102615
0.21300282 0.7263748
-0.8284028 1.372925
-0.91760576 0.13743368
1.3017942 -0.9607368
1.016223 1.0160959
-1.1946687 0.35667163
-0.055981502 1.4519897
-0.05900307 1.1297631
-0.099656805 -0.3315305
-0.5001968 1.1251032
-0.269041 0.54262674
0.70238996 -0.011316016
0.59200305 0.49667466
0.92607623 -0.22673133
1.3759714 1.0354054
1.4503824 1.1453278
0.47184992 -0.20785932
-0.20306954 0.35365236
-1.1604118 -0.07918991
3.774825 0.97273237
0.43230277 -0.052787527
0.03664209 -0.019188091
2.2374334 -1.3244958
1.8180825 0.34397018
-0.08483024 -0.4516317
-0.16698387 1.0626111
-0.07088727 1.5058293
-0.8661924 0.085347205
-0.59891516 -0.13167167
0.4356296 -0.5391985
0.30770177 0.9901808
0.33618516 0.46358997
0.22904943 0.41297567
-0.76923394 1.1287491
0.80687433 -0.6818911
-0.08247849 -1.1758474
-0.13849866 -0.40406078
-0.67931974 0.42097896
0.1798356 -0.71004665
0.7160585 1.6719773
-0.0238982 0.9759694
-0.35831445 -0.3165945
0.44573188 0.42703235
0.28644186 0.51884454
1.2519274 -0.33071318
2.1285477 -0.68943787
0.10184322 1.0380836
-0.5638707 0.48740637
-1.4232126 -0.047911942
0.8449361 0.6109378
0.28395158 -0.88404894
1.06224 0.6535232
1.0177501 -1.0674822
1.4104155 -0.21756014
1.9548954 -0.8714614
1.721688 2.1246386
0.09227292 -0.31671724
-0.16860312 0.81716853
1.0064062 0.41038013
-0.9597271 -0.14452332
0.087310955 -0.80419177
2.3491251 0.83644444
0.7356166 0.10291165
-0.092397034 0.55432117
-0.48742494 -0.31307918
0.05098088 0.21452203
1.8314906 -1.4737005
-0.2753423 0.74635017
0.76565737 0.38562697
1.4378673 0.11022586
0.25870067 -1.1453924
0.6322108 -0.2340256
-1.4398545 -0.012928382
0.7052345 1.0594468
0.8552926 -1.0234792
0.86330575 -0.6083896
0.96221346 0.52355117
1.5920217 -1.290405
0.7065923 -0.16703017
-0.55746263 0.7889975
-0.51790303 0.123487085
0.8648519 -0.17279401
-0.574905 1.0369334
-0.82875514 1.6200373
3.3628743 0.7310101
-0.7139265 1.1012611
-0.520614 -0.20276213
0.40080357 0.100256145
0.9613319 0.7079559
0.37404037 0.9798052
0.641342 0.6775183
0.17189117 0.57959425
-0.5563089 -0.7438217
0.81736714 -0.7032185
-1.408628 -0.06661798
0.41035235 -0.55102634
-0.47827995 -0.22412837
-0.6510407 0.35304016
-0.2213135 0.35498488
0.7853187 -0.44378886
3.0775158 2.1444945
0.5597403 -0.08189711
-0.31127244 0.5051616
-1.5288267 0.50515854
-1.585441 -0.33812433
-0.37223348 1.9310932
-0.10489756 1.3440542
1.0822864 -1.687918
0.144587 -0.39656985
1.7607607 0.20535335
0.44981796 -0.5331503
0.18248256 -1.7829201
0.587665 0.83495003
1.6223887 0.5337747
0.77812797 1.6052399
0.47586703 0.44179016
2.3531554 -0.5173623
-1.2657219 -0.45400134
0.57176805 -1.7983291
0.39473712 0.26880932
1.7772499 -0.3508032
0.6298078 0.36503237
-0.124033555 1.10776
1.7931105 0.5830873
0.52278507 -1.1809256
1.3490422 1.0906417
-0.051239297 0.19110745
1.5781702 -0.4002301
-0.9172381 1.1117561
0.050491676 -1.2169604
0.92570204 -0.70106363
0.2844752 1.2843745
-0.9287779 0.041152894
1.6559099 -0.47374737
-0.14066288 -0.32614666
-0.15002902 -1.4309845
1.0366774 0.013900071
1.5830129 0.38799644
-0.14444923 -0.016808137
-0.16685048 0.013830036
-1.1648997 -1.4091449
2.0933983 -0.48788023
-0.66363406 0.6935397
-1.2106262 -0.011770979
-0.28600428 0.37899566
-0.9969997 0.6740029
-0.6014605 0.52960414
-1.1473267 1.4519708
2.5534644 -0.45002717
1.8697804 0.5204054
-0.21494395 0.9278669
1.2175599 0.6375429
-0.7112778 -0.7213657
0.07945149 -0.051575467
-0.63935024 -1.0891681
2.0010834 0.097436786
0.7002789 0.19812289
-1.0248575 -0.22566766
0.5027545 0.95450443
0.94236034 0.39235133
-0.14828974 0.17937681
0.8014019 0.15208474
-0.034061685 0.7323137
-0.08734442 -0.43264222
0.73625475 -1.3855324
-0.142333 1.5256121
1.130644 1.14957
-0.041967288 0.3972844
0.5706859 0.539946
0.40648335 0.9129432
1.2640268 0.22285819
0.25720096 1.6658752
0.7330317 -0.64397
-1.0535531 -0.9999086
0.65230507 0.8304984
-0.18084787 -1.360563
1.0095118 0.12823176
0.06655799 1.5903747
0.3902244 -0.79516774
0.58374536 0.65037596
-1.2499421 0.7629481
2.3920312 0.06916207
-1.1237278 1.1196978
-0.3959061 0.60370386
0.9433765 0.5300272
1.811673 -0.88464427
-0.22046168 1.1919858
0.5009985 -0.35403866
1.6797942 -0.38776642
-0.8812195 2.284273
-0.67186886 0.091367036
0.20213704 1.1805928
0.98086184 0.14537722
0.324485 -0.27820557
-0.22078925 -0.10889284
1.6544186 -0.11149058
2.6126356 0.4768954
0.20068859 1.2581029
-0.16281225 -0.29310012
0.39768136 -1.1746032
0.4696157 0.087658376
0.5426018 1.007138
0.48509485 0.92309767
-0.14219734 1.0808825
-0.58888716 0.44027382
-1.8239417 -0.28978714
1.7380496 -1.5557771
0.7494423 -0.07006094
-0.63219225 0.074576914
0.944055 -0.02839911
0.95855063 -0.10717732
0.45994234 1.8259287
-0.04846126 -0.26397657
1.8612534 -0.24427055
0.1468619 -0.032894343
-0.13606358 -1.2598162
0.045787886 1.6907785
-0.6764121 0.49714178
0.75560087 1.2122326
3.112303 1.016058
0.9976607 -0.20175055
-0.04437843 0.5171564
-0.55639404 0.9640034
0.10062201 1.2401457
1.615464 0.07222387
0.6133044 0.23275518
0.35054898 -0.052132785
1.1527153 -0.31604573
1.3628374 -0.98764914
1.4354646 0.5220853
0.2951944 -0.69821596
-1.187808 1.3514543
1.5513644 -1.058048
-0.44079775 1.2399306
-0.28166556 0.7418878
0.08320774 0.82087463
0.99052566 -0.2768263
0.8550624 0.22709033
1.9838649 -1.0658481
-0.1786883 1.097323
0.4524457 0.9717483
-1.2597412 -0.26848003
-0.9206277 0.16000277
-0.12147574 0.060154706
1.1964432 0.17113575
0.99445456 0.18010002
0.4236424 0.5514112
0.4654709 -0.06703229
0.8368792 -1.0987993
1.1112828 -0.46266472
2.2159193 -0.31024835
0.2304193 1.3603184
2.3530717 -0.049869955
-0.2674675 0.20937863
0.8678867 -0.07467976
1.1435437 1.9885216
-0.17387754 -0.22569597
-0.6826103 -0.4582914
0.4483596 1.3506823
-0.48608798 0.5132295
0.21771704 -0.87121856
0.06390081 -0.40332794
-1.6335075 1.0520282
0.34653538 0.14846206
-0.12527868 0.5216229
0.54728395 0.2126126
-0.33511043 0.09319252
-0.5623931 0.8858709
1.0911225 0.5813975
0.79893297 0.4509148
0.51578945 -1.1010885
-0.08681384 -0.9320954
-0.4559726 0.40038925
1.3882285 -0.5260325
0.027294472 -1.0450332
1.4693699 -0.6165566
0.48354596 -1.218332
-1.4289794 0.28109837
0.4766158 -0.5617899
-0.2283919 0.66939604
1.0138007 1.2006907
-0.3133623 -0.046980485
-0.638861 0.6781895
0.8608603 0.16915122
1.5573133 0.64256924
0.6547166 0.27895766
0.49316764 1.232897
-0.55497676 0.39703542
-0.5742134 0.46651334
0.45339715 -0.29707375
0.36338842 0.19994918
-0.17238005 -0.8088442
0.75383383 -0.5524123
-0.27076587 0.51823694
-0.022640228 0.18648604
0.8389577 0.27286637
0.71040076 -1.1031125
-1.5575862 1.1081758
0.6593295 1.5158257
1.3040302 -0.5335977
0.4726305 0.5347728
-0.23949587 -0.01840052
1.999056 1.5852339
