-3.0239356 -1.5193757
-0.9366244 -2.4450648
-2.05415 -1.8531984
-1.571835 -1.8154002
-1.2433769 -1.9724683
-2.599906 -2.5826538
-2.1278849 -2.9308882
-1.8812798 -2.2126143
-2.362409 -2.1746728
-1.2142594 -3.0373929
-0.578249 -2.203873
-2.901866 -1.465991
-1.2578896 -3.033265
-1.5093752 -3.22451
-2.8664117 -1.861492
-3.1249642 -1.608726
-2.169615 -2.156511
-0.70034266 -3.9695423
-2.722987 -2.2503068
-1.0671256 -2.461024
-1.7979435 -3.1930597
-2.8699124 -2.0759606
-1.4156435 -3.1148355
-0.4583276 -3.4892695
-3.4201279 -2.5425167
-1.8214755 -2.2463255
-3.3663006 -1.7489591
-1.5564617 -1.7415565
-3.0386236 -1.3721452
-2.8141112 -2.5969307
-3.5873113 -2.7706647
-1.7197604 -2.4845152
-0.36603484 -3.9162047
-2.1371765 -1.1731741
-1.9045118 -1.5125109
-1.6429197 -1.6967839
-0.8389027 -5.460998
-3.7560465 -2.049993
-3.550808 -2.9006371
-3.4783413 -2.185083
-3.0035844 -1.345201
-1.2656231 -1.684148
-1.288523 -1.262028
-3.284339 -2.976263
-3.1256948 -1.0435967
-2.6291943 -2.180769
-2.9137785 -2.1029685
-3.032164 -2.943097
-3.6310527 -1.674696
-2.7166445 -2.4197803
-1.9359604 -2.654052
-2.2280283 -2.6932783
-0.782986 -3.2811081
-1.2689595 -2.7841682
-2.3758657 -1.6658746
-1.8119714 -4.31253
-0.9129795 -2.8797083
-3.651862 -2.12445
-3.0156572 -2.0369194
-2.440593 -1.7947673
-3.2110329 -1.9176809
-3.547715 -2.1638203
-2.9201882 -2.5811965
-4.3792543 -2.2123446
-1.4851788 -2.2732868
-2.155752 -1.6550064
-1.4907715 -3.1938987
-2.6745772 -1.9798458
-2.5025408 -1.3574879
-0.20637639 -4.5045085
-1.7520902 -1.6238762
-1.8307704 -4.402044
-2.2246053 -2.9790099
-3.234955 -2.2628002
-3.0919914 -2.2711842
-2.7201674 -1.796952
-1.601744 -2.3341177
-2.2136278 -3.500168
-1.4578782 -1.7603434
-2.0036867 -1.716411
-1.7687414 -2.1145167
-3.283621 -1.9319369
-0.6697636 -3.469594
-2.448613 -2.3184164
-2.2829535 -2.0231507
-2.3298707 -1.7123262
-1.8911414 -1.971415
-3.5542333 -0.86893284
-3.6139357 -2.7503512
-0.6504822 -3.1952553
-1.791017 -2.4146376
-0.7382986 -2.4328878
-1.0525688 -2.2333298
-2.3431516 -2.9526641
-2.94247 -2.7286744
-3.6431365 -3.022436
-1.9411442 -3.6192775
-3.7601523 -2.6125722
-1.2507598 -1.5920742
-3.3411033 -1.8407123
-2.243634 -2.2747285
-3.3203683 -1.9763665
-3.4374635 -1.341373
-2.524315 -1.9723561
-3.32146 -1.3559394
-3.594828 -4.187609
-2.9758496 -2.1147993
-0.8301973 -2.5207694
-0.71371317 -1.8541614
-2.4477165 -1.2899778
-2.9537997 -3.0071712
-1.6165074 -2.0884714
-1.5875167 -2.53975
-3.7272441 -1.4647882
-3.0940998 -2.3594306
-1.9081775 -2.808241
-2.9393654 -2.6364949
-2.6757991 -2.6028714
-1.4568299 -2.6750784
-2.2628067 -3.564274
-2.801138 -2.2954712
-0.22961803 -2.3910868
-3.0664496 -2.248995
-1.8279415 -2.0516524
-0.31615248 -2.2181997
-2.1758344 -1.6216185
-0.6523867 -1.6142164
-3.3279364 -2.6384504
-1.3079733 -2.0817683
-1.5806587 -2.0143983
-2.118995 -1.5982275
-1.1645662 -3.3876576
-3.3563704 -1.4345025
-1.4517753 -3.186991
-2.2198915 -1.7872405
-1.6231169 -2.947635
-2.2600327 -3.4968288
-3.7036881 -2.4395058
-2.0037158 -2.7027824
-1.6675872 -2.987283
-0.6526964 -1.8212364
-2.740788 -2.4917157
-2.672336 -2.7062194
-2.1433785 -1.5785987
-1.3767772 -1.6541039
-1.2463756 -3.8127003
-3.2037673 -4.191079
-1.66556 -3.0576892
-1.7266879 -3.186775
-1.6922714 -2.7066743
-2.2447062 -1.5438994
-1.0632535 -2.107249
-2.9274201 -1.6108304
-1.1664922 -1.3031753
-1.7192696 -2.2351928
-1.7163634 -2.21898
-1.6596283 -1.6104368
-3.250608 -1.2550424
-3.3744073 -1.2280498
-1.7895613 -1.9088967
-0.5255011 -4.0037684
-3.8230205 -2.0282133
-1.8777997 -2.516627
-3.0758762 -3.251347
-3.4254034 -2.3595436
-0.54639477 -2.611007
-3.2246065 -2.3241515
-4.0276713 -1.9340829
-1.266516 -1.8440876
0.52606636 -2.9817278
-2.9569695 -1.9805181
-2.3283784 -2.4828165
-1.6711202 -1.6967276
-1.9712168 -2.4515898
-2.9878073 -1.4711975
-3.6997342 -2.108092
-1.3347727 -2.4924834
-3.0407374 -1.3013016
-2.0014865 -2.9811606
-2.0660112 -1.3396763
-2.3233027 -1.9465512
-2.5616121 -1.949585
-3.29 -2.8113384
-0.99771756 -1.448769
-1.2281063 -3.0039217
-4.1763797 -1.8109313
-2.3526814 -1.6192709
-3.1366222 -2.7275286
-2.8079212 -2.5393488
-1.5648019 -2.6849618
-1.9695915 -3.2832582
-2.1111553 -2.6558428
-3.2434664 -2.8553038
-2.7943776 -2.0709248
-2.5749106 -2.3429391
-2.6131082 -1.7546217
-4.4255834 -2.1318877
-3.200958 -2.0857615
-0.7640468 -3.695808
-3.831888 -1.8547373
-1.7735853 -1.6496192
-1.0730274 -1.7035635
-1.492517 -1.3144494
-2.8081243 -2.6655843
-2.0159779 -2.8041868
-0.54138833 -2.9556026
-2.6401355 -1.1124021
-0.9145098 -2.6218264
-2.118992 -3.730404
0.24685161 -2.1952553
-1.536591 -2.464768
-3.3316653 -2.5269287
-1.6832713 -4.1469073
-1.9571688 -3.9784896
-2.5708036 -3.4655278
-3.6463804 -2.663758
-0.6678329 -1.9578657
-3.5428636 -1.9433343
-2.5019016 -3.499778
-2.8669467 -2.0512407
-3.7707863 -1.4883431
-0.83524275 -3.8393362
-0.8843655 -2.283755
-1.5585219 -3.2536626
-2.9740946 -1.910377
-0.9114676 -2.0281515
-4.016634 -1.7193085
-1.3248585 -2.3208184
-0.9403941 -2.2095673
-2.0275517 -1.9806345
-2.8334281 -1.3087002
-2.4255376 -2.349082
-1.7940301 -1.6405925
-3.042858 -1.4825344
-1.8080617 -3.2893522
-1.0512016 -2.6017547
-1.876053 -2.705129
-1.5642825 -2.2727416
-0.96385545 -2.6795676
-2.9654315 -0.5289501
-3.4075694 -2.039938
-3.2572467 -4.273732
-2.9040039 -2.734788
-2.1273537 -2.5127254
-2.2882016 -4.3984833
-3.8106468 -2.0145967
-3.1478326 -3.324106
-1.9507812 -1.7339926
-1.205717 -1.69654
-3.5855086 -3.4979584
-3.0206292 -2.595218
-3.7975583 -1.4764125
-3.250995 -1.7820851
-3.351094 -2.6017437
-2.981035 -2.3569968
-2.5461426 -2.551807
-3.23682 -1.6666907
-1.8172433 -1.4172494
-3.5331807 -2.0975745
-1.4017633 -4.273148
-3.8730886 -1.6917541
-2.3031714 -2.7494226
-1.8634458 -1.435971
-1.4908367 -2.4702673
-2.1138344 -1.883731
-3.3679464 -2.2515826
-1.6873323 -2.7989743
-1.734966 -2.0539303
-1.2206273 -3.5041761
-3.0742097 -2.7822168
-3.0378847 -1.8709373
-1.7421551 -3.028724
-1.7639221 -1.6338696
-2.2998521 -3.4104712
-3.0532753 -3.2846162
-2.528221 -2.093796
-2.0826395 -2.4040391
-0.87073076 -1.9322928
-3.4365451 -2.2381485
-2.0192077 -3.1110609
-2.4863923 -2.7310612
-1.1458474 -1.6602567
-2.482415 -0.8952427
-0.6510982 -3.3788862
-1.7598339 -0.77299666
-1.4278376 -2.8173714
-3.3721364 -2.73755
-2.4966555 -3.9286096
-3.4323933 -0.93773913
-0.9508014 -0.9899874
-2.1532278 -2.0568135
-2.1450222 -1.5343136
-2.825067 -2.726052
-3.5133421 -3.172982
-3.126684 -1.5721189
-3.50931 -1.870442
-2.273133 -1.7666684
-1.5217324 -4.184604
-2.3127804 -2.9180782
-1.7570789 -1.9911523
-2.5223305 -4.0349803
-1.2109256 -0.6909978
-2.003106 -3.967269
-2.0537856 -3.0682206
-3.0881379 -2.451398
-2.269586 -1.5422479
-3.0364606 -2.4154048
-1.4025519 -2.8675814
-1.9014385 -3.4388936
-2.7397633 -1.3885462
-2.3891978 -2.312897
-1.0370166 -2.3709004
-1.8210618 -2.041069
-1.3505021 -2.5120234
-3.9776535 -2.9098675
-2.2036474 -2.5854828
-2.231621 -1.9278705
-2.615458 -2.644258
-1.8105534 -1.774675
-2.9334278 -3.20589
-2.768986 -2.6787655
-0.6220998 -2.991852
-1.1115216 -2.3117468
-2.181265 -1.9310822
-1.9660206 -2.007483
-1.1094222 -3.9047089
-2.336013 -1.2238971
-2.3242137 -2.0995018
-3.9402168 -2.5315082
-2.5390382 -1.8026971
-2.4177523 -2.82946
-2.384333 -3.6718318
-2.427568 -2.1052442
-1.004231 -4.05141
-3.0069156 -2.0218167
-2.8316243 -1.4964253
-2.345257 -1.9377387
-2.9980507 -2.3667085
-3.8164864 -2.7547388
-3.23687 -1.8717108
-1.2308655 -3.1790247
-2.2683687 -2.3365057
-2.266801 -1.8456712
-3.6810637 -2.0815172
-1.1518477 -1.5667185
0.26161373 -2.225027
-2.0002685 -2.7050195
-3.4145374 -2.7826192
-2.4627929 -1.2767977
-1.8934197 -3.512665
-1.7787755 -3.7121987
-1.0309273 -4.289025
-1.4655136 -2.0797098
-3.7629523 -2.7845364
-0.5647352 -2.9027047
-2.3954751 -2.5033984
-1.8135083 -2.3630378
-1.4694536 -2.3784459
-2.3559635 -2.487098
0.2876796 -3.560753
-1.5693916 -2.4614372
-2.1447477 -1.5603108
-2.3302903 -2.3136094
-0.55273867 -2.9309225
-3.1753936 -2.1613586
-2.711303 -1.8523126
-1.9856946 -1.993
-2.5756433 -3.4820793
-1.3660642 -2.4648814
-2.928434 -2.4008405
-2.082746 -2.1371841
-0.6930893 -1.2943544
-2.5722642 -2.8974533
-2.1753483 -3.0502782
-4.145379 -2.441263
-3.112047 -1.8111916
-2.839349 -2.3348396
-2.62249 -2.2736864
-0.5374728 -2.9672081
-2.8367932 -3.009126
0.0015240759 -3.5810254
-0.9592637 -4.255626
-1.1934068 -2.4575655
-2.374684 -1.8069907
-3.0250764 -2.6669905
-4.8641515 -4.1614923
-1.9715105 -2.555249
-0.9457029 -4.5694523
-2.0095901 -2.6869674
-1.3266269 -2.4849653
-2.0991876 -2.6640923
-2.0834227 -1.8219835
-1.5626667 -2.2798598
-3.9856813 -2.7558544
-1.2087259 -2.31532
-3.635761 -2.0260172
-1.1701998 -3.1927445
-1.5714812 -2.9086692
-3.826053 -2.7598424
-4.143575 -2.68098
-1.6745038 -1.662137
-3.6232886 -1.9542435
-3.4588795 -2.4749126
-1.9901502 -2.123371
-3.1739557 -3.4385514
-1.7472291 -1.4410794
-2.857235 -2.5092149
-4.198132 -2.970231
-1.1723195 -3.9667194
-3.0417106 -1.5630949
-2.0470247 -1.4357399
-2.2184083 -2.6458495
-2.2667925 -2.532284
-2.9781713 -1.9644245
-3.146461 -2.5551221
-3.3300211 -2.8235154
-2.9234 -2.0659447
-3.8445191 -3.259788
-2.6391964 -1.7175331
-3.8593218 -1.9014179
-0.82009524 -4.113982
-3.509043 -2.4804852
-1.8179032 -2.23786
-1.5034152 -3.1681964
-1.1807675 -0.7960354
-2.6678925 -2.3854535
-0.76309663 -1.8468633
-0.6195963 -1.0205582
-1.28632 -3.198374
-0.79339784 -4.000878
-1.555231 -3.6863282
-3.387042 -2.794372
-2.4577549 -2.2619889
-3.3204482 -2.9704592
0.75703174 -3.567
-1.839112 -2.3627396
-1.4583552 -2.9784288
-0.28988123 -3.129814
-2.4441128 -1.6555718
-1.5037844 -2.6244738
-1.850606 -3.1470904
-1.7473264 -1.5618327
-1.6403172 -1.0681654
-2.089248 -2.8340921
-1.0526819 -3.1849194
-2.4707081 -1.6084561
-2.8014052 -2.033391
-0.2555855 -1.8885548
-2.7901356 -1.1910709
-3.3337178 -2.3074358
-2.8591502 -2.6044276
-1.4227592 -1.9831928
-2.562143 -1.4942328
-2.8502898 -2.1742299
-2.7564065 -2.1728475
-3.4521248 -2.733085
-3.3428493 -2.125514
-3.4060373 -3.193172
-3.726597 -2.1621366
-1.0684966 -3.1555758
-2.150673 -2.074932
-3.648949 -1.2447277
-4.002502 -2.3676515
-3.2416825 -2.7192414
-3.5408044 -2.0227842
-3.6987805 -3.8768106
-1.9007068 -3.4226012
-1.3086388 -1.9622519
-1.9254806 -2.5151656
-0.5577632 -3.2224243
-3.3322568 -2.5142016
-1.9428275 -1.8112752
-3.5141253 -3.1873195
-2.0189395 -1.7418103
-0.28257847 -3.356564
-3.3567188 -2.216698
0.14078997 -4.320913
-0.5930513 -3.4183288
-3.5382848 -2.1498678
-1.3070989 -2.92247
-2.1779375 -3.3836215
-2.533028 -1.7208233
-1.9558262 -1.0309225
-0.5884881 -3.9564521
-2.7204301 -2.1390533
-1.3612643 -1.9490592
-0.68534607 -3.5786037
-3.3137217 -1.6808528
-3.7448149 -1.6312803
-0.9391724 -3.1087124
-1.3550469 -3.4182124
-2.7089279 -1.8309075
-3.8251324 -2.3985522
-2.5671337 -1.7312833
-1.5680754 -1.7366052
-2.2748568 -2.4727914
-3.675281 -2.6078112
-3.4103243 -1.387844
-2.9918575 -1.2908194
-1.3455634 -3.8603635
-0.82444715 -3.0317411
-2.4560668 -4.1816263
-2.6534085 -1.791672
-2.5739107 -1.7718421
-0.8825085 -3.6800275
-1.0087404 -2.7580583
-1.2306147 -2.2322054
-1.3902842 -2.6582322
-1.5388999 -3.639078
-1.6592847 -1.3389157
-2.7298248 -2.0560474
-1.7073647 -2.2467031
-2.92391 -1.5130242
-3.0736346 -2.178047
-1.9519966 -2.6178455
-1.5478929 -3.1946666
-1.7833216 -2.6712904
-3.0648406 -4.341445
-3.3041441 -1.9220992
-2.4279783 -1.2849066
-2.5286477 -1.488994
-3.1479976 -4.0631003
-2.1054661 -3.3815095
-1.6534221 -1.7237842
-1.0763006 -3.9230576
-2.1986983 -1.4908814
-3.302474 -2.0784986
-1.8444538 -1.7520821
-0.8557914 -3.2928286
-2.4647572 -2.4656355
-0.5340858 -4.222908
-1.1085219 -3.1564817
-3.6639667 -2.4665754
-3.5522883 -2.050286
-1.3753016 -1.4218729
-2.256096 -1.7844377
-2.950021 -1.6553365
-1.3069137 -2.1128962
-2.1609216 -2.548915
-1.4087929 -1.0674123
-2.1691678 -2.2184703
-0.8486227 -1.7827473
-2.1615224 -3.1054788
-3.01567 -2.1107576
-2.4241526 -1.3557875
-0.9589604 -1.6171916
-3.8036087 -2.1983485
-2.5319138 -1.6029631
-1.9704435 -1.6988425
-1.0170316 -2.1630995
-2.2505016 -2.759333
-2.539115 -2.1151497
-0.33668137 -3.0978029
-2.6628056 -1.6884946
-1.8251079 -1.4690781
-1.5683758 -2.7571714
-0.6280717 -3.1578531
-2.3723867 -1.4754852
-2.5413265 -1.6747231
-1.1597415 -2.4958837
-1.5166848 -1.7399502
-2.5437918 -1.7342718
-2.3255394 -1.6992205
-2.7119782 -3.2679505
-2.8614464 -2.5416517
-1.8227217 -2.7798421
-2.5499444 -2.6863036
-2.8242505 -1.3710315
-1.433168 -3.0312839
-1.8068523 -2.7781968
-2.2472367 -2.37465
-1.4139093 -1.5438765
-3.0761847 -1.9656461
-1.3124179 -2.450438
-2.3034585 -1.8754879
-2.676558 -2.2866573
-1.6171895 -1.9602035
-2.0158968 -2.5591486
-2.8813107 -2.4571795
-1.8478473 -3.2506711
-2.2314963 -2.2869925
-1.2527108 -2.0202944
-3.2626526 -2.4562333
-3.6137457 -3.029026
-2.091919 -2.51925
-3.727769 -2.259386
-2.1454024 -2.8462455
-1.7653055 -1.896484
-0.9758331 -5.0586567
-2.417977 -1.6626716
-3.352104 -2.0491374
-1.1996524 -2.556518
-1.8243856 -3.967193
-2.625979 -1.5448052
-2.034651 -1.6196399
-2.2022574 -1.4020977
-1.2997481 -3.656256
-2.0552924 -2.3198745
-2.9236655 -2.7279623
-2.2118907 -1.8008473
-1.5903285 -2.1084526
-1.7150321 -2.8870382
-2.6052608 -2.3170853
-0.1061603 -1.8007998
-0.5342836 -1.5217965
-2.5556202 -3.2035034
-3.700686 -3.497754
-0.25273266 -2.8971288
-2.7118359 -1.050853
-2.57767 -2.8513777
-2.12906 -1.7113576
-3.4079034 -2.3266199
-1.4551051 -3.665192
-1.6092978 -2.8857818
-3.5663254 -2.618576
-1.2481092 -2.7421207
-2.0481603 -1.4528849
-0.9286372 -2.2854624
-1.3433772 -3.1296482
-1.9630648 -2.7523036
-1.6777477 -2.4039457
-1.1590066 -2.3179834
-2.7956793 -1.2101426
-1.8480839 -3.0782888
-1.0434833 -2.1912389
-2.7363045 -2.022832
-3.7376437 -1.5182731
-2.7750838 -1.4237934
-2.422729 -1.4844896
-1.1556426 -3.3018568
-1.0082948 -3.3790343
-2.0586283 -2.0368798
-2.1164277 -1.234469
-1.5373837 -2.4097528
-1.5855935 -2.577666
-0.9399957 -2.617434
-2.7561507 -1.3118498
-3.3513525 -2.1747842
-1.6106408 -1.98103
-2.8382678 -2.3503516
-2.8248627 -2.532733
-3.2234805 -2.229762
-3.1450157 -2.1806135
-3.8678427 -2.499886
-3.0752108 -2.0936053
-3.7454371 -2.9228504
-0.036374792 -3.8920386
-2.5191953 -2.161895
-1.3740637 -3.23836
-3.9000466 -2.146391
-2.3628097 -1.3717399
-3.310513 -3.0948076
-2.9454424 -2.352968
-1.785866 -2.7824652
-2.5603666 -2.5885048
-2.506688 -3.213896
-2.746639 -1.7671994
-1.792847 -2.7769403
-2.1156743 -3.0997653
0.27574378 -3.5772634
-1.4389452 -1.7952547
-1.8450418 -1.6064434
-0.8634427 -3.5628746
-3.1130555 -1.5367154
-2.8970876 -3.1492774
-2.228835 -3.304992
-3.0804868 -1.7978444
-2.1191268 -1.842107
-1.5952992 -1.7096373
-3.5941987 -2.6635804
-2.4938064 -2.8594701
-3.0957544 -3.0862472
-0.80291516 -1.7297022
-3.3334966 -1.7671828
-1.804052 -1.8819929
-1.8459996 -1.7284124
-3.585624 -1.8545992
-0.93052 -2.8614588
-1.0754373 -2.511387
-0.63944584 -2.0642955
-1.2937037 -3.1144066
-2.762748 -1.9767653
-2.626716 -2.757791
-2.7474449 -1.8162057
-1.0844033 -2.0669906
-2.0656548 -2.14733
-2.322584 -2.4757109
-0.28368106 -1.8143611
-2.1027405 -2.1855817
-2.5680242 -1.5473063
-0.9374001 -2.5791054
-2.7409403 -1.6635569
-3.4738982 -1.6270219
-3.3497746 -3.0018632
-3.6966832 -2.3974218
-3.5134773 -2.6773672
-3.552484 -3.0864298
-3.4112523 -1.9726392
-1.6572394 -2.4321852
-1.1021535 -3.2056537
-2.0150878 -3.0827508
-2.92906 -2.315949
-4.0951915 -2.4159915
-2.6267278 -1.2531999
-2.7084103 -2.4867654
-2.253327 -2.561739
-0.66487294 -3.0778806
-1.6557946 -3.0652783
-2.6827068 -2.005021
-1.6211177 -1.0255175
-2.2786808 -2.057771
-3.0633886 -2.6300454
-2.0088654 -3.1877189
-2.782274 -3.3136132
-2.323948 -3.4038048
-3.2685027 -2.0066886
-2.9377692 -1.4918122
-2.6525762 -1.5991958
-3.0783737 -2.7050753
-1.5861357 -0.9599613
-1.4251152 -3.679442
-1.4801562 -3.3049915
-2.6037805 -1.6568159
-0.6354887 -2.2419229
-1.7427906 -2.1535835
-2.9107423 -1.3183005
-2.8259156 -1.8450153
-0.26643932 -2.3419166
-1.3794678 -2.4206593
-3.857666 -1.9913431
-1.7514606 -3.0860724
-2.6776993 -3.6409671
-0.89518243 -3.3032568
-3.2354293 -1.5005673
-0.41555974 -2.6032271
-1.8087554 -2.4320557
-0.4470114 -3.0108607
-2.1240237 -1.945606
-3.3847623 -3.23471
-1.154745 -3.7149312
-2.2943912 -2.1241844
-2.117407 -2.006291
-3.546304 -1.9651549
-0.1850743 -5.437146
-2.6719174 -2.4914925
-3.8413918 -2.0072093
-3.4130745 -1.9058923
-4.4345093 -2.2720659
-1.3003538 -2.5614336
-1.4152359 -3.1676362
-1.5310919 -1.4313778
-1.6649836 -2.4197304
-2.0233116 -1.52931
-3.608059 -2.3775578
-2.9648433 -2.6427743
-2.6560996 -2.0198598
-1.6253662 -1.2032552
-2.3554723 -3.0635805
-4.148251 -2.0105174
-3.3426874 -1.4329286
-2.6543713 -2.4653533
-1.3213085 -4.2162204
-3.2845569 -1.9660717
-2.95453 -1.7788627
-1.0321615 -3.309427
-1.5379076 -2.2126808
-2.0303175 -2.5321379
-2.3168504 -1.6636899
-3.1587763 -2.3360424
-3.3100808 -1.2232631
-2.244481 -1.6971996
-3.0553946 -1.0425876
-1.962246 -2.283385
-1.4507501 -1.6503181
-0.72137105 -4.069166
-1.5808904 -3.406404
-2.4800277 -3.441045
-3.6390598 -3.4733675
-2.3834522 -2.5853353
-3.307786 -1.9498696
-2.7085545 -2.0403547
-3.2005 -2.2029843
-1.1934031 -2.069818
-3.050512 -2.9085062
-1.0750697 -2.154453
-1.0732409 -3.5058947
-0.49045163 -3.1592507
-1.1431243 -3.1978574
-3.7285974 -2.2848458
-3.900244 -1.8038211
-1.3028526 -2.2595356
-2.9268436 -2.2463598
-2.8526802 -2.916022
-4.0126796 -1.7787864
-3.3766997 -2.6752424
-2.0769644 -1.8403553
-3.6852186 -2.7836885
-1.6337163 -2.1494484
-2.5802052 -2.8715763
-1.9187948 -4.0222573
-2.2273176 -2.181839
-3.9988565 -1.7392523
-2.421537 -3.40146
-3.057932 -1.9949219
-0.28456086 -3.4139597
-2.088835 -2.1723466
-4.3081226 -2.2585332
-3.8988576 -2.724482
-2.3681626 -1.2580649
-2.8953593 -1.5266
-3.8625884 -2.819759
-2.462824 -2.0026953
-1.9504169 -1.1775035
-2.3347454 -1.4015642
-3.5880616 -2.4164338
-1.8922596 -3.589861
-1.6132264 -1.149992
-3.9826717 -1.540122
-1.8564808 -1.0858905
-3.4537086 -1.9066827
-3.3194847 -2.4668167
-2.6713114 -1.8959376
-2.7915943 -1.9667894
-1.4033126 -2.8046527
-1.2420738 -3.3879623
-1.2215661 -3.515314
-1.3596642 -3.7653022
-1.2051473 -2.427653
-1.8215871 -4.3059287
-2.9803307 -2.5054755
-1.6898266 -2.971918
-3.0113454 -1.4291558
-2.7260492 -2.378797
-3.8510244 -2.3295956
-0.9887129 -3.098083
-2.1844766 -1.791741
-3.0675735 -1.5291728
-1.5119554 -2.5405276
-1.0998127 -2.1735766
-3.6073737 -2.2720642
-0.6430604 -4.0461802
-1.5009952 -1.9458679
-1.4675572 -1.440555
0.0020561963 -3.2878306
-2.1382525 -3.4460871
-3.819947 -2.6840568
-3.0761883 -2.4273646
-3.0926237 -2.507202
-1.8886213 -3.5687158
-2.9951527 -2.814143
-3.2442033 -2.8785598
-1.484876 -2.3561192
-0.11907339 -2.8237333
-1.7986554 -2.3957531
-2.3261628 -3.2314434
-2.6757023 -2.9772043
-3.5641608 -2.535277
-1.585624 -1.835453
-1.8283315 -2.4611528
-2.5645893 -3.5959299
-3.827081 -1.7971909
-3.1646001 -2.0055878
-3.041653 -2.6812825
-1.7747258 -2.0533574
-1.7544253 -3.9911766
-2.1789393 -3.7720044
-3.194071 -2.0244298
-2.7327094 -2.6150131
-1.1310462 -2.5901244
-2.3312747 -2.7195807
-1.6984288 -1.9765251
-1.3755187 -2.596782
-2.5975122 -2.2681403
-2.0932145 -1.9386452
-3.9481046 -1.6546913
-2.670974 -1.5415368
-2.9457147 -1.7694247
-2.5112083 -1.2517087
0.6473218 -3.5480523
-2.4548929 -2.0454497
-2.127949 -2.1625338
-3.4194212 -2.3093903
-2.7673554 -2.7851672
-3.0593138 -2.4830718
-3.2297409 -1.5216421
-2.0958273 -2.2654452
-4.5034013 -3.1487095
-2.916041 -1.8490353
-0.6312935 -3.1587029
-0.952976 -3.0240333
0.04530035 -5.4695477
-1.4254003 -3.0800192
-1.5695908 -4.6498127
-0.89374954 -2.884175
1.0810981 -3.6491997
-2.3077385 -2.0368009
-2.7671027 -1.0148731
-1.0647135 -2.399055
-2.2731278 -1.9496586
-3.0783613 -1.6254655
-3.7070844 -1.53794
-2.7518578 -2.1591136
-1.6274197 -1.887346
-0.3540508 -1.8166088
-3.7140343 -2.7020829
-2.1578267 -2.3645551
-2.0757952 -2.3349211
-3.1612618 -2.3646724
-1.5825844 -3.8019955
-2.2431808 -2.4255714
-2.3027532 -2.5223422
-4.0615473 -3.2763834
-1.6949553 -2.936633
-3.7889593 -2.332978
-2.7370484 -3.2928195
-4.088232 -2.0459642
-2.38034 -0.7897215
-1.5477598 -1.4058617
-2.7169862 -3.1555495
-2.3234644 -1.0659287
-1.4413769 -1.4834399
-2.8455834 -1.8067394
-2.232478 -2.3051488
-4.0557275 -2.0242512
-1.8153305 -2.1867433
-2.1577084 -1.9384495
-3.7897663 -2.5980127
-3.310999 -2.451648
-3.1553004 -2.784449
-1.2446707 -3.43844
-3.3312845 -2.0968375
-2.1018643 -4.5693216
-2.9121268 -3.576722
-3.3078547 -2.890984
-3.1458418 -2.0898328
-2.4219177 -1.4280335
-0.55844235 -1.7197087
-2.7016654 -1.0426733
-0.37120843 -1.7186855
-2.6488266 -2.3575947
-1.9573848 -3.4862278
-2.8350155 -2.5391867
-1.8548081 -3.0697918
-3.3362877 -1.7317144
-3.4507482 -3.6331823
-2.8772373 -1.7426928
-1.8141192 -3.5905666
-1.4043207 -1.8929726
-1.6995474 -3.151739
-2.8382545 -1.7883114
-3.2975953 -4.4508047
-1.2150857 -2.6380131
-0.4810717 -4.4566565
-2.522403 -1.924619
-1.4739769 -0.9953431
-3.657637 -2.0730004
-3.0939643 -3.1289454
-1.9409943 -2.4314604
-2.0236669 -4.237322
-1.5222524 -2.0059557
-0.42112368 -3.944817
-2.626298 -2.629479
-2.3019645 -2.1109343
-3.0292032 -0.881611
-0.67847854 -2.7931006
-3.2585096 -2.291386
-1.3628564 -1.9125142
-2.2023613 -2.4905956
-2.8269093 -1.9295135
-2.411311 -1.680478
-3.1325712 -1.7605286
0.01617591 -5.2595477
-0.36580485 -3.4424534
-2.91473 -2.2464797
-2.2127168 -2.6355963
-2.4908571 -2.4165425
-0.5382851 -3.2555766
-3.0590105 -2.5638175
-2.6747193 -1.4067631
-3.3135886 -2.140687
-2.2218256 -1.3603647
-1.399879 -3.5904331
-4.0141487 -2.2316744
-1.9898978 -2.4177365
-2.2442727 -4.1042995
-2.8289757 -2.6655793
-2.434923 -2.542334
-2.4674106 -2.2275596
-2.9525332 -3.24265
-2.9432406 -0.8748263
-0.49437082 -1.4920048
-2.2179585 -2.6865983
-2.4355235 -1.2661551
-2.8383315 -2.0935798
-2.468855 -1.724199
-2.4875426 -3.4838457
-1.9407531 -3.3223188
-2.5373971 -1.3345509
-0.0060243905 -4.279545
0.6813612 -3.782131
-1.2366552 -1.5953698
0.32715052 -2.5464485
-2.86338 -2.4007204
-1.7844199 -3.4081287
-0.96830165 -3.1652546
-2.6482356 -3.3624785
-1.6693295 -3.30848
-2.711884 -2.4878566
-1.5502117 -3.030815
-1.0633812 -2.9298635
-1.0417525 -2.643285
-1.7512927 -1.6168106
-0.8562383 -1.9198782
0.01997672 -3.2305965
-2.4924028 -4.0096235
-0.24085352 -4.094492
-1.809205 -1.7221752
-4.0198393 -3.8939803
-1.2914603 -3.4329443
-1.0671799 -2.6355007
-1.9928713 -2.7476268
-3.2658784 -1.8518337
-1.452596 -3.3792057
-0.9232984 -1.9145063
-1.3035723 -3.240739
-3.4404373 -2.1141
-0.9967494 -2.8873026
-3.4170108 -2.6786916
-2.3109026 -1.6425879
-0.5098776 -2.6212664
-0.15804538 -2.9522157
-2.655436 -3.1474931
-0.10009284 -1.6622094
-3.6520004 -2.4453154
-3.332935 -1.8281212
-2.6921763 -2.713351
-1.6063917 -4.956813
-3.049656 -1.396161
-1.1022519 -3.8586984
-2.0962179 -2.7386854
-3.6437254 -2.294381
-2.417064 -2.1899376
-1.9178207 -3.8377843
-1.4328969 -2.036478
-1.0461407 -2.649959
-2.7885423 -2.047187
-1.7039661 -3.7807534
-2.4062614 -2.7751727
-1.3570067 -1.857143
-1.1593417 -4.119337
-2.753192 -1.5717052
-1.5598662 -1.1226122
-0.3876456 -2.206183
-1.3977175 -3.6018069
-0.55615807 -2.9400795
-3.0598764 -1.9034058
-2.633757 -1.9913123
-0.92905784 -2.555097
-2.7200756 -2.9471622
-4.127868 -2.5994945
0.66470706 -2.8981187
-1.9609941 -3.3921418
-0.3474102 -3.0364408
-1.1510236 -2.3681223
-2.9049227 -1.5481521
-0.45434272 -4.0440574
0.5471864 -2.4812686
-1.4573302 -2.5708
-1.3618546 -4.0492287
-2.1567357 -3.3588603
-1.0814588 -3.7999449
-1.3455594 -3.105931
-1.8084713 -2.4901314
-3.0867722 -1.7612258
-3.3565176 -2.8640802
-1.7791443 -2.5892544
-2.8494556 -4.7213063
-2.0379193 -2.5724783
-2.332121 -2.8839276
-2.2634168 -1.472524
-1.5427434 -2.4028559
-2.714768 -2.0546913
-1.8088005 -2.742289
-2.3924541 -2.076903
-2.3754237 -2.1417089
-2.2034009 -1.9397998
-3.766886 -2.7141538
-2.1725433 -2.4548306
-3.5654016 -2.914256
-3.2587495 -1.5698502
-1.9799515 -1.7699093
-4.360138 -1.8804735
-1.7291272 -3.2659125
-0.97331136 -3.0844414
-2.8817928 -1.4288783
-3.9233973 -3.1782143
-1.847908 -2.8299663
-0.5419121 -2.2941658
-2.203658 -2.141557
-3.5508606 -1.9859
-2.45444 -2.531076
-2.7801692 -1.6527652
-1.4446079 -3.1239388
-1.1541493 -2.9382935
-1.5940415 -3.7222624
-0.5941837 -1.6920321
-1.9785222 -1.4599762
-3.5010524 -1.8068794
-2.1260302 -2.6040602
-1.1537725 -4.413212
-2.0937147 -1.4808167
-0.87567806 -3.993318
-3.8486364 -3.457892
-3.440866 -2.5025072
-2.6915352 -1.9338958
-1.6848192 -1.5107697
-2.0724535 -2.312504
-2.0354319 -2.1826627
-1.6427394 -1.8560088
-2.2424157 -3.4412587
-2.1349037 -1.9733083
-2.8433325 -1.6868825
-3.090426 -2.1586564
-2.8748496 -2.004699
-2.2074058 -1.1980098
0.43414903 -3.0112562
-0.6933856 -3.800685
-0.7831545 -2.9869437
-3.0791996 -1.5749211
0.46333677 -3.0259655
-1.5442455 -2.2568538
-3.6209724 -1.8528422
-2.1295063 -2.340497
-0.87812746 -2.859683
-1.9441518 -1.940058
-0.91632926 -3.3626826
-2.9563205 -1.4544094
-2.6882687 -1.7514843
-3.3011262 -2.0841186
-2.2856987 -3.3167021
-2.8367403 -2.1538994
-2.8565464 -3.2696388
-2.9109554 -3.0178204
-2.4270449 -2.0893435
-1.6600345 -1.3761885
-0.710976 -2.216554
-2.6948636 -3.8118782
-1.811277 -2.8402424
-0.96225613 -2.146774
-2.1873713 -2.6660638
-1.7912194 -2.7090132
-2.743083 -2.8951502
-1.8660895 -3.4866755
-1.7680063 -3.1087246
-1.3849503 -1.4325489
-1.5889137 -2.7934132
-2.3689716 -1.5414921
-4.535419 -1.8507127
-1.6686722 -2.4614127
-1.5897368 -2.017176
-2.2556372 -4.594433
-1.8351854 -3.7989123
-1.2585087 -2.977379
-0.16152424 -3.0752375
-2.5309975 -1.3572146
-1.4543196 -3.8366954
-3.6128156 -2.017168
-0.6282538 -3.808835
-1.871055 -2.239359
-3.3964024 -1.8258108
-0.26183873 -3.9920452
-2.3984787 -1.1810843
-3.1915216 -1.4435745
-2.9444518 -1.1306255
-2.8146462 -0.8807539
-2.4207487 -3.7145922
-3.1145232 -1.4738618
-3.0953064 -3.1545908
-2.6715248 -1.8662709
-2.1742167 -1.4893184
-1.50413 -1.0676581
-0.6644946 -2.5223997
-3.2314453 -2.929141
-2.2124884 -1.4791867
-0.86764157 -3.8616269
-3.5925167 -2.667385
-0.8133944 -4.3055997
-1.8257457 -2.5949204
-2.9939327 -1.2689381
-3.2580948 -1.701809
-2.6949582 -2.263932
-2.5432284 -2.1415243
-1.6611412 -2.388204
-2.2823062 -2.8704982
-1.723982 -2.098437
-1.740795 -2.1458974
-2.4541256 -2.495356
-0.67474765 -4.51729
-2.096822 -2.1859078
-2.273221 -2.785283
-0.79950684 -3.5127106
-3.5895736 -2.601343
-1.4527606 -1.6783682
-2.6846697 -3.4540105
-3.373763 -1.6433518
-3.0865064 -1.8655306
-4.0600977 -1.8097711
-1.7899746 -2.610942
-3.0389254 -1.7817128
-3.2669816 -1.5790793
-1.2728974 -2.4315274
-3.055679 -2.8396494
-3.0667665 -1.2577586
-2.5032713 -2.8542867
-1.6891807 -1.2731854
-0.9361138 -3.991116
-1.5699797 -0.6118196
-3.135557 -1.7304661
-1.500632 -2.3881454
-1.2671286 -1.8576974
-1.4500321 -1.2192633
-1.4838572 -2.161544
-2.0918524 -2.7732966
-2.0108716 -2.4806795
-2.5443788 -2.4493473
-1.6649982 -4.2106133
-2.894071 -2.0654874
-3.7239308 -2.924998
-2.0602438 -2.0433648
-1.3281996 -2.7394173
-2.8765185 -1.2552414
-1.2655381 -1.7220474
-0.6978311 -3.3141108
-2.057295 -2.6681283
0.47431207 -2.3083453
-1.1368582 -2.7034674
-3.1669335 -2.6819117
-2.4541285 -2.6896002
-1.4446077 -2.1119545
-2.2400157 -0.57356
-2.9540892 -1.8426299
-1.5626866 -2.6015556
-0.18513256 -2.720963
-1.7667078 -3.7900007
-3.068338 -2.8472254
-3.7265348 -2.0505838
-1.3992636 -2.8597007
-1.74062 -2.086554
-0.49319124 -2.8875277
-1.4541659 -2.515526
-3.272978 -2.2121449
-1.1337281 -1.8969846
-2.2900138 -2.5132124
-2.7057383 -2.0168896
-2.1672313 -3.838941
-2.2916121 -1.5630921
-2.7387238 -3.3158514
-1.5114356 -1.319456
-1.7891488 -2.569617
-0.42493767 -3.516356
-1.8906121 -2.4480844
-2.5068882 -1.6516156
-3.3793974 -2.2451544
-2.190295 -2.1811044
-2.3788965 -0.9790559
-3.2426968 -1.244251
-3.4281566 -1.5068352
-1.9476789 -2.3789632
-1.0644481 -1.9044843
-2.230455 -2.9878843
-3.0334837 -2.7774973
-2.5852766 -4.0719423
-3.2059817 -2.17515
-3.3872643 -1.9104847
-1.2622075 -2.9812086
-1.5206215 -2.3780448
-1.5380824 -2.678372
-2.2300544 -2.9717734
-1.9073073 -4.108826
-1.8085644 -1.508904
-1.2898414 -4.2649226
-2.48544 -3.3236318
-2.7155921 -1.6370864
-2.3563316 -3.9841025
-2.1838396 -2.886336
-0.80747235 -2.834931
-1.905151 -3.249058
-1.6294321 -0.86414397
-2.3394587 -2.5169175
-0.91536504 -3.7476387
-0.8374725 -3.0726085
-1.2435613 -2.5354161
-0.7629119 -2.3902354
-2.6554568 -1.5800738
-1.7524549 -3.557855
-1.4101543 -2.5873344
-0.98644286 -3.350589
-2.379903 -1.6056017
-3.7052538 -2.6265318
-2.5187676 -2.87824
-3.6658998 -2.5533812
-2.7502728 -2.4802034
-2.2095442 -2.1928537
-3.9575787 -1.6203818
-2.570767 -1.4939741
-3.2592936 -1.9361244
-1.7057493 -2.1041508
-4.0189795 -1.3699267
-2.7346058 -2.4051878
-2.6407967 -3.5037508
-1.5305291 -1.6620255
-2.2311184 -2.346019
-2.6283538 -1.8725568
-1.483541 -2.8665338
-1.3998305 -1.3620256
-0.83907336 -3.7155118
-1.689624 -2.07677
-1.4410801 -3.371965
-1.642438 -2.134967
-2.589522 -1.5101486
-1.0495688 -3.188932
-3.2309566 -1.32571
-1.74823 -2.8587291
-3.8275037 -2.3619592
-0.50347966 -3.2133112
-2.4935586 -2.6783912
-1.7410289 -2.70119
-1.1732539 -3.8574793
-2.4172852 -2.972352
-3.1738145 -1.8655713
-3.324373 -1.5804113
-1.1700101 -1.7458762
-2.295433 -1.775231
-1.0943011 -1.0682948
-2.7856941 -2.5721426
-2.6196105 -1.3885351
0.21897303 -3.7068963
-1.8256804 -3.329591
-1.4910924 -3.1930726
-3.1213744 -1.6515973
-1.4677993 -2.6572235
-3.2779558 -2.8973033
-1.528094 -2.492363
-2.8219147 -1.7668087
-3.1902244 -2.715137
-0.8179696 -4.2277617
-0.8821998 -1.2134376
-3.6256447 -2.0220072
-1.1395025 -2.9721324
-2.7345934 -1.8956783
-2.5878239 -2.6216977
-2.9576013 -1.7783853
-2.6646438 -1.9519887
-2.2261055 -1.0080752
-2.7909818 -3.2498753
-1.5564123 -2.9395428
-2.5378573 -1.91414
-1.2906401 -3.415373
-2.073188 -3.3057837
-1.4554235 -3.8105273
-0.667663 -3.2698283
-1.5448151 -2.8383038
-2.6792886 -2.8380852
-2.0539854 -3.8485677
-0.8718074 -3.5570457
-3.05608 -2.1985142
-2.2767243 -1.2592674
-1.2513652 -3.4483547
-2.8064373 -3.266439
-2.792704 -1.7310972
-1.131839 -2.6934192
-3.7285671 -1.8479751
-1.0188206 -2.935255
-1.9307787 -1.8265527
-1.0615352 -1.8519459
-3.3618445 -0.9348979
-2.4337108 -2.3302865
-0.86969715 -3.0643272
-2.8584194 -2.120192
-2.015304 -2.7812898
-2.3153112 -1.9753802
-1.669871 -2.7050364
-2.1535473 -3.2729182
-2.0702658 -3.3905892
-2.2266355 -3.4380596
-3.0773602 -1.9260402
-1.7324568 -1.1062288
-3.5480921 -3.3161807
-1.558733 -2.8430297
-1.4882636 -1.4229742
-2.0492995 -3.102614
-1.750857 -1.93666
-1.075689 -2.6821659
-0.54076236 -1.6543294
-2.227921 -1.2450044
-2.027175 -1.6588013
-0.6699016 -3.3680515
-3.5364904 -2.155321
-1.4655427 -4.503684
-2.307401 -2.4327443
-2.9272544 -2.7577
-1.7547807 -2.4713132
-1.9979004 -3.0486786
-2.3963072 -1.8085445
-0.99127567 -2.776019
-2.0382771 -3.3813527
-2.4450324 -2.8789911
0.4055388 -2.4231904
-1.4147354 -2.3764758
-3.141324 -2.0809762
-3.0723333 -2.7673035
-4.3268533 -2.1855855
-1.1472842 -4.0296187
-3.332008 -2.3876748
-2.6350558 -2.3824925
-2.6356812 -1.6200856
-3.0543327 -1.4990348
-0.487059 -1.4430106
-1.7279154 -1.2038609
-3.6104465 -2.7813303
-1.312452 -2.192329
-2.6522307 -1.6880481
-2.0610774 -1.7326572
-1.012975 -4.0153074
-2.262524 -2.9481885
-2.3634531 -2.3875544
-2.0090456 -1.3072033
-1.5494877 -3.8147764
-2.55358 -2.6196806
-1.2379407 -3.9628773
-2.9449687 -1.8019209
-1.6552601 -2.6618135
-3.3106158 -1.7555354
-3.993632 -1.7133119
-1.463221 -3.136137
-3.3149588 -2.4216018
-2.3182847 -2.7883515
-1.4340713 -1.6922764
-0.86326456 -2.8547802
-1.7621595 -2.570408
-3.7078872 -1.9320703
-0.39329293 -2.6949966
-1.4259101 -2.879351
-1.3509488 -1.3364227
-1.0318217 -1.6334914
-1.64634 -3.502405
0.40981895 -3.098512
-2.799652 -2.4892209
-1.109201 -1.663708
-3.8188913 -3.426198
-0.7838975 -4.2575493
-1.8860067 -3.439302
-4.052126 -2.5605762
0.16470821 -2.8470442
-3.181179 -2.063985
-2.4450476 -1.5648419
-1.7766584 -2.3456464
-3.3451476 -2.1671693
-2.1305099 -1.4822848
-2.2561958 -1.2858677
-1.2311338 -5.072971
-3.0343473 -1.94165
-2.9173794 -2.6940265
-1.1697245 -2.8693821
-1.740199 -2.3041067
-3.5805252 -2.6155527
-1.5078478 -2.4478014
-2.3973272 -1.5211502
-1.0804963 -2.5486534
-1.1436119 -3.0350368
-2.1921735 -2.885959
-4.107555 -2.6379647
-1.1881249 -2.4744053
-0.15372995 -3.4426022
-2.6842365 -1.7620752
-4.341327 -2.4090228
-3.6078255 -2.6188715
-0.8526161 -2.9337902
-2.0823674 -3.5151124
-2.9880161 -1.7561423
-0.0029892623 -3.8459992
-3.5252185 -1.7594417
-2.1587722 -2.9096406
-3.115538 -1.4914957
-2.7689195 -1.5512346
-1.968001 -1.5413616
-2.8115997 -1.663942
-2.728144 -2.6169784
-2.571446 -1.1848191
-3.3519206 -2.253373
-0.75227106 -3.4646966
-1.1894516 -3.0033538
-1.7611831 -3.4289482
-1.6718212 -1.4395688
-1.2106128 -2.4239373
-1.5898832 -3.4813504
-3.313676 -2.2756305
-3.467765 -2.8699908
-2.183008 -2.0271573
-2.8585615 -2.0686004
-2.235091 -1.3626441
-2.9256124 -2.215089
-1.4144447 -1.0434909
-0.33306682 -2.7370858
-2.7837594 -2.6509142
-1.2670844 -1.822595
-2.6663842 -1.6591611
-3.0181746 -1.8206596
-3.2860336 -1.8101758
-1.6856035 -2.1076496
-3.076881 -2.4809096
-2.9655988 -1.3451412
-3.7383175 -5.0610433
-1.7758936 -3.9560611
-2.0060792 -1.7136883
-1.8179324 -3.6052897
-1.0774426 -3.395774
-3.692185 -1.0896351
-3.8903906 -1.7350254
-3.3372393 -2.8980155
-1.0226052 -3.9008987
-0.9594622 -1.1997422
-1.461715 -3.3975432
-2.8970566 -2.433881
-2.5346816 -2.282372
-2.4871762 -2.4374275
-3.4298813 -2.9054484
-2.4433577 -2.62827
-1.7632788 -1.2642696
-4.0975103 -2.2275574
-2.2077959 -1.8313785
-0.62419736 -1.897328
-3.737734 -1.5683615
-0.4621849 -4.2632465
-3.7271473 -2.2614288
-3.499956 -2.0015485
-0.7402253 -1.7721453
-1.4520432 -2.1995015
-0.6499811 -4.1889634
-1.7194502 -1.6947688
-2.8241885 -2.7105222
-0.6245726 -1.0691024
-1.8132328 -2.1576784
-0.98598725 -2.344136
-1.3829205 -2.1052024
-2.8437524 -2.3826966
-1.7686832 -2.698644
-1.0287787 -3.2120516
-1.5536392 -3.1399875
-4.1852636 -1.1497555
-4.180754 -1.5802071
-2.2972732 -1.4947795
-3.1928086 -2.2317195
-2.136947 -1.4256129
-2.9024305 -2.1204724
-2.299933 -1.6741155
-1.5006386 -3.8012316
-2.6754303 -1.7602031
-3.4052775 -1.6829604
-2.9992616 -1.6346881
-1.4670116 -2.743708
-4.1083517 -2.884558
-1.9686954 -2.1808975
-1.5900315 -2.9301813
-1.3231883 -3.7893527
-2.7134416 -1.9803712
-3.2812495 -1.3518691
-3.6856492 -1.5496001
-4.0559983 -2.7805107
-1.9898003 -2.2750103
-3.0208137 -1.0765576
-2.7358475 -1.750617
-3.3812652 -1.0671862
-1.6843874 -3.5910141
-2.1396065 -1.9984611
-1.5227976 -3.113684
-1.9816736 -1.6603934
-3.0891178 -4.2279553
-1.8756236 -1.0832231
-2.5084748 -2.1514657
-2.0971498 -2.1630085
-0.93890816 -3.2306323
-2.474578 -3.1526928
-3.9270473 -2.491873
-2.8307917 -1.6539029
-2.2593288 -0.8005791
-3.338896 -3.0279665
-1.3492305 -2.2241547
-1.8673699 -3.5396998
-2.9902027 -1.4356345
-1.6529658 -2.183042
-3.2967103 -2.2303536
-2.4152336 -1.4701623
-1.6515195 -2.2450657
-1.3491538 -2.9272878
-0.008628339 -3.1433399
-1.1518472 -3.234289
-2.4453406 -3.063701
-3.526474 -1.3096468
-2.3191364 -2.4059553
-0.27307606 -2.5267017
-2.3212674 -2.4498267
-2.8431911 -3.0768173
-0.45842338 -1.1947663
-4.3982387 -2.0345924
-2.0664768 -3.7958956
-1.5881668 -2.8838596
-1.5343435 -3.1270845
-1.4088899 -2.261572
-2.6347716 -4.160557
-1.3162209 -3.008346
-4.111044 -3.1797402
-2.3588927 -1.4826092
-2.684474 -1.4621015
-1.3790454 -2.434345
-2.5629792 -2.206817
-1.4827874 -2.663575
-2.1858382 -2.8552094
-0.77706325 -2.1387422
-2.1299107 -0.938167
-2.7542233 -2.8218594
-1.8699743 -1.6751796
-2.9709466 -1.9804183
-1.101594 -2.3881006
-2.6975377 -2.8708436
-2.335912 -3.0469823
-3.2869291 -3.2661543
-3.3608067 -2.6998105
-1.1985782 -2.6921449
-0.8997541 -3.4992716
0.3538679 -3.9617896
-1.489876 -2.3455682
-3.8035266 -3.0353208
-0.34618527 -3.2764435
-2.7601511 -3.138727
-2.090897 -1.9576669
-3.7305794 -2.8956983
-2.3149364 -1.6190091
-3.2882605 -2.866695
-1.1080093 -3.8554318
-3.8962803 -2.0204675
-0.31259587 -3.409163
-3.4462214 -1.7363504
-3.1854773 -1.9474292
-2.9557889 -2.0171251
-4.2416553 -1.8788228
-1.1606076 -1.8674937
-1.7666482 -3.0307434
-2.0474792 -1.716415
-2.19064 -3.7511182
-0.9379157 -3.470578
-3.7213914 -3.006553
-0.89895034 -2.5701494
-1.9487755 -2.9407406
-1.4825033 -1.3154833
-3.1767073 -2.6611326
-0.54759324 -2.2819262
-1.1578475 -2.4936562
-2.0913093 -1.9975346
-2.7685666 -1.856281
-2.4393063 -2.5843856
-3.8525321 -2.0109448
-2.2802398 -3.369479
-0.51096445 -3.8547509
-1.9922581 -2.2795126
-2.3274326 -2.5039656
-3.3314888 -1.7108266
-2.7501898 -0.93478024
-3.5547504 -1.0939562
-2.0961752 -1.9146655
-1.9466096 -2.0831745
-2.4287848 -2.0501933
-1.8946345 -3.8938432
-1.4884613 -1.7837023
-1.130883 -2.5598652
-0.45890456 -3.4468658
-2.5991874 -1.8494545
-2.7118423 -2.4780145
-1.9270244 -1.66524
-2.0359488 -2.8285296
-1.9152799 -2.447853
-2.8821611 -1.9765167
-1.8802837 -2.65761
-2.2812088 -1.2622274
-1.8792223 -2.1622396
-2.8295684 -2.116051
-2.5737925 -2.3690717
0.31429386 -3.8191953
-2.4739552 -2.4603024
-2.365544 -3.2373712
-2.65735 -2.3971314
-2.134169 -2.7216644
-1.5598246 -2.2491407
-1.6552747 -3.487005
-2.753973 -1.888564
-2.9038844 -1.6497473
-0.2623355 -2.3604534
-1.7501615 -3.177003
-3.477409 -1.8194758
-2.330158 -2.4048042
-1.279716 -2.4660597
-2.0754952 -1.9933529
-3.0034602 -2.6442263
-0.84603727 -3.1704814
-2.7279642 -0.80048347
-2.731577 -2.1113386
-0.81885827 -1.4889469
-1.5275377 -3.1900141
-0.86402774 -2.4875042
-3.2059705 -1.9049041
-1.2515635 -2.731406
-2.3727639 -2.0899746
-1.7223235 -2.3000135
-2.89859 -2.2079954
-0.45156828 -4.8393035
-3.3176696 -1.9196413
-2.560874 -2.4013703
-2.328321 -3.216678
-2.469528 -1.8631281
-0.8959797 -3.4729848
-2.7906086 -2.1277633
-1.4042946 -4.0745068
-0.36163843 -2.6958592
-1.8258318 -1.9606193
-3.9252882 -1.6278721
-1.6121359 -1.7404932
-2.1537814 -0.82402647
-4.084344 -2.383211
-2.4688396 -1.8138162
-1.5499789 -3.0091357
-1.6706486 -3.1692977
-1.7369173 -2.0053306
-0.89659023 -0.46989387
-3.7105246 -2.2179422
-2.4349604 -2.659003
-2.3193846 -3.01056
-2.1346922 -1.8077518
-2.4895606 -1.4970505
-3.644841 -1.8865814
-3.2039688 -1.7946305
-3.6276972 -2.284739
-1.9655555 -1.4047272
-1.2920455 -2.6554148
-1.6018217 -2.872432
-1.4599481 -3.0631285
-1.4003255 -2.912283
-1.2251537 -3.097924
-1.2576478 -1.9900182
-1.9176978 -2.3612316
-1.6390345 -3.8813357
-1.0081131 -1.55508
-1.3728908 -2.1694958
-1.586701 -2.7061777
-2.8591077 -1.8510914
-1.2168885 -1.8952847
-0.6940114 -3.9845138
-2.707586 -2.6454213
-0.67783 -3.7037356
-1.3616053 -1.3636084
-3.4140866 -1.769789
-0.45476294 -2.094568
-2.8098316 -2.6733427
-1.3100722 -1.8994381
-1.9547043 -3.3987606
-2.2593443 -2.644541
-2.5676699 -2.358768
-2.4451704 -2.377979
-2.2842762 -2.0081942
-1.8232837 -3.3461537
-1.263883 -3.6669421
-3.7556846 -2.4704974
-2.9991975 -3.3296795
-3.0390735 -2.492345
-0.5986295 -1.8125293
-3.4934828 -2.6197703
-1.8326591 -2.0340645
-3.861443 -1.9244717
-1.9242094 -2.996298
-1.379445 -2.0912554
-1.8141556 -3.026183
-1.4904412 -2.1815093
-1.4735872 -1.9250125
-2.482427 -2.1014478
-0.76736766 -2.541813
-2.850161 -1.9352602
-3.7795782 -2.2861137
-2.3017602 -3.8742983
-1.9773909 -2.6765113
-3.4729064 -1.2540742
-1.0331678 -2.2101147
-1.004046 -2.0773857
-1.4129611 -1.2793914
-1.9853439 -1.728136
-2.2893147 -1.7325969
-0.09275298 -2.9620616
-3.3590615 -1.284013
-1.3073756 -2.2123308
-1.0325255 -2.8279402
-2.473418 -2.5507479
-2.075229 -4.4540157
-2.2239459 -1.3350029
-2.6702754 -2.0000832
-2.6219137 -2.23342
-2.817219 -3.8891914
0.16905676 -1.4655969
-2.4714994 -3.6635535
-1.8193855 -2.323771
-2.869305 -1.7261685
-1.997826 -4.655767
-0.43024427 -3.3800151
-0.6051491 -2.429919
-2.247131 -3.9284296
-2.3377857 -2.3444839
-2.9292817 -1.8890593
-1.9153221 -1.2460796
-3.121929 -1.2906822
-2.7316217 -2.0793839
-2.4727485 -1.96807
-1.5595887 -3.9733882
-2.5558665 -1.3135417
-1.4655527 -3.098133
-2.1778686 -3.2855408
-2.7427247 -1.3047535
-2.1370537 -2.5611155
-0.77011174 -2.8055599
-0.06506282 -3.0919907
-1.0006782 -2.6076818
-2.9836097 -2.036166
-2.0797236 -2.177022
-2.2820306 -3.2308614
-1.4051117 -2.5147662
-0.42997015 -2.8084958
-1.9962704 -1.9075426
-1.1647629 -2.1483855
-1.6836021 -3.4334152
0.7397192 -2.708057
-1.6025945 -2.4511878
-1.7182007 -5.3593793
-1.4813255 -3.2457426
-2.705521 -2.5751688
-2.000983 -2.394535
-2.7763288 -2.7655964
-1.6750884 -3.2091525
-1.6332716 -1.428861
-3.2383926 -2.3164413
-2.471424 -2.9716542
-1.1956611 -2.359387
-3.6900785 -2.0529878
-2.668919 -2.0371423
-3.7138183 -2.043922
0.0158505 -2.1139262
-1.9795702 -1.7361518
-1.5962012 -3.2056746
-3.4893005 -1.4734691
-1.9304521 -2.2177734
-3.8453085 -2.1060445
-0.8939906 -3.3059661
-3.0283453 -2.1977503
-1.4222634 -3.3135061
-0.79786783 -1.4669405
-1.2979882 -2.5371075
-3.6718173 -2.512487
-3.4395695 -1.0945174
-1.0127355 -3.8119473
-2.645403 -2.3860402
-2.0055857 -0.58143175
-1.4150203 -3.14609
-2.0283756 -2.837744
-1.5330833 -3.3349676
-1.7503684 -1.8267221
-3.1499043 -2.3851626
-2.4797475 -1.6573184
-1.689525 -2.336899
-2.8877015 -2.3116357
-3.369144 -2.0720005
-2.6756868 -2.1150966
-2.3129463 -3.1884131
-2.407061 -2.9683344
-4.8619742 -2.6793752
-0.6293719 -2.4589272
-2.8549702 -1.5165352
-3.8588026 -1.3775903
-2.9897058 -2.261839
-3.6978836 -1.905254
-2.7867389 -2.7231963
-2.2052317 -1.3317138
-1.5769943 -1.9126855
-2.4962993 -2.434743
-2.8626676 -1.9186147
-1.9897801 -2.0584111
-3.0293844 -2.9374883
-2.418154 -1.4167243
-2.596832 -1.6597333
-1.6617547 -2.8197517
-2.2748277 -1.9397907
-2.9400156 -2.583379
-4.1080546 -2.4158523
-2.1981936 -1.4679601
-3.0704558 -2.2880867
-2.9500813 -1.8894984
-3.1930873 -2.9956763
-2.179638 -1.3443674
-2.9978795 -2.1863525
0.33098817 -2.682475
-2.716984 -2.3560977
-1.6946467 -2.4589016
-2.533369 -2.8617043
-1.1617728 -3.5395482
-2.7609966 -4.61123
-3.5934675 -2.061307
-2.6469536 -1.7848407
-3.0752604 -1.6823049
-1.5934501 -3.6595616
-2.1618016 -0.8974885
-2.8892975 -1.7304312
-0.8815327 -2.8111753
-1.1897101 -2.590081
-1.4107653 -2.9894452
-1.9192675 -2.21978
0.52920926 -3.317595
-1.8589045 -2.629376
-3.8289957 -1.9794308
-2.8050354 -2.61706
-2.2944987 -3.0671408
-3.6224067 -2.1577256
-2.4631557 -2.705208
-1.8963071 -2.955593
-1.3007972 -4.2472386
