-3.4859657 -2.5542138
-2.0210216 -4.0910964
-3.2205608 -3.2856212
-3.555245 -3.094742
-3.1267269 -3.8597965
-3.7607157 -3.8006856
-2.793643 -4.0888567
-3.3207376 -3.5314605
-3.6483328 -3.9148407
-2.9342241 -4.1225805
-2.423143 -3.716243
-3.5631995 -2.8771732
-2.9469345 -3.9538555
-2.7396286 -4.0254297
-3.6920824 -2.307894
-3.8730419 -2.7333057
-3.5935693 -3.4295676
-2.7066717 -4.640947
-3.6095705 -3.5195112
-2.5383236 -4.0340395
-3.0563254 -4.8411865
-3.3328168 -3.289809
-3.1915119 -4.8686
-2.6532605 -4.8256574
-4.6867847 -3.5552313
-3.0016115 -3.904491
-4.380701 -3.9305484
-3.3336515 -3.9298854
-3.5561984 -3.0727723
-2.8895812 -2.7718127
-3.8462148 -2.7978983
-2.8911715 -2.7837708
-2.6143134 -6.0705066
-3.9590943 -3.168674
-3.956906 -2.4472325
-3.1035693 -3.00065
-2.9608967 -2.537783
-4.1933603 -2.8490095
-4.537525 -4.952657
-3.2692761 -3.3013613
-3.8702235 -2.7019808
-2.7673454 -3.8826241
-2.7122765 -2.2762277
-4.304542 -3.3812485
-3.531703 -2.5035598
-3.650138 -3.0201328
-2.6598036 -1.5287746
-3.4788296 -3.8602684
-3.9956157 -2.3917823
-4.405773 -4.2073827
-3.5222645 -3.7071085
-3.3902924 -3.6034627
-2.421497 -5.100498
-3.0934281 -3.7264764
-3.0624743 -3.675749
-2.6296976 -4.3505545
-3.0562587 -3.9844584
-3.8952975 -3.220816
-4.3284216 -3.190481
-2.9778306 -3.4530025
-4.1751213 -2.870651
-4.402953 -2.6090653
-3.1213026 -2.7594144
-4.8739285 -3.3936882
-3.598047 -3.6806645
-2.9637647 -3.3671439
-2.7084744 -4.4184055
-3.754031 -2.4307296
-3.023281 -2.3509378
-1.6836551 -4.7886868
-3.2783542 -3.8683631
-2.2583752 -4.953231
-3.4068472 -4.8051434
-4.957801 -3.974713
-3.2226439 -3.7726912
-3.2747588 -3.2790844
-2.8979821 -3.842092
-3.5201018 -3.5977557
-2.9630067 -3.451777
-3.2574148 -3.0479596
-2.7648456 -3.6276822
-3.714267 -2.6525078
-2.29791 -4.8304167
-3.4859693 -3.2923987
-3.5086381 -3.5519838
-3.3998804 -3.6522105
-3.03503 -3.4815667
-4.2381306 -2.7441797
-3.7195451 -3.2147243
-2.0206573 -4.3401723
-3.2903955 -3.8361416
-2.7968934 -4.1328626
-3.1467159 -4.3497257
-2.6749394 -3.9318287
-4.45711 -4.2882633
-3.7974422 -2.9227548
-2.879371 -5.0681057
-4.527906 -3.1233587
-2.4462416 -3.1882136
-3.5112176 -2.0183551
-3.5854425 -4.220282
-4.1410103 -3.3594835
-4.4602156 -2.474455
-3.4429734 -2.7524102
-3.709526 -2.304926
-4.535386 -4.464037
-3.7472174 -2.9105444
-2.511922 -3.3468246
-2.558539 -3.6014292
-3.0754058 -2.7375677
-3.9819984 -3.0231223
-2.8901699 -3.3530018
-3.3680162 -4.7229724
-3.7614374 -2.349266
-4.0779986 -2.9791796
-3.6002564 -4.0665054
-3.765831 -3.7138412
-3.6067903 -3.477581
-2.2893271 -4.071167
-2.5867538 -3.7767384
-3.5613785 -3.438181
-1.7385249 -3.8763213
-4.7205153 -3.6607292
-2.7055595 -3.3450704
-2.2334473 -3.6323884
-3.424537 -3.4197176
-2.8485787 -3.3391995
-3.5068395 -3.1396813
-3.0616689 -3.5028837
-3.4837112 -3.2792518
-3.1351063 -3.1627147
-2.8596303 -4.940598
-3.8784807 -2.3247077
-3.6361253 -4.528061
-2.9245245 -3.4958875
-3.5023932 -4.126151
-3.5291286 -4.9156537
-3.6917803 -3.342059
-3.2348323 -4.0054836
-3.617339 -4.405791
-2.9419756 -3.1366234
-3.1042864 -3.1087737
-3.52958 -3.0867074
-3.676346 -1.9533616
-2.5124762 -3.2906773
-2.8940737 -4.498105
-4.6183887 -4.7784786
-4.072086 -5.5698466
-3.407347 -4.444393
-3.264923 -3.957367
-3.7567592 -2.8243814
-2.7135384 -3.8767848
-3.4359567 -2.875195
-3.2516274 -3.2490695
-3.273353 -4.186388
-2.4186213 -3.474691
-2.7864742 -3.341099
-3.6309965 -2.373358
-3.9342136 -2.662218
-3.6596627 -3.189768
-2.4306695 -5.7220864
-4.116628 -3.012895
-3.5411012 -4.182608
-3.9850268 -4.117175
-4.399157 -3.898613
-2.2578075 -4.525688
-3.942981 -3.6572154
-4.6398497 -2.6371996
-3.3884406 -3.8260627
-1.0833431 -5.234205
-3.277653 -2.5395918
-3.458978 -3.9877927
-2.787414 -3.5067396
-2.617915 -4.110706
-3.6560328 -2.6268497
-4.0666165 -2.427706
-2.9613779 -4.4462414
-3.93181 -2.0063794
-3.0280929 -4.038207
-4.169564 -2.4076118
-3.2829113 -3.1578064
-3.5241795 -3.1218455
-3.8084364 -3.521723
-2.2637236 -3.8073344
-2.860313 -4.505594
-3.7863398 -2.755474
-2.8667674 -2.216569
-4.09341 -3.9571917
-5.2230525 -5.5247817
-3.185695 -4.447176
-2.5766318 -4.1220145
-3.3839169 -3.3417614
-4.0226097 -3.5549567
-3.1507375 -2.065969
-3.2315502 -2.650423
-3.4061775 -2.6235685
-3.9220023 -2.99462
-4.22052 -2.5693595
-2.830692 -4.70631
-3.883846 -2.2986863
-3.2331815 -3.0923843
-2.6426883 -3.4936824
-3.0052984 -3.1596458
-1.7892191 -2.8037775
-3.3214073 -4.469968
-3.0148623 -5.258839
-3.0331867 -1.8016442
-2.9449239 -4.5896397
-3.1114957 -4.279983
-1.8664887 -3.7481434
-2.4957244 -3.7443721
-3.5136793 -3.2643752
-2.7008922 -4.965187
-3.1920633 -2.985677
-2.9179463 -4.076069
-4.0624638 -3.466482
-2.6564884 -4.24202
-4.029091 -3.402973
-3.126466 -4.479213
-3.439348 -3.2006853
-4.7841816 -3.0987356
-2.6884964 -4.8165727
-2.136973 -3.857653
-3.758507 -4.3905296
-3.6506557 -2.7443435
-1.5586513 -3.5035393
-4.64919 -2.4533653
-2.8014984 -4.285476
-2.7701612 -4.234497
-2.8503225 -3.4153242
-3.5082088 -2.8200185
-3.7347207 -2.7819512
-2.8651338 -3.255101
-4.4365726 -2.6105301
-3.0422626 -4.338285
-2.9881527 -3.9662185
-3.4316065 -3.9636412
-4.0284758 -5.0577602
-2.184007 -3.9788415
-3.683513 -1.5398068
-4.548975 -2.8644857
-4.2520785 -4.4012356
-4.402035 -3.3749435
-3.0040472 -3.8721788
-2.831103 -5.7960505
-4.0814996 -3.4409015
-3.1313195 -4.196058
-3.3921478 -3.6180942
-2.8232577 -3.2319016
-4.182303 -4.6523266
-3.7135534 -2.8908103
-4.3594866 -1.4635944
-4.5282593 -2.529975
-4.173174 -3.818993
-3.7034621 -2.9798784
-4.0210795 -3.9397106
-3.8373528 -2.4895594
-2.8048847 -2.144765
-4.011068 -2.7169762
-2.819672 -5.281088
-3.8318229 -2.8047671
-3.4081244 -3.962915
-3.3032844 -2.8383105
-3.2337236 -2.7941442
-3.7144163 -4.0408826
-4.155334 -3.9467943
-3.0067337 -4.3889914
-3.8702054 -3.6447349
-2.5157127 -4.675552
-3.5289395 -3.609643
-3.9486248 -2.8476691
-2.741831 -4.096984
-3.4114993 -3.0940714
-3.1964133 -4.081794
-2.8975728 -4.6839743
-4.1465087 -3.3814814
-3.301508 -3.2823694
-2.8291006 -3.4497263
-3.9878094 -4.1347904
-2.3435593 -3.0939476
-3.9744163 -4.9641805
-2.7509694 -2.9651327
-3.5357504 -2.591973
-2.4699526 -5.4429073
-3.4239955 -1.8609987
-3.406377 -4.144659
-3.613428 -3.7832017
-2.5728347 -4.115795
-5.323126 -3.7669814
-2.8417568 -2.3302476
-3.4144812 -3.9879098
-3.7192588 -2.754602
-3.607873 -3.4714334
-4.4757457 -4.9628363
-3.43765 -2.293676
-4.44768 -2.846006
-3.4045932 -3.6504993
-2.9867313 -5.7116776
-2.3929963 -3.5802867
-3.2499132 -3.6024516
-3.5880089 -4.8610053
-2.7883122 -2.6626046
-2.623191 -4.696755
-2.739975 -4.6869216
-3.4185948 -3.778711
-2.5847137 -2.4075742
-3.5312235 -2.9417374
-2.5039659 -4.6772337
-2.805514 -3.7901168
-3.9363687 -2.484073
-3.0531633 -3.4841971
-2.2604828 -3.7686524
-3.7533379 -3.9693737
-2.766515 -4.4431396
-4.0037374 -4.4007726
-3.8275433 -3.769819
-3.3944666 -3.0267956
-4.4103107 -3.4889038
-3.6726162 -2.9923012
-4.192913 -4.069429
-4.012762 -3.9688182
-2.1848006 -5.4754734
-1.8984548 -3.0867233
-2.913996 -3.5336945
-2.95947 -3.9591691
-2.0744283 -5.202027
-2.8951757 -1.871721
-3.4537969 -3.6172023
-4.330513 -3.305301
-3.3060908 -2.5889275
-3.265997 -4.4480934
-3.287426 -4.559285
-3.8874323 -3.1776211
-3.0138364 -5.9345384
-3.6964712 -2.7427502
-3.6781971 -2.5344348
-3.7092397 -3.183972
-3.952538 -2.2637756
-4.277595 -4.0937486
-2.5194926 -2.5374107
-3.490807 -4.897119
-3.689354 -4.6738977
-3.703779 -3.4374611
-4.2894316 -2.98921
-2.8090615 -4.1639085
-2.0494015 -4.0517206
-3.4123967 -4.409274
-3.8984191 -3.0892181
-3.7516778 -2.8252647
-3.620631 -4.5900364
-3.1554644 -4.5970497
-2.762931 -4.8571205
-3.648253 -3.3303783
-4.0430374 -3.2228792
-2.4109104 -5.1525035
-3.653587 -3.937754
-2.2407835 -2.9208534
-2.8803062 -3.011699
-3.78612 -4.4181576
-1.5007427 -4.232315
-3.7808604 -4.1964197
-3.4546485 -2.8783238
-2.514741 -1.8518549
-1.7772484 -3.839773
-4.42725 -4.468954
-4.0092554 -3.3399756
-3.4000478 -3.9632306
-3.3834999 -4.355295
-2.666703 -4.0260205
-4.33873 -3.167122
-2.734664 -3.7057066
-3.614098 -2.8015857
-3.6037004 -3.7896292
-3.6702795 -4.2108016
-4.2871227 -3.1718912
-3.9054987 -3.398129
-3.3553193 -3.811267
-3.6431139 -3.3921437
-2.2087011 -4.534107
-3.6380801 -4.1816297
-1.0496893 -4.97594
-2.272227 -5.0149393
-2.142025 -3.9929953
-3.2444558 -1.9862349
-3.8639739 -3.538611
-2.5270047 -3.09362
-4.149895 -3.8516524
-2.6066446 -5.8079047
-3.4623907 -3.4645908
-3.1080384 -4.4343944
-4.327959 -5.024073
-2.946412 -3.3399932
-3.7007306 -3.595795
-4.532548 -4.1390867
-2.6417413 -3.424919
-3.8617232 -3.1904233
-2.5641346 -4.3599896
-2.77833 -3.715442
-4.2654176 -2.335195
-4.8547163 -3.1280131
-3.0465734 -3.0317774
-3.917826 -2.9511297
-4.070971 -3.3236618
-2.8214746 -4.602213
-4.129496 -4.271079
-3.000794 -2.5670168
-3.9176266 -3.3436053
-4.7764564 -3.7314157
-2.8865397 -5.085295
-3.6688378 -2.8284159
-3.60336 -3.1944027
-4.0500684 -3.8898263
-3.6543605 -3.2966726
-3.641571 -3.1079364
-4.097471 -3.118442
-2.4487863 -3.2870176
-3.9431303 -2.007132
-5.0808525 -4.159829
-3.2795916 -3.0148585
-4.2821016 -3.457833
-2.4863522 -4.788218
-3.7398934 -3.0368285
-2.7985404 -3.8525996
-2.724587 -4.605314
-1.9031755 -2.1363196
-3.0271728 -3.6271245
-2.4126196 -2.9237692
-1.1917241 -2.9905288
-3.2768872 -4.7388735
-2.936625 -4.653473
-1.7811465 -3.7672133
-4.1444416 -3.3065844
-3.0072489 -3.9254942
-4.090347 -3.4069207
-1.1336478 -4.9458923
-3.3536584 -3.6835356
-2.8314779 -4.514199
-2.5240889 -5.040904
-4.2303133 -2.5788517
-3.3915544 -3.8143547
-3.1944053 -4.6602516
-2.6837788 -3.4568825
-3.178642 -2.9693766
-2.9364367 -3.9309645
-2.531561 -4.677954
-3.1604905 -2.7788095
-4.0651317 -3.5376298
-2.609763 -3.3454292
-3.4263542 -2.6617408
-4.031832 -3.0680346
-4.5608945 -3.6811078
-3.6352985 -3.4285257
-3.801035 -3.244839
-3.6937315 -3.2353158
-4.421066 -3.7642386
-3.7410362 -3.9441924
-3.8324304 -2.9643717
-4.7480536 -4.385151
-4.5437813 -3.7881665
-2.9504018 -4.8078485
-3.3779228 -3.5691922
-3.75989 -1.9846373
-4.386626 -3.5706043
-3.6515262 -4.1322083
-4.043403 -3.204754
-2.7672315 -2.7789981
-3.1831095 -3.6271403
-2.9936442 -3.79936
-1.7954682 -3.6081913
-2.2147446 -4.71904
-4.1695385 -3.191665
-3.6430318 -3.5456219
-4.4163713 -3.167718
-3.3310714 -2.658374
-1.869071 -4.482997
-3.791979 -3.595602
-1.4298015 -5.3649774
-1.6200743 -3.9089026
-3.6458037 -3.1617045
-2.6289015 -4.5669913
-3.542439 -4.5683174
-2.7616577 -2.5036302
-2.8620567 -2.583474
-1.9787917 -5.24168
-2.810274 -2.8744888
-2.8201025 -3.8741117
-4.1193566 -5.833077
-4.1528363 -2.6684797
-3.760985 -3.3306153
-2.5739563 -3.9331357
-3.203649 -5.034887
-4.6597037 -3.702333
-3.8367538 -3.000309
-3.2474127 -2.8499017
-4.8309317 -4.70001
-3.8842485 -3.9250681
-4.678182 -3.8991194
-4.1200447 -2.6847315
-3.6696057 -2.7920954
-3.4031274 -5.193736
-2.3696947 -4.351879
-3.1878936 -4.38641
-3.263137 -3.1590838
-4.1284657 -3.2406957
-2.4681082 -5.0933523
-2.2388246 -4.711046
-0.91731715 -2.5432482
-2.8373928 -3.760398
-2.2220402 -4.4333196
-3.425764 -2.1501708
-3.9083319 -2.2399065
-3.534554 -3.6934824
-3.6001432 -2.9521768
-3.8759155 -3.3028243
-3.7800496 -4.0927634
-2.9425085 -4.000861
-2.8036814 -4.2594504
-3.4921453 -4.1900525
-3.4840238 -2.6759994
-3.4266844 -2.1811118
-3.5524905 -2.7939422
-3.7614243 -4.0694776
-3.5514457 -3.6806955
-3.0811684 -3.492209
-2.784108 -4.7738943
-3.22893 -2.6582747
-3.5837119 -3.0575159
-2.7135482 -2.895209
-2.9840221 -3.3730273
-3.017022 -3.3278036
-2.496573 -4.815398
-3.3948994 -3.6429327
-3.932654 -2.826434
-4.520564 -2.8021355
-2.9966087 -2.3726184
-3.2866056 -3.1220472
-3.8199568 -2.5517073
-3.3346856 -3.655016
-3.1018796 -4.2169642
-2.6295002 -2.9387345
-3.3340726 -2.7157867
-2.0966237 -3.3650458
-3.138254 -3.7250845
-3.9902668 -2.980899
-2.9850545 -2.746198
-2.8814714 -3.4529607
-3.6104536 -3.4266794
-3.4642913 -3.1808007
-3.3439283 -2.8102343
-1.6494597 -3.4074473
-3.2424946 -3.97308
-3.109262 -3.2595801
-1.6729488 -4.514506
-3.5303652 -3.0234666
-2.907709 -2.8666773
-2.366063 -3.6843913
-2.1416302 -4.646225
-3.7087464 -3.0030484
-3.4805481 -3.3510396
-3.354062 -3.9806619
-4.107596 -4.1069922
-2.490041 -3.3455682
-3.394545 -3.1937926
-3.0592842 -4.3545485
-3.582921 -3.8973966
-3.4488394 -4.946703
-3.419922 -4.206756
-3.8223913 -2.5958686
-2.6189547 -4.0810423
-3.4061043 -4.2872066
-2.8274493 -3.4522986
-2.94364 -3.5422673
-3.9151478 -2.5641425
-3.4222393 -3.9098659
-3.4076266 -3.3220327
-3.6210194 -3.4532695
-3.2410192 -3.5443044
-3.314113 -3.5930035
-3.7841256 -3.5374649
-3.0318797 -4.975538
-3.7549279 -3.5361013
-2.8984091 -2.961583
-4.061392 -3.6183574
-4.2336226 -3.4702613
-3.0328524 -3.8418434
-3.8137877 -3.043971
-3.205236 -3.9699652
-3.0049856 -2.8230667
-1.6477239 -5.45365
-3.2845638 -2.5862257
-3.4855118 -3.1997185
-2.3414538 -3.99502
-3.5294702 -4.7350597
-3.441922 -3.0820627
-3.3404746 -2.5585072
-3.3417487 -2.6440196
-2.3628752 -4.725251
-3.3171017 -3.7653213
-3.622431 -3.6856163
-3.4760778 -3.5605807
-3.1220593 -3.7147372
-2.2528508 -4.1602607
-2.916318 -2.9759943
-1.8347446 -4.098321
-2.373714 -3.9099689
-3.4597006 -4.0472336
-4.3215733 -3.4691806
-1.6718142 -4.1412597
-2.9841006 -1.915616
-2.844833 -4.704792
-2.4156103 -2.34889
-3.9075053 -3.0360038
-3.4697034 -4.777473
-3.5790806 -4.1771016
-4.133976 -3.4976294
-2.8065166 -4.4737763
-3.2419558 -2.240631
-2.6420274 -4.3212996
-2.4766119 -3.728113
-3.015855 -3.9212599
-2.660604 -4.1274037
-2.8132865 -3.581387
-3.4618654 -2.45168
-3.0586047 -4.695025
-2.1944525 -3.0942345
-3.115526 -3.1260495
-4.373707 -2.4323905
-3.6633646 -2.9180965
-3.4800212 -2.5496747
-2.453474 -5.222078
-3.230328 -5.8235517
-2.91197 -3.6554031
-3.1707616 -2.278869
-3.4904578 -4.0989923
-3.4708576 -3.3673375
-2.1531255 -4.40118
-3.5987866 -2.2589614
-4.059205 -2.6516287
-2.969287 -3.555638
-3.6819823 -3.4675882
-3.7751806 -3.3332403
-3.5724225 -3.1741037
-3.9262376 -3.5961375
-4.2636533 -3.3721664
-3.4857621 -2.4738245
-4.0311017 -3.3565128
-1.7227539 -5.08689
-3.9165483 -3.467574
-3.0333667 -5.2741523
-4.4425755 -2.8340883
-3.0866177 -2.777825
-3.996971 -3.9922695
-3.4199495 -3.310955
-3.0700169 -4.8377743
-3.1143982 -3.3235953
-2.8459196 -3.2912316
-3.9540632 -3.2666976
-3.3253665 -3.2449229
-3.5649824 -3.6182313
-3.0956929 -4.303103
-3.3564296 -2.9809985
-3.0508895 -3.3714945
-2.5852044 -4.770192
-3.3299813 -2.4402392
-3.4341617 -3.463022
-3.927402 -4.5085473
-3.4052122 -2.3394427
-2.8568523 -2.5089474
-2.890252 -2.8861134
-4.609163 -3.5168853
-3.2837815 -2.920688
-4.437938 -3.6889913
-2.9592123 -4.105846
-3.9861248 -2.245158
-3.4139042 -2.6280775
-2.9874341 -3.6997476
-3.5955794 -2.9373853
-3.969547 -6.1623974
-3.1597738 -4.134362
-2.3054702 -3.4804397
-3.821358 -6.7310386
-3.7045197 -3.1137426
-3.224644 -3.440501
-4.0514736 -3.2273605
-2.0395205 -3.508409
-2.8233762 -4.029077
-3.2488902 -3.628139
-1.7265825 -3.8597558
-2.7618177 -2.9676833
-3.0834415 -2.9558272
-2.0799222 -4.061226
-3.1487951 -1.9777792
-3.4681017 -3.0788279
-5.425029 -4.277792
-4.036402 -3.5108473
-5.2326355 -3.8425593
-4.359751 -3.9013593
-4.0111694 -3.2047012
-1.9475832 -2.059488
-2.5328634 -4.6995797
-3.159523 -4.117843
-3.0301154 -4.201526
-4.8735604 -3.167686
-3.8302765 -2.9636793
-3.4466367 -3.2976134
-3.9272165 -4.0795927
-2.1760993 -4.743604
-3.0625908 -4.641514
-3.9455798 -3.7105582
-2.8857257 -2.6787632
-3.7495 -3.6155097
-4.4427214 -3.106826
-3.176302 -3.6769042
-3.644009 -3.5047376
-4.1268473 -3.8534884
-4.182786 -3.0282085
-3.6199627 -2.8555148
-3.3711343 -3.1963203
-3.4521058 -3.3660913
-2.9619327 -2.3060408
-2.5876205 -4.2096705
-2.26167 -4.450602
-3.78126 -3.3010035
-2.2668245 -3.9865565
-3.321798 -3.776463
-3.7452993 -2.9911463
-3.9761574 -3.0868578
-2.8208244 -4.015203
-2.8494773 -4.271537
-3.6945307 -2.5604239
-3.177039 -4.3090405
-3.7953255 -4.178355
-2.0587912 -3.9330883
-4.3448186 -3.64108
-1.8950979 -4.0765014
-3.2004786 -3.694958
-2.3367398 -3.7972274
-3.537088 -3.4499526
-3.794478 -3.9248734
-3.0002937 -4.410925
-3.7571332 -2.8355079
-3.5619743 -2.9402447
-4.2966065 -3.563598
-1.343677 -6.250319
-2.7616017 -1.7471482
-3.8629916 -3.7390203
-3.8385835 -2.8655062
-4.5731 -2.842051
-3.1768951 -4.3220763
-3.1611602 -3.8955266
-3.6394892 -2.6664143
-2.958814 -4.01821
-3.8718967 -2.9777048
-4.336494 -3.5902953
-2.7912588 -3.5004222
-3.5708818 -3.390415
-2.41971 -2.5672984
-2.326964 -3.536807
-4.111869 -2.9442408
-4.186558 -2.2661269
-3.4164855 -3.4784718
-2.9341185 -5.423559
-3.9760442 -2.87143
-3.9984076 -2.672971
-2.9051392 -4.9432526
-2.9978652 -4.1663437
-3.219832 -3.6384606
-3.2249296 -2.7586973
-4.137542 -3.0468864
-4.475265 -2.3511398
-3.3105962 -3.3620882
-3.801054 -2.1584601
-3.0167828 -3.3431706
-2.7111583 -3.5063512
-3.3855894 -4.786248
-2.8648214 -4.424165
-3.8491442 -4.2461605
-4.2214355 -4.137792
-3.9655025 -3.0608873
-3.5272403 -3.0834517
-3.0826008 -2.7850373
-3.8237042 -3.2215202
-3.0862095 -4.237308
-4.297043 -4.1591916
-2.7355676 -3.8546157
-2.3283231 -4.4033723
-2.801299 -5.0293183
-2.7424533 -4.7414503
-3.8620548 -3.2655976
-3.8831809 -3.017147
-2.8390114 -4.11274
-3.4235451 -3.947571
-3.564898 -3.9162223
-3.512546 -3.3641872
-3.3588545 -3.0028358
-3.5980523 -2.5218022
-4.3638687 -3.3645244
-2.4632955 -3.090472
-3.7900276 -3.50364
-3.1950555 -4.506454
-3.2905307 -3.0867538
-4.8397956 -2.675051
-3.844151 -4.340748
-3.7932892 -3.891839
-2.1404812 -4.2910233
-3.2584875 -2.6148882
-4.647841 -3.5354798
-4.888212 -3.2360404
-3.6992455 -2.3413067
-3.9008095 -2.548013
-4.95923 -3.7398605
-3.3408382 -3.2689533
-3.5289414 -2.6927824
-3.225497 -2.5429761
-5.1992617 -2.8979156
-2.7482462 -4.7265053
-3.9893148 -3.1922743
-4.8263407 -3.0827975
-2.9435396 -2.6705687
-4.595345 -2.8222775
-3.4479716 -3.920838
-3.0556378 -3.310286
-4.276705 -3.1309235
-2.495908 -4.5626726
-3.352569 -4.5399556
-2.209452 -4.1026297
-2.8441246 -4.6351476
-2.676907 -3.8259327
-1.8664564 -5.9704
-3.76011 -3.3011606
-3.1707983 -4.1558146
-4.2098184 -2.9137373
-3.5968425 -3.364004
-4.3260927 -2.8708928
-2.8456197 -4.6822205
-3.4074466 -3.3955436
-4.2272544 -3.0182066
-2.607891 -3.200136
-2.5157654 -3.869119
-4.4655776 -2.9106708
-2.2304094 -5.2961106
-2.96106 -3.7507603
-2.6088893 -3.0228055
-1.907817 -4.1606007
-3.7517052 -3.8391604
-4.494367 -2.8306684
-4.7335234 -3.38857
-2.3993185 -3.3385966
-2.5270538 -4.594082
-3.6090178 -3.7261362
-3.9582238 -4.1785355
-2.789238 -3.886616
-1.845578 -3.5516205
-3.2317894 -3.9611232
-3.6619115 -4.2001624
-3.971872 -4.24814
-4.4856234 -3.9821742
-3.6849554 -2.612782
-2.7524061 -3.292857
-3.4942448 -4.6271687
-4.7400684 -3.3830867
-3.8447213 -3.126923
-3.1141346 -3.7407215
-2.5607347 -3.0274682
-3.2769263 -4.709583
-3.7239952 -5.1651306
-4.8112893 -3.7459838
-3.9236145 -3.8908966
-1.9436234 -3.7792306
-3.215143 -4.422093
-3.5872512 -4.1668315
-2.7180438 -3.6627522
-3.2653959 -3.611253
-3.0726037 -3.172624
-3.8673985 -2.739221
-3.598911 -2.7945287
-3.3011432 -3.4385629
-2.8346887 -2.057944
-1.537621 -5.0958285
-3.439809 -3.0213044
-3.7933023 -4.5027947
-4.0233727 -4.0482693
-2.7286 -3.147788
-3.9307935 -2.89955
-3.5267074 -2.9026415
-2.8231704 -3.2876172
-4.6871347 -3.7441804
-4.3403907 -3.1573508
-2.3393872 -3.626821
-2.3361404 -4.08237
-2.152068 -5.9575276
-2.8228006 -4.260618
-2.7713828 -4.6952634
-2.2883408 -4.207397
-1.4693459 -4.5104003
-2.7736323 -3.101365
-3.343877 -2.418266
-2.8714309 -4.361397
-3.9041963 -3.7014263
-3.5687141 -3.1332905
-4.1703978 -2.052973
-3.3378203 -3.132973
-3.1487093 -3.4222736
-2.9667137 -3.6960104
-3.9394321 -3.7109804
-3.5116076 -3.2654896
-2.630289 -3.1368668
-3.8768892 -3.4536383
-2.4788048 -3.3971615
-3.0033567 -3.4376554
-3.0768688 -3.3623629
-4.054416 -3.6243346
-2.9210901 -3.8067963
-3.8841934 -3.6458082
-3.4085717 -4.1236076
-4.3469486 -3.268807
-3.3536396 -2.5951118
-3.294047 -3.2640214
-3.8514833 -4.2647586
-3.3858533 -2.343394
-3.4017608 -3.048281
-3.4260104 -4.066979
-3.294235 -2.9316905
-4.0183587 -3.0335102
-3.865888 -3.616778
-3.75112 -3.7493005
-4.921499 -3.0600855
-5.136197 -3.9087603
-3.80766 -3.9140148
-2.5107934 -3.9882271
-3.7354805 -3.3034751
-1.7399302 -3.47719
-3.4263752 -4.715481
-3.7330418 -3.2424777
-3.9522326 -3.400028
-3.7541194 -2.9720368
-1.8160741 -4.0317783
-3.5376697 -2.3696666
-1.7347434 -3.3838053
-4.0026712 -3.2491117
-3.229764 -3.965871
-4.6141453 -4.0988693
-3.1733985 -3.8673573
-4.218518 -3.2267802
-4.346381 -4.3199105
-4.108806 -2.9540727
-2.6184554 -4.046983
-3.4304774 -3.6191216
-3.1868682 -4.080652
-3.0616484 -2.6746128
-4.539435 -4.3614907
-2.6521447 -4.564996
-1.9282093 -5.54286
-3.6291757 -2.7775671
-3.262644 -2.9964764
-4.1486945 -2.7600863
-3.7851126 -4.231705
-3.273887 -3.3233638
-2.925104 -4.6332803
-2.2334886 -2.0718853
-1.5889369 -5.3060036
-3.5323176 -3.721143
-3.7934508 -3.4070158
-3.8978648 -2.0205038
-2.6516018 -4.9319234
-3.6206903 -3.4177086
-2.4531634 -3.6246212
-2.5486588 -3.0802472
-3.8730357 -3.062561
-3.1537778 -3.331285
-3.8687441 -3.0897915
-2.8049328 -6.551787
-2.1998656 -4.55697
-3.307661 -4.0612817
-4.1335263 -4.944321
-3.9527578 -3.7133472
-2.1902244 -5.299638
-5.430702 -4.4586215
-3.757194 -2.9739642
-3.8365977 -3.1921134
-3.5357661 -2.147252
-2.1707616 -4.59186
-3.8521857 -2.8156292
-2.8012402 -3.3745353
-3.3219044 -4.2330375
-3.106897 -3.7015603
-2.542636 -3.0036278
-3.720093 -3.0807555
-3.3203075 -2.8328764
-4.0076365 -2.145389
-1.9113864 -3.4496205
-3.7655973 -3.8926122
-3.9194229 -3.1820002
-3.005369 -3.518204
-3.2305927 -2.4255702
-3.507765 -4.2547307
-3.2852566 -4.318613
-3.0878706 -2.0030115
-2.1481285 -5.5260234
-1.9085655 -5.1396446
-3.1610155 -3.691284
-0.70194316 -4.0738406
-3.8826215 -4.2327366
-3.320151 -4.609619
-3.2323985 -4.268332
-3.5248756 -4.1918807
-3.1500282 -5.5712924
-3.6902242 -3.2132602
-2.6917791 -3.8331852
-2.3282776 -4.429384
-2.2569702 -4.364553
-2.902811 -3.348005
-3.0186138 -3.5319722
-1.8103762 -5.142585
-3.5163093 -5.0150275
-2.137185 -5.055514
-3.0935903 -3.0417058
-2.6665852 -4.0919876
-2.4995282 -4.5776396
-2.6117465 -4.965847
-3.7247677 -4.6606116
-3.6198163 -2.6335325
-3.728076 -5.3596773
-2.189901 -3.0797668
-2.9387326 -4.561619
-4.420704 -3.3041353
-2.8320324 -4.323451
-3.9365096 -3.0519154
-2.4584773 -2.8266761
-2.0721583 -3.9586165
-1.7015338 -4.368514
-3.3921583 -3.890891
-2.2775805 -3.770165
-4.0940943 -3.1017444
-4.0413055 -2.341117
-3.8885314 -3.2389178
-2.407734 -3.387572
-3.3573334 -2.7707694
-2.186569 -4.45417
-2.906567 -3.6526554
-3.1928267 -3.1913097
-2.16318 -3.3030913
-2.7332084 -4.4850664
-3.6220205 -3.449442
-2.911095 -4.9806447
-3.3512611 -3.5894632
-3.117917 -4.1957607
-3.1735938 -4.0506864
-2.703193 -2.908456
-3.150779 -5.998864
-3.1222744 -1.8449197
-2.7048728 -3.0559015
-2.739196 -4.732729
-3.566302 -3.7226799
-2.149457 -4.127257
-4.285541 -3.4328907
-3.80425 -2.4949818
-2.3486915 -4.3765435
-3.8966856 -4.355743
-4.6151695 -3.2455468
-0.74226016 -4.6114893
-3.7951012 -4.7746
-1.9475002 -4.4413314
-3.3668072 -4.1759467
-3.8633664 -3.5328622
-2.692108 -5.41785
-2.0590312 -4.2026725
-2.3155997 -3.915067
-2.8131638 -5.8864255
-3.425605 -5.012802
-3.094797 -5.003481
-1.8626177 -4.370278
-3.332377 -4.473458
-3.5976927 -2.851368
-3.2137392 -3.9356625
-2.9088843 -4.615575
-3.3046618 -5.654227
-3.0399444 -3.575865
-3.6253958 -3.937393
-3.075604 -3.0903895
-2.2816708 -3.5480335
-3.031447 -2.835193
-2.8918228 -3.951822
-3.6649113 -3.2875526
-3.7393045 -3.7015326
-3.3048668 -3.6908696
-4.6623716 -3.327403
-3.5329785 -4.3292713
-4.151152 -4.4053373
-3.513894 -2.4959304
-2.8943388 -3.157928
-5.040852 -2.8149529
-2.9439125 -4.4754677
-1.7585707 -4.073806
-3.849922 -2.8623562
-4.3443704 -3.409286
-2.9402704 -4.264036
-1.2203888 -2.9900749
-3.6543128 -3.5739896
-4.1782217 -2.9627268
-3.985383 -4.253727
-4.003441 -4.07756
-2.1191595 -4.095244
-2.5049233 -3.8123312
-3.1987174 -4.6838284
-1.5604366 -2.982833
-3.3346918 -3.1459956
-4.4883313 -2.9309886
-3.421165 -4.216234
-3.1191711 -5.494607
-3.767559 -3.3916497
-2.7000144 -4.681144
-3.8875272 -3.375679
-4.5894365 -2.7395818
-3.3646147 -2.9783907
-2.847494 -2.5767386
-2.9314353 -3.960584
-3.7587123 -3.9214075
-2.9188638 -3.4332135
-3.0004294 -4.8013434
-4.0974703 -3.2233334
-3.566748 -3.1053188
-4.1247044 -3.2270484
-3.4596083 -3.5840852
-3.3496926 -3.0206325
-1.143535 -5.0139747
-3.1229928 -5.5646205
-2.0630562 -4.349239
-3.5266492 -2.5919056
-1.6151084 -3.876459
-3.3579586 -3.4751856
-4.364981 -2.8042974
-3.9790719 -2.6550775
-2.2773082 -3.7047765
-3.500103 -3.491151
-2.562643 -4.989969
-3.908331 -2.665076
-3.8044462 -2.3124542
-3.8132133 -2.7191687
-3.8194003 -4.973074
-3.7865496 -2.57035
-3.8057885 -4.089053
-3.7205892 -3.3355162
-3.0521896 -2.9065847
-2.9223824 -2.756628
-2.730374 -4.566437
-3.2715275 -4.126381
-3.1755636 -4.5294456
-2.8768833 -4.6093087
-3.8665202 -3.8011742
-3.691724 -4.133333
-3.8725665 -4.192652
-3.3063905 -4.765414
-2.7447686 -3.4566731
-2.772844 -2.7731152
-2.9670672 -4.052326
-3.4125073 -2.3650336
-4.942903 -2.4560595
-2.969502 -3.7199354
-3.4949055 -3.2436795
-3.1125827 -4.0342627
-3.0981555 -4.5755525
-2.8426588 -4.1111255
-2.0827625 -4.150351
-2.9024086 -2.5916398
-2.8536732 -5.353131
-4.3041553 -3.0706255
-1.675637 -3.8322763
-2.8135896 -3.218933
-3.8950107 -2.4314523
-0.55002713 -4.6960535
-3.4674652 -2.827102
-3.7193973 -2.4412482
-5.1799674 -3.2722917
-3.3672853 -1.9407941
-1.7882662 -3.6198282
-3.935305 -2.4822447
-3.9843647 -3.2797782
-3.1103241 -3.3797462
-3.2250261 -3.0659297
-3.1437328 -3.9975145
-2.2457855 -4.209889
-3.792392 -3.162786
-3.1908736 -2.7056053
-2.6328053 -5.486942
-4.4216022 -3.602991
-2.5879 -5.4231462
-2.6135476 -3.4237003
-3.9707942 -2.2179477
-3.48355 -2.2330396
-3.5166326 -3.4486527
-3.9108982 -2.6508653
-3.1435947 -4.2296987
-3.4280152 -3.8123562
-2.7643397 -3.2779925
-3.0367317 -3.4681432
-3.636258 -3.242572
-2.4936814 -5.982656
-2.9805932 -3.4949105
-3.7557876 -4.781709
-3.1871803 -4.599337
-4.426309 -3.735306
-2.930872 -2.8165727
-4.065975 -4.1694007
-3.923942 -2.5831308
-4.123656 -3.5717576
-4.327521 -2.9877923
-2.8954144 -4.2577333
-3.421317 -2.8008556
-5.446357 -4.228979
-2.8581216 -4.0420365
-4.8762083 -4.680151
-4.2135906 -2.8123443
-4.423171 -4.0904465
-3.2937043 -2.976111
-3.0672348 -5.0104585
-3.5207818 -2.942326
-3.2907796 -3.1830482
-1.9366784 -3.4145532
-2.4464264 -3.3907743
-2.660173 -2.3327827
-2.7268248 -4.1140447
-3.2617652 -3.4420624
-2.761151 -4.0634913
-4.088478 -3.2582414
-3.240571 -4.9289722
-3.8549476 -3.9729934
-4.568686 -3.3256567
-3.3603032 -3.5101037
-2.4642968 -4.6000524
-4.3848805 -2.336665
-2.8011394 -2.8657207
-2.1131477 -3.9720516
-2.7646317 -4.1707597
-1.5093378 -4.6551948
-2.8964195 -4.564291
-3.9394877 -3.0966456
-3.4990535 -4.3352027
-2.9896653 -3.715532
-3.456344 -2.0401678
-4.0900393 -3.4149163
-2.9144423 -3.9810348
-2.1018276 -4.2642145
-3.2033198 -5.0366216
-4.28801 -3.4202893
-4.241943 -2.7154183
-2.178125 -4.170574
-3.0728028 -3.6683297
-2.6224704 -3.2005556
-3.0148845 -3.2861948
-4.0797896 -2.8266256
-3.0594096 -3.4307365
-3.154693 -3.729116
-3.3009844 -3.1493893
-3.5732586 -4.8985186
-2.503213 -2.9223754
-3.8674326 -3.9736874
-3.5474348 -3.5771976
-2.8387148 -4.1351666
-2.1978173 -4.96774
-3.7874367 -2.858478
-3.6411233 -2.4600115
-3.7396173 -2.5794225
-3.6159525 -3.2717996
-3.450555 -2.24362
-3.5917573 -2.3102586
-3.7141297 -3.3005936
-2.9516401 -3.5468962
-2.5895464 -3.530662
-3.570295 -3.9802241
-4.173751 -3.407579
-3.6318107 -4.632173
-4.0222774 -3.0155742
-4.1557646 -2.4212596
-3.277769 -4.3110313
-2.423907 -3.4985805
-2.9951715 -4.518426
-2.9228513 -4.0271235
-3.3296297 -5.219726
-3.3910556 -3.1229184
-3.4366539 -5.229222
-3.6272829 -3.8327894
-3.7504606 -3.2162294
-2.811156 -4.3985186
-3.1700883 -3.8482533
-2.4999824 -5.018369
-3.1929448 -4.699817
-2.6155376 -2.6404746
-3.492689 -3.8454506
-2.3421059 -5.3921514
-2.1136105 -3.6185687
-2.1128733 -3.8738132
-3.1518877 -4.2745247
-3.391323 -2.2153308
-3.449014 -3.8360727
-2.7709846 -4.1632977
-2.832237 -4.078255
-3.4746664 -2.8973804
-4.4515543 -3.341666
-3.3527148 -3.495228
-4.3488383 -2.9480946
-3.5906975 -3.7143033
-2.9712005 -3.2879663
-5.2029757 -3.3436167
-3.5228753 -2.7548084
-3.3370993 -2.0472279
-3.46339 -3.48394
-4.446298 -2.2658374
-3.9944923 -3.2406344
-3.6908376 -4.2872877
-2.9857016 -3.7191896
-3.3539667 -3.937619
-3.3491776 -2.8802917
-2.516643 -4.558934
-2.5873673 -3.0066924
-2.5689766 -4.864014
-3.284039 -2.5203784
-2.4208462 -4.6590195
-2.4810872 -3.3908243
-2.9608088 -2.0595186
-2.9464462 -5.0323954
-3.9881215 -2.5041726
-3.1863341 -4.1743913
-4.302223 -3.2179444
-1.6379465 -4.215363
-3.690176 -3.9180717
-2.0929923 -2.7977757
-2.95041 -4.830297
-2.7864816 -3.9493184
-3.8039103 -2.4982576
-3.8347585 -2.8458767
-2.0487235 -2.567787
-3.1531582 -2.5494475
-3.3433418 -3.2148955
-2.6942449 -4.020033
-3.3017924 -3.1850092
-2.123296 -4.8413215
-3.0161216 -3.7969992
-2.767415 -4.8545065
-3.1007216 -3.683972
-2.4919944 -3.7191434
-3.4426072 -3.1322155
-2.8156364 -2.9356947
-3.5734665 -2.8403318
-3.6635244 -3.1050107
-2.977658 -4.7996874
-2.4904056 -2.5442743
-3.4351084 -2.917882
-2.7249217 -3.5929654
-4.205396 -3.2881968
-2.9364552 -3.976144
-4.403995 -3.3476062
-3.3919022 -2.818291
-2.6543283 -2.1475794
-4.0186543 -5.219931
-2.7229877 -3.807874
-3.6171458 -2.9415379
-2.7143981 -3.7379277
-3.344422 -4.062236
-2.5723941 -4.3382683
-2.2148015 -3.6219544
-3.2824752 -5.06757
-4.1887307 -3.6358428
-2.304433 -2.3098428
-2.3451307 -4.3846626
-3.9183664 -2.742219
-3.2282689 -2.300328
-2.5486915 -4.31478
-4.00326 -2.8653684
-2.912133 -2.1066158
-3.261558 -3.2496583
-3.963478 -2.7877476
-2.358881 -3.6825824
-3.0040705 -3.9645553
-2.2710626 -4.169444
-4.148103 -1.7835587
-2.9664366 -3.2331903
-2.6724665 -4.4354396
-3.7571924 -2.3093235
-3.3968012 -3.9560175
-3.327933 -2.621545
-2.6827211 -4.0823846
-3.8544104 -4.7387905
-3.3233736 -3.6947985
-3.74753 -4.484372
-4.2909327 -3.4108047
-3.148235 -2.9090967
-4.7218423 -4.011161
-3.4741752 -4.163436
-1.860303 -2.3266659
-2.7162533 -3.5570738
-2.6847236 -2.5231667
-2.6064336 -4.6011405
-2.4334052 -2.7443078
-3.483769 -2.5784173
-2.94336 -3.151304
-1.962128 -4.6106052
-3.9835258 -3.0355008
-2.682026 -5.4043393
-3.145132 -3.347335
-3.0598066 -3.086917
-2.9924123 -3.633824
-3.539567 -4.519748
-3.864593 -2.9810026
-2.150842 -3.1299036
-3.245384 -4.1532254
-3.493224 -3.6612616
-1.1637796 -4.603668
-3.14931 -3.4184656
-3.5161917 -2.874945
-4.4316635 -3.2793055
-4.7782545 -2.5798626
-2.9883213 -5.8440404
-3.8187404 -2.9903452
-3.4853907 -3.3997226
-2.7663352 -2.5320032
-3.9611115 -2.591776
-2.7210073 -3.4884853
-3.38731 -3.1118593
-4.351714 -3.209918
-3.121417 -3.8178895
-3.1093113 -2.862953
-3.3930507 -3.3048823
-1.893786 -4.9901404
-3.3297603 -5.160027
-3.4431787 -4.0166507
-3.4248807 -3.063094
-2.6750727 -5.161498
-3.996384 -4.0674243
-3.1155024 -5.1899104
-3.9433634 -3.0946803
-3.1579561 -3.9455965
-3.6589286 -2.578929
-3.8171322 -2.544594
-2.921339 -4.165653
-3.174834 -3.2670615
-3.5069494 -4.0035453
-2.4926856 -2.9188936
-3.3032954 -4.740435
-3.8257453 -4.838517
-3.913479 -2.5135179
-1.6902285 -4.2552886
-3.0034742 -3.9759898
-2.9326022 -2.8698583
-3.2495368 -3.3880386
-2.8452976 -4.632383
-1.1288363 -5.531629
-3.9424484 -3.3852313
-2.5891314 -3.3057587
-3.7327943 -4.222856
-2.3051062 -5.4383235
-2.1993034 -5.1053905
-4.363219 -3.285111
-1.2349449 -4.717778
-2.836551 -3.3007789
-3.2968826 -2.8843687
-2.9151282 -4.2686763
-2.519942 -2.3398879
-2.6616337 -2.9044905
-3.2228432 -2.4214365
-2.6280575 -5.8741446
-3.1466007 -4.0270405
-3.5623114 -2.9855256
-3.0260885 -4.889923
-2.933832 -2.7519014
-4.946107 -2.9083967
-1.8974607 -3.8377633
-3.8989341 -2.6711557
-2.6587677 -3.601523
-2.4448984 -4.4185743
-3.943354 -4.324386
-4.791477 -3.1450942
-3.1978703 -3.422817
-1.2252691 -4.066422
-3.541056 -2.862053
-4.3063455 -3.147719
-4.4299126 -2.840963
-2.5913944 -4.0196223
-3.0741925 -3.9638002
-3.9538074 -2.2139237
-1.205009 -5.843296
-4.328119 -2.3758059
-3.6341999 -3.7059565
-3.5164924 -2.4450636
-3.8820343 -2.9473531
-2.68444 -2.7104058
-3.8229785 -3.1155334
-3.061131 -3.2756653
-2.6921854 -2.2512317
-3.9630551 -3.174194
-1.4360554 -4.6100087
-2.5775077 -4.697783
-3.6909115 -4.0391774
-3.1930852 -3.5787823
-3.2976816 -4.5594454
-2.6808012 -4.6000986
-4.085921 -2.8170815
-3.4635468 -3.6170218
-2.4580448 -3.3759806
-4.139974 -2.7504344
-2.8374457 -2.4452806
-3.6623757 -3.6178808
-2.8357074 -3.0671554
-2.1663933 -4.0550766
-3.2739048 -3.8943813
-3.6003385 -3.6390674
-3.6748452 -2.729815
-3.1087124 -2.5864685
-3.4236176 -2.827607
-3.5819848 -4.0136995
-4.001667 -3.3862028
-4.1302357 -2.1646144
-3.1957045 -2.8946924
-3.387459 -4.670566
-2.7130806 -3.366108
-2.9132903 -4.9487286
-1.7164673 -3.350578
-4.44965 -2.409334
-4.585804 -3.001246
-4.067089 -3.9702573
-2.64844 -5.167404
-2.6407666 -3.378266
-2.846417 -5.3404326
-4.0421815 -3.7916746
-3.5998893 -3.5527592
-3.9341288 -2.9601784
-4.1292043 -3.7806838
-3.623022 -3.1504228
-2.8611538 -2.9479885
-4.7880735 -3.0141993
-2.8484669 -3.6741369
-2.9727798 -3.8643315
-4.319754 -3.4146295
-2.6297824 -5.2293696
-3.778387 -3.1596985
-3.6184394 -2.575893
-2.640679 -3.5398653
-1.926712 -3.0639515
-1.7466145 -5.7321386
-2.5363073 -3.5597978
-4.081669 -4.1919065
-2.5191493 -2.374308
-3.2545342 -3.065979
-3.0183573 -4.2383127
-2.6215177 -3.510435
-3.133238 -3.0840893
-3.1315107 -3.786319
-2.1948836 -4.4716125
-2.7321756 -4.545485
-4.636122 -2.4228852
-4.035052 -2.108565
-3.6765723 -3.5177321
-3.5955982 -3.9429286
-3.0258937 -3.194614
-4.0337625 -3.752846
-3.2153141 -3.6485372
-3.151681 -4.7175174
-3.071945 -2.81114
-4.210564 -2.7261717
-4.147736 -2.9032648
-2.1807349 -4.3608828
-4.3226013 -3.3574226
-3.3084269 -3.4499722
-2.5965466 -3.6222425
-2.9593072 -4.1939673
-3.6877015 -3.4763453
-4.309164 -2.28296
-3.9686341 -2.3676097
-4.6086206 -3.7201889
-3.4619179 -3.7408059
-3.8973408 -2.176598
-2.9950435 -2.4607062
-4.083025 -2.984508
-2.8511415 -4.1517763
-3.8862534 -3.8499718
-2.7718613 -4.059865
-3.4370103 -2.8759904
-3.826243 -3.750597
-3.3569782 -2.643124
-3.5316777 -3.4133797
-2.496629 -3.30712
-2.461667 -4.316503
-3.0463505 -4.5259233
-4.4294 -3.8562417
-3.7390435 -2.7276638
-3.237035 -2.0932345
-4.0067186 -5.2513084
-2.636979 -4.197511
-3.1906495 -4.4545145
-3.737852 -2.1142173
-2.5501952 -3.7601433
-3.7488923 -2.7060676
-3.869746 -3.0650752
-3.1019702 -3.415276
-2.5962963 -3.9872289
-1.644786 -5.2107835
-1.9720515 -4.1724863
-3.6177275 -3.3418841
-4.164196 -2.2527232
-4.007577 -3.5478046
-2.9757154 -4.5651855
-3.4448497 -3.8183022
-3.583323 -3.391236
-2.7167501 -2.9393861
-4.317126 -3.129921
-3.54406 -3.984724
-3.3027258 -4.4712977
-3.658618 -4.8152504
-2.62052 -2.6174965
-4.2685523 -5.101403
-2.8846471 -3.9856784
-4.1843467 -3.572728
-3.0947328 -3.0158052
-3.277154 -2.9832833
-1.5756332 -4.4806604
-3.6827197 -3.1739917
-2.5807712 -3.3277063
-3.2710357 -5.264736
-1.5245372 -3.2944076
-2.9251096 -2.480586
-3.7911272 -3.516146
-2.8971338 -3.013018
-3.4524786 -2.7855213
-2.8950205 -4.4439545
-3.2801638 -3.3858783
-4.9464803 -5.7348886
-3.717717 -3.887369
-3.6857119 -3.5114362
-2.8937786 -4.4383144
-2.5061092 -5.084892
-2.2386065 -5.025975
-2.9414635 -3.8742998
-4.118129 -3.2529397
-2.014118 -4.92061
-4.0033584 -4.635665
-3.5540862 -2.908645
-4.251589 -3.2118285
-3.8385181 -2.9595752
-3.6216862 -3.2460756
-2.5402815 -5.122653
-4.706332 -3.607506
-2.3064935 -5.007856
-3.6517289 -3.328108
-4.209952 -2.8574805
-2.8591821 -3.6692302
-4.9070373 -3.1323464
-2.4101615 -3.2213824
-3.4027913 -3.9037669
-3.56166 -3.5217483
-2.852516 -4.0696344
-2.9100192 -4.2535524
-4.0245166 -4.063123
-2.4165595 -4.0571704
-2.6856978 -4.0823803
-2.6750264 -2.6256628
-3.8195634 -3.8141448
-1.7848268 -3.24022
-3.2080495 -4.3501873
-3.2375736 -3.275471
-3.0784035 -2.8969038
-3.3261986 -4.447735
-3.836031 -3.0402987
-3.5337884 -4.035871
-1.719621 -5.0869217
-3.5125422 -3.4020154
-3.466129 -3.6379452
-4.327476 -2.6899436
-3.8363526 -2.2377698
-3.4972086 -1.919291
-3.4319701 -2.987528
-2.9166052 -3.414967
-3.3384123 -2.475325
-2.8415449 -4.0656767
-2.426221 -3.389133
-3.6224425 -4.183958
-2.412169 -4.880277
-4.0593696 -3.8073566
-3.238488 -2.8483355
-3.5170448 -3.1333888
-3.2256055 -4.5086665
-3.558206 -4.141129
-3.1742258 -3.2940845
-3.5129647 -4.354653
-3.466239 -2.0586274
-3.30483 -3.7044456
-4.122768 -4.085923
-2.7260137 -3.3105772
-0.93405724 -5.1528826
-3.6949708 -4.7716246
-3.9001071 -4.275024
-3.1468003 -4.138454
-3.312645 -4.1027884
-2.6039102 -3.0245285
-3.162587 -4.517176
-3.0165253 -3.2062893
-3.8370833 -2.0670483
-1.7587855 -4.633023
-3.0209002 -3.9992867
-4.2375903 -2.9397585
-3.465947 -3.1155853
-3.6451907 -4.1677356
-2.5586824 -2.780681
-3.9773126 -3.3975885
-2.2861881 -4.572852
-3.2163935 -2.0613897
-3.6355226 -3.1436496
-3.1135423 -3.3321986
-2.7881937 -5.2432075
-2.5462523 -4.0323486
-3.282864 -2.6305394
-2.6065454 -3.3407943
-3.2150702 -3.404719
-2.805347 -3.5767314
-4.2290287 -3.3792305
-2.3898742 -5.608945
-3.9665143 -2.9495265
-3.4715712 -4.208057
-3.5445983 -4.2127366
-3.5451074 -3.2591407
-3.0057652 -5.3378944
-4.060293 -3.7559907
-2.6665418 -5.1387506
-2.333805 -4.2333736
-3.2125664 -3.166639
-3.9208987 -2.5881848
-3.7009468 -3.700777
-3.349723 -2.6076565
-4.688496 -3.781756
-3.656469 -3.701939
-3.098534 -4.3807526
-2.9303057 -4.714043
-3.823423 -3.963736
-2.7411516 -2.1748514
-4.821432 -3.1134994
-3.5822115 -3.9382465
-4.806325 -4.069279
-3.1805668 -3.4029925
-2.9857986 -2.2093103
-4.236772 -2.5748253
-3.7989376 -2.631037
-5.21343 -4.0121455
-2.6472895 -2.1607816
-2.5172126 -4.1769633
-2.5682375 -3.3447921
-3.2683163 -4.3527765
-3.1180747 -5.280914
-2.257308 -3.7831273
-2.782218 -3.457728
-2.8037996 -3.2898333
-2.9860587 -5.549555
-2.1995397 -3.2044055
-3.177746 -4.388644
-3.284033 -4.598076
-3.6674516 -2.5307343
-2.9635298 -4.008726
-2.7927876 -4.8173885
-4.01506 -3.556452
-2.2563255 -4.644834
-2.7632637 -2.881681
-4.2745466 -2.599936
-2.8794441 -4.1378407
-3.7689097 -3.4891565
-3.3619454 -3.0803716
-2.6189048 -3.844869
-2.6954927 -3.4389505
-3.4627872 -3.649831
-3.8638127 -3.4693785
-4.1726294 -4.2225223
-2.8408506 -4.5212827
-2.525867 -4.8065085
-4.1351013 -2.6605976
-3.6823032 -3.9463012
-4.124886 -3.3879611
-2.6733353 -3.3486214
-4.1316624 -3.8855917
-3.053745 -3.456814
-4.529633 -2.9286952
-2.5351431 -3.2009149
-3.3908203 -4.2531343
-3.0781472 -4.0833645
-2.3898125 -2.836289
-2.957048 -3.7463472
-4.0287557 -2.982793
-3.1915157 -3.2214994
-3.892334 -3.4625049
-3.7652977 -2.7266343
-3.3235393 -4.3029137
-3.0239403 -3.7634475
-4.046741 -3.0590115
-3.0627809 -4.6349936
-2.3876579 -3.432901
-3.0918577 -3.3100715
-3.8986585 -2.968929
-2.9040155 -2.703685
-2.2212412 -4.9450173
-3.9212012 -2.6759343
-2.256828 -3.9867244
-2.4173 -4.8703585
-3.0903125 -3.4398508
-3.0391133 -5.381166
-3.637991 -2.8413002
-3.7525818 -2.442732
-4.3524694 -4.035969
-4.2416863 -3.6309183
-1.5983183 -3.4701555
-3.5221205 -3.991931
-3.5687943 -3.3438325
-3.4116483 -2.5105636
-2.1417027 -4.945445
-2.8525438 -4.854769
-1.9743974 -3.3568957
-3.644129 -5.3685565
-3.2514064 -4.061783
-3.5636296 -2.7201257
-3.5637653 -2.93407
-3.8737106 -3.084601
-2.9063756 -2.5716112
-3.7564456 -3.529781
-2.4189334 -4.90951
-3.1030977 -2.544486
-3.121348 -4.6945486
-2.3508227 -4.0107837
-4.099462 -2.2219245
-3.141526 -3.9604423
-2.5920815 -4.775152
-2.4223888 -4.5414014
-2.8004906 -4.568093
-4.2000666 -4.0671988
-3.5060441 -3.2160897
-3.4687614 -3.97086
-3.1306255 -3.3238022
-1.9165283 -4.938562
-2.5546396 -3.744842
-2.4310384 -3.6917222
-3.4839735 -5.599489
-0.8373201 -3.3426998
-2.7321346 -3.7615602
-2.1452744 -5.6020107
-3.3993134 -5.133147
-4.00003 -4.3298535
-3.2781692 -2.8886478
-3.764736 -3.9430585
-3.3089364 -4.304046
-2.9985902 -2.9677534
-3.4843662 -3.5422578
-3.4613104 -4.4284735
-3.0826356 -3.9088004
-4.1328955 -3.2968345
-2.9149075 -2.9924095
-4.420377 -2.4442465
-1.4705411 -3.7496889
-2.5038137 -2.7783496
-3.3782902 -4.531922
-3.8936884 -2.0580158
-2.4645922 -3.1968877
-3.8386624 -2.973894
-2.6909199 -4.51117
-3.2747176 -2.200017
-2.662066 -4.096765
-1.3184652 -1.5193177
-2.2184322 -3.95223
-4.596962 -3.7475278
-3.5994763 -2.3381433
-2.1731367 -4.5214653
-3.4836802 -3.8349361
-3.3822775 -2.4318058
-3.3094316 -5.076309
-3.2314324 -3.9020064
-2.6656115 -5.8587437
-3.1470141 -3.3200247
-4.3216987 -3.0207984
-3.3741062 -2.592552
-3.12058 -3.5934334
-4.072633 -3.4648535
-4.599044 -3.2989855
-3.9174988 -3.5956516
-3.3730237 -4.7591867
-3.5517013 -4.263713
-5.7965975 -3.6872835
-2.194746 -4.0870767
-3.5149236 -2.204337
-4.1085687 -2.8742638
-3.465438 -3.8885062
-3.911731 -3.0621135
-3.337879 -3.8003166
-3.3223557 -2.546665
-4.03915 -4.4105477
-3.1769266 -3.1936312
-3.7240021 -2.1560879
-3.3876698 -3.6262314
-3.2793238 -3.410599
-2.8406122 -2.2374876
-3.6385741 -2.6567903
-1.9386659 -3.05008
-3.1791873 -2.6189666
-4.0806966 -3.0511255
-4.2411256 -3.6909084
-2.924981 -2.037477
-3.8804252 -3.8834682
-4.4919662 -3.0790617
-4.5420275 -4.731188
-2.9894686 -2.5250251
-2.978115 -2.7612114
-1.7849501 -4.0247135
-3.9446023 -3.6679223
-2.7785819 -3.4478793
-3.7677321 -3.9270465
-2.7520447 -5.1949344
-3.2424877 -5.4503746
-3.8248067 -3.3581424
-3.1392589 -2.6622708
-4.337218 -3.1543097
-2.7231407 -4.583123
-3.4515257 -1.9653486
-3.2901983 -2.8947155
-2.8924127 -4.1497607
-2.4492123 -3.911016
-3.058539 -4.1084313
-3.0928802 -3.1650076
-1.6446725 -3.584272
-3.5841942 -3.8015583
-4.346779 -2.7447565
-3.7787457 -3.4040384
-4.102272 -4.62593
-3.8921456 -3.4802582
-3.5794127 -3.7004693
-2.2794933 -3.479249
-2.6406806 -4.860789
-3.8203158 -2.5347116
-4.1609983 -4.24595
-2.5345507 -4.0947356
-3.4246595 -3.6844633
-4.6932545 -4.108878
-2.576093 -4.388826
-1.6248673 -5.4580374
-2.8196397 -5.368223
-2.7506068 -2.8727198
-3.571052 -3.971351
-3.0776374 -2.9268105
-3.4222875 -2.822057
-1.8295014 -3.9767795
-4.6508713 -3.1562808
-3.3963273 -4.380673
-2.9391556 -3.2058473
-2.5169456 -5.03689
-3.6105304 -4.019589
-3.421481 -2.8723295
-3.9841022 -3.001424
-4.0417953 -3.272496
-3.4594362 -3.3282332
-2.7879448 -2.8941393
-1.4315943 -4.146588
-2.364012 -2.6511247
-3.7220497 -2.5959938
-3.5545673 -3.9003646
-2.9843519 -2.759423
-3.2810051 -3.371547
-2.4428058 -4.658134
-1.8357029 -3.3118155
-0.39410186 -4.317965
-3.2867584 -4.826405
-4.323425 -2.5901752
-2.8276024 -2.2263632
-2.9634178 -3.571717
-2.975505 -4.2435293
-3.2829232 -2.5726242
-3.4211009 -2.6878324
-4.1159954 -2.9997277
-1.9163914 -4.683771
-2.9834783 -4.052268
-3.7798772 -3.6835592
-4.2054954 -5.148269
-3.9331717 -3.3803668
-2.2213745 -5.648627
-2.9679644 -4.8389487
-3.3302908 -3.4442909
-3.875627 -3.310487
-3.713391 -3.43213
-2.0218065 -2.9422233
-4.296361 -2.5143218
-1.7998403 -4.1952715
-2.4989204 -3.3016984
-2.7550123 -2.9122052
-3.4410806 -2.8837354
-3.0276868 -2.5174081
-2.8929892 -4.820091
-5.1209025 -4.4440928
-2.0451462 -2.2435865
-3.159217 -3.3458874
-3.627073 -3.3507266
-3.251468 -3.5439646
-2.2524753 -1.1944002
-3.9908042 -2.740275
-2.4353764 -4.293663
-2.8987195 -3.6902852
-3.2380168 -3.450896
-3.0970447 -4.976482
-3.213034 -4.1495442
-3.3268085 -3.7470453
-2.712979 -2.1444736
-3.5003045 -3.4333851
-3.8991334 -3.4605453
-3.2312365 -2.9170117
-2.4891686 -4.1856637
-3.2070556 -4.1748004
-4.4236417 -3.1755023
-3.1844504 -3.8782074
-3.0559406 -2.757867
-3.9652877 -3.6970384
-2.768039 -5.4482512
-3.9334447 -2.3045938
-2.8881774 -5.8549194
-3.3822591 -2.430907
-2.5667968 -4.9073586
-3.5737572 -3.9597235
-2.5530465 -6.090309
-3.2185988 -2.1182036
-3.4953935 -4.5243206
-2.6449056 -2.275926
-3.3440285 -2.7498083
-3.6950557 -4.45569
-3.2430928 -3.8986037
-5.0567794 -3.0091684
-3.3145723 -2.067351
-4.566064 -3.7018223
-3.0128262 -5.236798
-1.7557272 -4.210893
-2.2118526 -2.6592193
-3.5544996 -3.6587143
-2.7119992 -5.664448
-3.026634 -4.311095
-2.862322 -2.925438
-3.7497015 -4.503251
-3.2719624 -3.282185
-3.3393657 -4.093626
-3.33531 -2.4047046
-3.9998646 -2.8591783
-4.4779644 -2.8756921
-3.5526874 -3.281632
-2.4360054 -4.169095
-2.6801622 -2.2551677
-4.1306276 -3.4310853
-4.4349575 -3.5684566
-3.1132524 -4.4028873
-3.5596335 -3.0768542
-2.5382538 -3.2684827
-4.36018 -2.452926
-3.5259366 -3.9555576
-4.041065 -2.7258995
-4.2325244 -3.7155194
-3.8170626 -3.6790483
-3.4809628 -3.6584628
-2.915072 -3.6428046
-3.8226762 -2.7858267
-4.0528555 -3.2177324
-3.8797252 -3.2734518
-3.2116039 -4.0537643
-3.0042167 -4.260122
-2.2429767 -3.3209326
-2.3005245 -4.8819995
-3.4005353 -4.2347016
-3.2801356 -4.5481224
-3.9154983 -3.0781884
-3.516632 -3.753331
-2.7455006 -3.1285617
-3.8132184 -2.2827313
-0.25040638 -1.441602
-3.7302752 -3.31343
-2.470198 -4.1589518
-2.4168398 -3.5440013
-2.8331864 -4.182018
-3.5445561 -4.184592
-2.1409621 -5.6559334
-3.9958916 -3.176642
-4.087816 -2.9047978
-3.2529864 -2.944746
-3.662865 -3.4551203
-3.5319786 -3.7555964
-4.1018276 -3.0496495
-3.238008 -3.45522
-4.068212 -3.8203347
-2.3488452 -2.9129448
-2.8282502 -4.328539
-4.168689 -4.423801
-3.1043344 -2.4989958
-2.9249558 -3.8197746
-4.2064447 -2.8555064
-3.7992573 -2.6109493
-2.7611883 -3.4653828
-4.9561706 -4.439227
-5.1750116 -4.4854946
-4.3330135 -2.4247339
-2.2256422 -4.8116074
-2.4994097 -4.760185
-3.6912353 -3.008115
-3.9175541 -2.794473
-3.4070735 -2.222933
-3.7206938 -4.019393
-2.2651463 -3.434205
-3.8553624 -3.0753527
-3.6569567 -3.3429954
-3.4306283 -3.6582448
-3.4546132 -3.3229513
-2.806179 -2.2212684
-2.0260108 -2.4581249
-3.0299683 -3.3486285
-2.3519015 -4.836495
-3.3218582 -4.57277
-3.8136158 -3.3055124
-4.493203 -3.2361453
-3.1416764 -4.0975766
-2.2011704 -2.993563
-3.3253453 -3.900341
-3.0900338 -3.3350148
-4.343469 -2.41031
-3.412397 -3.3371575
-3.1114352 -4.053294
-4.398326 -2.5630946
-3.0539765 -2.8090796
-3.9261484 -3.4544277
-2.519984 -4.400665
-2.6550415 -4.1173587
-2.0224028 -2.1913993
-2.4237504 -3.8597634
-3.4108753 -2.510474
-3.2318666 -3.9012573
-3.5410616 -2.9039655
-4.1860166 -3.1678421
-3.6215448 -3.4446478
-3.9099998 -3.8091285
-3.6300483 -2.3444314
-1.4218374 -4.595457
-3.8978128 -3.2792258
-2.6691837 -3.6472437
-3.1818414 -3.771301
-3.788135 -2.278318
-3.551441 -2.5138454
-3.565768 -3.560434
-3.6008217 -3.7927792
-4.281072 -3.6481066
-3.803178 -1.6457323
-4.021354 -3.7030144
-2.9806335 -3.84847
-2.0615647 -2.233736
-2.0155587 -3.6505132
-2.8087933 -3.3664536
-3.8335283 -3.3405325
-2.7198052 -3.640649
-2.734165 -4.4511113
-3.1420865 -4.9552927
-2.701008 -2.739033
-2.526909 -3.9831095
-2.8046603 -3.8429656
-3.7692974 -2.528119
-3.1493711 -4.424751
-3.8462806 -3.2099524
-3.0235398 -3.0798993
-2.7521217 -4.332019
-2.577091 -2.2509012
-4.093969 -2.4862626
-2.0985599 -4.5156612
-3.672196 -2.922683
-3.0960402 -4.3457265
-4.224367 -2.331916
-4.222111 -2.643522
-3.1436062 -2.679645
-3.6527965 -3.6730282
-4.0243077 -3.0509903
-3.0180385 -4.6200056
-3.3889294 -3.7181711
-3.4434607 -3.3330228
-2.7477589 -3.7039742
-3.385015 -2.0774527
-3.7439768 -2.2012105
-3.4776795 -4.315619
-4.8149676 -3.9408245
-2.9653523 -5.581373
-3.0000424 -5.2839894
-3.2288494 -3.1418996
-3.0246644 -3.455418
-2.5052125 -5.241388
-3.6006413 -2.077573
-3.6056378 -4.3559875
-4.045173 -3.4716406
-3.2035298 -3.750256
-2.7511928 -4.159021
-3.5263617 -3.2856486
-2.7517788 -3.8656056
-2.703428 -5.5939817
-3.3115344 -3.5014074
-4.015952 -2.6258855
-3.2662017 -4.6403217
-3.594687 -5.7432475
-3.835878 -2.8109396
-3.8241334 -3.8184648
-2.8346062 -3.3551173
-3.5629911 -4.076481
-4.3556714 -4.8508134
-3.1994991 -3.8781896
-2.1772878 -3.226494
-4.186365 -3.15679
-4.133251 -3.8225048
-2.5358906 -3.7959146
-3.6626408 -2.7668192
-3.1927364 -3.7754614
-3.8282845 -3.7078817
-3.8015087 -5.0906367
-2.8081686 -3.2686553
-2.6915402 -3.4073663
-2.8390312 -3.2379875
-3.0865624 -3.6193557
-4.530286 -2.2570782
-2.9569 -4.031095
-3.793053 -2.6476226
-2.218813 -3.8268294
-3.9778674 -2.7351785
-3.3672633 -4.99455
-1.252057 -4.741726
-3.4442773 -3.898099
-2.4165254 -4.088775
-2.5630333 -4.1261296
-2.818492 -4.8706675
-3.284956 -2.2500725
-2.1616564 -4.600553
-2.3598335 -4.3952117
-3.2835429 -3.6085198
-3.3487175 -3.5592463
-4.0814514 -2.8235168
-3.0704305 -3.1867244
-2.8140838 -3.250075
-2.622096 -5.2428317
-3.2979953 -3.5891714
-2.6808145 -2.8695188
-4.46318 -2.2342393
-3.0502408 -2.5855079
-4.023981 -3.0180922
-3.914486 -3.0226464
-3.2316048 -2.9281173
-3.240739 -4.3292775
-3.1522348 -3.5750978
-4.031031 -2.6692152
-2.9250546 -2.9721584
-2.8057115 -2.1853821
-3.243031 -4.970237
-3.091365 -3.298711
-3.3205714 -3.4302592
-4.2363806 -3.6840553
-2.5067058 -5.032018
-3.1962235 -3.5259836
-3.5697432 -3.6007574
-3.4742062 -2.8442385
-2.7255776 -3.510282
-3.501859 -3.5032487
-3.4402833 -3.5296206
-4.5953555 -1.8405397
-3.8982663 -5.4493613
-3.87725 -4.686255
-3.4340467 -4.053352
-3.7228754 -4.7281623
-3.7175994 -2.573796
-3.6850448 -2.7654998
-2.9835346 -4.449627
-2.906296 -3.1342638
-4.526743 -3.4996426
-3.998262 -2.6473258
-3.9759758 -3.3716004
-3.2286882 -4.0659304
-2.7231698 -3.8185055
-3.4347017 -3.504419
-4.251682 -4.8058686
-4.6431546 -3.226871
-1.8643736 -3.4892917
-4.1479936 -3.5308006
-2.3682816 -5.521277
-3.9407198 -3.0201247
-3.5854504 -3.5788748
-2.4835026 -3.2305896
-4.2541575 -3.4274294
-3.006661 -3.7626376
-3.6015992 -3.2474492
-2.8673778 -3.5312705
-3.4426672 -3.526527
-3.6354356 -3.5665672
-4.9313865 -3.0298064
-3.9169137 -3.603202
-2.939037 -3.2545173
-3.6230247 -3.4164922
-4.051658 -2.4602098
-3.199985 -2.577118
-3.891756 -2.9564219
-2.8978825 -4.450573
-3.396823 -4.05315
-4.81564 -3.9331331
-3.39355 -2.9779196
-3.561448 -3.9449408
-4.3896303 -2.0674772
-2.5038 -5.058523
-2.542003 -3.7679603
-4.058886 -4.2830844
-3.6424904 -3.3513477
-2.2236528 -4.3833523
-2.445046 -4.469841
-4.2006083 -2.8764935
-4.452479 -2.6006064
-4.237795 -2.7665071
-3.8974981 -4.1438904
-2.5229685 -3.1706996
-4.6918893 -2.9387834
-1.9298887 -4.6101766
-4.78411 -3.2395914
-2.5959368 -4.4211445
-2.957715 -3.357486
-3.4038587 -2.174796
-3.1683257 -3.7676919
-4.1474466 -2.6942468
-2.9970243 -2.381326
-3.2611747 -4.279277
-3.7524297 -3.4753172
-3.664433 -3.416486
-2.0890424 -3.3746066
-2.775022 -4.081136
-2.166224 -4.5930686
-3.4884605 -4.1723065
-3.4391952 -3.6819742
-2.2786627 -3.7580209
-2.528438 -3.762193
-3.5927343 -3.0365133
-4.3860655 -4.6061177
-2.7096298 -4.495669
-3.078455 -3.6751096
-4.102814 -2.8222945
-4.10983 -3.5385194
-3.4234257 -3.8333917
-3.2387607 -3.3252606
-3.229218 -2.0934122
-4.315049 -2.0880606
-2.8951693 -3.1839926
-2.3380184 -3.2279272
-3.7392263 -3.2362247
-3.2808425 -4.074889
-3.536702 -2.5543113
-4.0530877 -2.495494
-2.0348563 -2.768141
-2.5953524 -4.150601
-2.5332084 -5.634376
-3.7067802 -3.438958
-2.6118357 -4.0303826
-3.0459647 -3.59508
-2.9409525 -3.7665527
-3.4142816 -3.4966803
-3.6798449 -3.118247
-4.0588026 -2.5145516
-3.2937644 -3.9465024
-3.9693472 -3.069159
-3.2931118 -3.9252748
-4.138168 -3.849781
-3.0134304 -3.620359
-4.0150323 -4.3069944
-3.0431638 -4.8278503
-2.3273592 -3.5394995
-4.2119126 -3.160484
-3.707497 -3.2019887
-1.6758436 -2.1830754
-3.2166681 -3.0463169
-3.2819946 -4.3664136
-3.9023128 -3.6997507
-3.3063092 -3.973558
-2.8365552 -5.044969
-3.1210415 -4.837811
-3.6373947 -3.923124
-2.9094684 -4.6487727
-3.5555475 -4.19235
-3.5439968 -4.132366
-3.9152641 -3.2695003
-2.413889 -3.6984801
-3.217585 -2.8266985
-2.3005028 -5.556006
-2.975552 -2.367511
-1.7162045 -5.770218
-4.310797 -3.042848
-3.160664 -3.994308
-3.5548937 -3.5939105
-3.384639 -2.6499164
-3.0983608 -3.8162766
-3.8725705 -3.1900876
-3.0996666 -5.0263953
-3.593776 -4.035034
-3.2487972 -2.8845656
-4.4283442 -2.9615674
-3.238721 -4.372547
-3.8137195 -3.5793622
-2.9747488 -3.098739
-3.5898829 -2.8150353
-3.541973 -2.7022588
-2.7374315 -2.7693949
-2.6296053 -5.6194224
-3.4801452 -4.8884454
-3.3428307 -4.3144646
-4.445957 -3.747694
-4.052294 -3.3007975
-2.3487477 -4.0520306
-3.7390814 -3.998179
-2.8182511 -3.699617
-2.7904863 -3.5768087
-3.9379249 -4.3104343
-3.2556252 -3.6191523
-1.6785558 -2.9783514
-3.6670134 -3.5816965
-2.9249668 -2.1726937
-2.954001 -3.5849924
-3.0732164 -2.8179836
-3.0485487 -3.7968905
-3.8154907 -3.6224048
-1.8681221 -5.1407313
-1.8345171 -4.7713337
-3.9814668 -3.8921847
-4.358395 -3.7893767
-2.8914046 -2.7879689
-4.0323076 -3.179244
-2.3986547 -3.8275406
-3.4577162 -3.2053537
-4.296558 -3.0223417
-3.169098 -4.256109
-3.6847146 -3.0172274
-2.7753341 -3.796211
-3.6060567 -4.926086
-1.9396573 -4.542071
-3.6851063 -4.6207523
-4.1334057 -4.28801
-2.8953848 -3.569367
-4.2251186 -3.7611961
-3.7956076 -3.002782
-3.210898 -2.9404285
-3.5131898 -3.6494012
-1.3968893 -4.3709407
-3.2130463 -3.12201
-1.8292829 -2.5372179
-2.5482895 -3.5981898
-2.2495165 -3.6046903
-2.2861717 -4.768451
-2.7060587 -4.0065165
-3.747914 -3.58694
-3.785952 -2.8844504
-3.9444568 -3.4269676
-3.6706822 -3.573167
-2.2900534 -5.5003715
-3.5796194 -3.2396398
-3.066368 -4.54791
-3.6502388 -3.8722637
-2.4385767 -2.6300647
-4.2630134 -3.6562047
-2.3330593 -3.5418801
-3.3191407 -4.244746
-2.5140386 -3.4401217
-2.2030149 -3.3977222
-3.083893 -3.092598
-2.9087358 -3.65899
-3.751361 -3.4765959
-1.8463782 -4.2477098
-3.452985 -3.4950564
-0.9165795 -3.636691
-2.5847116 -3.6957374
-3.7092464 -3.1078017
-3.1412122 -3.4818735
-2.1685698 -3.9172635
-2.2859247 -4.197139
-2.719971 -3.9481149
-2.8293576 -4.007453
-4.043473 -2.428312
-2.7067091 -4.072896
-2.6515493 -3.689263
-3.671896 -4.0738044
-3.22426 -2.3795648
-4.979344 -3.4162314
-2.8404524 -3.3683078
-2.9227943 -4.97925
-2.192184 -4.113063
-3.1529915 -4.3771286
-2.5826283 -3.4437335
-3.7048175 -3.1209102
-2.2058709 -4.5071383
-2.289067 -4.207077
-5.084332 -4.254506
-2.2667973 -4.4381194
-5.716343 -5.040046
-3.1546502 -4.1097097
-2.205691 -4.397503
-4.233797 -2.3074846
-3.475326 -2.5420144
-1.5950766 -4.446327
-3.541169 -2.715682
-3.0603304 -3.5584517
-3.379833 -3.4325118
-3.8735127 -3.481968
-3.3976295 -4.2688875
-3.0717902 -2.5941606
-3.6796343 -2.9307117
-4.468237 -3.1326525
-3.0582764 -2.6783378
-4.62725 -3.2620046
-3.5768614 -3.3849645
-3.091695 -4.2794285
-3.8037446 -3.4106512
-2.529184 -2.621473
-2.6904466 -3.3048294
-0.5801921 -3.2102506
-3.2414324 -4.3506804
-2.8779163 -5.628845
-3.7431397 -4.1719584
-3.9377687 -3.7986498
-2.2173421 -4.2739415
-4.2907805 -2.755009
-3.4968927 -4.012411
-2.9245877 -3.2467067
-2.5856092 -3.3890145
-1.6772892 -4.1545024
-4.0831447 -3.4864268
-3.6220686 -3.972601
-2.16494 -4.6269846
-2.9750168 -3.1813967
-3.3630598 -2.8439415
-4.6131344 -2.9321413
-3.1415346 -4.4017034
-3.398973 -3.9093096
-3.5516727 -2.674598
-2.8520455 -3.174542
-2.2747838 -4.466287
-2.953897 -4.7460084
-3.5624783 -3.5324907
-2.7721665 -3.2755973
-3.0864205 -4.502749
-3.311864 -5.333598
-4.3935785 -2.6917584
-2.0084395 -3.9727437
-2.2827134 -4.380356
-3.906713 -4.774013
-3.188744 -3.622922
-2.6496615 -3.1583302
-2.4206967 -3.8205147
-4.0602055 -2.9385371
-2.7144346 -3.2388437
-3.947096 -3.0964866
-4.475118 -3.9455638
-3.0866218 -3.936954
-3.6737695 -3.3471062
-2.6351435 -4.6514916
-4.3865232 -2.8560305
-2.2616818 -3.632973
-3.1723893 -3.2315025
-3.9329891 -1.9003439
-4.5313497 -3.1582153
-2.8269415 -3.7765994
-4.2553024 -2.9291232
-4.3406405 -3.115948
-2.079336 -4.0767174
-3.404562 -2.9577687
-4.531341 -3.0774512
-3.2208846 -2.9623044
-0.3252622 -3.3736722
-4.3922486 -2.7199643
-3.861939 -3.2123454
-2.9008505 -3.7595584
-4.025168 -4.061141
-4.0014853 -3.0659163
-4.1058164 -2.4517453
-4.456927 -2.7109897
-2.7920113 -3.4452717
-3.3019042 -3.6910646
-3.1787262 -4.070198
-4.2502766 -3.2757964
-3.1121814 -3.0612195
-3.8367093 -2.758269
-2.600375 -3.5547698
-3.8553033 -3.6729193
-3.3144681 -4.167551
-3.341592 -4.305371
-3.1256132 -4.114859
-1.9540733 -3.756754
-4.275863 -3.632423
-2.7342844 -3.339722
-3.9513304 -4.249042
-4.3779607 -2.818895
-3.7503457 -3.1211758
-3.605278 -2.9380407
-3.3458517 -4.799395
-3.7864175 -3.0159879
-4.1296062 -3.402281
-2.5255098 -4.835557
-3.7538943 -3.3433018
-3.5203345 -3.9756472
-3.9197705 -2.827351
-2.9904597 -1.6963302
-3.1641977 -3.3799314
-3.4050183 -4.1617274
-1.9055333 -3.7756202
-3.419512 -2.8591795
-3.7961662 -3.45859
-4.51102 -2.5606406
-2.3790536 -3.96639
-4.210253 -2.9145167
-3.3533633 -3.9261296
-4.055042 -3.6969564
-3.4011092 -3.368487
-4.042728 -3.2969306
-3.657338 -2.8721578
-3.2518313 -4.464027
-4.747547 -3.6996129
-2.5196736 -3.6596673
-3.4157584 -3.071823
-2.9275196 -3.5454917
-2.8432968 -3.2221456
-3.8146367 -2.2580438
-2.4231818 -2.4996216
-1.761232 -5.032427
-4.4921412 -3.087001
-4.7663713 -4.555238
-4.4402003 -3.2077134
-3.5346901 -3.6761994
-4.2591405 -2.8039258
-3.0197425 -2.7127316
-2.5201929 -4.432054
-2.5478368 -3.7474494
-3.514744 -4.3875623
-2.7853553 -3.3295064
-2.5195577 -2.757225
-2.02427 -4.653168
-2.8640194 -2.75236
-3.1549633 -2.5816295
-3.6872144 -3.112751
-2.8840733 -2.8641584
-2.7246175 -4.0103617
-3.6538363 -2.5296855
-3.1013112 -3.8369994
-2.4377265 -4.101604
-4.51666 -3.870501
-3.3571281 -3.4325202
-2.4513404 -4.288628
-2.928769 -2.738672
-2.3512244 -3.7706902
-4.187344 -3.2891772
-4.4850025 -3.2102923
-2.329066 -4.324118
-2.9012492 -3.4533334
-3.3070173 -4.158639
-2.8267052 -3.5794082
-2.452068 -2.370808
-2.8640954 -3.2500877
-4.1085877 -4.256481
-4.3361645 -3.5706754
-3.488988 -3.6834927
-2.4878185 -3.0974877
-3.6970901 -2.8578494
-0.5627688 -4.9300556
-1.3508375 -4.188535
-3.8125505 -4.0477457
-3.4536092 -3.5461075
-3.9100723 -3.6913686
-2.7231803 -4.0964913
-2.3738115 -5.701775
-4.064085 -3.2745287
-4.9331045 -3.5554686
-3.145847 -4.4016337
-3.2695856 -3.951065
-3.4459422 -4.087069
-3.0094676 -5.229045
-1.8507996 -4.9500537
-3.4838138 -3.6425245
-3.2991633 -2.1433494
-5.2214284 -3.918714
-3.251002 -4.6446986
-3.2870204 -3.268349
-3.1982021 -3.2286685
-2.2881267 -3.0071645
-3.5286329 -3.9874802
-3.0286996 -2.9098108
-3.7664118 -3.600867
-3.250415 -4.3677845
-4.6483917 -3.1433084
-4.0376024 -3.4235828
-5.247402 -4.1524887
-3.909192 -4.274702
-4.003603 -3.5376816
-4.703719 -2.913527
-4.040878 -1.9969412
-3.566635 -2.7917986
-4.0311856 -3.8915336
-2.1495402 -3.7275622
-3.488279 -3.9206936
-3.845549 -3.7936046
-2.510958 -5.271198
-3.2848856 -2.6606553
-3.859305 -4.126081
-3.0423524 -2.8873112
-3.6403742 -2.2197783
-3.4087112 -2.6550612
-3.2933068 -3.389622
-4.5896235 -2.4092293
-3.2894318 -3.6958194
-4.084043 -2.4760125
-2.913033 -4.4111276
-2.5470438 -3.5378647
-3.8631766 -3.4478652
-3.525176 -2.8870134
-3.651653 -3.0385525
-4.0288534 -3.7977538
-2.610214 -4.6491323
-3.6556404 -3.1848922
-4.0329995 -3.216641
-3.2618282 -6.0999484
-3.6490102 -3.588107
-3.986993 -3.8831189
-2.2526422 -3.0206387
-3.4957364 -3.9287083
-4.3185005 -3.2671485
-2.7729483 -3.6363366
-3.5183303 -4.595825
-4.075194 -4.1341352
-4.6706734 -3.2224302
-3.760295 -5.5518875
-3.9383936 -3.320272
-4.904209 -2.8816657
-5.150957 -3.4309182
-3.3356192 -3.075455
-3.8931353 -3.8401492
-2.8228908 -5.158286
-4.2317567 -2.8725834
-3.0143423 -4.99102
-2.0713005 -3.0978017
-4.7974825 -3.0162733
-2.0717137 -4.2968817
-4.3540945 -4.0430565
-3.3874197 -4.1044245
-3.8381083 -2.6762168
-1.9926776 -4.924592
-4.0980616 -3.2804296
-4.665983 -3.90803
-3.1673923 -2.3828185
-2.6705117 -2.8082252
-3.8749688 -3.38461
-3.4849143 -3.7255237
-1.7233496 -5.3056636
-2.866668 -3.9877696
-3.0137005 -2.6066418
-3.0924468 -2.681522
-3.522343 -4.7085643
-2.5350516 -3.899836
-4.245999 -4.446541
-3.2567403 -2.872441
-3.1401548 -2.9182372
-3.083588 -2.753295
-3.2375934 -5.035582
-3.8264313 -3.0088873
-3.052612 -3.184145
-4.403974 -3.2450361
-2.1284912 -5.1483655
-0.906628 -3.374885
-3.6973057 -2.7286298
-3.5178902 -2.24828
-3.20169 -3.557206
-2.6505213 -3.9940166
-3.3148549 -3.0228078
-2.2945492 -4.382399
-2.8675861 -4.3880525
-4.517644 -3.7274418
-3.8109536 -3.1280515
-1.7215457 -3.838028
-2.7023165 -3.6039748
-4.817938 -3.849818
-2.2424135 -4.941983
-0.95603776 -4.5947466
-2.2288337 -5.347316
-4.4357653 -4.686615
-3.2576947 -3.474128
-3.0032806 -4.63068
-2.9989333 -3.5026872
-3.9401562 -3.446957
-1.7067128 -3.2701392
-3.997129 -2.6196148
-4.750493 -5.4482236
-3.2441263 -3.7509177
-3.011868 -2.063575
-3.6821532 -3.1929252
-2.9262295 -3.6706812
-3.729159 -3.1742136
-3.3862393 -2.324133
-2.325123 -3.2293603
-2.7056584 -3.4219666
-2.6570911 -3.3733077
-2.2656584 -4.2695756
-2.527482 -3.7393672
-2.6576765 -5.3328457
-3.8398876 -4.25689
-2.6609647 -4.223397
-3.3128943 -3.0385284
-3.546444 -4.0729303
-3.506664 -3.711645
-4.3237047 -3.2683315
-2.6419713 -2.5477746
-2.0103207 -3.1043317
-2.47871 -3.7301393
-3.218041 -4.472055
-2.801205 -4.549476
-3.3012667 -3.5512967
-2.9665766 -3.7518876
-2.762071 -2.5931666
-3.8381681 -2.3822627
-4.0483527 -3.3228247
-1.8288513 -2.97781
-0.81098926 -4.4918885
-3.4360592 -4.385283
-3.6464875 -3.471585
-3.6418257 -2.5081172
-2.835271 -4.259908
-2.6003087 -2.0276437
-3.6573465 -2.1775415
-4.237937 -5.20568
-3.735508 -2.6952832
-3.2442727 -3.7097251
-3.4688172 -2.9932666
-4.416528 -4.184852
-3.0607529 -4.438658
-2.849816 -5.1503744
-1.1959101 -5.024036
-2.254382 -4.65796
-3.5731945 -3.0419426
-4.8684607 -3.0355515
-2.5233004 -3.7294557
-2.8699949 -4.160895
-4.076161 -3.9022262
-2.1836786 -3.8938694
-2.7790046 -3.840453
-2.760747 -3.627875
-3.695902 -2.6643288
-3.9543097 -3.007458
-3.8615077 -3.3943615
-5.008016 -2.9612927
-2.2534986 -3.702564
-1.7113514 -3.3606868
-3.242665 -1.9038978
-3.0953033 -3.460596
-3.2819993 -2.9218047
-2.9664643 -5.4778543
-2.704721 -3.793229
-2.2529912 -6.3033037
-3.1062102 -5.7659125
-3.8448172 -3.4282253
-3.225639 -4.024348
-2.7891707 -3.0044506
-3.949032 -4.9831986
-4.1141 -2.9022093
-5.1993966 -3.9466376
-4.0651264 -2.7323315
-4.117282 -3.3193932
-3.608992 -3.4151273
-4.8843594 -4.5481133
-2.299316 -4.7578416
-3.3800333 -3.3690848
-3.4664323 -3.882191
-2.3017194 -3.8531303
-3.2683623 -2.5024657
-3.192567 -2.3391151
-1.9477535 -1.017394
-3.305025 -1.9466559
-3.10628 -2.54416
-3.4217703 -2.6544647
-3.4923165 -4.263345
-3.7655568 -2.7026289
-2.5138466 -5.1247134
-4.2142115 -3.629203
-2.9428144 -4.0950127
-3.3101797 -3.008279
-1.4720894 -4.3855805
-4.042778 -2.4754324
-3.2345903 -4.150229
-4.219569 -3.1558561
-2.8912544 -4.7699914
-3.591936 -2.8664372
-2.774623 -4.479135
-2.4731848 -2.7620325
-3.3940513 -2.7014563
-3.629188 -3.075592
-3.074728 -3.3725135
-3.5722659 -3.838119
-2.7394068 -4.066203
-3.2015233 -5.0158715
-3.0430968 -3.1071572
-3.300548 -5.3080015
-4.1151433 -4.579251
-3.823017 -3.3519192
-3.1986713 -2.9947114
-3.6928537 -3.7542825
-3.5551567 -2.4008613
-1.4571264 -4.7153873
-2.2100606 -4.551512
-3.0090795 -3.057142
-1.7676563 -4.023095
-2.7314386 -2.980369
-2.9965506 -4.096224
-3.0376801 -3.8312464
-4.283195 -3.6887026
-5.5265307 -4.2009006
-3.4206214 -3.3023474
-3.282865 -3.878087
-3.294787 -4.1920533
-3.3490198 -3.4627676
-3.3086412 -2.8440871
-4.048888 -2.8500667
-2.84185 -2.9585288
-4.466114 -2.9408863
-2.8849406 -3.747569
-3.1124 -4.533047
-2.1551805 -3.9670122
-4.4951873 -2.7966774
-3.3029628 -4.0540066
-3.0626647 -3.3512604
-2.6651886 -3.3037822
-2.3765223 -2.3972363
-3.4364452 -4.4624343
-2.7000377 -4.0032935
-1.3514426 -4.530833
-3.652871 -4.0423203
-2.4521427 -2.7931185
-3.3253336 -3.5699928
-3.3450997 -3.2253816
-2.632899 -4.5557942
-3.3102453 -2.4984024
-1.1177168 -3.1275105
-3.4357867 -4.131128
-3.172014 -4.111402
-2.6984143 -3.1215527
-3.6340039 -4.54329
-4.797922 -3.6817589
-3.5596516 -4.5246754
-2.2895088 -4.410699
-3.103455 -4.218212
-2.6374612 -3.833317
-2.467572 -5.669773
-2.1527267 -3.8771513
-3.3793652 -3.1843061
-4.260667 -3.6671054
-3.5861466 -2.0078962
-3.5784903 -2.971552
-4.9120803 -4.8491044
-4.190002 -4.2409606
-3.147679 -3.8084428
-2.775927 -3.351663
-3.9763558 -3.3213096
-2.275026 -5.126799
-3.9977498 -2.9585195
-0.5257815 -3.2684224
-4.015438 -3.257364
-3.5200236 -3.1767573
-3.9000711 -2.7086375
-4.0710316 -2.9555814
-3.3562481 -2.3364608
-3.753475 -3.6487126
-3.971018 -2.5639055
-3.374579 -1.9283686
-4.169347 -2.7514286
-3.2170672 -2.702362
-1.6203679 -1.896428
-4.020972 -3.5011027
-2.6769872 -3.792018
-3.4518948 -3.6328602
-2.7976654 -4.472922
-2.8082697 -3.9628677
-3.2702463 -3.464598
-3.619181 -3.5011184
-3.4935007 -2.6344194
-4.2124906 -3.604611
-3.540433 -2.6012108
-3.6227598 -2.7728655
-3.4695435 -3.0289419
-3.2479792 -3.4152186
-4.125077 -1.9674685
-3.3238173 -2.9405026
-3.4205556 -3.4918058
-4.6202044 -2.4730732
-3.0072052 -2.96376
-3.133507 -3.187126
-3.1108723 -3.0942025
-3.481929 -3.5323415
-4.0262814 -2.6991336
-3.9449854 -2.7801924
-3.4870396 -3.9162061
-4.6796217 -2.103703
-3.5356874 -2.9075098
-3.6022506 -3.4268239
-4.0952764 -3.9912317
-3.4225738 -2.9422424
-2.6855814 -3.3721561
-2.7065442 -3.839095
-3.5756714 -3.8680751
-2.3546612 -3.2975566
-2.268076 -4.557307
-4.101223 -3.0606039
-3.1499066 -3.9028668
-3.0179543 -3.1428282
-2.8728917 -3.3144739
-2.7947562 -2.9453707
-0.5567616 -4.151011
-2.7948544 -4.477322
-3.4705555 -3.8858697
-1.7975589 -4.6631155
-2.552143 -3.368799
-3.1802619 -4.287758
-3.8159294 -3.5373163
-3.2162037 -3.261752
-3.4533868 -4.5595236
-2.7193937 -5.196144
-4.2266245 -2.5339167
-2.823599 -3.3694634
-2.9505684 -4.186057
-2.785116 -3.084728
-3.9954598 -2.7777507
-3.4141505 -2.5087347
-3.2454734 -4.308601
-4.256647 -2.458733
-4.238979 -2.344567
-3.216881 -4.101962
-3.559213 -3.4694788
-3.2050507 -4.8778806
-3.3960872 -2.510555
-4.5228753 -3.7126355
-2.5539541 -3.471172
-2.2971344 -3.5707552
-3.440373 -2.6980414
-4.1443315 -3.1238275
-3.2860103 -5.0579243
-3.5737684 -3.7053983
-2.6760864 -3.324813
-2.4538605 -5.609995
-3.7347302 -4.3801265
-4.713798 -3.0381186
-2.8818686 -4.369953
-2.3091142 -4.665366
-2.3584936 -2.592103
-1.9961673 -4.5548754
-1.8370156 -4.595409
-3.3760955 -3.0491626
-3.5253754 -3.1613636
-1.9980705 -1.9198228
-2.7787669 -4.6778374
-2.886601 -3.7012167
-4.125681 -3.4890049
-3.17936 -3.5878973
-3.509996 -4.2707777
-2.8579702 -4.639017
-2.7785392 -4.518652
-3.8408036 -2.8406758
-2.9232128 -3.6932695
-2.748915 -3.447304
-2.9657094 -3.6363387
-3.527758 -3.5962598
-3.4122622 -3.7559564
-3.534073 -3.6172721
-4.437998 -2.4510362
-4.436144 -2.5150516
-3.481893 -3.6229262
-2.7061462 -2.831626
-2.6316676 -5.4944086
-3.0660303 -5.2007957
-3.4624927 -3.817113
-1.176776 -4.1355896
-3.6545641 -4.335648
-2.8906114 -4.6174254
-2.9031825 -3.4581823
-3.8117921 -2.8883662
-3.3097038 -3.6714559
-3.409995 -3.3887353
-3.3937604 -4.0771093
-2.7088523 -2.230054
-3.970849 -3.2484586
-2.4289796 -4.205237
-2.8946342 -4.7901506
-3.466017 -4.3208957
-3.8459544 -2.7605314
-3.0323079 -4.4147134
-3.789576 -2.644849
-3.383035 -3.1276288
-3.2134817 -4.4456477
-3.2162368 -3.6795988
-3.183796 -4.2101426
-4.0946913 -2.5072455
-4.48879 -2.8618026
-3.1928642 -4.097207
-2.7453628 -3.3713562
-2.9074483 -3.3106518
-4.4070725 -2.1671724
-3.5363386 -4.7050905
-2.9136696 -2.9212277
-3.2032769 -3.204633
-2.3318272 -5.878055
-4.1217074 -3.6733856
-3.5014894 -2.900361
-4.3382688 -3.0861359
-2.044413 -1.986229
-4.391105 -3.423147
-3.103676 -3.7091231
-3.3000941 -3.9994183
-2.8068576 -4.4311795
-4.3583293 -2.321845
-3.6687686 -6.1599345
-2.9662154 -4.7532325
-3.3571012 -4.2252007
-3.39443 -3.8245037
-2.7205098 -3.3464193
-2.4628623 -4.5108294
-4.465485 -2.6106293
-3.7542706 -2.992417
-3.8095243 -3.6295686
-3.3760688 -4.136581
-3.9008758 -4.298388
-2.6765373 -4.276857
-3.3663843 -2.9136772
-3.4432995 -4.536962
-2.8332324 -4.417389
-3.3583713 -2.767215
-4.922629 -3.8671398
-2.7665203 -4.2269316
-2.7698197 -4.944489
-0.8471801 -5.3923793
-3.8916473 -1.9019903
-4.0113726 -3.0285907
-3.7384386 -3.504501
-3.0395324 -4.331732
-4.5238295 -3.5268667
-4.0915275 -2.5295756
-4.9594107 -3.9003134
-2.9920957 -3.8992803
-2.211906 -2.5562432
-3.7515385 -3.3177986
-2.5103943 -4.883955
-3.523381 -2.6434546
-3.818008 -4.199947
-3.522759 -2.5615544
-4.9137816 -3.577091
-2.9058704 -3.8703249
-3.136788 -2.8158646
-4.8405895 -5.0523067
-3.8088703 -3.987758
-2.8754828 -3.2975397
-2.9710336 -2.860241
-2.6910782 -3.42451
-4.1085124 -2.7782211
-2.2386065 -5.025975
-3.6276963 -4.4173875
-3.663718 -3.2581928
-2.5930932 -5.103766
-4.16786 -3.152436
-2.7633822 -5.355987
-3.9510965 -4.5627613
-1.8495824 -5.162472
-3.4821007 -4.595122
-3.346235 -2.426142
-3.9292285 -4.4618793
-3.6132345 -4.462192
-4.8586483 -2.384477
-4.1875887 -3.5093267
-3.4367235 -3.4745076
-2.9505038 -3.4867928
-1.7539995 -2.9818757
-3.481687 -3.1648657
-3.6271355 -3.9640605
-2.3620741 -4.9127192
-2.394557 -4.1967483
-3.200097 -3.3638632
-4.0947127 -4.5665965
-2.9743848 -3.096859
-3.8352885 -3.3987765
-2.8457606 -3.523159
-4.5294585 -4.211574
-2.3754199 -4.617126
-4.677317 -2.5095844
-2.8009853 -4.4748554
-3.1917448 -3.4508266
-2.1464136 -3.788248
-3.954321 -2.2400017
-2.5466762 -4.717974
-4.0156612 -3.1136274
-3.4857898 -2.59374
-3.1213188 -3.3517315
-2.9397452 -5.2563577
-2.777495 -4.17446
-3.189233 -3.6997168
-3.858329 -4.2828126
-3.6051776 -2.1925209
-3.5893848 -2.275149
-3.5265708 -3.2063427
-2.611335 -5.4411473
-2.535504 -2.7008367
-2.5459394 -4.7484555
-3.2185988 -2.1182036
-2.5692115 -3.6035268
-2.4859593 -4.4761677
-3.0101852 -2.7004874
-3.4630651 -3.1474807
-3.0676079 -3.1531985
-1.8302608 -3.8337362
-4.0979924 -3.533035
-2.615133 -1.9227197
-3.3704329 -4.026933
-3.23422 -4.2428827
-4.19569 -3.3653672
-4.209582 -2.456908
-1.3914553 -2.8125358
-2.9424179 -3.843363
-2.0970576 -5.0351233
-2.3613896 -3.5931733
-3.585415 -2.7241855
-2.1311083 -2.841911
-2.7012632 -3.6736002
-3.714348 -4.098272
-1.5931666 -2.4545562
-3.4159138 -2.4679189
-4.1316876 -3.2540233
-3.4538183 -3.4281538
-2.243272 -3.3871357
-2.8340068 -3.8637314
-3.7875838 -2.9528944
-2.5859673 -2.849193
-2.6108925 -5.012223
-2.8877091 -3.4662354
-4.2408113 -3.0691464
-2.6071136 -3.4633079
-3.445005 -3.483926
-3.0707314 -4.851299
-3.8358812 -2.9221976
-3.9852953 -3.917828
-2.7110806 -5.299994
-3.8183863 -3.0722501
-2.8326795 -5.219642
-3.2749386 -4.5533056
-2.6724288 -3.0664375
-3.2133775 -4.388832
-3.4576406 -3.486004
-2.530748 -3.2643595
-2.8707678 -3.7852433
-3.8272915 -2.5823975
-4.1524215 -2.8289967
-3.1893816 -3.5799015
-3.8265026 -2.8596587
-2.62495 -3.0919452
-2.6463733 -4.188947
-2.2347546 -2.8565235
-3.7656758 -1.9578477
-2.9778872 -4.356185
-2.6758306 -3.6520882
-3.5342896 -5.2076836
-4.122418 -3.935923
-2.4627886 -4.2940483
-2.9567513 -5.7366977
-3.1696343 -3.6233637
-3.265036 -3.4206655
-2.995628 -5.485195
-4.9846334 -3.015832
-3.8630557 -2.1903455
-2.5211563 -3.3017693
-3.5861588 -2.9091632
-2.753198 -4.840243
-3.1468737 -4.1025987
-3.49079 -5.43953
-4.498405 -2.4254344
-2.5325909 -4.9667344
-2.4303775 -4.254811
-4.128381 -3.4721375
-4.2273297 -2.788818
-3.1939182 -3.87802
-4.1068525 -3.2405264
-4.2044864 -4.6784205
-2.6628528 -3.6707191
-3.4852626 -2.8139286
-2.5025618 -3.228969
-3.391534 -2.773797
-2.7976763 -2.770186
-2.160005 -2.1451821
-4.5926533 -3.5732355
-2.7649338 -3.5236073
-4.6097307 -3.6791074
-2.3425355 -2.804378
-2.1528952 -4.4606185
-4.564205 -3.8402622
-2.1873863 -3.419085
-3.8212063 -5.7020354
-4.0374985 -3.6291366
-3.0211043 -3.2666383
-3.8248076 -3.5966249
-2.6735396 -3.9919026
-2.5816703 -5.2262964
-2.7287154 -3.1330216
-3.5152047 -3.866684
-2.9073346 -2.7615528
-4.072262 -2.6586392
-3.193729 -3.4400144
-4.233053 -2.5488021
-3.8099494 -2.351698
-3.5421057 -2.1396403
-4.2176075 -2.5069618
-2.781009 -3.6394532
-3.6848235 -3.528602
-2.8290486 -4.583919
-4.04573 -3.6895888
-2.5997398 -2.735353
-3.9685607 -2.9772892
-3.4075785 -4.655363
-4.215268 -2.8866394
-3.5483377 -2.8407803
-3.1176107 -2.547864
-3.756327 -2.8692734
-2.9166887 -4.116458
-4.000742 -3.330408
-3.6589944 -3.013143
-2.437768 -6.08134
-4.218758 -3.9321516
-3.6023068 -3.2864447
-3.8131697 -3.6849375
-3.1205282 -3.033309
-3.3496583 -3.3122284
-2.5885308 -3.900521
-3.2805758 -2.8288748
-3.9624493 -4.515154
-2.8338473 -3.864485
-3.1956563 -2.9717698
-3.8726525 -2.5200841
-2.849063 -4.43411
-3.5510583 -2.9469423
-3.464355 -3.4511843
-3.114554 -2.6378639
-2.4015865 -2.4937782
-3.9696484 -2.8360236
-2.1361477 -2.902293
-2.3374019 -4.747179
-2.8107817 -3.7450833
-2.7913017 -3.028298
-3.7059867 -3.6675608
-2.1920674 -4.7670884
-3.994208 -3.8415358
-3.5777483 -3.6017756
-3.676224 -2.234139
-3.7782445 -3.696809
-2.6777468 -4.1635733
-5.169691 -5.0250034
-3.558565 -4.499878
-3.8704503 -1.8250127
-3.632189 -3.052464
-4.252341 -3.2196198
-3.7890408 -3.7950578
-3.228284 -3.300391
-4.237128 -3.4425035
-3.1368268 -3.6750054
-2.8775694 -3.9215376
-3.1922681 -3.6481643
-3.4918678 -2.0248966
-2.9446433 -3.706227
-6.4286914 -5.02775
-3.0964634 -2.7745163
-3.6742554 -4.0902576
-3.0978575 -3.7885237
-3.8058593 -2.4226906
-3.1315126 -3.4954987
-4.2339034 -3.3924606
-3.5498428 -4.241636
-4.180689 -3.0763087
-1.3311781 -4.111465
-4.0798035 -2.8937628
-2.7455018 -4.863548
-3.7601085 -1.6337942
-4.0343018 -3.1405098
-4.0146112 -2.7625332
-2.9893177 -3.4433675
-3.9988785 -3.367433
-4.070244 -3.076685
-3.4839308 -4.1411934
-5.6479917 -5.9993224
-2.5519192 -3.5143316
-2.6575959 -4.796192
-2.9572175 -3.2049806
-3.9510136 -3.2559092
-3.2189376 -3.8532176
-3.9247453 -3.2470822
-2.2477732 -4.5458064
-3.0754597 -2.2901742
-3.4771006 -4.213668
-2.0317726 -4.458369
-2.8719883 -3.7771144
-3.1907036 -4.5329485
-3.6660628 -3.4082654
-2.7267034 -4.522631
-3.6018412 -3.1098819
-2.3006504 -4.7005243
-4.0224547 -3.3762555
-3.8548346 -3.2297957
-3.222417 -3.1016457
-3.1504068 -3.328334
-3.2749426 -4.6317816
-2.7760005 -3.574503
-4.3550453 -4.617443
-3.3070138 -4.657636
-4.847776 -3.7680233
-3.4394128 -3.910578
-3.8712192 -2.638723
-4.0843472 -3.4989326
-3.1870863 -4.1252313
-2.892229 -3.5307212
-2.981437 -4.413971
-4.086177 -2.960699
-3.0709555 -4.1002326
-3.3108845 -2.2836435
-4.184194 -2.9732056
-4.4241095 -2.8453467
-2.9782865 -5.0641165
-3.043496 -2.8418965
-2.9811437 -4.428294
-3.0623193 -3.326493
-3.7792127 -1.703092
-3.9658618 -2.7412407
-5.019286 -2.8533077
-3.5674736 -4.306065
-3.2044864 -3.3468244
-3.4011831 -4.4522333
-3.8606818 -2.7374349
-1.8754352 -3.3612242
-3.0980492 -4.3828855
-3.7504346 -3.6370862
-3.0434546 -3.0317647
-3.486817 -2.584398
-3.5431347 -3.8622344
-3.7237399 -2.6004949
-2.6465504 -4.422627
-3.7870002 -4.275708
-3.8172805 -2.7503498
-5.0769835 -2.8610303
-3.3138707 -4.081251
-2.1541612 -4.622289
-3.5050194 -4.5805206
-3.989893 -3.1218226
-3.1935246 -4.6815495
-3.4129753 -4.187597
-4.289373 -3.564671
-3.7099762 -3.1159205
-3.9232504 -2.4961207
-3.5681775 -2.8884416
-2.4393115 -5.551033
-3.2026672 -1.8294319
-1.7196901 -3.2212389
-4.22003 -3.5647113
-4.298593 -3.653695
-3.829257 -3.8212771
-2.1392813 -3.2183363
-3.1418526 -3.4878814
-3.967557 -3.956861
-3.0290327 -3.6767113
-4.1249585 -3.9526904
-3.1299944 -3.4251032
-2.742055 -3.6391132
-3.9520898 -3.7823157
-3.7154794 -4.389851
-4.1640077 -3.6621819
-3.1830509 -3.3980985
-3.3489962 -2.581025
-3.3838177 -2.5185466
-2.2652338 -3.7779696
-2.381992 -3.946863
-4.1737523 -3.4150746
-3.8760579 -2.4806733
-3.4528933 -2.9767702
-3.8344054 -3.6065161
-2.8277192 -5.197454
-3.3131752 -3.0333433
-2.9491386 -2.2839267
-2.8819864 -3.6211245
-2.6924536 -3.428238
-2.861469 -4.5492954
-4.270593 -2.3660598
-3.45435 -3.6299663
-2.8995435 -1.0378094
-2.6343794 -3.5306747
-3.4379983 -3.8506105
-1.8754579 -4.625296
-2.8143716 -3.5940354
-4.1466627 -2.7899718
-2.2103443 -2.4902618
-5.265238 -2.9951296
-4.0739784 -2.2870686
-3.4587872 -2.4504228
-2.6964557 -4.453706
-3.1046948 -4.503675
-2.634203 -3.660973
-3.6076617 -2.470445
-2.3543534 -2.6910977
-3.6010544 -3.1923912
-3.2884445 -3.250542
-4.005967 -3.3339117
-3.3041952 -2.4754739
-3.1289394 -3.6035244
-3.1727343 -3.848936
-2.3957 -2.9524283
-4.003085 -3.2948532
-2.5648096 -2.8778405
-4.4347014 -3.529905
-4.2670856 -3.8274944
-2.8136075 -3.363125
-3.088708 -3.545011
-3.6913338 -4.12816
-2.8182032 -3.473618
-4.146634 -3.4889
-3.474353 -2.2073936
-3.5987942 -4.874665
-3.5650063 -1.9770333
-4.220409 -3.0192628
-3.863148 -3.035163
-2.041586 -3.5854938
-4.282443 -3.7403839
-3.9712684 -3.3362072
-2.3308835 -4.245288
-3.7589576 -2.7205195
-4.266031 -2.3633182
-2.8775964 -1.9210588
-3.1154547 -3.892562
-4.8187203 -4.5717173
-3.1192427 -4.0740523
-3.624177 -4.657517
-4.1405287 -2.8116577
-4.1612196 -2.6300442
-3.266487 -6.091197
-3.9859846 -2.9711602
-3.8846977 -3.653172
-2.8531938 -5.44306
-3.5236676 -3.0390418
-3.7867272 -3.5870025
-3.721774 -3.2413943
-2.462303 -3.47149
-3.0229504 -3.4025533
-3.9588833 -2.3414178
-3.5306132 -2.8294806
-3.0276232 -2.873197
-3.911085 -2.8557346
-3.444082 -3.7087626
-3.9145386 -3.6314573
-2.80839 -2.622812
-3.933838 -4.438834
-2.1389315 -4.28941
-3.4401019 -2.8115482
-3.6998858 -2.9097521
-4.187174 -3.2776804
-2.5219429 -3.3381996
-2.1136327 -5.2290835
-1.6596599 -3.8479397
-4.396587 -2.6219065
-3.6131258 -2.3508472
-1.9329815 -2.5872195
-2.7228973 -3.3234751
-3.154142 -4.610015
-2.4801893 -3.9812691
-4.250184 -3.395384
-4.488704 -3.3548603
-2.5427966 -5.0542235
-3.3155851 -4.0734096
-4.3250084 -2.3179433
-3.4750235 -3.583986
-3.5013943 -2.4268203
-3.3175235 -4.647605
-4.0018463 -3.2297091
-4.0543103 -3.9605587
-2.8434224 -3.1650076
-3.1031115 -2.860812
-1.8914413 -4.1407003
-2.626922 -2.6989121
-1.5898621 -3.1113565
-2.7327473 -3.7674255
-3.605466 -2.7041743
-4.2112875 -3.1833389
-1.2303872 -3.469017
-2.2234442 -3.3428874
-4.2928185 -3.6147885
-2.334037 -4.7702904
-1.7188606 -4.1356974
-4.0098295 -4.3873944
-3.9708264 -2.6090136
-3.6542938 -3.8462517
-3.962373 -2.9440904
-4.1332116 -4.0463386
-3.5675502 -4.889118
-3.6638646 -2.514063
-3.0042589 -3.3204958
-3.6931255 -2.8723967
-3.634016 -2.9838428
-2.6766803 -4.784321
-3.7276394 -4.611134
-4.2053003 -5.3897796
-3.3727133 -2.7907069
-3.3365817 -4.3784175
-3.8091168 -4.0772257
-2.3123574 -1.9753953
-3.7659092 -3.7687101
-3.4021494 -3.349219
-3.4271672 -3.3071065
-2.1660879 -3.997409
-2.292592 -4.6457233
-3.3136377 -2.2845376
-4.4731345 -3.1251671
-3.746896 -3.5206113
-2.7339911 -3.2320876
-3.036968 -4.3344407
-3.1003325 -3.4484649
-2.934923 -3.752327
-2.4338927 -4.7893558
-1.3596127 -5.4652944
-2.7884748 -2.419765
-3.6629782 -3.734994
-4.301754 -3.4654899
-3.2261655 -3.9933088
-3.2065072 -3.2724023
-3.0363355 -4.7209253
-2.6464524 -3.0819056
-2.5950985 -3.4930975
-3.169348 -2.9508052
-4.015146 -4.0674324
-4.03004 -3.9581525
-2.3669412 -5.3157206
-3.3524325 -3.0155742
-3.0931752 -2.6920953
-2.9949172 -4.7047896
-2.9154892 -4.733993
-2.678713 -3.4167132
-3.8716583 -3.4540002
-3.2634115 -2.9924765
-2.6203084 -5.531156
-3.5588188 -4.7878394
-2.4790614 -3.9937649
-2.1662595 -4.561873
-3.3749924 -4.1691465
-3.9784114 -3.069207
-3.3485518 -3.5901933
-3.4261081 -3.951672
-3.8384707 -2.2001202
-4.07199 -2.5178492
-1.2533327 -4.162941
-4.8660207 -2.6982472
-3.8175237 -3.9898596
-3.026782 -4.1866956
-3.758867 -3.4805264
-2.8596048 -2.6054509
-2.8395405 -2.459292
-3.2779272 -3.2059145
-3.4027 -3.6358104
-3.060616 -4.1381464
-3.8056023 -3.2310138
-3.220576 -4.645535
-3.7725806 -2.9761705
-4.340143 -3.0901647
-3.9210417 -3.3050036
-2.1259117 -4.3719516
-2.532336 -2.6410232
-3.2101414 -4.2346487
-3.3163135 -2.9534743
-4.575666 -3.0863693
-4.275873 -3.5489416
-4.225201 -2.3169744
-3.7937286 -2.6139238
-2.3740196 -4.653379
-3.004302 -4.1483526
-2.0423362 -4.122707
-2.8755832 -4.2987475
-2.700627 -4.5910363
-2.7334595 -2.6577866
-3.0522258 -3.448242
-3.0510786 -2.64678
-2.8321495 -3.3444653
-2.1400285 -4.688434
-4.3247457 -3.725393
-3.4553413 -5.0170155
-3.1610146 -3.4897141
-1.7332686 -4.069876
-3.199611 -3.3941758
-3.5362465 -3.7231436
-2.5574374 -3.6239176
-2.8256247 -5.529638
-2.8185225 -2.75301
-4.089421 -3.666511
-2.6187594 -4.992667
-3.572951 -2.8906271
-2.4614758 -3.2639608
-3.470694 -4.616523
-3.4395983 -1.8342478
-3.9498346 -3.0532303
-2.9464357 -4.2407804
-3.6426127 -4.4975915
-4.940009 -5.3294024
-3.1140928 -4.104795
-3.473113 -3.6373224
-3.6209595 -3.3626127
-3.6946292 -2.8736563
-2.6838326 -3.6106632
-2.0034285 -4.4181585
-4.92071 -2.3372757
-3.5679421 -3.0110226
-3.8696992 -3.643643
-4.0935016 -3.306528
-3.376605 -3.1873941
-4.5027227 -2.157517
-2.518689 -4.9400353
-2.1747622 -3.753704
-3.4579391 -0.8483388
-2.1801536 -3.2225995
-5.096199 -3.844228
-4.086609 -3.9976416
-3.4335008 -4.0290923
-1.9923314 -5.12106
-2.5694005 -3.1888478
-4.1424747 -3.4723413
-3.3422296 -2.6602387
-2.6952963 -4.074182
-4.1958394 -3.1421566
-2.7232745 -3.9762864
-3.8940148 -3.1064148
-3.7101123 -4.649846
-3.4934816 -4.527883
-3.6731718 -2.249456
-2.8437347 -2.620244
-3.978117 -3.508674
-2.7478905 -3.3862824
-2.2987225 -2.721705
-2.4222095 -3.1343572
-4.045487 -2.804947
-2.978143 -4.134163
-4.26777 -4.0368023
-3.4162555 -3.0789468
-3.707373 -4.366117
-3.1440372 -4.264893
-4.037775 -3.1083715
-3.2581694 -5.292496
-3.5263698 -3.2446954
-4.895996 -2.707646
-1.5221976 -4.1498275
-4.1432033 -2.906179
-3.1852903 -2.8334599
-2.068903 -2.696794
-1.9015956 -5.3459954
-4.1700325 -2.8957796
-2.7095559 -4.158503
-2.3634336 -3.4688206
-4.168167 -2.2272718
-2.9153867 -2.3193915
-3.5535104 -2.8837943
-2.8281944 -4.8581405
-2.8905747 -4.098607
-3.640671 -3.336431
-2.1399882 -3.5750806
-1.7798535 -3.5523891
-3.1739779 -1.6206108
-3.3684123 -3.647998
-3.4492378 -4.656371
-3.3526447 -3.6484425
-2.5417626 -2.9982727
-3.4827065 -4.164175
-4.1551614 -2.849328
-3.8739324 -2.9605904
-4.4936495 -3.4737973
-2.666736 -5.772344
-3.5821486 -3.996278
-4.7763658 -2.8840086
-2.126068 -3.9086084
-2.6414702 -3.2613873
-3.5170734 -2.082527
-3.1460981 -3.6787076
-2.5176191 -5.1323004
-3.460769 -4.725913
-2.9345295 -5.566511
-3.358151 -2.8526642
-3.761426 -3.1732652
-3.9986923 -2.618447
-1.3182929 -4.213914
-3.1218688 -4.5726247
-3.3110414 -2.9372718
-3.6871326 -3.199239
-4.08807 -2.924929
-1.2961433 -2.8680913
-2.5762484 -3.997294
-3.603455 -3.6758444
-2.7955096 -4.281924
-2.6906164 -4.26395
-1.6709019 -2.8923829
-3.2536888 -4.9340577
-4.1938066 -2.3341887
-1.4781973 -5.0373673
-3.6843135 -2.8094013
-3.3054533 -3.0614364
-3.8731518 -3.6497648
-3.550849 -5.798201
-2.8302655 -3.3015845
-2.2136228 -5.0568275
-4.1262307 -3.7874825
-3.4251833 -2.638337
-4.9202075 -3.6843195
-4.276505 -3.0392702
-3.8404121 -3.2765782
-2.6485012 -3.9662213
-2.8932617 -3.3288133
-3.1841502 -3.3514953
-2.434851 -4.033787
-3.0773919 -4.372818
-2.8919103 -5.111049
-2.3586125 -4.436177
-3.5493877 -2.824449
-2.4264205 -4.1666913
-4.0640025 -3.9221313
-2.8867078 -3.9057024
-3.1110942 -2.4790938
-3.0174088 -4.189203
-2.8392456 -2.0078442
-3.4829102 -2.152329
-3.515727 -3.6315963
-3.5440013 -3.9360173
-3.2573454 -3.9204342
-3.8502772 -2.2549155
-2.9274197 -3.2617831
-3.3554099 -3.4160933
-3.1719146 -3.728409
-4.083475 -3.1748836
-3.73837 -3.637445
-2.66464 -3.3020234
-2.9782028 -3.2848952
-3.7582915 -5.147365
-2.691258 -4.1956363
-3.672038 -2.9596574
-2.8746064 -5.147214
-3.686237 -4.288565
-2.7610614 -5.251252
-2.8446383 -4.700039
-4.2810245 -2.5634973
-3.5529292 -3.841612
-3.581939 -3.027802
-3.27704 -3.641681
-3.4552724 -3.9767535
-4.139389 -3.1068916
-2.1353443 -3.956571
-2.21945 -3.517072
-2.9593515 -3.8377624
-2.661052 -2.2823637
-3.94932 -3.142122
-4.2311206 -3.7555606
-3.621353 -4.0397444
-2.6262844 -2.5745223
-4.23799 -4.8465853
-2.9090874 -3.7913136
-3.4712064 -2.7614672
-3.3284247 -3.8331575
-2.9866574 -4.298526
-3.0175252 -4.864622
-4.6894917 -2.618709
-2.428082 -2.1034806
-2.7537766 -3.996058
-2.7771301 -3.6996784
-3.7392743 -3.0520928
-2.1954927 -2.1820014
