-1.1544021 0.08709966
1.0471139 -0.04117079
-0.20144442 -0.016091377
-0.7190385 -0.29742372
0.36646 0.13655572
-0.49572954 -0.10831906
0.15722835 -0.28717446
-0.099896714 0.031081215
-0.18435563 -0.29991877
0.7349992 -0.02996315
1.1358764 0.09962718
-0.49021906 0.8145563
0.901327 -0.9658638
0.59415483 -0.49344748
-0.9544139 1.1480732
-2.2020445 0.20256214
0.311092 0.09477635
0.6580988 -0.8363126
-1.7886814 -0.78570783
1.116381 0.23046298
0.0042259097 -1.183688
-0.5051914 -0.30117205
-0.84422016 -0.701311
1.2018061 -0.6905179
-1.2880263 -0.11059296
0.13035637 -0.18686824
-1.4682686 0.35053402
-0.15170775 -0.012026876
-0.6135678 0.68019474
-0.8324125 -0.2789143
-1.2335678 -0.35301542
0.5085584 0.022696212
1.0174176 -1.3281395
-1.2097201 0.3728655
-0.7713473 0.38487053
0.461502 0.4684279
-0.39155102 0.1563809
-1.7557851 -0.3163147
-0.8704082 -0.2569281
-1.1608658 -0.11821603
-0.49438795 0.896854
0.25597218 -0.16383907
0.5361259 0.8923374
-1.4417918 -0.82379514
-1.2913522 0.7186272
-1.107353 -1.2159019
-1.4485487 0.560045
-0.8346951 -0.40999308
-1.7416967 0.076290086
-0.7551409 -0.11817284
-0.8105123 0.24857064
-0.8118174 -0.84125525
0.5534202 -0.8867697
1.1840394 0.02091603
-0.7335429 0.22276177
-0.48550057 -1.2378517
0.86974573 -0.07212944
-1.4581118 -0.599796
-0.7130431 0.09889285
-1.3680216 -0.18535803
-1.5129206 -0.4622676
-1.3521689 -0.14886793
-0.50819683 0.035338983
-1.5240976 -0.23087034
-0.028770626 0.14038198
-0.5602386 0.31658816
0.838614 -0.08490133
-0.52605283 1.0313176
-0.79242194 0.22910152
1.8781043 -1.6877955
0.1455797 0.16360934
0.40868673 -1.8481854
-0.8121171 -1.6356124
-2.2216103 -0.34753466
-0.38205594 0.23277344
-0.21843413 0.5827505
0.7201973 -0.034678236
-0.16304456 -1.3474559
-0.32341266 -0.052283466
-0.49489987 -0.2482333
0.40191165 0.27286214
-0.823429 0.72922647
1.7797402 -0.34099168
-1.6520969 -0.2918633
-1.0599527 -0.7200155
-1.0545427 0.12899874
-0.63810253 -0.005172834
-1.1350027 1.1933982
-2.1928275 -0.45137033
0.25354752 -0.5391793
-0.18374762 -0.058406264
1.0839062 -0.2528192
0.15758985 -0.78300554
0.81642866 -0.095843375
-1.434982 -1.2865325
-0.9870627 0.32830137
0.4249479 -0.8456191
-1.7512758 -0.56337947
0.62487984 0.28036958
-1.3646547 0.48252964
-0.9681256 -1.0382926
-1.1493926 0.15248092
-1.1562079 0.8230644
-0.55964136 0.45028704
-1.2973717 0.81908196
-0.6187978 -1.693628
-1.3135421 -0.41434252
0.73035467 -0.03671913
0.4691569 0.34834528
-0.76647997 0.37036175
-1.6701324 -1.1886729
0.14470857 0.5473069
0.37617752 -0.23409547
-1.5816265 0.66159225
-1.7413737 -0.4849691
-0.14534113 -0.28622603
-0.94134045 -0.5678308
-0.80584705 -0.5666047
0.4457588 -0.2579496
-0.24220918 -0.96712565
-1.0400778 -0.3525246
0.9226155 -0.37307954
-1.2542791 -0.039910346
0.44642875 0.36081487
0.95544636 -0.16696644
-0.5798172 0.42933547
0.44283852 0.2532609
-1.7397146 -0.42566964
0.23134637 0.15265395
-0.7531289 -0.2142702
0.14441362 0.6816549
0.36537215 -1.0176295
-1.4508055 0.59194785
0.12518355 -0.19073959
-0.7977563 -0.20272768
0.28892753 -0.08569525
-0.4812009 -1.3409784
-1.5526665 -0.4334818
0.47564813 -0.057545647
-0.46174857 -1.0890837
0.50173414 0.15238427
0.014501631 0.6860079
-0.48930383 -0.24577318
-0.31350794 1.0950699
0.36041388 0.37832183
0.6367798 -1.1996603
-0.573565 -0.5329697
0.0025761425 -0.13536692
0.4376143 -0.03451465
0.6272218 -0.45501125
-0.6454303 0.61598384
0.78879976 0.099748
-0.7865411 0.5743429
0.19135538 0.32654655
-0.25647247 -0.70925486
0.64439106 0.44456506
0.3645737 0.050606743
-1.3519622 0.35066575
-0.67110395 0.6597134
-0.12935087 -0.034371436
1.7105789 -0.39288354
-2.1577148 -0.32178608
-0.67468506 -0.5832325
-0.32252797 -0.7413498
-0.7578584 0.108646676
1.3783619 -0.23879142
-1.7654124 -0.4703661
-1.9144641 0.1123973
-0.44265747 -0.4290058
2.3409448 -0.6052455
-0.85389626 -0.0631063
-0.95343995 -0.4412573
0.18833715 -0.15071031
-0.041482627 -0.1345714
-0.3661474 0.7210068
-1.2155612 0.03878729
0.36062416 -0.36183238
-0.633674 0.70328
0.71687126 0.10169329
-0.44386896 -0.06694935
-0.30639863 0.17674316
-0.6459837 0.36819792
-1.2339221 -0.57021576
0.5905 -0.021822974
0.31537506 -0.27982998
-1.2896887 0.56472784
-0.13672096 0.6548669
-0.87487113 -0.67302597
-0.012656376 -0.21447836
0.26305577 -0.7334638
-0.55260074 -0.9075772
-0.6036876 -0.42128745
-1.1153362 -0.27181157
-1.0114307 -0.28082538
-0.47333544 -0.12712842
-1.1433734 0.3178413
-1.555619 0.10339956
-1.3229463 0.6253831
1.3973478 -0.98331916
-0.7863021 0.6482182
-0.33803117 0.59507835
0.24150479 0.0068712384
-0.08264524 0.16253029
-0.47710878 0.6398342
-0.39333504 -0.5989888
0.53765905 -0.5908164
-1.5286748 0.60240024
1.1415939 -0.15090574
-0.115803674 -1.6543963
1.6166492 0.42974395
0.19537282 -0.36374214
-0.53578854 0.5105967
0.106966436 -1.9635366
0.02970779 -1.6195176
-0.75760114 -1.6953454
-1.4902585 -0.35439092
0.4368343 -0.09896903
-1.1035712 0.4002782
-0.47212398 -1.256883
-0.47579372 -0.08617057
-1.0719825 0.95236224
2.0122979 -0.46362218
0.40979245 0.19235249
-0.23607007 -0.3427729
-0.9072921 0.18993865
1.0986423 0.03846316
-1.7720653 0.43777823
-0.33037937 -0.8565465
0.6385484 -0.31289852
-0.36576685 -0.021747366
-1.4023594 0.5060371
-1.506 -0.6052239
0.2351509 0.45923024
-1.255581 0.42773068
0.47018144 0.06286551
0.19527793 -0.6705688
-0.068844065 -0.19324039
-0.07261975 -0.44186234
1.0769594 -0.37911463
-0.88867116 0.8446154
-1.383621 -0.12264996
-0.2579229 -0.9425272
-0.8463057 -0.14910915
-0.17631578 -0.14912534
0.4243426 -1.497077
-0.7501761 0.5282235
-0.83410263 -0.69082963
-0.13442582 -0.15514722
-0.2719591 -0.38459784
-1.6835096 -1.0931152
-0.69979155 -0.47228873
-1.3627758 0.8429262
-1.1269256 0.47365654
-0.9214263 -0.42726564
-1.6613833 -0.41022012
-1.0317901 -0.26358086
-0.75086963 0.43560934
0.11964339 0.9058457
-1.2804489 0.33794248
0.68026364 -1.0579518
-1.4212893 -0.094162226
-1.111707 -0.7289734
-0.41372037 0.31895763
0.3531771 0.24068518
-1.6651559 -0.73498976
-1.2707081 -0.64665323
-0.22343618 -1.1448765
0.092662305 0.0062999725
0.38373134 -1.0679368
-1.0961274 -0.5686409
-1.1907539 0.005007416
0.63372004 -0.16519424
0.15233982 0.23339485
-0.9544575 -1.197972
-1.2647141 -1.3381646
-1.3445885 -0.20060185
-0.07434082 0.46265227
-0.050558582 -0.10150024
-1.3140681 -0.8035019
-0.23480584 -0.30985558
-0.9000784 -0.38033766
0.40735784 0.25177163
-0.21065459 0.7525822
1.6194072 -0.46142638
-0.4063752 1.1681205
-0.29702115 -0.36527047
-1.0308099 -0.08389105
0.30746505 -0.9615673
-1.4954816 0.6755396
0.06797472 0.18111525
-1.1726148 -0.25258878
0.11190832 0.57230854
-0.48901978 0.027503893
-1.4212391 -1.0145111
-0.76529264 1.484495
-1.2053667 0.4757825
-0.8824035 -0.0018609911
1.0442616 -0.85664004
-0.2684457 -1.0795448
0.009055376 0.43195868
-0.21204308 -1.1025546
-0.21935941 0.41335976
0.54823303 -1.22792
0.25714442 -0.6265486
-0.67464274 -0.11795027
-0.6818289 0.4979515
-0.6885793 -0.15000664
-0.022250518 -1.2995359
-0.07229337 -0.83566487
-0.95303965 0.43724108
0.06835866 0.36044204
0.36428395 -0.7329886
0.03025806 -0.10163832
0.060361058 -1.2421999
-1.8378054 -0.32914427
-0.9715171 -1.152607
-0.7594806 0.2624418
-0.624506 0.030153379
-0.15664762 0.28843975
-1.3860817 -0.7790844
-0.9230572 -0.77089393
0.58959866 -1.0699455
0.86073506 0.06370939
-0.40474012 -0.43919903
-0.22459331 -0.47131884
0.30027398 -2.2642303
0.3613368 1.2318387
-0.4783585 -0.091223314
-2.1329567 -0.83169985
-0.29581404 0.770222
-0.5637356 -0.8127794
0.7155026 -1.1685239
-0.44301802 0.18320923
1.1241906 -1.3726122
-0.45776385 -0.29357633
-1.0806066 0.6914533
-0.94704247 0.39367574
-1.0590236 0.0036235452
-0.8722757 -0.42092508
-0.76922584 0.36533344
0.68200827 -0.38661236
-0.4050148 -0.5045675
-0.8359982 -0.38633823
-0.890543 0.28998142
1.0994505 0.5982935
0.7600702 -0.22403918
0.320824 -0.28202417
-1.4011306 -0.30796456
-1.3421609 0.18126385
-0.33666572 -0.855727
0.3505557 -1.0920705
0.8034655 -1.4242666
0.251533 0.19884054
-1.2653201 -0.083428994
0.9546789 -0.37555036
-0.6569798 -0.75460637
1.6405345 1.6289473
-0.6346154 -0.3259373
-1.6868286 -1.7096053
2.3085053 -0.7586766
0.15048462 -0.29219234
-1.4951335 -0.27465177
-0.70308506 0.5238071
1.1327413 -1.0850518
-0.8756963 0.1546133
-1.0475479 0.04900147
-0.9388504 -0.5969599
-0.4659273 -1.3564596
0.5858134 -0.4896719
-1.218413 0.011387542
-0.1900363 -0.32174537
-0.23544925 0.58372104
-0.5225066 -0.8239893
0.21481192 -0.6898809
-1.5477949 0.12777142
-0.8267175 -0.3123358
-1.1492286 -0.46064067
-0.89481986 -0.50678366
1.9941691 -0.05315189
-0.31888127 -0.92197317
1.7595016 -1.0978925
0.5176002 -2.1184058
0.83869326 -0.032685503
-1.0209746 0.7395611
-0.55003434 -0.76672316
0.36528227 0.6299153
-0.24304324 -0.63859785
1.1191407 -1.5780512
-0.065254316 -0.36935067
0.74611676 -0.49846363
-0.9700835 -1.2292744
0.30325565 0.6006113
0.08952454 -0.20028141
-2.3568995 -0.8107569
0.68833876 0.24294327
-1.193245 -0.2031301
-0.03693171 -0.7474932
0.46904758 -0.22015797
-1.9672916 0.06999557
-1.3251419 -0.5196176
0.010430962 0.26437485
-1.0943886 0.33210272
-1.0077767 -0.17276376
0.6483718 -0.5822512
-1.1530877 -1.0479339
-0.6352334 0.25470233
-2.5424712 -1.4459401
-2.3882525 -0.90608376
0.68905866 -0.91550183
-1.1434263 0.127039
-0.80119526 0.33323318
-0.2955705 -0.49690086
-0.19413474 -0.11314644
-0.7570019 0.18787692
-0.982216 -0.13949952
-0.8286669 0.14060079
-1.9444859 0.37846136
-1.4232057 -0.91799384
-0.43485633 -0.027257785
-1.5356344 0.2770996
1.1787717 -1.0267175
-1.576655 -0.6265102
-0.68351096 -0.8614629
-0.115499556 -1.7266393
0.5641788 1.313656
-0.045607403 0.05250357
0.6416588 0.4845817
0.5685816 0.62855715
0.7927003 -0.8155743
1.2648542 -0.49324244
1.1670835 -0.035950467
-1.478604 -0.65925026
-0.25546348 0.29009712
-0.771299 -0.07810442
2.9712038 -0.9134688
-0.08428021 -0.25755566
0.10834864 -0.9933155
1.5849514 -0.18624552
-1.0210046 0.2818843
0.81124675 0.3187492
0.16848892 -0.84319687
-0.27608153 0.098476365
0.26252082 0.3726467
-0.28886697 -0.93410146
0.009835482 -1.2002085
-0.5783145 -0.46901816
-1.2478294 -0.87036496
-0.20102517 -0.19508833
-0.8964499 0.6334982
-1.1268375 0.17165078
-1.7310473 -1.0555791
0.44384703 0.3925069
-0.7007452 0.17921068
-0.8753375 0.12447752
-1.4260994 -0.9203185
-1.2188078 -0.5471762
-1.8763683 0.37665135
-1.6877874 -0.6611124
-0.87643003 -0.125677
0.6032778 -1.7521853
0.05303195 0.48284775
-1.9520917 0.69828737
-1.8848864 -0.35083747
-1.439251 -0.52040315
-0.59224355 -0.032067224
0.37294087 -0.11434795
0.025418937 -0.585162
-0.52603567 -0.56360376
-0.18411572 0.2164601
1.6867425 -0.5985309
-1.0548853 -0.37808603
-0.6312954 -0.38463497
-1.1707437 -0.2720849
-0.5294045 0.21393602
1.3105775 -0.58751917
-1.2926618 -0.19875239
0.98256123 -1.7860181
1.7110823 -0.23158002
-1.693051 0.1443
0.6142403 -0.88309914
0.379841 -0.6298654
0.15746126 0.9823387
-0.91644204 0.044928923
0.44944534 -1.293139
-0.602258 0.17921956
-0.018446729 -0.37272352
1.6229913 -0.44539958
-0.97793424 0.7023612
-1.0977461 0.56124943
0.38601008 -0.5351858
0.87162244 -0.88610023
-1.0259202 0.12229861
-0.5581074 0.1232654
-0.5710777 0.31171203
-0.4226268 0.27286285
-0.8057085 -0.79427356
-1.0247132 -0.2439219
-1.6559856 0.6400017
-1.1832232 0.5532774
1.0279175 -0.60154253
1.5696267 -0.015991658
-0.690724 -1.3651124
-0.18759154 0.48719144
-0.81067336 0.33622164
1.1465045 -0.7761355
0.975343 -0.9676973
0.29082504 0.342364
0.6116476 -0.22432885
0.5317205 -1.3933884
-0.061374962 0.8953497
-0.86621964 0.57942504
0.119915515 0.40228045
-0.68376696 0.5708805
-0.7339126 0.0675516
-0.09049161 -0.27657
-0.060953677 -0.79954666
0.12828135 -0.35428822
-0.19053201 -0.79314137
-0.2746989 0.64559346
-0.9943973 0.6699978
-0.90058434 -0.03056942
-1.0881028 -2.1437569
-0.87752986 -1.1769133
-0.6654339 0.022026405
0.75220203 -0.6924383
-1.110358 0.059748515
-1.3427126 -0.22335203
0.27452984 0.3486318
0.18490487 0.22976722
-0.5380455 -0.10047904
1.1923195 -0.59968174
-1.8107487 -1.6164131
-1.9167767 -0.1257512
-1.1286556 0.42191166
0.18230495 0.026261076
-0.23675126 0.39989835
-0.9097433 0.5356406
0.37768665 0.21443711
0.64114916 0.101227984
0.37471053 0.4464382
-0.40667644 -0.08344135
0.5714649 -0.14340764
-0.12289037 -0.030980855
-1.173369 -0.06630178
-0.54868764 0.68925947
0.69866014 0.5887783
-1.5009316 -0.21239735
-1.2650051 0.3187096
-0.34362078 0.69879603
0.43713042 -0.15117559
-0.76934195 -0.5287579
-0.27933145 0.65518105
2.0515013 -0.88126415
0.04014334 0.44628924
-0.20254439 0.5614443
0.23219898 -0.04176502
1.1703718 -1.2623312
-0.57746744 0.32187468
-0.6152685 0.37384212
0.051167607 -0.32975084
-0.15823713 -0.007060379
-0.78623474 0.43705708
-0.63463175 0.55024403
-1.0271808 -1.0341324
-0.48746458 -0.3024118
-0.08406642 -0.7455038
-0.09683481 -0.26237637
-0.8613851 0.69914216
0.0086809695 -0.604759
-0.95104253 -0.47183213
-0.68735987 -0.13533378
0.29809168 0.50037605
-0.40609747 0.23793317
0.5685773 -0.38512707
-1.1245217 -0.45307565
-0.8621584 -0.10816598
0.21536738 0.0025290549
-0.46027482 -0.7596604
-1.3259912 -0.27148435
0.3021033 -0.55646414
-0.016727403 0.32974195
0.004738748 -0.08699685
-2.4202049 -0.8812145
-1.2907339 -0.5020789
-0.7381221 -0.63335145
-1.2751344 -0.035482317
-0.38090953 -0.91151637
-0.30903897 0.13653646
0.59661674 -2.3569067
-0.8583156 0.42091244
-0.859853 0.38843465
0.8274056 -0.36039513
-0.3040958 -1.6482043
-1.0682428 0.277534
-0.22112012 0.39117825
-0.31883422 0.3815441
0.8350693 -1.1769712
-0.7654973 -0.3736515
-0.6655438 0.24545808
-0.13671193 -0.29220232
-0.52255154 -0.11807379
1.0281991 -0.54302955
-0.94156444 -0.19894709
1.2421024 -0.17784727
0.83432305 0.20966832
-0.5648588 -0.6185477
-0.3396126 0.07699157
1.7414407 -0.42586672
-0.6490795 0.7364948
0.20558414 -0.57312286
-0.45508468 0.8509957
-0.4330101 -0.2743389
0.55362034 -0.40470508
-0.69058657 -0.33143526
-1.0210207 0.0022592694
0.34626576 -0.2864827
-0.50182164 0.64053965
0.19945472 -0.74234664
0.6311941 0.12572072
-1.4861156 -1.204877
-0.13002048 -0.9334905
-0.4330027 -0.35996503
-0.8862386 0.59518677
-0.22413892 -0.86225206
-0.29905143 -0.108169034
-0.5078393 0.37711436
-0.8923546 0.7994631
-1.1915817 0.48510814
-1.2549514 0.6139324
1.1977869 -0.10207637
1.0513496 -1.0036013
-0.24883446 0.229448
-0.1998413 1.1935456
-0.28547767 -0.27137655
-0.28824326 0.050636932
0.73535335 -0.6894118
-0.4908526 1.1209035
-1.6273855 -0.42470807
0.084326774 0.012614474
-1.1253991 0.005587533
-1.0795237 -0.104506925
-1.0904068 -0.14860344
-1.2040052 0.1600496
-1.9193883 -0.48196825
-1.0672102 -0.22033639
-1.112399 -0.4711027
2.2608361 -1.0790722
-1.1306763 -0.11386791
0.46825013 -0.9300705
-1.4120514 0.3214615
-0.5649631 0.9585461
-1.5131522 -1.4441572
-0.48177677 -0.009232298
-0.6875001 -1.1215545
-0.09379044 -0.15909883
0.22995803 0.23199268
-0.089330465 0.5022
-0.21329024 -0.033398524
-0.25976336 -0.52182215
0.59831774 -0.69902265
-0.20789774 0.13046335
-0.4930619 0.06992473
0.42260715 -1.1067612
-1.0278057 0.9980847
-0.111435175 -0.11587041
0.045758784 -0.74753755
-0.90959764 0.55526
0.2555847 0.026214287
0.37180737 -0.16412279
-2.2746408 -0.8957126
-0.16331656 -0.374332
-0.21005076 0.004108742
0.7450733 0.2655269
-1.6450988 0.32262164
-0.48968488 0.51150554
0.06370148 -0.5710218
-1.4333735 0.5104951
0.6854516 -0.75051594
0.23751369 -0.3195796
1.1291163 0.27291405
1.6253214 -0.38528383
-0.43125537 0.3903017
-1.0148648 -0.8229926
-1.3630478 -0.16564319
0.644889 0.01397793
-0.25683108 -0.34985453
-0.14405468 0.37018847
1.0351347 0.2260405
-0.043780223 0.19588788
-1.0453994 -0.057803005
1.0410491 0.015621051
-0.7114005 0.2971902
-1.8231945 0.2668289
-1.4156687 -0.9229035
-1.0809335 0.027258173
-1.8998332 -0.40414414
-1.3114431 -0.4337749
-0.8905177 -0.03207396
0.14529997 0.4566906
0.8116852 -0.8383214
0.6290833 -0.28731441
-0.08908357 0.28901744
-1.9626344 -0.15239929
-0.45274985 0.13275836
-0.72015584 -0.37672913
-0.5430729 -1.1904606
0.10184291 -0.7260554
0.4685507 -0.7677488
-1.5812398 -0.37852946
-0.2038142 0.748153
-0.7536261 -0.1554192
-1.6301733 -0.61164033
-0.5906745 -0.9660722
-1.3823171 -0.6350677
-0.5253951 -0.615204
-0.56109667 0.39362645
-1.0809371 0.19240604
-0.6312785 0.50544816
-1.2183415 -0.51648074
0.10654706 0.82334036
0.65881777 -0.72890145
0.51649725 -1.0672857
-0.14990422 0.14902486
1.1988351 0.021842733
0.10458946 0.11097653
-0.900728 0.41948336
-0.8570101 0.2449847
0.6386179 -0.29523352
0.0030764937 -0.73397714
-1.3135387 0.25477308
0.42514905 -0.71954155
-1.5831333 -1.8859116
1.168673 -0.48379466
-1.9499284 -0.045349732
0.5633571 -0.1898218
-0.08862238 0.08779727
1.2989547 -0.21194318
-0.9287243 -0.004478425
-1.0877354 -0.4531362
1.1973444 -0.35485616
-0.6388515 -0.2931541
-0.7043034 0.2625144
-1.139465 0.12746866
1.8479196 -1.9418435
0.24852967 0.64933056
-1.5986131 -0.25769094
-1.1208799 0.80264264
-1.8427736 0.096946016
1.3384131 -0.07226305
0.035179317 -0.61579716
-1.053333 -0.30637664
-0.5126126 -0.16981134
0.23258114 1.1569906
-1.731578 -0.447561
-0.89079595 0.1582153
-1.0319655 0.07495488
0.010912716 0.6272115
-0.27139106 0.12472503
-1.460589 0.5777421
-0.95869195 0.5315905
-0.4950984 -0.43856916
1.0621655 -0.86474526
-2.017474 0.015834317
-1.2368711 0.4467911
0.5159259 -1.1484205
-0.36183715 -0.6942088
0.17424423 0.06177719
-0.5133285 -0.04503143
-1.7730612 -0.23960957
-1.2644958 1.0653261
-0.88710785 -0.98016024
-1.4502345 0.24250819
-0.12968913 0.5048932
0.41440108 0.046071813
0.90481627 -0.7896019
0.08077392 -1.3935468
-0.67497563 -1.1239718
-1.7320544 -1.3796037
-0.29336327 0.0051948726
-0.8914877 0.43178314
-0.26199764 0.27069372
-1.6031055 0.047490463
0.50950694 -0.09415707
-1.7929549 -0.9417545
0.13614982 -0.46412867
0.92183626 -0.8835544
1.8185295 -0.18719304
0.96193826 -0.5876614
-1.0709653 -0.27305686
-0.9753736 0.8144366
0.5114542 -0.46945292
-1.2968307 -0.34741193
-0.56117135 -0.84814835
-1.768158 0.29948395
-1.1299965 -0.63076085
-0.6056702 0.35084003
-1.7642978 -1.1289129
0.17109597 0.31901526
-0.9154351 -0.82464975
0.09708673 -1.3916214
-0.82467103 0.25263166
-2.165079 0.20960669
-1.1260247 -0.7887497
-0.86658883 -0.0007042587
0.9095504 -1.4704354
-0.02705197 0.036432073
-1.8099856 -0.4542479
-1.3666607 -0.24463622
0.08334264 1.3953403
-0.74106085 0.75104916
-1.2747962 -0.5227604
-0.42291406 0.119308546
-0.38629913 0.37116367
-0.51686656 0.37816018
-1.9592731 -0.63358366
-0.34783968 -1.3404706
-0.8951558 0.18982457
-2.2323895 0.17331506
-0.7351719 0.5749133
-1.4949907 0.2971052
-0.35675249 0.17733677
-0.5930732 0.22317074
-1.5262463 -0.371194
0.7661079 -0.7308496
0.5563446 -0.58370763
0.38007435 -0.90861934
0.59765136 -0.5828693
0.16243425 -0.32026446
1.5443822 -1.5059279
-0.83842194 -0.36471277
0.66832495 -0.1553027
-1.4085823 0.17912267
-1.4812622 -0.3436775
-1.5875694 -0.11794373
0.6780834 -0.28626454
-0.6360942 0.0066788197
-0.9845518 -0.14308077
0.08249584 -0.21619934
0.8311186 0.112649664
-1.5198793 -0.13204904
0.7585527 -0.8997089
0.5908197 0.120983616
0.5140525 0.78605634
1.1307981 -0.49063712
-0.54516864 -1.2218906
-2.1516476 -0.6618762
-1.3331912 -0.15770577
-1.4540303 0.18046935
0.20166615 -0.88717854
-1.0854571 -0.5379928
-0.47436345 -0.47547066
0.6261766 -0.1329639
1.3202177 0.10732944
-0.5127306 -0.55114216
-0.47771823 -0.81386256
-1.2996868 -1.5324407
-0.81260455 -0.23214485
-0.15683514 0.098088846
-0.5284782 -0.16576779
-0.15459543 -0.69550884
-1.1004509 0.21808742
-1.2579596 -0.25552428
-0.92612576 -0.054566756
0.6938875 0.27023262
0.6541898 -0.97872484
-0.002127841 -1.1783037
-1.0117494 -0.110801145
-0.25970826 -0.14854547
1.464119 -0.20550328
-0.7508975 -0.80885404
0.3594593 -0.012324974
0.7187941 -0.3562624
-0.7785746 -0.16919008
-0.18218224 0.23660104
-2.2195342 0.24321039
-0.6427585 0.9044412
-1.365446 -0.17849286
-0.538085 0.92944115
1.999833 -0.9643869
0.7760426 0.61183107
-0.038902298 -0.20961241
-1.392921 -0.6459999
-0.36223027 -0.08402482
-0.7209755 0.14369883
-0.4229802 0.30231553
-1.108027 -0.2898681
-2.8539817 -1.849499
-1.7631035 -0.2975493
1.1203172 -0.4231833
-0.17906344 -1.4293706
1.7107545 -1.5715228
0.30396363 -0.84039253
0.3571261 -1.6418389
1.1258191 -0.17506073
2.4933267 -0.84162676
-0.5629665 0.11495437
-0.38865042 0.961891
-0.41971725 -0.51680213
-0.0015529841 0.08761321
-0.74203 0.54951257
-1.4177941 0.5474973
-0.74160874 -0.44929734
-0.01121366 0.11893086
1.3214313 0.33978248
-1.4978926 -0.28713506
-0.90831304 -0.5983039
-0.4388848 -0.14329988
-1.456053 -0.5873676
0.10489786 -0.059918195
-0.30272833 0.07152684
-0.40409917 -0.668244
-1.1221228 -0.3847407
0.711429 0.0019029081
-1.3480505 -0.28376415
-1.3535149 -1.1519288
-1.2118335 0.41072804
-0.30295923 0.9228354
0.45738629 0.9894144
-0.6048993 -0.46104026
-0.31303495 0.43028486
-0.17460015 0.47225344
-0.1270451 -0.49432278
-0.41344017 0.090158984
-1.6411055 0.17541133
-0.82395625 -0.42774394
-1.0495454 -0.50815374
-1.7202867 -0.21029218
-1.9335191 -0.5465987
-0.56426835 -0.41141576
0.12002823 -1.1823015
-0.5813568 0.105369315
0.16211963 0.26126134
-0.9296242 -0.96091473
-1.6913303 -0.7933946
-0.9741956 -0.35908088
-0.306129 0.8356182
1.4674098 0.29968023
-1.1321926 0.68473047
0.37788054 -0.17864496
-0.920683 -0.4068187
-0.49023184 -0.8442965
-0.327152 0.084176436
0.26824746 -0.052684993
-1.1714022 0.56247014
-1.5640992 -1.0869972
-0.86617315 0.38080597
0.3161182 -1.323476
-0.47911212 -0.28403407
0.3996611 -0.166381
-1.053326 0.16536872
-0.8535228 -1.448978
0.005203694 -1.0737709
1.5514296 -1.82637
-1.4629289 -0.52294725
-1.1308302 -0.18426257
-1.6881473 0.2765457
-1.1915807 -1.23929
0.15766731 -0.25300008
-0.61957985 -1.8388048
-0.4450302 0.26795185
1.5056981 -0.94350916
-0.8753824 -0.6773776
-0.97127676 -0.28379416
-1.3433505 0.8333202
0.110707015 -1.2244366
-1.0565635 0.26002336
0.50319386 0.32917428
-0.15882882 0.29743397
-0.51419175 0.03307931
-0.08480786 0.49080515
-0.6733769 0.42156857
1.3897655 -1.2998871
1.6042982 -0.48217273
-1.1306632 -0.3965097
-0.2054969 -0.33907986
-0.5634135 -0.02719517
0.6375489 -1.4405773
-1.1600013 -0.43120348
-0.11957973 0.55934536
-1.4451138 0.007709831
-0.6154598 0.31471807
-0.23348783 -1.5414803
-0.95534396 0.561824
-0.5012902 -0.34925908
-0.2952368 -0.89688325
-1.0326121 -0.21618842
-0.047946483 0.05663635
-1.118699 0.18237357
-0.31188798 0.27018994
-1.4660945 0.8583637
1.324256 0.24652137
0.37498483 0.064723924
-0.8266885 -0.15433505
-0.56319046 -0.33547297
-0.081430525 0.5944082
-0.09046556 -1.0217896
0.78929055 -0.4403608
-1.0593398 0.8622934
2.1406903 -1.6868706
1.3458594 -1.0929513
-0.27155727 0.35138035
1.6428546 -0.35611072
-1.4210335 -0.66373557
0.16139951 -0.94321966
0.42220917 -1.020904
-0.8554431 -0.92166334
0.48508027 -1.082149
-1.078104 0.030089125
0.6009072 -0.6114511
0.7991874 -0.6947733
0.91339386 -0.13880704
-0.08454138 0.39975107
-0.26103243 -0.3637408
0.6269429 -0.99307853
-0.9176595 -1.8001887
1.2940891 -1.3635613
0.13233858 0.3365671
-0.105470955 -0.49068075
1.0291162 -0.876473
0.98373604 -0.5080908
-0.5777197 -0.45553526
-1.0611128 0.49098986
0.15542081 -0.8203734
0.4226593 0.3097692
0.43923846 -0.77849966
-0.7755406 0.26058853
0.91936314 -0.21623315
-0.7196024 0.06659709
-0.099293426 0.10261963
0.9368875 -0.2790769
2.1596572 -0.16682689
-0.6432415 -0.4952408
1.4707623 0.33026153
-1.7635548 -0.4207596
-1.1220281 0.61539507
-0.85319936 0.096481815
0.022921711 -0.5196058
-1.3162255 0.5861421
0.7163857 -0.69302016
-0.28596768 -0.23000099
-1.8513635 -0.35846895
-0.3908238 0.37783664
-0.12246618 -1.0179509
0.5302824 -0.10214025
0.032188594 -0.49118268
-0.5129827 -0.0046159774
0.30209133 -0.6976934
-0.0916093 -0.29690054
0.05172324 0.15840907
0.55422664 -1.3421674
-0.4947604 1.0202757
0.38431957 0.89311117
1.5130917 -0.54801565
0.6440004 -0.9216375
1.2563299 -0.03094399
-0.883338 0.2895596
-1.285893 -0.03956145
-0.45062903 -0.87519366
-0.96475136 -0.6845148
-1.7950848 -0.030738354
2.5380383 -0.6510372
-0.04157634 -0.53143454
0.5800656 -0.99672556
0.05338636 -0.4192027
-0.4520712 0.26743007
1.7733854 -0.507713
1.8062524 0.053673193
0.8026209 -0.1035119
0.1875037 -1.7153674
0.005659014 -0.6157025
0.26008633 -0.8321828
0.5784259 -0.88232297
-0.49972737 -0.75864005
-1.2948563 0.62675446
-1.4628273 -0.9325242
-0.8021122 -0.5936885
-0.49030352 -1.5189537
-0.09568527 0.052031174
0.18453246 -0.25493225
-0.5893024 0.07226087
0.046065778 -0.13312908
-0.12968895 0.27905858
0.005486876 -1.1621183
-0.4932808 -0.25185528
-0.49532378 0.1059085
-1.2668394 -0.7041319
-1.6855214 -0.3683226
0.06748977 -0.4222475
-1.5886843 -0.73824686
-1.3959664 0.40650123
0.114834815 0.2074786
-2.1328006 0.0313852
0.44924 -0.81996846
0.13547555 -1.275839
-0.8949537 -0.028659657
-1.9273833 -0.35361552
0.97971416 -0.43007696
0.6018295 -0.8059906
-0.102002785 -0.21596752
-1.7203945 -0.16296479
-0.44742 -0.15090421
-0.23681703 0.4129048
1.0117875 -0.72357076
0.07857278 -1.3938972
0.33070096 -1.2793841
0.72505 0.27330357
-0.60585886 0.06967707
-0.965395 0.19226764
-0.07034123 -0.43126982
1.4010547 -0.38526428
-0.52636695 0.29965335
0.8370892 -1.2321525
-1.3920034 -1.1134651
-1.7900555 -0.36808273
-0.42771333 -0.12371493
0.5529884 0.7233987
-1.1126583 -1.0700569
-0.42958692 -0.42011023
0.6718435 0.048505202
-0.28042033 -0.6931276
-0.40248954 0.22643916
-1.0129707 0.42095697
-0.46633154 0.23776372
-0.49594414 -0.24042049
-0.66121703 0.23588364
3.0277379 -0.26752564
1.1355797 -1.1378512
1.4495444 -0.18755744
-0.7652384 0.71587795
1.899973 -0.8797705
-0.07331213 -0.56856364
-2.5183425 -0.12885307
-0.75430274 -0.023610055
0.98546135 0.383857
-1.590582 -1.1478196
1.4233699 -0.45675611
-1.1546118 0.14125149
-0.45190692 0.83683676
-0.958858 0.23018076
-0.5742878 -1.3473758
-0.2399297 0.57674026
-1.450763 -0.8060308
-0.78008413 -0.48572755
-0.5969102 0.056342885
-0.58282954 -0.22157484
1.0956122 -0.041054845
-0.66193396 -1.3654897
-0.31840718 -0.62422466
0.84226096 -0.44785705
-0.49607405 -0.59517014
-0.7125218 -1.0330154
-0.8035537 -0.79033
-0.08385752 -0.89721453
0.36621293 -1.5522289
-0.5729158 -0.10984945
0.38649234 -0.15031222
-0.5152893 0.24378754
-2.2629528 -0.23614247
0.21810564 -0.80267113
0.0026202202 -0.11281861
0.27167067 -0.68248355
0.13081625 -1.7080059
0.4148011 -0.3313492
1.5061795 -0.355219
-0.33736396 1.4216352
0.45122096 -1.080168
-1.7277776 -0.119010836
0.7109556 -0.97077805
0.03640774 -0.36568654
-1.5105643 0.19089226
1.6659589 -0.85260165
-0.9838098 0.7458212
-1.4731423 0.17486839
-0.73142457 0.56340396
-0.92677844 1.3158746
-0.34292248 -0.45894614
-0.8815601 1.2157754
-2.3861337 -1.2868179
0.08416942 0.6013403
-0.8551271 0.13013153
-0.2014338 0.047998056
0.93182826 -0.3626672
-0.09442888 -0.13040784
-1.1449325 1.1102662
1.6896802 -0.5079365
-1.3813121 -0.583162
0.8951354 -1.4844183
0.09111476 -0.42247897
-1.1453984 0.6412536
-0.6283362 0.5061452
-0.32438898 -0.022051811
-1.3862181 -0.87611145
-0.71419686 -0.8243567
-1.050351 -0.7463132
-1.0015055 -0.1544334
-0.16454498 0.015716776
-0.61130536 -0.11178145
0.95775354 -1.6087422
-0.02771613 0.1702121
-0.8729286 -1.0732188
0.22650552 -0.7034023
-1.1229494 -0.121553615
0.14843485 0.36359465
-0.49988157 -1.1545262
-1.4752759 0.042143896
-1.5632373 0.04712899
-1.7981129 -0.11201927
-0.15058383 -0.5815891
-1.4170717 -0.038556725
-0.7610884 0.56292015
0.28261843 -0.37676215
-0.78926075 -0.52873105
-1.4472591 0.4105358
0.04006982 0.18647747
-0.91583717 0.15015046
1.7281604 -1.573167
-0.8786429 0.50140905
-0.037343964 0.75846386
1.0583458 -0.039525732
-0.067857265 -0.5051187
-0.11040297 0.866049
-0.43687496 -0.7710593
-0.33760348 -0.35367632
0.29136524 -0.5145941
-0.4674895 0.49365187
0.6405618 -0.6378327
-1.2007428 -0.4969548
-1.1243105 -0.26507476
-0.41620457 -0.25826666
0.72131336 -0.69941735
-1.828008 -0.43537596
0.0176225 0.34319973
0.4689028 -0.29731715
0.2675062 -0.22796836
1.7210257 0.0832427
-0.65315795 -0.92675996
-0.6744046 -0.08231835
-0.6488603 -0.5373261
-0.011001661 -0.36707166
-0.28882933 1.0560067
-0.4745185 0.10769279
-0.14696538 -0.43093055
1.8043154 -0.23324302
0.68595445 -0.8141174
-0.6343451 -0.5300639
-1.6509113 -0.04693155
0.87964 -0.38294595
-0.02896364 -0.2325054
0.29740193 -0.7618363
0.27680257 0.438357
-1.1101781 0.22549547
0.19216809 0.066433325
-0.22313008 -0.007894203
-0.6363792 0.44460022
0.14213702 -0.5812656
-0.64748514 -0.20151213
-1.0561472 -1.3933766
-0.6759714 0.5383451
0.4147149 -0.31071606
1.4130785 -0.8034235
-0.19148967 -0.08481611
-0.91234684 0.91475123
-1.8518244 -0.1807783
-0.6422449 -0.14938211
-0.5704526 0.6904922
-1.3125484 0.15354289
-1.1349416 0.62967837
-0.5156528 -0.4622599
0.59834063 0.23227884
-0.8721628 -0.8505947
-1.1825879 0.06295957
-1.0013068 -1.6367849
-1.3849007 -0.60910285
-1.3730477 0.23071681
0.502741 -0.7417324
0.2442734 0.124319986
0.2755423 -0.7764821
0.05818206 -0.44446927
0.36389843 -1.0677959
-0.7792517 -0.21095464
1.2041777 -0.4868973
-0.64594567 -0.81993645
-1.1623086 -0.17765847
-0.24651599 -1.3939676
-1.0148374 -1.1804723
-0.10281007 -2.6198685
-0.08229746 -1.3913493
-0.20372555 0.45750093
-0.5023146 -0.30855066
1.9738578 -0.80128896
0.80707216 -0.9140344
1.4013007 0.070614085
0.4477143 0.19498272
-0.50641453 0.51099265
0.50471044 -0.12880692
-0.651638 -1.1897577
0.42727432 -1.130651
-0.80762064 0.55411404
-2.5107746 -1.2310449
-0.06582302 -0.39090115
-1.1994678 -0.055815354
-0.32646742 -0.17077118
0.23482177 -0.050586447
-1.6605896 -0.080210105
-0.7139395 0.27833515
-0.5714611 0.9019633
-0.59702754 -0.4432552
-1.8979594 0.6793546
-0.81881595 -0.24536341
-0.9512094 -1.4717419
-0.29377204 0.37043482
-0.3156012 -0.13316597
-1.1506561 -0.2600733
0.6460047 -0.93308175
-0.019621938 0.5466078
-0.08321555 -2.0662665
-1.4054906 -0.8206217
1.0266823 -0.6083768
0.38076785 0.5388162
-0.92574215 0.4385997
1.2845656 -0.41184646
-1.9125372 0.022999272
0.12430155 -0.23700464
-0.8637183 0.2326069
1.0444213 -0.79274213
-0.36663726 -0.34219956
0.6283896 0.26935267
1.145922 -1.1826832
-0.56466603 -0.49296045
-0.73823607 0.26053405
-1.445873 0.67290497
-0.01899983 0.37288207
-0.4404133 0.49146074
0.19534099 0.08171414
-0.2121588 0.23216201
0.25416943 0.4311223
1.146219 -1.0764366
0.030466259 -0.43444324
1.3947124 -0.53524905
-1.310398 0.00739415
-0.53590965 -0.7644299
-1.0383316 -0.20369163
1.1132153 0.13952906
-0.41079345 0.5817339
-2.4179363 -1.3396921
0.45858243 -1.5404872
0.50059307 0.99035627
-1.1367295 0.5154827
1.2596338 -0.024317488
-0.7246927 0.26218945
-0.67435277 -0.6488805
-1.2469736 -0.16636206
-1.1980646 0.3742705
-0.62292886 0.36718696
-1.2879188 -1.3717644
-0.6811162 -1.1351799
-0.45869678 0.3587762
0.8939185 -0.29394022
-0.60117555 -1.149421
-0.12428166 -1.4573936
0.9754478 -0.5429012
0.5092244 -0.68362325
-1.5739667 -0.87903225
-0.29903913 0.48977637
0.45633933 -0.390715
-0.60024035 0.38809228
-0.2621979 1.0154349
0.777441 -1.1962929
-0.7844809 -0.7783842
-0.51087224 0.96646506
0.62192607 0.011123493
-1.290235 0.63014764
0.23185351 -0.4114765
0.24032015 0.40018088
0.53605485 -0.10239749
-1.4230449 1.1388974
-0.7017697 -0.09274988
0.5962702 -0.48535872
-1.2209692 0.715524
-0.8573363 -1.2347891
-0.6574981 0.43192542
0.61176467 -0.55522424
0.14755836 -0.55245763
0.21368966 -0.18016419
-1.1553376 -1.5089774
-0.85063004 0.42324084
-0.3809408 0.5555221
-0.60218227 -0.6800278
-0.016777575 -0.40980732
-0.37481356 -0.060731217
-1.2724395 -1.2328485
-1.3517902 -0.25702393
1.3338158 -0.75040895
1.036246 0.81725365
-0.78305507 0.22243093
-1.0082264 -0.117813155
1.5300246 -0.49601543
-1.8633564 -0.57724726
1.8406631 -1.355202
-0.87726057 -0.36351183
-1.7044545 -0.9589527
0.49084613 0.26240212
-0.0782042 -1.0169295
-0.9442947 -0.19003683
1.1325551 -0.28835773
-0.41967565 -0.79796726
-0.2198549 -0.6541772
0.6427475 -0.47385108
0.72228146 0.20033063
-1.1443514 0.06374712
-0.9823879 -0.0020665675
-2.1137738 0.130874
0.22586194 -2.0226998
-1.1915984 -0.050050274
-0.42711163 -0.090556666
-0.7476835 0.39936328
-1.0575541 -0.1608307
1.0283945 0.6919175
-0.52629614 0.38076627
-2.179815 -0.8270105
0.15649724 -0.45451063
-0.7762115 0.6161191
0.15863082 0.50510997
1.6148446 -1.1359167
0.16080078 -0.5481979
-0.12663822 0.027826145
-1.3019167 0.1645896
0.47542366 -0.8948088
-1.0313022 -0.5347145
0.86361444 -0.5653342
-0.91560125 0.30729884
0.34135154 -0.121007584
-1.0575153 0.37132508
-1.4192916 0.97218543
0.48156187 -0.53180206
-1.4298973 -0.3249816
-0.88622165 -1.0030512
1.1913515 0.48243314
0.65535116 -0.83716786
0.27716425 0.021636054
-1.159932 0.6395448
1.195931 -0.45586336
0.3941976 -0.109495446
0.068185955 0.90542036
0.14612141 0.55110145
-0.18830055 -0.81769687
3.045461 -0.60840845
-0.9917258 -0.42387217
0.35047075 0.32350868
-2.503782 -1.7322273
1.1676013 -0.84783316
0.44029287 -1.4701453
-1.597242 -0.7244085
2.1628647 -0.66072303
-0.75826156 0.87109274
-0.41009513 0.6410895
0.26908085 -0.4720335
-1.1288934 0.57375306
-0.062361076 0.3154394
-0.7033744 0.3891818
1.1752504 -1.940558
-0.22533433 0.21736522
-0.59651273 -0.24347462
1.1496435 -0.56739414
-0.058773562 0.3117854
-1.3331381 0.14042874
0.28857568 -0.19332853
-0.47699285 0.5396284
1.0972921 0.32738376
0.5403738 -0.54025126
-0.23657574 -0.6773428
-1.4536935 0.08699156
0.45233485 -0.0019209534
1.347537 -0.1980802
-1.0788698 -0.023754418
-2.172791 -0.34380752
-1.9964621 -0.74212956
0.9417404 -0.05821067
0.1052551 -0.6077181
-1.7371454 0.6336105
2.398615 -1.1605474
-0.66470814 0.3091029
0.37219974 0.108726546
-0.8403857 1.1417837
-1.1772348 0.29384893
-0.19432788 0.56615585
-0.50736976 0.58389324
-0.882964 -0.8809766
-0.17125803 1.0483147
-1.6999226 -0.3350056
1.3652804 -0.43156368
0.7447187 -0.5253302
-0.4112426 -0.77866775
-0.5101522 -0.14269102
-0.14088044 -0.6727795
0.24112087 -0.88767207
-0.9667373 -0.054647252
-1.1632452 -0.34179598
-0.04247342 0.2833004
-1.3942227 0.017787948
-0.35959703 0.38532925
-0.6281707 -0.38820666
-0.8333365 -0.11401647
0.44687298 -0.93385
-1.2832397 -0.8255296
0.039680183 0.16169502
-0.92326796 0.18086033
-0.17743555 0.5723726
-0.5692433 0.7563203
-0.34339252 0.3055365
-0.9142499 -0.6222226
-1.1033763 0.27903718
-0.7258775 0.39189696
0.557359 -0.891731
-0.4044857 0.26156235
0.775105 -0.57797724
1.014163 0.4579715
-1.8830665 0.47073507
-1.5067222 0.2938211
-0.6185824 -0.99131924
1.5179753 -0.6091006
-0.0065733492 -0.07655215
0.65782344 -1.4928433
0.3693765 0.22589885
-0.62796056 -0.30964306
-1.0013429 0.31639344
-0.7839085 -0.5528117
-1.7564069 -0.8736408
-0.198425 0.5134702
-1.8374479 0.14900555
-0.24253815 0.3153944
1.9223801 0.6873651
-1.5390904 0.18060489
1.3729835 -1.2340399
-1.4516441 -0.15948454
-0.7292197 0.63170546
0.38344446 -0.15600467
0.44247684 -0.03194073
1.2961357 -1.6694922
0.2884132 0.17926459
-0.50397336 -0.55728984
0.20620194 0.5254263
-0.69026804 -0.53658843
0.2208843 -0.38589588
-0.2934745 -0.12814277
-1.0038171 -0.3506592
-0.52307045 -0.3309354
1.4973253 -0.526601
0.39979556 -0.6932305
-1.9688108 0.9842866
-1.5436767 0.5325047
-0.40351558 0.12527378
-0.55032694 -0.28775764
-0.93101144 0.07845242
-0.7755425 0.058642253
-0.3973291 -0.27377024
0.059425563 -1.1306341
-0.34464765 0.797309
-1.9443225 -0.0064463913
-1.0341076 0.49550962
0.37248167 -1.1011481
-1.6846888 -0.5055208
-0.6044544 -0.27600658
0.3617505 -0.45510134
1.0802824 -0.263096
-0.30834728 0.48734587
-1.1847291 1.1021158
-1.0382717 0.50997233
-1.8285493 -0.890546
-0.028041214 0.20357473
-0.9077349 0.9384813
-0.90989935 0.650667
-0.8129388 0.93752867
0.68149745 -0.5921533
0.014755428 0.1298994
0.3921605 -1.1098014
-0.18112172 -0.5125351
-0.8090743 -1.213277
-0.53673756 0.39701134
-1.084187 -0.29127127
-0.92354476 0.04955654
1.00731 -0.53761655
-1.1925405 -1.8163867
-2.0467885 -0.08222239
-0.7208208 0.47450697
0.39039627 1.3532132
-0.50705653 -0.4175435
0.11280468 -0.39853626
-0.19519116 -0.77024114
-1.414152 0.9322843
0.2964498 -0.044858336
-1.8665624 -0.15660976
-1.2360171 0.09743382
0.0814704 0.15289156
0.37783644 -0.09026328
1.3384985 -0.9709845
1.2572508 -0.36757547
-0.6842114 -0.44504204
-1.3308809 0.8564891
-1.2365037 -0.59597903
1.0634955 -0.16364475
0.015915602 -0.06873132
-0.78628886 -0.6740664
0.548946 0.5800593
-1.3412883 0.307625
0.19301814 -0.77751565
-0.45722163 -0.8100743
0.009242326 -1.0369711
1.012724 1.0398248
-1.3995175 -2.177657
0.5781504 -0.32936993
-1.3472921 -0.5885499
-0.69194746 0.44479245
-0.96589303 -0.14758697
-0.30344474 -0.7778163
-0.6421082 -0.111539945
0.1078873 -0.08829452
0.15027893 -0.8793272
0.7975346 -0.47635493
-0.5171381 0.9561536
-1.0644149 -0.51789397
-0.64157766 0.050483093
-0.48768812 0.62383235
0.042382687 -0.8544731
-0.015280515 -0.6786948
-0.046868786 -0.22385022
-0.7782444 -0.5854045
-0.997661 -0.47216988
0.33591327 -0.5646726
1.560976 -0.486325
1.9069148 -1.0438378
-0.4586261 -0.26280582
-1.3937222 -0.41786885
1.5055482 -0.7352912
-0.75020266 -1.4457449
0.16814107 0.66863054
-2.109639 -0.81364214
-0.6597369 0.20646413
-0.7389064 0.11491044
0.5219507 -0.8041398
-1.6644082 0.58803934
1.5266775 -0.48173863
-1.3323778 -0.20949185
-1.1869935 0.114951685
-0.41561484 -0.027833909
-1.0141565 0.72090566
0.5193789 0.21361108
-0.08019659 -0.19268063
-1.0036496 -0.45010835
0.17719671 -0.22861174
1.0845778 -0.14983492
-1.3614616 -0.9702634
0.6719291 -0.2940555
-0.6688707 -0.8815626
-1.0038546 0.49025148
-1.9446609 -1.2247317
0.89857733 -0.5081108
1.0962472 -0.30240905
-0.79360676 -0.30882493
-0.71300364 0.028005883
-0.19788772 -0.65011173
-1.4699168 -0.09692994
-0.34187928 -0.3437472
1.0804799 -0.7342995
-0.7189239 0.093529895
-0.42737955 -0.11811071
-1.3476549 0.12574635
-1.4427443 0.74467456
-1.0769049 0.8660225
-0.8652276 -0.19134054
0.0019013286 -0.25681368
0.04371053 0.22485436
0.09380886 -1.7410051
-0.07633299 -0.11148715
-0.79597735 -0.85829073
2.0122004 -0.42749286
-0.37576115 0.44411802
-0.6835102 -0.058063686
-0.81449103 -0.00710769
-1.4714955 -1.220782
-0.71512306 -0.33843273
-1.0584762 0.44150573
-0.83634734 -0.9070989
-0.7175387 0.15650107
0.17247769 0.019512698
-1.0050908 0.015604749
-0.338261 0.07297556
2.144813 -1.2250749
-0.123030454 -0.68173695
0.02285847 -1.4045553
-1.0832037 -0.61995995
0.21728072 -0.32637364
-0.54704034 -0.24405871
0.6483848 -1.1141177
-1.0449882 0.11230536
-0.76770926 0.702169
1.0066208 -0.7321556
0.97701406 -0.23569638
-1.4439127 -0.11392082
-0.7912731 -0.18553573
0.16841075 -0.6359036
-0.37741995 0.26977563
-0.60193014 0.2775671
0.748147 -0.65004134
-1.2580045 0.63991356
-0.9270309 0.01792793
0.784971 0.70574695
0.66324544 -0.5689263
0.6530434 -0.4166847
-0.531827 0.38766134
0.69005704 -0.712402
-0.3265767 0.26587862
0.2039212 -0.16663826
-1.6549933 -0.39844245
1.1295861 -1.9729965
-0.8622441 0.4556893
-0.3376995 -0.2663768
0.23223993 -0.903853
-0.20642217 -0.15757251
0.62133765 -0.9639665
-0.7932259 0.09650268
1.2144864 -1.0352907
1.198572 -0.74726087
0.47678503 -0.0063737035
-1.3730674 0.58123857
-0.17464316 0.39404553
-0.7897209 1.1839446
-1.2103401 -0.21864992
-0.64780146 0.3401525
0.14202625 -0.20818126
-0.14726606 -0.9579107
-0.04176891 0.36801857
0.23755196 1.033968
-1.9654437 -0.64999664
-0.966408 -0.5713671
-0.9743202 -0.95826274
-0.1923596 0.6159049
-0.99065065 0.68174374
-1.8797531 0.37131476
-1.8534422 -0.099799484
-1.3207479 0.15649296
0.027569234 0.82574564
0.77118707 -0.50161093
-0.2860485 -0.6129734
0.06065309 -0.7847935
0.61548114 -0.74447787
0.7586409 -0.0830936
-0.56418717 -0.18570012
-0.5143696 -0.05385512
-0.037281558 -1.2276831
0.40243873 -0.47539514
-0.12760293 -0.6663293
0.38583288 -0.49023086
-1.2062678 0.28968817
-0.5690408 -0.6543412
0.29327533 -1.3835169
-1.159053 -0.43104023
0.98604715 -1.1873223
0.45504346 0.7470928
-1.6245413 0.3644395
0.45618138 -0.2778576
-0.36695668 -0.32449415
0.04033497 -0.13574082
-0.10397507 -0.47384238
-0.31964314 -0.06198202
-0.62889063 0.041463032
-0.022892997 -0.09701891
-0.09820375 -0.1680761
0.0016986132 -0.89202493
1.3219829 -0.6813321
-1.7546899 -0.4350534
-0.75258434 -0.67402
-1.3709878 -0.4643734
-0.46189797 -0.2613125
-1.3227679 -0.5644969
0.11323419 0.4984259
-2.2729397 -0.3606292
0.91649866 0.3568164
-0.35126263 -0.45002645
0.028699577 -0.5341359
0.16014835 0.6887204
0.31953594 0.3030954
-0.7998315 0.4424861
-0.035060033 -0.40625358
-0.3327713 -0.08777994
-1.776485 0.37214595
-0.053760275 -0.86828464
0.47324947 -0.60670704
-1.4784155 0.3017649
0.3398333 -0.30681264
0.91440105 0.24574475
-0.0114286095 0.5021033
-1.2538836 -0.014284983
-1.2310697 0.17288144
1.5084543 -0.5151753
-1.3210832 0.8726433
0.17947826 -0.23345374
0.8403126 -0.44386053
-0.44160318 -0.08288436
0.9210237 -1.2681248
-0.6541962 0.1519679
-0.58425474 0.2207187
-0.96631134 -0.38515437
-0.7653158 -0.853405
1.0752805 0.17440896
-0.658196 -1.4024804
-0.25138143 -0.5688693
-1.0080347 -0.0013847798
0.2771004 -1.8025177
1.1693085 -0.6225594
-0.60721755 -1.0663091
0.8290515 -0.8767681
-0.48240986 -0.28136393
-2.3489656 -1.6174643
-0.6235999 0.2508754
-1.334001 0.44033462
-0.25377405 0.69902354
-0.37111977 -0.13758999
0.52063954 -1.1476853
-0.38212022 0.92476624
0.60869944 -0.42402142
-0.725364 -0.9089113
-1.0001389 1.0870357
0.17096135 -0.15362382
0.43664178 -0.6811435
1.0564868 0.0725524
0.40099892 -0.24092592
-1.0998377 -0.16290806
-0.6124635 -0.27819443
-0.30073494 -0.99192935
0.43100676 -0.2923705
1.2270994 -0.8836939
0.30125794 0.09590952
0.88194966 0.07301231
-0.039226457 -1.0016106
1.823943 -0.4794974
0.07371688 -0.20297322
0.3647547 -1.7308146
0.8024616 -0.48022103
-0.44211322 -0.103747204
-0.6759349 0.06637259
-0.88972664 -0.40600175
0.72069 -0.47549337
0.2838436 0.6133821
-0.72891927 0.12264477
-1.0781198 -1.560191
0.43619153 -0.17801261
-1.0477413 -0.027666956
-1.27199 0.29306406
-1.5740219 0.22432365
0.8562523 -0.49194473
-0.5182463 0.62244415
-0.6293422 -1.2012281
-0.75225234 0.80540663
0.07167438 -0.19972868
-1.1488739 0.31032163
1.8580419 -0.32683736
-1.368232 0.027332589
0.5249088 -0.7941472
-0.15218848 0.42103195
-0.043163836 -0.30363
-1.7022307 -0.84833574
-1.1313871 0.66195536
0.30538616 -1.3554796
-1.0010457 -0.5713774
-0.6905314 0.65399694
0.07272035 -0.8518581
0.70032036 0.1275086
0.14531025 -1.3444474
-0.11042294 -0.032242596
-1.4333483 -0.38510144
-0.7961645 0.29898995
0.4509847 0.040080056
-1.6884353 -0.124516174
-0.92518663 -0.01189512
-0.7058675 0.069867715
0.09909785 -0.8702607
-0.96547306 -0.78802437
-2.11518 -0.21022595
1.1461021 -0.1188844
-0.7860099 0.45821118
-1.5702857 0.5145628
-0.81325424 -0.77652603
-0.9405354 0.25003803
-0.86741173 -0.99508864
-0.40377796 1.130041
0.24380153 -0.09094985
-0.96634626 -0.6418088
-1.0993143 0.31313217
0.024663717 0.14702176
-0.2992983 0.09581216
-0.6890579 0.4193818
-0.83922744 0.1503493
0.018817931 -0.2193442
-0.8069198 0.21891977
-1.7246367 -0.3726189
-1.11435 -0.053022757
0.016919881 0.91938883
-0.7825875 -0.43542212
-1.4025252 0.26171952
-2.1155078 -0.74545556
0.0807693 1.3532842
-1.298744 0.27828872
1.8601896 -0.10138765
-1.2244762 -0.6045714
0.296998 -0.68828696
-0.6413406 -0.5496027
0.15324423 -0.7898732
-0.24037497 -1.2109752
-1.7799797 -0.43110543
-0.9003961 -0.32746965
-0.8694992 0.5699864
0.75245595 -0.60175526
-0.5836375 0.9947048
-0.8859273 0.23907311
0.9225806 -0.23173238
0.30819938 -0.31507808
0.43565956 -0.44574594
-0.8824949 -0.6812414
1.4134817 -0.78183013
-0.46484283 -0.664711
-1.3983929 0.100903496
-0.5294751 -0.53011155
0.12767082 -0.6982906
-1.1648175 0.035694107
-0.5585109 -0.4025265
0.050507307 -0.8721446
0.17355147 -1.1069026
-0.6590487 0.42858142
-0.13604176 0.06835647
0.69383836 0.101520464
0.8112638 0.20195694
-1.476442 -0.99090195
1.0547498 -0.03792031
2.0921648 -1.0163065
0.25393376 -1.8892624
-0.49318862 -0.15587205
-0.68381596 -0.5329687
0.3237951 0.34216064
-0.60413194 0.6918193
0.8769678 -1.5107493
-1.8253384 -0.44973212
-0.94046116 -1.3409638
-0.14523444 0.08482872
0.35493287 -1.3013276
-0.6788157 -0.76242614
-0.85580754 0.17585944
-1.1976136 -0.014634311
-1.7927849 -1.188298
-1.658452 -0.97026277
-0.56287944 -0.7124595
2.3817985 -0.2706047
0.13601929 0.3017224
-0.8668492 0.82352513
0.39250407 0.23211415
-1.1291386 0.35725474
-0.6605946 -0.0046832263
1.2042801 -0.36866558
1.0691359 0.49562263
2.7984726 -0.7996254
0.81785345 -1.0403042
-1.9813691 0.18127288
-0.30142266 1.0516881
-0.7657951 0.17627032
-0.30876246 -0.71918756
0.44596675 1.3868257
-1.3396065 0.20870619
-1.5274866 0.32580608
1.300612 -0.51401293
0.27404955 0.12895317
-2.1867979 -0.87277955
-0.34361202 -1.0368575
-1.4667919 -1.1733134
1.1940008 -1.2547498
0.275699 -0.84982854
-0.0022524148 0.2667747
-1.4547265 -0.15564176
-0.8917874 0.81679374
1.4403464 0.416346
-0.6679028 0.26352733
0.5091331 -0.8540513
0.2114461 0.41236413
-0.099286854 0.23278542
-0.5678912 0.571436
0.42287955 0.10175817
1.4397756 -0.8211678
-1.8551694 -0.80350226
0.15442678 0.9062932
-0.18431976 0.22099857
-0.8622105 0.15949337
-0.30524218 -0.8531158
-0.40504378 0.33948964
-1.6755364 0.3489411
0.15251705 -1.0472375
-1.2430658 -0.9291366
-0.8996397 -0.37882075
-0.23002745 -1.3865
-0.7774025 -0.11625096
0.07064441 -0.017048389
-0.33041567 -0.45063972
-0.78687656 -0.2603727
-0.80272937 0.18794744
-0.34715125 0.31798685
1.0445595 -0.5968841
1.1610214 -0.030774042
-1.1966665 -0.00067690015
-0.5926265 0.16928943
-0.21231493 0.24807088
-0.7601955 0.3061946
0.91814923 -0.83349407
-0.95108354 0.35199708
1.0032258 -1.2297798
-0.4813257 1.1982043
1.0445662 -0.51700246
-0.64864635 -0.9391374
1.3224814 -1.3699336
-1.2239851 0.70477295
-0.034295812 -0.3047341
-0.7711599 -0.15686491
-1.365308 0.37603736
-1.0231265 -0.7507869
-0.47256106 -1.1207594
-2.37173 -0.29410625
-1.2609081 1.1292183
-1.9621209 -0.45317483
-0.08139776 -1.6061007
1.188062 -0.105023295
0.7346864 0.38107216
-0.71564627 -0.41339552
0.5939419 -1.7396163
1.6762854 0.06210144
-1.451855 0.40564072
0.30260226 -0.11365172
-0.35338297 -0.3572052
-0.28713703 -0.24922244
-0.09178139 1.0718119
-1.7907215 -0.058231324
-1.3448613 0.42575997
-1.7134658 -0.33752376
1.4332635 -0.5881149
-0.67502385 0.35555792
-1.6797522 -0.46402395
-2.2095547 -0.49528712
0.48195043 -0.8456545
-0.4255696 0.25849074
0.114928514 0.7747411
-1.1376863 0.094907925
0.4816707 -0.57165456
0.040276527 0.93500143
-1.4212531 -0.67021805
-0.17803465 -0.20098166
-0.1102891 0.29258108
0.17447057 -0.108268544
-1.4901439 -0.09187271
-0.781101 0.13727258
-1.1417092 -0.12747043
0.94033206 -0.23320928
-0.25707135 -0.61482507
-0.11140439 0.27747333
1.0649565 -0.5184566
-0.48474467 -0.96560735
-0.0009954572 -0.41613626
-0.9431436 -0.14906447
-0.857476 -0.3322217
-0.020611584 0.021617219
-1.0048531 0.64066076
-0.36859256 0.19846456
-1.1395044 0.32297117
-0.0033109486 -0.48358667
-0.3313745 -0.04671131
0.80655193 -0.51138484
-0.59837466 -1.1997687
1.3803248 -1.0263675
-1.2272387 -0.28648227
-0.998214 -0.026565805
-0.69870317 0.7016923
-1.3411982 -0.88904667
-0.23166952 -0.3159981
-1.4116098 -0.015852839
0.23278403 0.094921395
-0.45429397 -0.24953474
0.4651554 0.39326566
0.007876247 -0.46366942
-1.5133704 -1.0590754
-0.62134147 0.6715134
0.11693919 -0.04307601
-1.815725 -0.36571538
-0.9694824 0.62008345
-0.24632919 0.14600842
-1.3814245 -0.69775003
-0.6682093 0.068756685
-1.5975275 0.19577403
1.256593 -0.5036228
0.8329574 -1.1915581
-0.53240985 -0.20781165
-1.2005504 0.36604637
-1.2277067 0.5026121
-1.344634 -0.21639097
0.0281533 -1.072177
-1.2478354 -0.10042505
-0.12758164 -0.017913997
-1.0835223 -0.6833155
-1.3850404 0.10705413
-0.16878393 0.28749883
0.7547953 0.72334224
0.454814 0.6525366
0.23381907 -1.5513666
-0.051896065 -0.06814948
-0.9142622 -0.26798898
-1.8326833 -0.31026027
-0.12311968 -0.8179915
-0.18024312 0.6081512
-0.94629335 -1.0621533
-0.11307396 0.08187844
-0.58657527 0.8011405
0.5586661 0.036047652
0.019795299 -0.44122955
-1.2197452 0.7046067
0.5985031 0.60407853
-0.88106656 -0.44161725
0.59807825 -0.68983144
0.55783665 -0.18833742
-0.05059734 0.5100316
-0.5456587 -0.46336097
-0.73605573 0.860601
0.24098545 0.21809997
-0.79439557 0.116623744
-1.1935482 0.13823019
-0.5622562 -0.36101395
-0.63314897 -0.1850971
-1.1231335 0.42942113
1.7735676 -1.0820929
-1.7198255 -0.3519653
-0.10534057 -0.11180793
-0.33876556 -0.12461041
-1.4639754 0.275867
-0.90327823 0.53732276
-0.46745792 -0.02741839
-0.69057214 -0.51728785
-1.394446 -0.17698063
-0.91460633 0.97122985
-1.168118 -0.933337
0.54329383 -0.288359
0.2675936 0.5420881
-0.28346398 -0.6264074
-0.92739165 -0.370529
-1.6198407 -0.72158587
0.613963 0.7524278
-0.70138603 -1.5972806
1.5833868 -0.051480472
-0.14820546 0.27568775
0.79814637 -0.063091666
-0.19020967 -0.68647945
-0.21471277 0.5838493
0.8986734 -0.98472667
-0.5450007 -0.47780323
-0.31530935 -0.27561772
0.28562477 -1.1936048
0.013409078 0.9328751
-1.6662629 0.42099476
0.5290177 -0.85312617
-0.15757033 -0.03914869
-0.28440043 -0.019185573
-1.8578317 0.031959817
-0.6514792 1.0533965
-0.121792376 0.4733191
-1.024549 -0.07224825
-0.66536087 0.60648847
-0.4537723 -1.0413493
0.0928348 -0.26425585
-1.0146432 -0.051195994
-0.06017886 -0.5511015
-0.43853912 0.94037575
-1.5349016 0.8187373
0.048829973 -0.34449565
-1.775007 -0.06539187
0.5478518 -0.94349676
0.6775466 -0.5589927
-1.0169995 -0.5568955
0.8756472 0.14874999
1.723751 -0.5544549
-1.4726685 0.73959786
0.32942924 -0.8728729
-2.261427 -1.5321658
0.0070037246 -0.734422
0.77417505 0.2490565
-1.0831242 0.097582445
1.2143216 -0.13171765
0.8197416 -1.0840955
-0.7946116 -0.5773861
-0.8840095 1.0080771
-0.14725375 -0.9338882
0.222713 -1.9244533
-1.240541 0.20379482
-0.59305775 -0.93992054
-1.3884312 -0.99704516
-0.39227998 -0.9848777
-0.18488346 -0.52328324
-0.25801152 -0.964529
0.61064005 -0.34410846
-1.7016894 -0.15703326
-0.87941456 -0.26557794
0.84715295 0.17955662
-0.9461527 0.7384836
-0.6368977 -0.83382976
-1.18931 -0.19153821
0.50676596 -0.11148688
0.688234 0.5518236
-1.5265969 -0.022037715
-0.88974965 -0.83850974
-0.097879276 -1.1453991
-0.9256623 1.0735576
-0.32924384 -1.6902528
-0.86237776 0.13627203
0.9172876 -0.0656362
-0.9750855 0.49781436
0.19466299 -0.8969421
1.7482309 -0.30135956
0.41646066 -0.0151875615
-0.41759014 -0.9681171
0.56108904 -0.021480381
1.0330085 -0.8785476
-0.39341885 1.029426
1.15543 -0.07412444
1.1315757 -0.38456315
-0.42920053 0.097086534
0.26939222 -0.17824078
-1.3051164 0.2330742
0.26475814 0.13260247
0.47687343 -0.08712077
0.8748603 -1.0741999
-1.1887963 -0.6960321
-0.5469998 0.5520229
-1.3920825 0.62761974
-0.8552195 0.49972367
-1.7262613 0.42203897
-0.873072 -0.18395501
0.09282032 0.6018569
-0.10112788 0.13545044
-1.3772044 -0.88188267
-2.0277708 -0.17554514
-0.6863075 0.7995053
-0.8573998 0.29254973
1.2676842 0.06523235
1.0842845 0.3276093
-0.34483957 0.012811437
-1.5608845 -0.33874702
1.8662263 -0.691791
-0.30102187 -0.0007919818
-0.15739882 0.10239379
-1.1777897 0.36749482
0.9401102 0.15848581
-0.93682694 0.40258598
-0.5327682 -0.583569
-2.0736928 0.4741711
0.40599105 -0.5169864
-1.0381716 -1.1428207
-0.6630411 -0.50428367
-0.42031252 -0.94611543
-1.0743836 0.4314404
-1.4036763 -0.030476123
-0.22738893 -0.9500104
0.90046895 0.54073805
-1.9506618 -0.7152232
-1.104067 0.47753596
-0.59426486 0.3790651
-0.38502398 -0.61921835
0.9291043 0.39944
0.29172024 0.39518005
-1.0486902 -1.2194821
-2.2052891 -0.030319586
1.1312882 -0.1874023
-1.4398263 -0.21860823
1.7339247 -1.0330269
-0.44395378 0.42012554
-0.6167238 -0.07023695
0.53121233 -0.2831085
-1.5959959 -0.19835693
0.45556244 -0.4551201
-1.2929888 -0.09697963
0.26976112 -0.36863562
0.19624603 -0.26919907
-0.9380685 -0.2871175
-2.017475 0.43748564
-1.0474836 -0.2469755
-0.21612462 0.5008
-0.8882718 0.026172057
-0.58736956 0.8031588
-0.7543273 0.5707145
-1.4388214 -0.27016994
0.6605097 -0.6287658
0.17716414 0.27937526
-0.8647574 -0.6248714
-0.44638175 0.28693223
-0.6088114 -0.5077014
-1.5194057 0.3888989
1.3717583 -0.5056754
0.14216724 -1.0783715
-0.99526083 -0.45545036
-0.85755765 -0.14588703
0.77134085 -0.9537974
1.5366076 0.51866126
-1.2459515 -0.0742785
-1.4901586 0.20495437
-1.6586875 -0.32058513
0.21054569 0.523186
-0.19062659 -0.38920137
-2.1608295 0.027004853
1.7731723 -0.8422203
-2.0829396 -0.3335234
0.9483329 -0.24891157
0.04816118 -0.36017096
-0.06134717 0.882528
0.07853374 -0.08748047
-1.9545392 -0.047650456
0.0005284846 0.34003228
-0.04614295 -0.6511069
-0.26925683 -0.054774895
-0.9573648 -0.6484465
0.1726256 0.5173099
-0.4882278 0.017611817
0.78415716 -1.1376415
-0.86108434 -0.96658474
-1.5830768 -0.07924773
0.7131287 -0.81814826
0.35571423 -0.29534417
-0.67848355 -0.051525086
0.025967658 -1.0839347
0.8444902 -0.3065367
0.2906004 0.043531314
-0.296334 0.8889242
-0.95797753 0.12516056
-0.1700316 -0.6068681
-0.97352016 0.066018686
-0.7894975 0.70705974
-0.9754565 0.7537765
-0.2501763 0.16509555
1.426293 0.33695418
-0.8878925 0.18454508
-1.2555642 -0.9562888
-0.7621465 0.04158826
-0.9670229 0.8543578
0.02529627 0.024485514
-0.46901327 -0.91535497
1.266075 -0.8902407
-0.8344712 -0.33418694
0.1851812 -0.76028246
-0.43748292 -0.52899003
0.10743758 0.053493813
-0.14585112 0.05551727
-0.42270362 0.53392917
-1.5526434 -0.4538912
0.022113413 0.008344129
-0.5838274 0.33010465
-0.43835378 -0.30844223
0.046424687 0.14544402
-0.33107597 -0.11832894
-0.6317178 -0.73804593
0.7635412 -0.5390772
1.23216 -0.09601943
-1.380491 -0.41654095
-0.33124372 0.5403677
-0.2183636 -0.057428926
0.028715014 0.09030841
-0.10247888 -0.7322335
-1.6478375 -1.7855816
-0.16320333 -0.5172926
0.66052365 -0.58458763
1.260766 -0.05358334
-0.021605536 -0.46490362
0.42637238 -0.64393467
-0.30890968 -0.017257363
0.8446722 -0.36405995
-1.1892362 0.041028216
0.73083365 -0.570825
-0.54809666 0.69489497
1.0864375 -1.4027153
-0.6450784 0.368182
2.2076046 -0.90064555
-1.2605767 0.4288053
-0.36030334 -1.1668538
-1.4559137 -0.3874345
-1.1820843 0.76412815
-0.20332044 0.077517495
-2.1157973 -0.38951653
0.3833436 -1.1048951
0.22889501 -0.80027163
0.0112507045 0.30381817
-1.2106402 0.24786599
-0.11581074 -0.74656516
-1.4035202 -0.8260999
0.09126598 0.429165
-0.82159495 0.6535878
-1.406655 -0.1543119
-0.08183539 0.22085138
0.7325747 -1.0601722
0.23203078 -1.1760092
-1.0568005 -1.8981439
-0.51995 -0.080448374
-0.5571416 -0.07487185
0.9674196 -0.65771425
-1.0604386 -1.3216747
-0.5708523 -0.48402762
0.1268627 -1.1755918
-1.2735856 -1.459639
0.11214772 -0.62906957
0.7706281 0.19455402
-1.3677117 -0.65745807
-0.10873234 0.47826266
-0.50372005 -0.36147404
-0.30100894 0.24235986
0.21648699 -0.35162172
-1.3042252 -0.21336651
1.7591242 -0.80388457
1.6254234 -1.2222397
-0.8165312 -0.70538
-0.75091386 -0.69698447
0.6728803 0.4901157
-1.0294415 0.04150255
-0.607803 -0.4367241
-0.44328034 0.48088682
-1.3856642 -0.20927629
0.42216262 0.13234915
-1.9993857 -0.41903824
1.0985729 -0.56210595
0.7738273 -1.0447582
0.5980283 -0.8564741
-0.049098894 -0.2224964
-0.42946917 -0.75196534
0.96912706 -0.10242136
-1.1128262 -0.4503923
-0.9808866 -0.17939648
-0.89875734 -0.07775432
-0.5924098 -0.47837746
1.5251344 -0.77669114
-0.7591187 -0.25416732
0.20626989 -1.2745787
-0.23651078 -0.45953265
1.3801032 -0.44517642
0.72294724 -0.6593751
-0.95486724 -0.050765246
-0.7551441 -0.5742013
-1.4131386 -0.17790884
-1.0418983 -0.022077143
-0.5278642 -0.3850783
1.5704812 -1.0760885
-0.53851545 0.15622444
1.146177 -0.38189778
-0.28248966 -0.086333364
0.27142182 0.9954286
-1.3483845 -0.34866482
0.75285685 -0.27318162
-1.0302275 -0.6295345
0.3902419 -0.22689041
0.17219335 -0.071077615
-0.48986524 -0.3303121
0.28501192 0.41397667
-0.44823426 -0.13902041
1.8470274 -0.16539069
-0.48017865 -0.19209138
0.7848662 -1.4896747
0.31386557 -0.59904224
-1.6149255 -0.18802173
0.62420964 0.42047495
1.0731479 -0.08545326
1.0911692 -0.12600052
0.8308978 0.3527503
0.85970104 -0.21364892
-1.2900871 0.88603395
0.71844614 -0.119091004
0.9516299 0.04855077
-0.58956385 0.21161737
-0.8057399 0.386019
-1.910728 -0.3994289
-0.021165654 -0.061226904
0.03853339 -1.7738807
1.7820197 -0.3817337
0.9195205 -0.5234063
-0.39763796 -0.189389
-0.5317753 -0.09173323
0.95653987 -0.84571135
0.30844423 -0.32014883
-1.6061752 -0.844104
1.0082775 -1.076297
-1.8457792 -0.84735376
-0.6678108 -1.7435703
0.5719031 -0.94969916
-1.4238607 0.028000489
-1.2627527 0.35296994
0.95281625 -0.57455367
-0.89064074 0.658209
-0.48667336 0.27172238
0.19715568 -0.116008915
-0.11503258 0.06545906
-0.10538541 -0.11257669
-1.2433579 0.054599747
-0.62378675 0.7666206
-2.245716 0.50919455
-1.1295106 -0.018556029
-1.2811083 -0.79176635
-0.61162716 -0.116912395
0.61322975 -0.522898
-1.7016034 -0.23297378
0.38754693 0.555699
-0.5071504 -0.38112432
0.29934672 -1.3875885
0.40608212 -0.05344306
1.0750833 -0.7052838
0.08740437 -0.66634583
-0.5507046 -0.59647596
1.1112413 -0.4620555
-1.1018894 0.2448781
-0.8694217 -0.42810592
0.15756327 -0.12942119
-0.53005207 -1.1616597
0.67606974 -0.06547691
-1.2177105 -0.50811964
-0.48384413 -0.5646265
0.70436907 -1.3092452
0.19168991 0.17361106
-0.93199897 0.23949508
-0.9828541 -0.59521693
1.3543187 -0.32413846
-1.0398517 -1.0422522
-1.0161048 0.53553843
-0.7648432 -0.265035
0.26481155 -0.38767788
1.5379732 -0.6950426
-0.31347454 -0.20108896
-0.075273186 0.001709342
0.4168537 -0.3886373
0.53229606 -1.6438324
-1.4875692 -0.13647056
0.4560919 -1.0800807
0.06201175 -0.3219017
0.6454842 -0.730276
-0.2530874 -0.5420672
0.7381456 0.8701903
-0.1740302 -0.20769201
-1.8194952 -0.15399206
0.19608527 0.13971327
-0.858868 0.6675698
-1.2321883 -1.0335232
-0.035981506 -0.43642786
-0.38844705 -0.014903888
-0.5883897 -1.3458183
-0.78074 -0.224809
0.016261756 -0.8468758
-0.56365514 0.93889374
-1.3940196 1.1096854
-1.2631457 0.06315066
0.21198758 0.33734405
-0.3952324 0.1438296
-1.324145 0.09382437
-0.8003465 -0.8511388
0.01589781 0.9357044
-2.1417315 -0.7572682
0.2645801 0.5402774
1.4768335 -1.3108189
-0.92086744 0.34046674
-0.98821926 0.3436318
-0.11791377 -0.10886854
-2.0583797 -0.90821564
-0.6863439 0.40560633
-1.315279 0.9385101
-2.0933845 -0.18239078
0.14158556 -0.2942656
-0.27136624 -0.86589897
-0.40970382 -0.25286612
-0.40127507 -0.018158853
-0.6948024 -0.64369226
-1.5262115 0.629131
-0.32717118 -0.4914835
-0.08057843 -0.09727071
0.1279056 0.014710024
0.1814462 -0.03519462
0.35477403 -0.037124902
-0.23253138 0.16683571
-1.5736419 -0.5460772
-0.2030133 -0.27354053
-1.4033357 -0.7012016
-1.8543316 -0.24450275
-0.92768025 0.21767734
-0.3714255 0.5058469
0.3268874 -0.647304
-1.1568136 0.37092614
-1.906832 -0.6404782
1.92867 -0.920087
-1.0265248 -0.22489323
0.19811791 -0.4093253
-0.8374746 0.25107616
-0.9351177 0.40849715
-0.34722155 0.5768207
-0.6283498 -0.12563443
0.53448844 -0.5255611
-0.5451614 0.626591
-0.11475076 -0.3956859
-2.0179832 -0.16299336
0.25453427 -0.6392874
-1.619494 0.29141194
-0.1273234 -0.027802572
-1.1956216 -0.37144196
0.08843276 -0.1322234
-0.63038933 0.34147942
-1.3926661 0.30567086
-0.8080063 -1.539328
-1.317427 -0.21794733
-0.17086828 -0.36841002
-1.4796788 -0.06949858
0.07245973 -0.12553528
0.03229928 -0.09595643
-0.72381634 0.84088176
0.06710991 -0.0942547
1.2240293 -0.7367785
-2.2117474 -0.7945932
-0.67602557 -0.889977
-1.5495793 0.032941952
-0.03369023 -0.043144017
-1.6112487 0.49162823
-0.4200182 0.09192754
1.3104869 -0.29045552
0.019270003 -0.6601314
-0.83165824 -1.9506307
-0.3938708 0.030902699
-1.1997907 -0.8722381
1.7749325 -0.49636048
-0.022551566 0.24383889
-0.2549019 0.69435686
-1.2109284 0.018675312
-0.55061793 0.5023159
0.13951224 -0.34198055
-0.8558475 0.8094172
0.66621256 -0.282575
0.59597695 -0.0050565153
-1.2007232 -0.53688264
-0.97422576 0.14513354
0.06193912 -0.28850183
-0.36640733 0.9891469
0.34833112 -0.40545654
-1.2173179 0.4041738
-1.6024704 -0.5093349
1.1075191 -0.27339455
0.15295848 0.36584955
-0.19665296 -0.6199121
1.0270514 0.5649129
-0.30279753 0.6375933
0.13374975 -0.20649233
-1.6910735 -1.2183764
-0.8522067 0.32010972
0.1911096 0.04194449
-1.117168 -0.56985915
-0.28760335 0.4582159
3.0448449 -0.24389009
1.2365087 -0.9975171
-1.1183946 -0.80430233
-0.0822901 -0.745417
-2.0172458 -1.3708383
0.13033447 -1.2469711
0.5614569 -1.3987478
-1.4463432 0.20728569
-2.017207 -0.1233418
0.64042187 -0.121740356
0.38267663 -0.21140464
0.518262 0.056418166
1.3112277 -0.6041379
1.6005502 -0.6691896
-0.65669066 -0.14050734
-1.0476815 1.342631
-0.9878957 0.64900565
0.6129346 -0.75099766
-0.7421104 0.2310503
-0.057994798 0.5943374
0.34204134 -0.064751446
0.7235583 -0.5233984
-0.24416265 0.036057577
-0.37348908 0.55600524
1.1495252 -0.0065787435
-1.2407037 0.16047539
-0.70052475 0.88400203
-0.7795104 0.12894727
-0.19100587 -1.7348596
-1.7472502 -0.55918574
-1.9213375 0.24815191
-1.3861842 0.91050285
-0.3330689 0.2577721
-0.8435658 -0.09942904
0.31432655 -1.115512
-0.283303 -0.6523067
-0.6407789 -0.6131591
1.2062366 -0.7274491
-1.1007919 -0.031909868
-1.4081079 -0.17509192
0.45593747 0.3708967
-1.665907 0.5217095
-0.43446347 0.5797252
-0.21876556 0.20599039
-1.9729307 -0.3448053
-0.76338017 -0.40044537
-1.3169392 -0.17815977
-0.5900762 -1.174715
0.25120303 -0.64531493
-0.41822794 0.19369622
-1.143803 0.66722566
-0.32241642 0.19741155
-1.3045189 -0.29273918
0.3448424 -0.711442
-0.78008664 0.5977927
-1.4821281 -0.5471062
0.38919356 -1.3500137
-0.64736557 0.10835697
-0.5614902 -0.4914893
0.07947132 0.14204867
-0.8191024 -0.41410434
-0.7248471 -0.23373902
0.09535283 0.45359468
0.6461984 -0.6097902
-0.8068321 -0.49010348
-1.8598449 -0.4043788
0.6876918 -0.48088396
-1.4459463 -0.7344246
-2.7550957 -1.3340188
-2.755531 -0.42722887
-0.72029364 0.6558684
-0.307437 0.17442931
1.2835058 -0.97065896
-0.30671358 0.5010803
0.14835697 -1.676419
0.35173866 0.7395533
-1.9725186 0.08836068
1.6545293 0.07426773
-1.6552662 -1.5843772
0.21680427 0.06747572
-1.0459288 0.64883274
1.2734053 -1.5653336
-1.6014479 -0.14850086
-2.5233724 -1.7320155
-0.9213896 0.2845087
0.6428031 0.8346631
-0.96267354 -0.43967444
-0.37090972 -0.2702031
1.0487306 -1.2729611
0.2545024 -0.0075111985
0.24803033 0.77720374
0.13079554 0.09194721
0.18225467 -0.6770308
-1.2679392 -0.6755763
-0.35608357 -0.71634644
-1.3320472 0.30125368
0.028471917 0.002158001
-0.1947605 0.2642845
0.43280283 -0.30703107
-0.93660724 0.08882521
-0.06431699 0.73771393
-1.0810764 -0.15414178
1.2093489 -0.8659386
0.7810037 -1.4394544
-0.24149206 0.45443803
-1.3813409 0.5467614
-0.21039952 -0.21807754
0.81848514 -0.19727622
-0.7606497 0.2766692
0.15223038 -0.4455464
-0.11033952 -1.6863956
-0.32105613 0.092932895
-1.5591893 -0.19948356
1.1983455 -0.5737409
-0.50510025 0.07571353
-0.68182784 -0.8244712
0.6089314 0.09334873
2.7370238 -0.93774223
1.4803472 -0.8668193
-0.38788077 -0.23447125
-0.9337989 0.03433214
-0.35474986 -1.288448
0.8698226 0.29845566
-0.30413905 -0.16017672
0.28232244 0.46351737
-0.9168595 0.71756715
0.63569605 -0.18083689
-0.3565369 0.44183534
-0.1852107 0.8296644
-0.9799408 -0.3807152
-0.34154594 -0.07103647
-1.0379812 0.16277035
-0.08188073 0.88163346
0.27786365 0.06687395
0.6278516 0.04663177
0.9337864 0.33591938
0.6515703 -0.7076567
-0.69459534 -1.2231271
0.23605466 -1.1342429
-1.3906543 -0.7209721
0.054736376 -0.7291225
-0.9998114 -0.24096738
0.08704996 -0.5468253
-0.54587173 -0.7221638
-1.3926089 0.30609953
0.06072685 0.29826492
-0.22091751 -0.19182183
0.48912433 -0.067140505
0.22312042 -0.55465215
0.28462604 -0.36335117
-0.7290052 -0.25710005
0.17119107 0.15233685
0.090073615 0.4981798
-1.2331743 0.54582655
-1.1960194 -0.51948714
1.0177213 0.4820516
2.7670076 -0.45744115
-0.5279989 -0.8408412
-0.6458048 -0.013530225
-1.2855936 0.111086085
-0.14070249 -0.6253946
-0.4665624 0.6451512
-0.3049322 0.60735404
-0.79437137 -1.723621
-1.3965563 0.18850039
0.09070346 0.011765137
-0.31797072 0.26133788
-1.0293483 0.17170407
-0.24586478 -1.1522146
0.9898006 -0.4565482
2.1306326 -0.8778793
1.5607908 -0.7112568
-1.282342 0.81310064
-1.1571519 0.52227885
-0.21430781 -1.3678569
-0.2486681 -0.44067287
-1.5499227 -0.5033966
0.5006807 0.47521478
0.020716965 -0.21230099
-0.22527812 -0.4890717
-0.48055315 0.5942681
-1.2203387 0.6201243
-0.32434675 0.054689392
-2.0226297 -0.34320283
0.8610972 -0.14908549
0.99300027 -0.29106307
-2.1492128 0.22345503
-0.35285884 -0.66876
0.08366707 0.5071939
1.4263263 -0.7913239
-0.16346736 -0.12077148
1.4905723 -1.9766477
0.1949347 -1.7576449
-0.47699738 0.097460434
-0.37462568 -0.86877835
-0.27072635 -0.1530645
0.47899368 -0.7865589
-0.8148631 0.5160061
-1.2374988 -0.2170663
-0.95895445 0.5870407
-1.860309 -0.9946237
-0.75224495 -0.1570234
-1.0495673 0.16424234
0.73877025 -1.1292952
-0.6940149 0.2617371
-1.8332753 -0.32290503
0.80617833 -0.2535135
-1.814179 0.21281032
-0.7168148 0.72627854
-0.5801623 -0.18819329
-1.0466081 0.666957
-0.50565755 0.62906593
-0.7644447 0.6136361
-0.35062796 -0.6012332
-0.7129735 0.8069677
1.1776571 -0.83281183
-0.6586765 -0.26193377
-0.14444321 -0.8636423
-0.71887267 0.29805082
1.2154409 -0.37631917
-1.3031943 0.54842174
0.28480557 0.29438072
-1.5774137 0.3323571
1.1549777 -0.5772379
-0.8209189 0.36718565
0.27125546 -0.58659405
-0.11341877 0.41825515
-1.3822805 0.47317338
-0.46756902 0.2957095
-0.37629843 -0.3431685
-0.32002616 -0.32900128
0.78547215 0.21754967
1.166997 -0.30112603
-0.2558851 0.31354272
0.007826239 -0.7452335
-0.2574906 -0.8970902
-0.23744172 -0.08191508
-0.8365351 -0.3330168
-0.35509923 -0.33421415
-0.5062414 1.1227288
1.250078 -0.9754142
0.9175229 -1.0257859
-0.77504563 -0.14014614
0.37340912 -1.0443432
-0.22865583 0.042074308
0.8134459 -0.26759937
0.09888506 -0.1410451
-0.44560152 -1.1138544
-1.5672204 0.24642463
-0.24511535 0.55567086
-1.3908885 -1.2756782
0.286274 -0.8479509
-0.527761 0.023477986
-0.19517583 0.5719901
-0.8219353 -0.12905252
-0.664857 0.53813267
-1.3461504 0.47788513
0.6674428 -0.51522815
0.74455965 -0.6081901
0.61775506 0.009373784
-1.4674518 0.1746165
-0.33012706 -0.57960564
-0.22168119 0.21960475
-0.8419788 -0.48529136
-0.7632539 0.8862075
0.46156535 -0.1418517
-0.8067696 0.21803118
1.6977156 0.004090041
-1.1720203 -0.66779786
-0.11862075 0.60603124
0.9463016 0.18802671
-0.3129853 0.36681932
0.17411748 -0.6187585
-0.56932986 0.9848401
1.2628573 0.24014203
-0.82650936 -1.363972
-0.42386165 -0.4524586
0.6806166 0.43383294
-0.062033415 -0.8716114
-0.41056412 -0.08592898
-1.1386849 -1.2913811
0.9804435 -0.79170495
-0.22662723 -0.8824209
-0.21616624 -0.5577767
0.4839683 -2.0829387
0.7124852 0.13376106
-0.50239146 0.67196983
-1.4566509 -1.2019842
-0.75435007 1.3650728
-1.1246542 -0.056419387
-0.021009058 0.27783662
-0.3732732 -0.4760358
-0.3948941 -0.69850594
0.31162027 0.1338092
-2.1034422 -0.720424
1.065056 -0.71458006
0.18431416 0.57321763
-0.1610825 -0.51419264
-0.83743656 -0.28714067
-0.8858018 -0.46860117
-0.39483345 0.49515504
-1.8413804 -0.20043659
-0.543499 1.1184121
-0.54893136 0.4829805
-0.5347408 1.0553548
-0.11753924 1.3086734
-1.7739561 0.43099028
-0.98244977 0.79142874
1.237601 0.8597234
-1.884329 -1.1789215
-0.5596424 -0.35511678
-0.41985828 0.39955992
1.4318597 -0.5200761
0.5276568 -0.3083179
-0.5768959 -0.58826965
-1.6639897 -0.46794516
0.047181755 0.3871523
-1.168669 -0.5197467
-0.9873787 0.4576773
-0.480999 0.51355064
0.25794825 0.7051432
-1.1173981 -0.3756637
-0.97013175 0.7644746
-1.5051749 0.39898634
0.21374983 -0.9173409
-1.6321708 0.49183792
-1.1494957 0.36552018
0.0872491 0.14276
0.41913542 0.60753953
-1.1856791 -0.46337593
-0.74692 0.59790957
-0.75071156 0.49617344
-0.85489047 -0.28580245
-1.1911637 1.1231772
0.14125967 0.23213248
-0.7251357 0.26992834
0.12740663 -0.23290911
-1.2671869 -0.2607626
-0.057355553 -0.08706556
0.8203747 0.3217929
-0.49404672 -0.7319496
-0.12672348 0.5872466
0.34976497 -0.7985177
-1.156756 0.44693387
0.56862605 -0.25233892
0.1870687 0.6239821
-0.14714631 -0.22515734
-0.16966924 -0.05968903
1.5402876 -0.64272505
-0.9242357 -1.9858067
0.4911599 -0.13847661
0.79187536 -0.6111878
0.4933904 -0.2889227
0.462118 -0.21265858
-0.5523286 -0.041166216
0.31761095 0.1927595
0.026787698 -0.46774894
1.7518328 -0.7557593
-1.0490804 0.113501385
-0.13045608 0.19961475
1.3091567 -0.50048274
-0.31529364 0.35941303
-1.5696992 0.068195745
-0.31526262 0.63855255
-0.22970268 -0.6937636
-1.3054843 0.33276874
-2.0833158 0.57148784
-0.51459384 0.12431063
-0.45376408 0.5197533
-0.23855482 -1.1519691
-1.3498741 -0.023640856
-1.0634509 -0.57136554
0.48380116 -0.32415015
0.7464242 0.104404345
-0.5559119 0.7891988
-1.2731892 -0.53185487
1.1103473 -0.5172907
0.613248 0.81560594
0.40314505 -0.17147265
1.060361 -1.8636675
0.12923655 -0.9631127
-1.6708829 -0.023158386
-0.21803564 -0.5630811
1.3938171 0.22995116
-0.5635595 0.73457557
1.1634231 -1.3725469
0.86549306 -1.0658505
-0.2780946 -0.24345201
-0.31026644 0.8765742
0.803143 0.72121626
0.08566508 -0.5372283
1.350538 0.07500504
-0.72840834 0.327632
0.027130067 0.2738511
-0.8721144 -1.3777734
1.1388967 -0.5615249
0.33965942 -0.7112638
-0.63344395 0.142751
0.2114915 -0.48419994
-0.6440221 0.51516116
0.06101182 -0.034281388
-0.4044835 0.056163833
-0.7286843 -1.0972041
-0.10584146 0.050016806
-1.5335695 0.24188732
-1.774645 0.4741192
-0.6507479 -0.40123808
0.3474755 0.19002007
1.454106 -0.8703916
0.5230373 -0.99834025
-1.1348588 -0.5988407
1.028487 -0.92571026
-0.008037403 -0.32787642
0.46688667 -0.86561227
-0.25319466 -0.20074908
-1.387965 -0.45421433
-0.019863546 0.0056132525
-1.0024878 0.4322461
-0.04755698 -0.91914505
0.019586682 1.0183358
-0.85629 -0.17918825
1.0179195 -0.3806563
-0.16359888 -0.65277505
-0.108311385 -0.34883076
-1.8319573 -0.48593134
0.29990736 -0.24855702
-1.1260849 0.100320235
-0.32894954 -0.19940391
0.6248933 -0.36979663
-0.45226288 -0.45165068
-0.40197927 -0.482607
-1.0894839 0.47217506
-1.0795822 0.64052695
0.5133158 -0.3237136
-0.090363026 -0.031274736
0.8861834 0.12973802
-1.6921268 0.17377995
-0.65595007 -0.8321729
-0.45944345 -0.011678487
-0.29817078 0.16508646
1.3255148 -1.273611
-0.4961716 0.38597357
-0.6227244 -0.31355804
-1.0865617 -0.55559903
-0.41085166 0.034031942
-1.5316052 0.1171944
0.14297122 -0.19909877
0.07669279 -0.22811995
0.75119483 -0.6265516
-1.5146608 0.31765383
0.6998476 -1.379678
0.7566918 -0.70053846
-0.64028716 0.20594148
-0.41107535 0.20258303
-0.6276598 0.4172197
0.6687492 -0.54251987
-1.9012429 -0.17171808
-1.283559 0.38811505
-0.36198166 0.26296926
0.60089576 0.18495585
-1.0295405 -0.95351064
0.3612068 -0.6117276
-1.0077287 0.16357969
-0.9179057 -1.0415547
0.30506983 -0.5276287
-1.3746426 -0.4257474
-1.2648466 -0.38263848
0.35289916 -0.7602074
1.4570794 -0.39397776
2.591698 -0.7909993
-0.5217392 1.396802
-0.524453 0.3831451
-0.87687635 -0.4620037
-0.11554867 -0.5459335
-2.0845683 0.18441217
-1.0573194 0.2436115
-2.167927 -0.8959123
-1.0247262 -1.0256401
-0.52681535 0.3789317
-0.41929698 -0.23222175
1.5176721 -0.7522529
-1.9005806 -1.0200855
-0.28060162 -0.43820116
-0.8706918 0.8535773
-1.1912467 -0.13117288
1.1823933 -0.047920957
-0.27866796 -0.027121827
-2.2203922 -1.0403508
-0.7689345 -1.0276159
-0.22599915 -0.18659167
-0.0914695 0.59685177
0.26761624 -0.3497539
-1.4440578 0.18655278
1.9069148 -1.0438378
-0.21600455 -0.32416412
-0.6427828 -0.070638254
1.384493 -1.0762578
-0.78184366 0.5418091
1.747208 -0.4845036
-1.0591385 -1.6209079
1.417472 -1.8464295
-0.14864728 -0.8205509
-0.6581247 0.6371902
-0.7412179 -1.3549724
-0.12524378 -0.9694119
-2.085163 0.37472856
-1.4427294 0.028115317
0.28309307 0.060591117
-0.180427 0.3807326
0.26230058 0.2873081
-0.5966829 -0.28664136
-0.033961326 0.27456748
1.1195941 -1.4106293
0.67273724 -0.5338283
0.17822593 -0.40303594
0.40026364 0.118550375
-0.18598059 -0.10476056
-0.63593066 0.15436809
0.15821326 0.22267826
-0.5908332 -0.5492613
0.8706782 -0.673721
-1.3665892 0.5049027
-0.0013621151 -0.87683624
-1.4531031 -0.3322605
1.3752761 -0.036536828
-0.37821075 0.9061292
0.3515899 -0.78364325
-2.0245519 -0.012057006
-1.3054701 0.19349428
-1.1473111 0.11613156
0.7705648 -0.5736305
-0.10358213 -0.5919311
-1.089066 -0.34910995
-0.9485347 -0.88733816
-1.8150462 0.41649252
-0.24809913 0.89017373
-1.4755361 -0.5055008
0.3823984 -1.4289503
-0.17665009 0.11680983
0.5848174 -0.65787107
-1.2239851 0.70477295
0.6481744 0.010893926
0.9902929 -0.48149323
0.1629144 0.5578153
-1.0546603 -0.09808348
0.06223771 0.33349913
1.0935544 0.37179428
-0.08100392 0.38541377
-0.77080965 0.505921
-0.6744908 -1.2653947
-0.5146731 -0.8355414
-1.1788012 -0.74354774
-1.6907026 0.5781765
-0.6932592 -0.50297016
-0.17776787 -0.4785803
1.1711003 -0.8432044
0.13465384 0.108398244
-0.37551707 0.86377484
1.8576599 1.1414306
-0.345558 0.2880507
-1.8500376 -1.0379936
0.5894041 0.09381552
-1.032655 0.8697439
-0.99365985 0.050731227
-0.93129873 -0.40958577
1.1975859 0.16365854
0.5013375 0.0458899
-0.961449 -0.1170092
0.57736456 0.6913039
1.014526 -0.97435886
0.65271103 0.34515262
-1.5545914 0.017233983
-0.5107552 -0.096330926
-0.6237301 -0.042969137
0.043005705 -1.2469962
-0.9369261 -0.21301883
-0.8461354 -1.3484683
0.78994346 -0.81865495
-0.6304785 0.1643001
0.32572326 -1.1303117
0.17216355 -0.46503526
1.0047392 0.59833807
-0.3864062 -0.87700784
-0.12742317 -0.103004485
0.8570515 0.35058302
-0.4875039 -0.51007265
-1.1571859 0.48753536
-2.0581088 -0.37909725
0.41148868 -0.0785874
-1.234398 -0.02723667
0.04394707 0.7466169
0.027052611 -1.2255421
0.19273272 0.40531588
-1.3333743 0.9085724
0.49578825 -0.7675223
-0.15595889 -0.054322615
0.35235205 -0.95378137
-1.9066012 -1.4557054
0.9253657 -0.31355408
1.4010588 -1.4014039
-0.63405716 -0.68805325
-0.15538672 0.16724654
1.1671709 -0.7951453
-1.6422893 -0.8125383
-0.9129672 0.87225467
-0.25696605 -0.53653514
-0.5172848 0.25932008
0.458495 -0.8612221
-0.8502481 -0.6899446
-1.0264254 -0.5907715
-1.6338769 0.09773891
1.0761486 -0.72502786
1.4859952 -0.6334828
-1.261012 -0.12496079
-0.96896636 0.20891084
-0.26816872 0.10614009
-0.9095379 -0.19099031
-1.480074 -1.2665178
0.70028865 -0.735297
-0.84365773 0.6270425
-0.13922596 -0.4319086
-0.44874877 0.17585771
0.008642852 0.117577896
0.44821498 0.81886655
-1.9666713 -0.9026434
0.4280664 -0.025813356
-0.76949215 -0.28925332
0.34639165 0.32027453
1.1630507 -0.590696
-1.253622 -0.18266936
1.2226242 0.3303073
0.25244215 -1.0987835
-0.9704428 -1.2278267
-0.5168375 -0.25618315
-1.960652 -0.14328758
-0.27409148 -1.0350773
0.844682 -0.27272052
0.44424805 0.12634237
-0.12862834 -0.3020823
-0.95652115 0.8774952
-1.3847839 0.2333044
-0.44525838 -0.19683531
-0.32615075 0.4372974
-1.5347607 0.2602175
-0.24857593 0.88921064
-1.0882883 0.86094743
0.9772084 0.25448388
-1.1375087 -0.08225332
0.6713923 -0.34182668
-1.2898098 -0.44819933
0.76864934 0.54884136
-0.83291376 0.8174167
0.5428928 -0.20890032
-1.3710841 0.2732103
-0.5192467 0.48881614
-0.37322503 0.40568346
-0.6105322 0.4351483
-0.55533874 -1.2886385
-1.1860296 -0.16277546
-1.0293398 -0.008139446
0.7761924 -1.8779309
-1.838529 -0.855649
-0.8216709 -0.086475775
-0.30065498 -0.13237152
-0.5838821 0.34804833
-1.0416168 -0.32349128
0.73266196 -0.14772479
0.28995815 0.30652273
-0.057622388 -0.31039226
-0.59705853 -0.6102629
-1.4151841 -0.274149
-0.13404089 0.7591934
0.77067304 -0.4871645
-1.2016541 0.13309886
-0.2026047 -0.07194422
-1.4839966 0.015885219
-0.18108585 0.86455053
-1.2610933 0.32819086
1.1903843 0.695609
1.6262623 -0.6291151
-0.17775506 -1.0809176
-0.5483501 -0.82482934
-1.6848288 -0.7987969
1.6912119 -0.571267
-1.3245765 -0.76604235
-0.035525233 0.5062351
-0.12881549 0.6904557
-0.36360306 0.27768546
-0.12960613 -0.761432
-0.97348 -0.4629035
-0.7978858 -0.9194132
-0.83087087 1.0222024
-0.29002708 0.8652082
-2.0651467 -1.1030195
-1.1959615 -0.18386565
-0.40604633 0.063811705
-0.7298941 0.008903995
-0.6643903 -0.71569633
-1.0605489 -0.8529216
-0.3664899 0.103457525
-1.0388486 0.56518084
-0.32670873 0.105973795
-2.0630589 -0.7621952
0.14466444 0.16558285
-0.6379789 -0.38632756
0.0073657036 -0.25488082
-1.2607292 0.37023586
-0.47533453 -0.06260425
-1.5503407 -0.028657317
-0.3906507 -0.2876281
-0.3807999 0.8668887
0.12774152 -1.6742721
-1.4323678 0.1170878
0.5812186 -0.88263416
-1.2119746 1.5703645
-0.9117607 0.021082595
-0.949651 0.4083253
-0.42211226 -0.061187267
-1.1647348 -0.15111145
0.12395248 0.47773272
-0.18430397 -0.95655864
-0.98782146 -1.2997364
0.36869445 -0.34512097
0.099306196 -1.3321273
0.02226749 -0.004376799
-1.550738 -0.028663307
-0.21079496 -0.25240716
-1.1328367 -0.18302815
0.9158696 -0.46902204
0.67411447 0.15454482
-0.65392244 -0.9595523
1.9582042 -0.6225254
0.11542454 0.20017378
-0.24772356 -1.19219
-1.1008884 -1.0182004
0.349108 -0.7859544
-0.11159025 0.21757607
1.3002282 -0.9540105
-0.32137254 -0.4369135
-1.7928525 -0.083649576
-0.71968937 0.48867655
-0.1343713 -0.04849051
-0.6821133 -1.0610332
0.72184753 0.45295113
-0.8368249 -0.22113948
-0.4616658 -1.5147413
-2.5366552 -1.533144
-0.2440217 -0.16850308
-0.69018304 0.23859183
0.018694013 0.33476424
1.131067 0.2153676
-0.36018163 -0.2727086
-0.71665853 -0.62566495
-0.6467786 0.33561236
0.31908396 -0.2750807
-0.28109935 0.27167034
-0.9151393 0.37290698
-1.2407458 0.2647788
0.32272574 -0.81947035
-0.022783563 0.67954665
0.7438476 -0.78655833
-0.19663233 -1.0368403
-0.9111085 0.5202318
-1.1927061 0.33014297
-1.5989938 0.13232659
-0.37462416 0.019895568
-0.7680563 -0.14852686
0.15353915 -0.84735394
-0.76498497 0.575231
0.5127822 -0.11653362
0.4490156 -0.7630678
-0.28877681 -0.0845578
-1.0426617 0.64453065
-0.7204069 1.1208576
-0.10854338 0.25766718
-0.87550724 0.56755394
0.7068908 -1.3807621
0.1465725 -0.14302072
-0.7823254 0.6056086
-1.3751156 0.35750145
-0.109634355 0.2762103
0.9487207 -0.9020006
-0.06595582 -0.79094785
-1.4040478 -0.027349144
-0.7864759 -1.1342493
-0.40292528 0.026881322
-0.7358836 0.67775637
-0.24246179 0.29570198
-0.6621436 0.51421964
-0.46551222 0.24504487
0.25774303 -1.6444476
-1.2774044 0.8347227
1.0996475 0.53209525
-1.2231344 -0.055247456
-0.6556134 0.24458222
-0.72067195 -0.6138698
0.8658389 -0.32431012
0.36478385 0.73914963
-0.8292322 -0.52481717
-0.79375505 -0.7274326
-1.2699388 -0.6883665
-0.75960374 -0.31078184
-0.70916307 0.17295142
-0.66738033 -0.52025926
-0.23443782 -0.8017486
-0.636818 -0.27313763
-0.046461046 0.42582738
-0.1667825 0.38249856
-0.35522944 0.2673068
-0.16694099 -1.6334485
0.2880958 -0.7138606
-1.2771856 -0.7278532
-1.0749855 0.6551111
-0.6402921 0.4685372
-1.5872829 -0.64615095
0.34523436 -1.144545
-0.2747259 0.36445832
-0.6613244 -0.07843159
0.00039884448 -0.17739993
0.5157106 0.11270635
0.7293415 -0.8688379
-1.6864042 0.25221694
-0.3747374 -0.04767859
-1.5881255 0.8305636
0.87123084 0.010271996
-0.27056476 -0.39479077
1.1126153 -1.0650539
-0.04858753 -0.0006098002
-1.6254966 0.17755692
-0.1854893 0.23717476
-1.5909386 0.11831389
-0.908329 0.8340102
-0.22280483 0.5511453
-0.27418584 -1.961481
0.46979758 -0.87559456
0.65904236 -0.064440146
-1.0318639 1.1953723
-0.5414946 -0.02604574
-1.568647 -0.26501572
-0.36104074 -0.09263526
-1.0992342 0.39087367
-1.0980443 0.43832576
0.12364563 -0.24389963
-1.841444 -0.8876042
0.37252846 1.1801187
-1.4178802 0.18469347
0.21509674 0.48554838
-1.1485859 -0.8225349
-0.7676743 -0.123826034
-0.44396824 -0.32538733
0.17839551 0.0354328
0.057555348 -0.33925742
-0.27939713 -0.09682672
-1.1454535 -0.59916157
-0.110119954 1.3258913
0.6228807 -0.7511641
-1.338088 1.0939578
-1.2530397 -0.09934752
-0.84061074 0.07225229
0.814661 -0.05209966
-0.8003582 -0.39498037
-1.3285261 0.50712067
1.1235535 -0.20678549
-1.2711835 0.12496601
-1.8777133 0.09180717
-0.41199368 1.3048408
0.04345444 -0.56885076
-0.66665924 -0.7039215
-0.6290672 -0.320793
-0.4250468 -0.6885421
-0.48597914 0.61090314
-1.1654402 0.49953282
1.1942589 -0.9422217
-1.4668114 -0.7105131
-0.7053989 -0.35099328
1.8044659 -0.53811884
-1.9626594 -0.48202965
-1.0552232 -0.15440983
-0.748748 -0.39708853
0.860278 0.16034497
-0.12625082 -0.51612234
-2.3989954 -0.53851867
-0.36815655 0.29217547
-0.14058354 0.18406348
-0.36441737 0.8367451
-0.3640184 -0.12982962
-1.6338173 -0.75112545
0.14632475 -0.07276361
-0.78157127 -1.0392653
0.8643851 -0.4796238
-1.5154833 0.26617885
-0.9060775 0.25679928
-0.9163369 -0.04053797
0.17337793 0.40081012
0.82331204 -1.4709136
1.1869483 0.0004412979
-1.1530074 0.13783433
-0.7824969 1.4107465
0.057690293 0.83236676
-2.0018013 -2.2259831
-0.6717295 -0.96475285
-0.12608376 -0.10696329
-1.0596582 0.53092396
-0.6760793 0.6837247
0.7359506 -0.9411809
0.29535177 0.25665963
-1.2225755 0.32326955
-0.95449734 0.24787913
-0.9599763 0.54457676
0.6403928 -0.118192255
-0.21414843 0.913058
-0.28746012 0.32009238
-0.113939956 0.014630124
0.06521526 0.7577339
1.3447442 -0.33671024
0.7335354 0.4352041
0.22355211 0.26363224
0.86175466 0.0862229
-0.8079728 0.14887227
-0.79523146 0.19289266
2.0747652 0.03424166
0.8352264 -0.12727234
-1.6872882 -0.5005742
1.1021072 -1.2533182
1.4615204 -0.33462548
-0.49665743 -0.36938363
-1.1330886 0.47532284
-0.65495217 0.19230379
-1.2060416 0.580045
-0.75580454 0.09703304
-0.76164603 -1.1524298
-0.3687364 0.4749503
0.50171626 -0.10650931
-0.688208 -0.1020861
-0.6605725 0.45249927
1.2623919 -0.42908025
-0.8975849 -1.236415
-1.850923 -1.0466533
-0.6206404 0.25446254
0.005425483 -0.58052266
0.54595375 0.80872816
-0.75774634 0.25769055
-0.99421847 -0.5736542
-1.0254731 -0.30479813
-0.13030992 0.28293312
1.5646377 -0.11457442
0.93554187 -1.4834403
-0.4852082 1.014456
-1.8334094 -0.5158114
-1.2948248 -0.77507526
0.77550983 0.37539983
-0.53679836 -1.3190295
0.068475634 0.008227214
-0.24595459 -0.23674516
0.68279445 -0.63656086
2.3266182 -0.77763796
-0.020881787 0.9129965
-0.9923222 -0.4788759
-1.1103406 -0.47444028
0.0049343407 0.16587631
-1.4788325 -0.14964694
-0.099510044 -0.79140866
0.45862022 0.097005114
0.19961795 -0.09924951
0.028705418 -0.05672081
-1.1085399 -1.2777072
-0.4208673 -0.19523102
0.40488634 -2.2713246
-1.3414152 0.1611927
0.47774377 -0.06238365
0.97683084 0.08089955
0.8214375 -1.0540199
-0.52176684 -0.80350924
-1.3154873 -0.49994284
-0.4226609 -0.11840213
0.7924559 -0.5338671
0.52442205 -0.95596427
1.4132919 -0.25116402
1.4993759 -0.69884056
-0.6415459 -0.6932132
-1.5678704 0.45556313
-0.87930536 -0.1983723
-0.8200158 -0.5694786
-0.80365694 0.2925024
-1.5264287 0.50138277
2.4363246 -0.68734545
-1.3386714 -0.11237776
-1.2264969 -1.1741011
-0.7309924 -1.1783597
0.0803957 0.10277431
0.06248653 0.06008227
-0.30023992 0.7955107
0.24394417 0.40015423
-1.0864513 -0.9274177
0.78662145 -2.0180016
-1.1454908 -0.5323866
-0.26620328 -1.0542389
-0.8176408 -0.19663557
-0.7826611 0.14854209
-0.95509183 0.037484005
0.7001344 -0.9899446
-0.029338285 0.24527986
-0.36140132 -0.80989456
-0.5734073 0.44689924
-1.189882 0.28613567
-1.0515819 -0.5608404
-0.8949666 0.6142512
-0.6306655 0.08873181
0.31410828 -1.8982257
0.17461306 -0.67610353
1.8574752 0.21398918
0.66112745 -0.5161643
-0.102132276 -1.6223154
-0.4033687 0.46739608
0.030027837 -0.35720164
0.080329835 0.70947623
-0.57676613 0.03230293
1.1932638 -0.80212635
-1.4699762 -0.16868901
-0.2783871 -1.1186559
0.10345426 0.29310334
0.552619 -1.368995
0.29148832 0.0067549795
0.17795247 0.3095603
1.4576476 -0.21922807
0.7686682 -1.0180347
-0.25680807 0.581992
-1.2316651 -0.73360664
0.7774414 -0.979643
-1.4887545 0.40147138
-0.30591926 -0.34651253
0.19500571 -0.90972924
-0.9222232 0.38199472
-0.9767022 0.12934865
0.64923143 -0.6073924
-0.67236614 -1.0718265
-0.29371595 -1.1911755
-0.20520586 -0.25262728
0.63780797 -0.6563582
-0.25488013 -0.44377342
-1.1249332 0.0566846
-0.44929934 0.75488275
1.8722142 -0.45298505
-1.199924 0.39580715
-1.2143185 0.12879764
-0.8740022 0.1534064
-1.5369227 -0.5366488
-0.9985732 0.2287784
-1.3719884 0.72754264
1.2047846 -1.0436617
1.4589423 -0.22859377
-1.3350002 0.7791223
-0.8127947 -0.26930153
-1.9722795 -0.8876505
-0.353633 -0.044000342
-0.4880991 -0.5185689
0.90819156 -0.40716177
1.0251397 0.7882938
-1.189398 -0.29816547
-0.6916535 0.55310845
0.49466065 0.03791724
-0.7792729 -0.1935142
1.0413005 -0.15546402
-1.2586133 -0.23062593
-0.44710946 -0.26014492
-0.34178236 -1.3782527
-1.6837893 1.0234792
-0.22204943 0.35035038
-0.20409635 -0.56913966
-0.22299413 -0.07407631
0.30963424 0.62754273
0.11236942 0.08561148
-0.17496741 1.4190322
0.68680966 -0.6158206
-1.6044114 -1.6044363
-0.55832314 0.58517593
0.38467363 -0.7934987
0.31707916 -0.28757587
-1.3106543 0.08417101
-0.45571855 -2.4214892
-0.6669337 0.051922813
-1.819236 -0.32324752
1.2846515 -0.6196522
-1.8725568 0.04891859
-0.13412176 0.496185
-0.13996017 -0.8380347
1.8576065 -0.6703914
-1.6784577 0.6156555
-0.11534852 -0.2594095
0.47133014 -0.013812184
-0.8005091 0.7355572
-1.2026136 0.294334
-0.107049435 0.62120104
0.18773192 -0.4418072
0.33913425 -0.2213261
-0.88888264 -0.41332203
0.98770463 -0.19226427
1.3449818 0.25317878
-0.9263797 0.64585394
0.3375856 -0.1598919
-0.10062586 -1.1922951
-0.6191046 -0.13342255
0.93599105 0.48597068
0.563216 0.1988015
-1.3364643 0.16132699
-2.194555 -0.5467655
-2.0504413 -0.4587903
0.95984614 -1.7870804
-0.72352886 -1.0760938
-0.59333146 -0.25971627
0.22803122 0.011600956
0.30234537 -0.59260505
-0.48069018 0.50701195
0.32051483 -0.30075976
1.499723 -1.345641
-0.2686325 -0.07485813
-0.06914057 -1.7765212
-1.1423453 0.06179093
-0.9002272 -0.020187303
-0.8936846 0.1787907
2.3769686 -0.20060772
0.25391796 -0.9364026
-0.48027807 0.24663301
-1.1939521 0.65273935
-1.7522485 0.64819515
1.5290043 0.106732115
0.42384663 -0.16266511
0.1789949 0.5001109
0.50351346 -0.14176103
1.4546258 -0.46695036
-0.47912034 -0.05404076
0.4537507 -0.37979814
-1.887942 0.8787795
2.4765294 -0.2691961
-1.5216221 -0.3934266
-0.16213804 0.61911577
-0.46074417 0.33782363
0.9985595 -1.1169505
-0.15533221 -0.37112242
2.3022046 -0.46525508
-0.5206002 0.5636148
-0.7353193 0.73808867
-1.559856 -0.36123544
-1.3811715 -0.008523732
-0.65816814 0.60308796
-0.0951321 -0.3403422
-0.3690538 -0.4078033
-0.23711337 0.06491925
-0.37824163 -0.3625143
-0.5388977 -1.3304226
0.17495728 -0.68113095
1.769173 -1.482874
0.12278324 0.37152964
0.76133525 -0.6288273
-0.5648277 0.18171279
-0.08273511 0.13500543
-0.6920282 0.6709464
0.23377433 -0.018400937
-0.93550634 0.094962135
-1.1669446 0.39454275
-1.0151206 -0.7591181
-0.52343386 -0.48655325
0.44058737 0.08644207
-2.0879188 0.37542057
-0.23993184 -0.056927264
-0.9174769 0.06355019
0.6859008 -0.54191107
-0.7662246 -0.0964559
-0.9609132 0.57607913
0.6309904 -0.21326801
-0.039082944 0.22277893
0.056000113 -0.6461108
0.2370759 -0.2550205
-0.19079354 0.26192105
0.7585374 -0.33893928
0.4638979 -0.4551994
1.1396817 -0.2601802
0.93869925 -0.64781106
-1.4340242 0.05309756
0.22647464 -0.3694757
-0.59882975 0.14003079
-0.6518055 -0.30207983
-0.2378696 -0.5883197
-1.0378282 -0.10647419
1.0041994 -0.277827
0.97850823 -0.02838178
0.80620706 0.08081038
-0.33086973 0.8619645
-1.2819611 0.30152547
-1.5960215 -0.7260776
-0.02311939 0.03598033
-0.7658205 0.25490493
-1.1690282 -0.9660209
0.0037210882 -0.57701796
-0.77034104 0.042161718
-0.5775546 0.08984022
0.53596425 -0.07900275
1.2454202 -0.4229708
-1.583206 0.729919
-0.24060999 0.66828924
-0.10954878 -0.58076096
-0.27456173 -0.2566473
-1.2553287 -0.50154644
-0.090297 0.75308555
