0.049069762 1.3061159
2.7453086 0.3629952
0.6586821 0.3800496
0.6918857 0.6892615
1.4019599 0.38095713
0.23303005 1.0834186
1.0169144 0.7667449
1.6623218 1.3515787
0.84007096 0.79658514
1.8913304 0.28161204
2.1755528 0.45731407
0.9787333 1.856936
1.7525796 -0.03305857
1.499536 -0.17866208
0.5837978 2.031754
-0.5394175 1.1361347
1.3351797 0.7193546
2.5715873 0.5479999
-0.5110168 0.42060333
1.7678183 0.87007636
0.64021015 -0.38102642
0.65311456 0.9264913
0.757529 0.10262619
3.0532732 0.2717461
0.6401715 1.4072819
1.1560472 0.1677704
-0.5120948 1.3955147
1.2616566 0.50537074
-0.027832448 1.6648468
1.1791581 0.7269641
-0.20342962 0.37714583
1.7193283 0.72009975
2.615045 -0.6363826
-0.27774784 0.6674547
0.3472872 0.75764316
1.6957422 1.0595
1.0649354 1.2802657
-0.6239548 1.0965863
0.13693431 0.864443
0.04718867 1.505415
0.6742073 2.290729
1.69154 0.6322546
1.7310755 1.4378018
-0.017097548 0.34150112
0.0911791 1.5818763
0.19124147 0.10510321
0.39145336 1.7576915
0.27579996 0.7203437
-0.34779978 1.1315036
0.24929878 1.2186893
0.0012608469 0.60370743
0.813663 0.6895376
1.8669027 0.11397369
2.182825 0.9658676
0.3068361 1.2483094
0.8705714 -0.32935208
1.8290569 0.83696026
-0.16462928 0.9615076
-0.07664357 0.73045856
0.2590733 1.2072951
0.041458905 1.1692541
-0.030577078 1.0259184
1.0011472 0.57665944
-0.41107267 0.95762795
1.160698 0.33147913
0.62643075 0.39799064
1.851457 0.4536429
1.347076 1.663425
0.61861944 1.4007182
3.2247143 -0.57214403
0.6474018 0.6670687
2.2622278 -0.78975654
0.08814973 -0.8432359
-0.3777391 0.9327411
1.5088454 1.8023334
1.1201173 2.083259
1.3605877 0.6462277
1.2860748 -0.42168394
1.1705562 1.061493
0.8187473 1.3035389
1.3865367 1.392706
0.48003516 1.7482364
3.23218 0.5827863
0.38005397 0.6498406
0.015033245 -0.34380215
0.11570999 0.6093578
0.6832092 0.76347584
-0.04519683 2.5894566
-0.22198263 0.5970164
1.7122453 0.27728707
1.2102422 1.2054224
2.1864557 0.5310003
1.4446871 0.08306812
1.4867797 0.46232975
0.04748699 -0.1612322
0.6866393 1.9993224
1.6448432 -0.2393512
-0.42588186 0.53420186
1.5101695 0.6586841
0.044129968 1.2573994
0.026245028 -0.5608795
-0.13461985 1.1056653
-0.24908687 1.8754437
0.92270505 2.0766194
0.17634887 1.9449492
0.53826034 -0.36701375
-0.21665335 0.9511637
1.6979713 0.44548398
1.2605622 0.8276743
0.3884761 1.1399378
-0.35289592 -0.15534666
1.4032615 1.1620909
1.540772 0.82708746
-0.44619203 1.9978163
-0.28157654 0.7236947
0.86363995 0.576035
0.5615765 0.6429933
0.17847699 0.7241351
1.3949628 0.037491903
1.2800529 -0.26051643
-0.045681074 0.88836735
2.2380307 0.7087075
-0.46894446 0.8829867
1.4467443 1.0165266
2.2990873 0.8398066
0.31916085 1.2676342
2.6696262 1.2298468
-0.17129618 0.84441024
1.8541514 1.5126432
0.6493113 0.093591526
1.3134567 1.7238909
0.90076303 -0.9014192
-0.16383362 1.8410797
1.2546343 0.37979448
0.5494065 0.6079553
1.4272158 0.08297618
0.7621448 -0.19286458
-0.5500114 0.9722524
0.7433853 0.41346157
0.031291187 -0.5114099
1.6778247 1.2809553
1.5757047 1.4567084
0.47918132 0.80653375
1.0835683 2.0262887
1.4646293 0.9689304
1.9016665 -0.18040034
1.1998678 0.21180569
1.3136102 1.2860858
1.2242062 0.17860545
1.3350145 0.27729112
1.0335772 2.027439
1.5979077 0.6478664
0.5371218 1.9247284
1.4806359 0.92068464
0.7156211 0.7590957
1.6557968 1.3187652
1.1026167 0.87945503
-0.1430265 1.6929349
0.5341908 1.5814221
0.14456397 0.4436103
2.7095888 0.27258933
-0.5872481 0.53247845
0.6744981 0.18067102
1.5187114 0.64800495
0.2586324 0.9351391
1.7858466 -0.13479242
-0.14487362 0.64401907
-0.57243603 1.2677766
1.2898632 1.1090329
3.455815 0.17133333
0.5019535 0.9393061
0.35745087 0.24321727
1.4954474 0.7971191
1.064585 0.5642905
1.1477311 1.6693193
-0.022440717 1.1906217
1.959665 0.74607646
0.4003866 2.225961
1.0644886 0.21099587
0.20012358 0.3074041
0.84795845 1.3799225
0.4897811 1.303467
0.24031022 0.96357816
1.4337311 0.37588888
1.3889065 0.8265391
0.07693568 2.0161977
1.3589566 2.028819
0.43132082 0.41490942
1.1026027 1.1591736
1.2166775 -0.15328002
0.8904257 0.14826567
1.3114635 0.63622403
0.81388843 0.96461076
0.20321575 0.5873928
0.95772576 1.3386708
0.4072502 1.3097904
0.1820637 1.3728801
0.20185646 1.7222137
2.0574358 -0.6987428
1.0241523 1.8328011
0.5939727 1.6228054
1.3989098 0.68327945
0.9305291 1.0369368
1.2378446 1.5410365
0.76846635 -0.1761848
1.5459791 -0.041405544
-0.1588682 1.9340723
1.3364606 -0.080469474
1.9898137 -0.612018
3.0702302 1.6166725
1.7605745 0.69097346
1.4389642 1.659352
1.8431011 -0.8532036
2.347846 0.3299622
0.52638626 -0.45946234
-0.43310654 0.4782163
1.541958 0.1349834
0.41004065 1.3261315
0.3438147 -0.2648811
0.7744155 1.6483517
0.0057584643 2.1960373
2.9205387 0.5847756
1.9339019 0.79299444
1.312424 0.88632935
0.579666 1.087946
2.6510098 1.1869956
-0.25658375 1.4324634
0.6023216 -0.11152756
1.718681 0.26240832
0.5659684 0.7143809
-0.35874602 0.8774256
0.14476848 0.01705186
1.5632198 1.1705033
0.060336053 1.6511662
2.0513937 0.9908009
1.2823371 -0.17219177
1.3518727 0.9905525
0.7575902 0.30188555
1.5541488 -0.34288526
0.9430764 1.8376417
0.33324382 1.4361755
1.893715 0.024205253
0.5320755 0.8509225
0.8374226 0.62878114
1.4445318 -0.63457114
0.5980402 1.5962207
0.15030721 -0.37992156
0.73080397 -0.050567955
0.5511781 -0.24720737
-0.24856439 -0.06800023
0.28989622 0.47623348
-0.03006196 1.8138168
0.979154 2.0154626
0.54258406 0.96644396
-0.10393338 1.0929159
0.13540578 0.47594357
0.59869075 1.8299732
1.1027176 1.5071511
-0.19797327 1.4674835
2.5866446 -0.10941133
-0.6350985 0.91702336
-0.06847252 0.21402185
0.6055205 1.3366376
1.2839702 0.7517779
-0.18910554 0.5993607
-0.10936694 0.22550167
0.93485665 -0.0009922236
1.657196 1.4769773
2.0370061 0.019940898
0.86705124 0.44569612
0.07562685 0.8304979
1.2238477 0.4643938
1.1696814 1.299757
0.5271019 0.18830262
0.0337106 -0.015051708
0.28745893 0.9540443
1.7827555 1.4350498
1.0849595 0.24390574
0.30943844 0.616762
1.4327456 0.29548383
0.6420703 0.17603828
1.0491596 0.7574257
0.8995545 1.776191
2.3895519 0.40084678
1.3243151 2.6855228
0.5399351 -0.3108168
0.16593054 1.2452891
2.2570877 0.064624324
0.14287946 1.4835082
0.89071846 0.32005423
0.6028985 0.68507725
0.7016809 0.82628304
0.47291532 0.7169796
-0.015967607 -0.091698736
0.30423167 2.1918015
-0.20656222 1.7312974
0.21449485 0.7932884
2.1815016 -0.12207758
0.79596376 -0.40746444
0.93983877 1.1004562
1.0773884 -0.25426748
0.40211663 0.7811238
2.1172564 -0.6058522
2.1251438 0.6623592
-0.09064418 0.3701313
1.117796 1.7640891
0.3001177 0.6851863
0.8680004 -0.9525981
2.2859204 0.5645574
-0.20299071 1.0207705
1.2473588 1.6445168
1.1085871 0.19173427
1.2028904 0.035282
1.0691953 -0.8430864
-0.72110224 0.65272754
0.36495432 -0.20033401
0.7111794 1.0843678
0.13559866 0.8121037
0.4267262 0.6888537
1.3211058 0.869677
0.011110723 -0.07811716
2.0882525 -0.28948
2.1845047 0.85845107
0.36524084 0.6747179
0.93020666 0.6190561
1.5863999 -1.5113851
2.0127227 2.6771076
1.0632433 0.9000059
-0.78340805 0.5591276
1.1121546 1.5246302
0.30760983 0.15238295
2.2897782 0.0069128275
0.049155056 1.0492464
1.9742912 -1.3963002
-0.22427228 0.45256197
0.23090488 2.038583
0.33430097 1.1613761
0.2814546 1.3050778
0.07512313 0.34214413
0.6296313 1.3280101
2.0547717 0.367482
0.5799016 0.8636002
0.19642797 0.56775093
-0.1395608 1.4996479
2.041395 0.8873481
1.6688915 -0.14813974
1.7148043 0.800989
-0.47552913 0.99904495
-0.19836365 0.91074485
0.74780214 -0.47850367
1.2403822 -0.6064568
2.109929 0.20575012
0.96697116 0.997966
-0.38161594 0.8314741
2.1449268 -0.28301755
0.4638017 0.25820953
3.2091746 2.1164074
0.8634963 0.69576603
-0.45329142 -0.32552662
3.7725022 -0.009249762
0.8322586 0.23009728
-0.06541425 0.9388252
1.0555093 1.1688749
2.9420125 -0.17390224
0.6977192 1.4253423
0.39025906 1.2222463
0.2846531 -0.18395382
0.76615477 -0.1532482
1.5462965 0.029234007
0.14817 0.5749506
1.1250836 0.7039484
1.2016066 1.4611663
0.71739304 -0.07871096
1.2752864 0.22603239
-0.29079828 1.098673
0.208265 0.74484754
-0.16394731 0.51666296
0.53574276 1.1620152
2.5876763 0.44210476
1.0557728 0.39405173
3.1222923 -0.076878995
1.5182734 -1.7062062
2.3156075 0.9235464
0.53488266 1.45782
0.26885012 0.59659606
2.207702 0.9044749
0.8006195 0.437526
2.1807566 -1.5223328
0.64843535 0.13968526
1.8173174 0.30676484
0.03619072 -0.6527384
0.8951212 0.77702504
1.1092042 0.3095569
-0.775033 0.23960017
1.4143573 0.3913563
0.3906574 0.6814165
1.0784688 -0.020563394
1.225685 0.6532386
-0.84964526 1.1119277
-0.3277785 0.7907365
0.74930084 0.7684708
0.50868917 1.6826503
0.7587843 1.1875191
1.7110144 0.29662675
0.4858068 -0.42280912
0.6742835 0.44279408
-1.3648638 -0.87644696
-0.9408376 0.36443478
2.2932842 -0.22859733
-0.107144505 1.1702074
0.584026 1.4487967
1.0775379 0.49589926
1.1389995 1.5864027
0.12066147 0.8050439
0.3234099 0.7443212
0.97662807 0.9133559
-0.33279 1.6050314
0.5449859 0.5177993
0.78423774 1.1191623
-0.21092585 1.3855106
2.7313259 0.37236297
-0.22627215 0.43711567
0.82086754 0.14233758
1.0112063 -0.90979666
1.5770831 2.192066
1.4103986 1.2136332
1.9171079 1.488084
1.9924294 1.6530681
1.3835464 -0.8234167
2.1848593 0.16185613
3.0745413 0.93370706
0.03797388 0.5015004
0.60134494 1.1526947
0.7647476 1.054623
3.5357597 -0.42573816
1.0117806 0.38625115
1.0413291 -0.24887218
2.3857076 0.5945441
1.0662006 1.7646348
2.1281419 1.06086
0.99728715 -0.2649925
0.6937312 1.3859103
1.0944566 0.87606615
0.8377619 -0.19040075
1.4850332 -0.49793017
0.9586072 0.53508914
-0.33128428 -0.19909334
2.2118075 0.7128752
0.3989115 1.7922106
-0.10770264 1.2522067
-0.1260721 0.10080691
1.3745543 0.8629034
-0.4066032 0.8619817
0.33157733 1.3936747
-0.5308633 -0.15579683
0.40999493 0.32089382
-0.67881286 1.3347527
-0.1362328 0.6369961
0.36754462 1.2076473
1.7664496 -1.0163053
1.3618392 1.2959031
-0.49187607 2.3353636
-0.49584082 0.7080957
0.2231262 0.77683395
0.11961013 1.0553902
2.1071599 0.6881341
1.5745001 0.599806
1.0941968 0.4003914
1.8934127 1.5246091
2.5566108 -0.14740023
0.15319982 0.91867465
0.8588339 0.31992322
-0.20940045 -0.17722872
0.8281163 1.085877
3.007975 0.31721252
-0.19311437 1.0094032
2.9839637 -0.54572004
4.293502 1.0028179
-0.4945426 1.1410719
2.153456 -0.15236425
1.7895635 0.587799
1.9291428 1.7219728
0.55586815 1.0256784
2.039887 -0.17942496
0.7949785 1.3891052
2.3093753 1.0716164
2.5345688 -0.15119258
0.27702597 1.9467437
0.06539112 1.6434997
1.8975548 0.6644781
1.648947 -0.78627247
-0.41213644 1.169639
0.6715081 1.034849
0.53683364 1.1273392
1.1502974 1.2992605
0.08747384 -0.2267688
0.5950043 1.0067312
-0.35066503 1.4079844
0.6637083 2.3508282
1.7272574 -0.5897974
2.018824 0.21562018
1.3216088 -0.32789662
0.93089986 1.1023656
0.43709043 0.8680878
2.3954997 -0.15669343
0.8469999 -1.2949629
1.6034518 1.4393579
1.6413083 0.7241378
2.372024 -0.25649104
1.2918326 1.9852526
0.36722967 1.4070204
1.957625 1.5947232
0.526224 1.5844308
0.31933162 1.6783912
1.1536001 0.22868691
1.0663681 0.0911593
1.8518218 0.68125314
1.8332616 0.121687934
0.6656064 1.6074688
0.13260293 1.3149723
0.32910135 0.8924417
0.71161866 -1.0920656
0.46376178 -0.34899354
0.2125442 0.510547
2.7973223 0.32269096
-0.13019963 0.4563213
0.2478616 0.8374947
1.8239509 1.6497138
1.7690822 1.336723
0.55496573 0.84738714
2.3667815 0.16250534
-0.04783134 -0.5064322
-0.12415308 0.8634549
0.5008764 1.7429457
0.9216608 0.6933626
1.1665533 1.6446332
0.7180195 1.8155086
2.1429505 1.66043
1.6248955 0.7405737
1.7105008 1.0106386
0.38330784 0.41515732
1.8628386 0.22104974
1.6710029 0.49051613
0.26394787 0.90652686
0.7393414 1.844527
1.5871063 0.7697877
0.0029947162 1.1519047
-0.18826938 1.2515985
0.7313615 1.758166
1.4454732 0.8091211
0.41443035 0.8736183
1.3852105 1.5972404
3.3302627 0.100510284
1.0123639 1.6352338
0.9385935 1.3508036
1.232377 0.2211258
2.5368667 -0.01044555
0.7468624 1.420276
0.38096473 1.4987448
1.2463188 0.09739201
1.5322847 1.6589426
0.123978555 1.1787292
1.0881008 1.4081603
0.15165848 -0.27330348
0.6826216 1.054228
1.4621642 0.32790655
1.1298243 0.95604974
0.10123575 1.5502944
1.2227272 -0.046374455
0.54908967 0.07159068
0.9716773 0.8474085
1.2366138 1.196521
0.85267484 1.8082862
1.2837405 0.16923992
0.16277543 0.46741217
0.4271116 1.0073143
1.8246013 1.0736539
0.61986387 -0.14477713
-0.57279074 0.044421986
0.9159479 -0.49825078
1.5100647 1.7304848
1.1014876 0.4355746
-0.82068205 0.30836487
-0.22235793 0.78431314
0.79666364 0.08337207
0.20372537 1.5337046
1.0932448 0.022092327
0.97659194 0.9138921
2.6918159 -1.3757002
0.57881415 1.5233043
0.32547793 1.4853495
1.7652494 0.49556637
1.807316 -0.37676305
0.25490776 1.2412418
1.0918374 1.783678
0.54194343 0.44347483
1.7588471 -0.25967798
0.028751671 0.17347078
0.86380064 1.2565358
0.988485 0.39567935
1.1861823 0.31665152
2.7095828 1.0505558
1.0489563 1.1828045
2.3612578 0.42777228
1.6218137 0.6404377
0.5227717 0.14687242
1.8157874 0.813736
3.332822 0.6496123
0.6366646 1.9188874
1.4146475 0.6369554
1.2508713 1.9506471
0.96866465 1.3618147
1.7672352 -0.18162173
0.1752893 0.46138346
-0.017186955 0.98859304
1.7545351 0.56423515
1.1536348 1.5822843
1.5529824 -0.18268973
2.0808303 0.68335724
-0.376789 -0.50827974
1.0076964 0.014233783
0.8802594 0.3723603
0.14698607 1.8653598
1.5671855 0.121430114
1.0032585 1.1491562
0.41858646 1.5727277
0.4315785 2.2298179
-0.17559567 1.247263
0.2032415 1.1880838
1.6350138 -0.026545629
2.2091777 -0.1781941
0.7640667 0.92219144
1.4175338 2.1421156
0.94284797 0.2042946
1.2411003 1.7332045
1.7264456 0.01712747
1.024855 2.677596
0.19823751 1.3336544
1.7001175 1.0109335
0.11954948 0.67328477
-0.2845259 0.67240727
0.15969622 1.2360598
-0.34181008 0.3706807
0.052939117 0.7771093
0.22697458 0.96791536
0.23928916 0.6684043
3.7507236 -0.015200645
0.016416073 -0.17122771
1.79225 -0.024772167
-0.17409216 1.4765052
1.3041471 2.4694653
0.091109484 0.55571
1.17165 1.2488441
0.53151953 -0.6211393
0.8598093 1.1365845
2.01805 1.2010845
1.3659996 1.9846237
0.8516929 0.5912262
0.9191065 0.26690084
2.3243527 0.24929668
1.788031 0.8095327
0.42242935 0.93979067
2.6791558 -0.19457568
0.009324163 1.9661627
1.4048723 0.9177913
0.86164653 -0.20685291
1.0092883 2.1426458
1.7071203 1.2138718
1.2803187 0.25415474
-0.43225694 0.3762315
0.94941795 0.27336055
1.3179821 0.64805686
1.4586089 0.6275026
-0.383214 1.5553344
1.0579776 1.7167423
0.81980157 0.3260401
-0.0559386 1.6873405
2.2538712 -0.1792771
2.0959864 0.7134036
2.536039 0.76107246
3.0138357 0.13289176
0.9167141 1.7986674
0.14784601 -0.04721488
0.06295627 0.4932148
2.3446748 1.5479714
0.50977147 0.33727527
0.9116427 1.4515058
1.4799881 0.097547546
1.4774797 1.1927248
0.82019746 1.6879123
1.4841526 -0.22658707
0.9389821 1.6675777
-0.1327155 1.6976446
0.290023 0.11882885
0.50244963 0.97091955
-0.02607876 0.8849923
-0.6566653 -0.07791948
0.7130712 0.899576
1.9837517 1.3638145
2.1027057 0.22010066
0.8066195 0.45528007
1.197883 1.3406382
-0.6229516 1.3410523
0.28487363 1.2299312
0.56729305 0.57493234
0.40850416 -0.029497117
1.7136966 0.39647794
1.8989838 0.58564264
-0.35611686 0.3069787
0.91757023 2.0091422
0.6789931 0.58066523
0.39433846 0.6517576
1.786065 -0.02469401
1.241585 0.5400734
0.4442899 -0.05994448
0.7179173 1.9067979
0.37849483 1.5594795
0.7592815 1.5155568
-0.11662601 0.40344572
1.3148797 1.3326914
1.2197423 -0.50455046
2.4415126 -0.103096455
0.89533234 1.2882339
2.7559445 1.0472907
1.1956823 1.1065577
0.5678998 1.8498185
-0.057626456 1.1892954
1.5659728 0.406074
1.262004 0.15754275
0.22045398 1.6299582
1.1544579 -0.030558795
0.5154034 -0.1441724
2.479795 0.032304063
-0.78068197 1.140589
2.735043 1.1342058
1.4550554 0.8959536
2.3871827 0.54356503
0.31382838 0.1817785
0.105451584 0.23885264
2.0002582 0.20924191
0.43524733 1.0136411
0.23346806 1.0815529
0.29653057 1.4877132
4.191638 -1.1019859
2.079987 1.0241072
-0.5622728 1.1353132
0.15159488 1.7396294
-0.5884499 1.4015089
1.6410717 0.1401454
0.7285514 -0.002549976
1.0121377 1.0852507
0.755265 0.94208926
1.1793295 1.811811
-0.4225945 0.42454553
0.7945051 0.994806
-0.014422342 1.0210007
1.1445148 1.5988424
1.7727412 0.82021075
-0.5619011 1.8661914
0.05790457 1.3171271
0.7640525 0.49828708
2.1135733 -0.57416826
-0.02312395 1.5777915
-0.1642313 1.6478641
1.237655 -0.9116338
0.735746 0.54963094
1.936277 1.5758501
0.7111918 1.1080347
-0.19705713 0.7747354
-0.25292972 1.8589318
0.23254055 -0.55243886
-0.26323143 0.8261412
0.7547053 0.62097216
1.2230526 0.6269707
1.6531696 -0.43356645
1.5597523 -0.47532105
0.90306985 0.03890045
-0.38641614 -0.36724553
1.7556964 1.0215672
0.43724242 1.798567
0.37687847 1.0443981
-0.65665364 1.1801817
2.558671 0.9669034
-1.1008193 -0.35456046
0.7940844 -0.16227347
2.2918162 -0.2679678
2.853437 0.62062997
2.1618094 -0.37426507
0.23949882 0.83872133
0.49457166 2.0672803
1.3164517 0.69458854
0.114219576 0.3954898
1.2037431 0.20461412
-0.5066196 1.3431025
-0.019543782 0.4733888
0.64453614 1.351112
-0.33755428 -0.13602394
1.9298543 1.6581655
0.8424475 0.22359411
1.7563647 -0.42711297
0.36055794 0.6528179
-0.73546684 1.123833
0.15380964 0.47803265
0.02895087 1.168541
1.9283434 -0.80698764
0.64079475 0.6347389
0.3666806 0.74458104
0.16303712 0.8584332
0.87654066 2.2108707
0.2205104 1.2741348
-0.041417554 0.3732226
1.2043461 1.388095
0.41997132 1.1034877
0.39501092 1.5251029
-0.05651577 0.9659092
0.9707413 -0.5410609
0.8278066 1.44586
-0.6703447 1.890635
0.34792963 1.4363832
-0.026369229 1.6104432
0.98922515 0.80777186
0.86027086 1.2648326
-0.21159697 0.4569311
1.5496202 -0.13062191
1.5013925 -0.20281474
2.2473621 0.36377227
2.042809 0.42009115
1.5708743 0.95386535
3.205281 -0.323167
0.7539649 1.1938486
1.3155515 0.16669272
-0.031234771 1.0988958
0.42661658 1.4010873
-0.16883737 1.3020645
1.9336232 0.060328975
0.9394382 1.1651721
0.18210182 0.7339882
2.004273 1.2254831
1.9462639 0.50910026
0.1836507 1.0702555
1.9384943 -0.5335688
1.5562408 0.6764295
1.8874837 1.6692703
2.8243923 -0.020825014
1.2729234 0.58012617
-0.47182503 0.47125012
-0.1765809 0.8510049
-0.15118065 1.0892246
1.6030048 0.41501796
0.37460485 0.16418783
1.0496242 0.8940795
1.4650748 0.25429016
3.4099674 1.1303306
0.81193686 -0.0014155656
0.86015964 0.46669048
-0.026424289 -0.16318464
0.48218897 0.8776043
0.6878797 0.46326274
1.340878 0.9619698
1.439515 0.40151381
0.16455537 1.67198
-0.09581563 1.0162424
1.0052953 0.68808407
1.8613774 0.7580435
1.2450247 -0.35321605
0.92718923 -0.2834258
-0.07045072 0.41288257
1.6362349 1.2958857
2.3757308 0.6406323
0.114905596 -0.4017837
1.2970097 0.31808835
1.4227504 0.25970304
0.78121054 1.328848
0.99126685 1.1837461
-0.73083794 1.4234256
0.62810886 1.7140832
-0.46066803 1.2667936
1.0683966 1.8370912
3.8964427 -0.32251164
2.3049338 1.778274
1.0450697 0.20010789
-0.23791237 0.519252
1.1457444 0.96812755
0.3562332 1.025607
0.79583883 1.7122371
0.56551766 0.63031125
-1.301493 -0.73523575
-0.18239874 1.0900415
2.0223713 0.17085077
0.8382374 -0.7165729
4.12057 -0.8232742
2.4267645 0.7577402
2.360925 -0.5762219
2.6786885 0.38021672
4.6903925 0.6361287
0.55297077 1.0561695
0.7090281 2.4598567
1.0086515 0.34557718
1.2502004 0.9916815
-0.27617633 1.2237935
0.041709512 2.0038753
1.0965409 0.808559
1.1460924 1.5774043
2.1698537 0.49780536
-0.12714261 0.88404113
0.4653823 0.3147689
0.86419725 0.30471897
-0.39510143 -0.08302711
2.0131018 0.84443825
0.88864934 1.0162712
0.8924651 0.49228984
0.6422585 0.4597184
1.8408452 0.594674
0.15561944 0.7595644
-0.040205374 -0.06668536
-0.2781069 1.1653508
0.757969 1.9709971
1.3291063 1.4301445
1.12798 0.9164395
0.7756399 1.2227861
0.9465258 0.88841254
0.60310256 0.73150253
1.7872602 1.4317755
-0.156194 1.4182085
0.03448519 0.56881166
0.14830682 0.1680065
-0.4576128 0.8424426
0.0021756887 1.3045557
0.12418145 0.5131826
1.674853 -0.16841781
0.59378004 0.9155794
1.9958118 1.0947677
0.2780265 0.109678075
0.45549378 0.35754114
0.18251482 1.2023408
0.70369375 1.4654902
3.1272647 0.93593043
0.5451844 1.935507
1.5277848 0.23115219
0.6168214 1.1501763
0.40543875 -0.7867663
0.56571007 1.324471
2.0978181 1.1143383
-0.27105227 1.6246521
0.1792852 -0.38186646
0.12551299 1.1604724
1.984397 -0.19642363
0.89699566 0.19436534
1.9774724 1.2286689
0.8013098 1.796977
0.7573569 -0.34385228
1.0543371 -0.44499213
2.4330592 -1.131031
0.08850792 0.8198901
-0.005000174 0.4252134
-0.42955387 1.2751596
0.3029255 0.06618564
1.4910896 0.93254405
0.9793656 -0.21997374
0.43010345 1.0485758
2.5507011 -0.24304841
0.63481164 0.67239696
-0.0032811314 0.35367864
0.12166765 2.1712449
1.1559085 -0.1670678
0.25725546 1.0501236
1.950879 1.1966164
1.8190597 1.5535681
0.23186019 0.35708314
1.2588638 1.8614867
0.72753215 1.7982199
4.382426 -0.15992299
3.58914 0.35270697
0.06256738 0.7841553
0.77911794 0.069184855
0.6940682 1.5282534
1.5691866 -0.9530048
0.5869925 0.5878074
1.142262 1.94295
-0.28105476 0.8595596
0.44913158 1.1375768
1.3227538 -0.9837991
0.4825792 1.5945786
1.2539219 1.1480141
2.1202123 0.000924021
0.16251162 0.79305774
1.4299572 0.6204251
-0.35064864 0.66701424
1.2524953 1.3849874
-0.03777376 2.272417
3.124088 1.717884
0.863587 0.30130255
-0.23855352 0.44699883
0.32945964 0.34428757
1.6101564 1.8487375
1.6652408 0.21501
1.5747619 -0.44883358
0.55611897 1.6397499
4.1823144 -0.7966707
2.7218971 -0.23111735
0.94433784 1.2732967
3.3922298 0.49641645
-0.019161984 0.12345715
1.2081835 -0.16319828
2.6757329 0.31718683
0.7074605 0.34915453
1.5744253 -0.2175943
-0.45445004 0.6223145
0.9895736 -0.4858392
1.1386672 -0.023470134
2.114908 0.04210706
1.2772741 1.0679915
0.861799 0.34445912
2.3320525 -0.22030818
1.1310825 -0.027243525
1.8704032 -0.9154795
0.7892555 0.84450465
1.7321229 0.38794053
1.838277 -0.20874077
2.193427 0.750891
0.23072392 -0.1417607
0.27456686 1.6672198
2.4223468 0.25340426
1.5997399 1.023045
2.4107256 -0.06902933
0.8883233 1.4095787
1.6980629 0.32262337
0.5527872 1.0506252
1.2275523 0.91604453
2.4338992 0.6606047
2.8106244 0.15400298
1.100187 0.17212917
1.965917 0.16527368
-0.48098487 1.0638969
0.11709237 1.1554905
1.0024176 0.8445361
1.6732634 0.17273764
-0.18747081 1.5647149
2.2696242 0.12829359
1.5079244 1.0321953
-0.63441795 0.570479
1.1184022 1.2786707
2.6446722 0.057828113
1.4078131 0.46928573
2.2877414 0.62835014
1.5104945 1.3333977
2.0060852 0.4997903
0.81722033 0.15189593
1.2776701 1.0872874
0.9884006 -1.3469589
0.9133487 1.873955
1.6678952 1.2867718
2.9669836 0.80804044
1.8842188 -0.23542899
3.111423 1.1216711
0.28342214 1.2702023
0.34523448 1.423579
1.1530627 0.430839
0.24819404 0.2019944
-0.5737984 1.2970438
4.4011564 0.18619286
0.85660183 0.26733208
1.3714607 -0.7464757
1.5616503 0.8025269
0.4465185 1.049939
2.8626025 0.33615863
3.309903 0.32167476
1.2716416 0.58450645
0.82399774 -1.2480855
0.8867433 0.102926984
0.9120736 -0.568411
1.6913432 -0.011323735
0.6780546 -0.3543588
0.034656882 1.460043
-0.13489218 0.026022479
-1.9711173 -0.6501192
1.7778727 -0.45630282
1.2481514 1.0542402
0.91811717 0.65504265
0.13954955 1.1967078
0.990844 0.21850248
1.0009118 1.8391199
0.91189337 0.12792964
0.45071092 0.42760193
0.35437748 1.2521449
0.24349514 -0.01787664
-0.5798891 0.95562905
0.951367 0.5618931
0.28227606 0.7723723
0.37083998 1.5516925
1.0997568 1.1667591
-0.552049 1.3007858
1.8587481 0.31592244
1.1704129 -0.2728811
0.1006318 0.86552423
-0.032583177 1.0579298
2.323621 0.8646005
1.7368529 0.005733818
1.51067 1.1369053
-0.66220284 0.41536826
0.817804 0.8228825
0.5637456 1.1856164
1.7753683 0.10165076
1.6208766 -0.23538648
1.6833935 -0.28262982
1.7288846 0.57002074
0.22561681 1.1419857
0.37758544 1.771405
1.0250324 0.4917782
2.0257108 -0.6719313
0.8688183 1.9765279
3.1711402 0.3464691
-0.08125268 -0.042692766
-0.4441075 0.74354696
0.3592132 0.617128
2.017724 1.5605338
0.3343856 -0.065424204
0.47027865 0.7160596
1.4020534 0.50741404
0.8243209 0.49679375
0.8227029 0.65909034
0.34775105 1.8536532
0.8600713 1.6727988
0.32168576 0.41019654
0.1799674 0.5859614
3.881128 0.23711966
1.6469942 -0.9150318
2.07507 -0.1805701
0.7411901 1.6519301
3.0598826 -0.05796194
1.2850703 0.12958752
-1.0228302 1.0216758
0.45174345 1.0006245
1.881888 1.1028475
0.13431793 -0.018759325
2.1570387 -0.30926692
0.26873747 1.8121922
1.1572088 2.3318615
0.15520337 0.82376117
0.99077153 -0.12341671
1.4331185 1.6142329
0.3128927 0.6292154
0.92772126 0.9797557
0.93610847 1.3025354
0.5835079 0.8616839
1.9327813 0.23337896
0.68166804 -0.22014521
0.5945859 -0.0019518286
1.5096983 0.7249665
0.08986795 -0.12395318
0.51309204 0.18157409
0.6051413 0.24808802
1.9662107 0.29111952
1.5996138 -0.24980766
0.6699902 0.46461505
1.555184 0.5635627
1.1548067 1.6777748
-0.7478677 1.2962282
0.97817874 -0.344414
1.8693866 1.204522
2.449434 0.54395473
2.080245 -0.872189
0.78068054 -0.020736873
3.233426 0.60945904
0.6247213 2.1019514
1.7396013 -0.17544031
-0.04563418 1.1857781
2.9164507 -0.080199644
1.0804116 0.3782733
-0.42188197 1.302676
3.8144348 -0.34719786
0.21338198 1.7806249
0.055303246 2.038622
0.6351752 1.730822
0.5941988 2.3448386
1.6477904 0.20255192
-0.2449051 1.9967375
-0.46921033 0.11688037
1.0941273 1.6968434
0.31694952 0.89874977
0.674088 0.17823844
2.0059326 0.08633228
1.601052 1.4553868
0.26027903 1.7036811
2.627222 -0.25796273
0.06231162 0.5455882
2.2231624 -0.7309993
1.5247005 0.95600957
-0.45481646 1.3863833
0.7039926 1.8457026
0.7626662 0.86133224
0.10652059 0.1910352
0.3809565 -0.31714082
0.6844281 0.7099985
0.5829115 0.27428734
1.6524305 1.0092996
0.45252433 1.0609981
1.4227612 -1.5997344
1.2069646 0.91652113
-0.0019858927 -0.32436502
1.4604112 -0.09734282
0.0077811778 1.3752508
1.4662361 1.7822475
0.7039337 -0.16519055
-0.38057297 0.80484647
-0.26846528 1.2120559
-0.40783787 0.99092156
0.98744726 -0.40868968
-0.31219512 0.6783151
0.41820553 1.5849653
1.9314169 0.15369691
0.9438318 0.34173018
-0.23981316 1.2317225
0.43686047 0.48375064
0.267401 0.5221032
2.0649443 -0.8705529
-0.07913548 0.7782561
1.4151769 1.6587679
2.1439018 0.92201847
0.87181354 -0.16969937
1.402014 1.917367
0.6383898 -0.23604421
0.9511504 0.12503834
1.123099 0.6316043
0.43187174 1.2100006
1.6289382 -0.35943824
0.294412 0.10960923
-0.19569135 0.7575975
0.87542 0.7614314
1.4759222 -0.005838543
-0.56118 0.6758553
1.2783178 1.5119423
1.7640256 0.52568066
1.3281763 0.7897267
3.0796669 0.2403153
0.67214036 -0.5654554
0.51466274 0.74831426
0.6152804 0.013201401
0.7492856 0.12711988
0.29748133 1.3776302
0.7933998 1.4095471
1.5650887 1.1512786
2.4199467 -0.10479085
1.6175262 -0.6336722
0.70581627 0.6694601
-0.35116783 1.1049682
1.3912752 -0.1047028
0.6529504 0.47471172
2.243881 0.4766478
1.6347903 1.0531266
-0.055085376 1.4760242
1.4766579 0.9677406
0.53255785 0.82239455
0.44917598 1.7030703
0.7116709 -0.46604973
0.30977538 0.61429626
0.42271546 -0.13061285
0.8198433 1.5526638
1.5851625 0.48027772
2.2144768 -0.09155616
1.0074959 1.2166339
0.19354475 1.8482008
-0.3462711 1.0220977
0.4896498 0.77148205
1.0225885 2.199448
0.012864023 0.94898206
-0.43243483 1.901659
0.75636816 0.37935317
1.6677815 1.0775312
0.9260694 0.07406987
0.5522667 0.97764486
0.32611147 -0.34783423
0.123440504 0.5601273
0.041888744 1.9491155
1.1078558 -0.35698754
2.0944755 0.90756685
1.3285149 -0.17465183
1.6575426 0.79331535
2.1803274 0.10138188
0.5420871 0.103267565
2.4458156 -0.18321298
0.6158649 0.5182528
-0.07786463 1.1417766
1.2335744 -0.8887215
0.6249751 -0.037431777
2.0424814 -1.5990729
1.3118607 -0.75612265
0.53596234 0.59943503
0.45524767 0.34432936
2.6398544 -0.39694422
1.4808903 -0.5412048
3.1854634 0.9554085
0.9565009 0.6594312
1.1618075 2.2091026
1.1114602 0.073606
0.24543771 -0.8609196
2.4889793 -0.17016748
0.6178187 1.6017166
-0.97315323 0.0264038
0.89190066 0.714467
0.84463763 1.0894907
0.5032389 0.809267
0.97674334 1.212562
-0.15500191 1.7952063
0.7331139 1.3122904
0.8547288 1.8217025
0.012765408 -0.1831648
-0.5310997 2.1821878
0.20411125 0.4548452
0.5216222 -0.16441143
0.5607436 1.1485959
0.51510036 0.37248695
0.14903036 1.626286
2.1238132 0.6366312
1.3111173 1.5000036
1.9214836 -1.0324126
0.5691478 -0.95382684
1.3965716 -0.5215626
1.8188597 1.221687
0.54654515 1.7500153
1.7332555 0.030196682
-0.81688356 0.6227085
1.0159162 0.35369104
0.6074867 1.3698943
1.9825016 -0.18638013
0.9617337 0.60365105
2.4137344 0.8983324
1.9267799 -0.3920019
0.9376004 0.5052511
0.8074602 1.4783667
-0.19430818 2.0299172
1.9453765 0.5199732
0.09268519 1.2175525
0.85872984 0.74979657
0.82880795 0.6931068
0.884781 1.325454
2.9159937 -0.3095923
1.4174031 0.50294447
2.337138 -0.21706569
0.058071762 0.88784546
0.44678506 0.08685093
0.27439997 0.71987545
2.0340166 0.5766867
1.1459857 1.8867385
-0.9139575 -0.42511722
2.2932587 -0.06344926
1.6602919 1.6337748
0.36365035 1.3257188
2.1463044 0.41944182
0.52017736 1.5194327
0.7385968 0.05874701
0.31601027 1.2525078
0.19202468 1.4563164
0.57287574 1.3250002
0.11262575 -0.24296877
0.54430413 -0.84612477
1.3999547 1.8206646
1.5639019 -0.36289442
0.6087153 0.11925398
0.99487686 -0.84391993
2.0516272 0.05533479
1.9460016 0.66543055
0.0867227 0.10658471
1.5770646 1.8700321
2.200075 0.51970005
1.0093213 1.347198
1.2645996 2.667662
1.0938811 -1.351859
0.66449344 -0.08788812
1.0614258 1.6964287
2.7008126 1.0324533
-0.31609496 1.7683594
1.3525146 -0.09113595
0.9512235 1.0709732
1.7744359 0.94144136
-0.21225391 2.8100045
0.92459214 1.4542546
1.8865703 0.46102268
0.7461953 2.0034804
-0.0652684 -0.726336
0.5137296 1.7235227
1.5207126 -0.0069933385
0.86065936 0.22437893
0.7404716 0.017385438
0.40673885 -0.48249304
0.2080451 1.3846014
0.805048 1.153017
0.9166657 0.32147413
0.3802531 -0.6602596
0.7260281 1.3036641
0.26587203 0.06296234
-0.5710294 0.05628468
2.0228446 0.09055106
3.0693583 1.9872947
0.34541312 1.3992567
0.3903676 1.1802775
2.450104 -0.338286
0.06373742 0.43364924
2.5856533 -0.90943855
0.24137405 0.738009
-0.11079025 0.13160457
1.7505206 1.1623693
0.32273993 -0.97856915
0.17148659 0.62273705
1.8815466 0.68058985
0.5762656 0.35701352
1.0142947 0.5055451
1.7677404 -0.062294945
1.6202714 0.8530273
0.3344362 1.3271796
0.1673235 1.4187403
-0.9293586 1.1890825
1.7257406 -0.91854024
0.26995936 0.8024848
0.6582416 0.73136795
1.1859676 1.4020759
0.007433474 0.32923794
2.2185664 1.314139
0.43955013 1.0894529
-0.85683036 0.33848345
1.3158469 0.24407841
0.22172964 1.435046
0.62735486 0.62057334
3.2188916 -0.2689893
1.2950368 0.6861121
1.2086165 1.0893486
0.03981343 1.2348865
1.7054732 0.1661051
0.1813665 0.40863967
1.601614 -0.5365972
0.047732025 1.0697479
0.87174237 0.21156864
0.5075624 1.7619932
0.41324982 1.7190752
1.3088628 0.07910256
-0.248376 1.3932179
0.7829821 -0.109978825
3.5087786 1.3304892
2.9941635 0.7241533
0.9072416 0.34610212
-0.011446461 1.6561891
2.0100713 -0.56692034
0.7523668 0.11573161
1.9051386 2.50004
1.8005615 1.6595538
2.1074054 0.65351415
3.879855 0.051896736
0.7376621 0.90214807
1.5552434 1.5891955
-0.7256086 -0.004587099
2.7912812 0.05542551
2.072471 -0.3181725
0.12846628 0.8150838
3.1617248 -0.1414158
0.5614674 1.4934037
0.83380914 1.0733639
1.1808084 -0.43779302
0.86595595 2.016146
1.0264777 1.2175925
0.064552724 1.2280536
2.999056 -1.5229983
0.9501941 0.7144626
1.262075 0.6620756
1.7654294 -0.39924797
0.8986316 1.1361804
0.13250199 1.0606127
1.7910537 -0.15871468
0.28618112 0.6422521
2.1947143 0.045578048
2.519025 0.14044137
0.9413986 -0.3141828
-0.35037756 1.3704388
1.382728 0.0500571
3.6996744 0.06014158
-0.11260623 0.273152
-1.5546453 0.5861111
-0.5788214 0.3253795
2.2462118 0.29149383
1.4873741 0.48999357
-0.3619699 1.9874094
3.104402 -0.35793898
0.97163343 1.7909057
0.77976215 -0.101909906
0.60448885 2.2488108
0.13991877 1.3454021
1.2520511 1.596082
0.20640919 1.0013427
-0.17010298 -0.26876557
1.1974133 2.3494773
-0.36035106 0.45542073
3.0748632 -0.16847113
1.4804494 -0.41889036
1.0258434 0.16987373
0.4789116 0.3574974
0.37661037 -0.011324942
1.7100441 -0.20683289
-0.17179608 1.1467966
0.044771582 0.5665841
1.106846 1.0476676
0.16451052 0.97419065
0.6505579 1.117121
0.24527806 0.74108136
0.16525546 0.22125413
2.4258325 0.11631526
0.4968637 1.0438076
1.3891995 1.2045897
0.5012698 1.0702162
1.1175661 1.4644998
0.94778156 1.3814976
0.733207 0.66386867
0.35445216 0.4333477
0.6279396 1.7516633
1.2011478 1.6452131
1.03473 -1.0342065
0.9915681 1.031268
1.662221 -0.117762186
2.7156093 1.4547682
-0.69482064 1.5414071
-0.39765343 1.4975313
0.5247563 0.42587662
2.9624968 0.34386533
0.97026 0.0664909
2.2621017 -0.58101606
1.4313852 0.7066514
0.5319029 0.8872438
0.16762903 1.3756601
0.94748294 0.97986287
-0.22730729 -0.003931582
0.8667314 1.4420652
-0.6428814 1.006997
1.187055 1.2724011
3.7206206 1.2857575
-0.18451156 0.6739184
2.6723268 -0.89396596
0.43613634 1.0907439
0.4901943 1.3074473
0.7121401 0.07451944
1.948511 1.0304668
3.1171443 -0.81230146
2.0232584 1.0510375
1.1009449 0.17001127
2.1246126 1.7318494
0.25128368 0.36875087
1.0321414 0.012297466
1.1418873 1.0215139
-0.09177722 0.6506058
0.99094594 0.6665782
2.140282 -0.41673768
1.5327812 0.15517546
-1.0250787 2.4562252
-0.54909444 2.066222
0.5844363 0.5163219
0.021447033 0.16687144
0.462912 1.656933
0.69497144 0.8994073
0.841189 0.11442362
1.9738694 0.40449387
1.6820319 2.5546293
-0.62387514 1.1412565
-0.38955337 1.0222784
1.339876 0.09896566
-0.33024627 0.4251728
0.38405564 0.68736595
1.1582687 0.5551838
1.9110984 0.49288934
0.5034441 1.3836042
0.13489491 2.2816226
0.3577719 1.6313407
-0.14680332 1.1650429
1.2542739 1.4715462
0.678442 2.585754
0.7115567 1.2628708
0.39162043 2.1916006
1.8457083 0.49590445
1.5647032 1.7192223
1.237845 -0.8091967
0.6151786 0.6721582
0.5327177 -0.8625986
0.29341593 0.9887629
-0.34335548 0.18904506
0.73043907 1.0877923
2.129457 0.034747824
-0.20461482 -0.99693656
-0.8700372 0.8878818
0.3228915 1.1685278
1.1143844 2.0454006
0.8725562 0.74533886
1.1642008 -0.33359233
0.90984786 -0.36419535
-0.037942752 2.3625522
1.6254488 1.066219
-0.18412474 0.77536756
0.0023750663 0.6632406
0.7092643 0.6032948
1.9068462 0.9173171
2.5147443 -0.71408683
2.8780997 1.0339106
0.32940915 0.48241562
-0.21853977 2.2010546
-0.18235672 0.531084
2.0263884 -0.12206494
1.9033974 1.5106243
0.8503114 0.4660616
1.2270974 1.180739
0.11348754 1.348682
1.0665252 -0.10373795
0.43403044 -0.79531056
0.3203999 -0.59370506
2.290968 0.9453736
0.26495227 -0.7418325
2.7036474 1.0241244
-0.16000111 0.88620144
0.12466967 1.0106969
0.08644971 0.5336502
1.434689 -0.09383133
0.7207444 1.5358878
1.9866952 1.0459408
1.0283113 0.3506751
1.8661727 -0.03304133
0.6342281 2.063466
-0.19161093 0.44230515
0.41226384 0.5448638
1.4194872 1.7260255
0.7947351 -0.5689358
1.2559747 0.5544289
1.0290983 0.64697707
1.4239899 0.587174
0.2027505 0.6995347
1.5259128 0.11461039
2.2781105 -0.46307427
3.4276996 -0.14287871
1.1072168 0.43299854
-0.4456154 0.56145227
2.8340824 -0.07813394
0.41411075 -0.42852765
1.543514 1.8042934
-0.6560228 0.41812462
0.62451434 1.5291777
0.71378005 1.159829
1.8644668 -0.69148135
-0.30322897 1.5395887
2.9848218 -0.21462843
-0.19629936 0.94009906
-0.3586012 1.2034569
0.70454025 0.48960626
-0.12811214 2.0723538
1.9475209 1.0976626
1.3177689 0.7566704
-0.04436262 -0.12982503
1.7275943 0.77760905
2.323807 0.5143672
-0.07805008 -0.25132605
1.4663582 0.32776266
0.81104875 0.041083917
0.7424238 1.2526864
-0.5597278 0.22722407
2.384138 0.5438685
2.8021803 0.9229024
0.50995016 -0.018022373
0.3753827 1.1293671
0.93417966 0.20125414
0.025392592 0.9102337
0.5940304 0.54562885
1.8790714 -0.29551128
0.42508218 0.96662873
0.26922283 0.6948137
0.0033100545 1.6262985
0.15646413 2.0783823
0.07886973 1.9284148
0.0758889 0.114760265
0.9161818 0.27862
1.6946412 1.6074022
1.4676404 -0.82717615
1.0621129 0.4677179
1.357301 0.11942048
2.8807414 0.014506891
1.1049669 1.7296468
0.7752603 0.8820099
0.59684813 0.97249776
-0.32788193 -0.9699879
0.2870616 -0.025613323
-0.14910041 0.97049874
0.77506816 0.2559495
0.32410803 1.3417877
1.1153892 0.9684363
1.0131255 1.6392044
1.2333137 0.9836357
3.671065 0.06600125
0.97786427 0.012515351
1.2047476 0.1401153
0.030558199 0.22531958
1.1651684 0.55582243
1.0562071 0.81585234
1.5121741 0.026349142
0.059609562 1.2315673
0.7315762 1.9424605
1.7062609 -0.7588094
2.2036119 0.63934875
-0.31867388 0.78695554
-0.2115821 0.45621306
0.96262884 -0.07877222
1.1960394 1.3149892
0.97097635 1.1800159
2.3403387 -0.13570538
-0.03413284 1.9366806
1.0375859 1.4202315
2.1360068 0.6944139
1.5404346 0.31356865
1.2927036 -0.18340248
0.7438917 1.3997701
2.0428936 0.6102859
0.26442888 0.77094287
0.79375887 0.7554228
0.17692575 0.6677485
3.1782148 -1.1933233
0.22993222 2.0699124
0.72409153 0.73845947
1.6434804 -0.13921899
0.4456701 0.46827722
1.5078399 -0.505366
0.22971663 0.6377674
2.6303868 0.15021239
2.1040728 -0.27263087
1.4396037 0.82012147
-0.20617111 2.1609821
0.8193779 1.2039584
0.48645023 1.9087925
0.3138685 1.1496788
1.6210537 1.8662512
1.9235922 0.99161583
1.3306456 -0.29306397
0.70817816 0.75909936
1.6231565 1.6934093
-0.73366714 0.5165716
-0.2385188 0.32176125
0.21473277 -0.41511077
0.97275305 1.6530484
0.92061865 1.900342
-0.22277182 1.1422551
-0.5859956 1.1133587
0.044189155 1.4181488
1.459441 2.1576288
1.6161454 0.28793633
0.32608745 0.55796397
1.5711482 0.74623054
1.3771187 -0.31605205
2.0932643 0.79381126
0.83867705 0.82913107
0.7142081 0.43168414
0.9644879 -1.1004957
1.1586876 0.4479571
0.37077406 -0.6506703
0.92055106 0.120890096
0.18198434 1.6961875
0.79376566 0.13350101
1.6197901 -0.3571292
-0.22756593 -0.14828429
2.4237819 0.2051123
1.9086827 2.0786524
-0.29206744 1.6290197
1.5043713 0.18671094
0.4039466 0.17472224
2.2888958 1.1492422
1.2195494 0.5884669
1.4893181 0.86828893
0.64824677 1.008593
2.4751358 1.178268
1.1753951 1.3663411
1.4641136 0.25452214
2.5573776 0.27193153
-0.22769128 0.7398145
0.89780366 0.19443907
0.32608274 0.8447421
0.92254174 0.25613803
0.16062915 1.0088413
1.5086019 1.5271333
-1.0935804 1.1866785
2.2081199 0.383928
0.6216166 0.38327658
1.5197047 0.2759422
1.6614599 1.4280205
2.376118 1.7503666
0.7129835 1.503382
1.9472603 0.6806163
0.8596734 1.5604439
-0.7482431 1.3302833
1.5147172 0.5324297
1.5565538 0.7095362
-0.6924975 1.0188383
1.3561015 -0.20977654
1.9598686 1.2187212
0.92492974 0.4226938
0.48591945 0.929424
-0.07539955 0.63103056
2.5496483 -0.06776713
0.14309168 2.3565001
1.2373042 0.030282125
1.9139975 -0.19500741
1.1504544 0.9095045
1.636691 -1.0570964
1.0654842 1.3512862
0.3515471 1.371443
0.51138616 0.7808135
1.373859 0.51784694
2.0374699 0.4101202
0.981676 -0.23222944
0.4014335 0.017591402
0.34103653 1.3064476
2.312609 -0.15967777
2.2040124 -0.394341
1.1235912 -0.3881479
1.3654263 -0.37602553
0.18206248 0.4669211
-2.7930655 -1.0404482
0.52862 0.8167619
-0.15161204 1.6000544
1.3862348 1.2934359
0.27654126 0.60791314
1.9488207 -0.17889436
1.0153074 1.9545181
1.4040618 -0.35313967
1.1045697 0.80365807
0.52388895 2.4211178
1.2568542 0.62902963
1.4535826 -0.44870982
2.469194 0.4341951
1.5159229 0.12729628
-0.36545995 0.8726818
1.4079541 1.7131852
1.1447085 -0.08407813
1.0393072 0.037922427
2.2060466 -0.3635053
1.1121452 1.6218323
2.0453444 0.896025
1.4389548 -0.5242363
3.1170533 0.6004491
0.39742443 0.058346048
2.4495115 -0.72577846
2.2190537 0.6896555
0.48459658 0.7039016
0.087441385 0.7042302
0.10487419 0.37900823
1.5782628 0.26921564
1.1602525 1.6340569
1.1491443 1.5788163
0.7348006 -0.30525947
1.6033742 0.92087
0.25111297 0.85793644
0.44276688 1.437416
-0.097548366 1.4462314
1.7922982 -0.19557166
0.83051646 0.83998364
0.17103824 -0.8501367
0.86511683 1.9989576
1.0392075 1.3144459
-0.19392778 1.4874506
2.9783807 0.29612184
0.7303028 1.4116699
1.5491798 -0.20942877
1.1626062 0.79791063
0.9975134 0.026076242
-0.4872662 0.057467803
-0.05750978 2.0645776
1.8678905 -0.44257444
0.5822774 0.74429077
0.23429954 1.5135475
1.3084037 0.011673346
2.304146 1.031945
1.7354077 -0.47199804
0.8467498 1.1597298
0.33930328 1.1008692
0.2088019 1.1899302
1.1219311 0.9615751
-0.3993834 0.40050977
0.39110425 0.97430044
0.5057515 1.2394753
1.311447 0.3560356
0.40069982 0.35005844
-1.0778319 0.9425263
2.2862184 0.43385983
0.42325428 1.4410541
-0.2414979 1.97612
0.39844635 0.7769492
0.3925669 1.7920959
0.35493484 0.47213733
0.9496132 2.625857
2.135438 1.4663862
-0.58304334 -0.36371413
0.3287587 1.1230166
1.3525552 1.1811312
1.2331743 1.3914883
1.0259829 1.2791698
0.08198395 0.82057947
1.855337 0.8916457
0.839816 0.9599226
-0.030774847 0.26078898
-0.09697612 1.1799332
1.9941679 2.7682245
0.85943735 0.9759274
0.06463197 1.2463412
-0.48586863 0.28329456
0.9430872 1.8941555
0.6027895 1.3333198
2.6308987 0.5150496
-0.100261316 -0.16334939
1.4285977 0.03779222
0.41742656 0.47103864
0.8996813 -0.83424383
1.259736 -0.30976993
-0.31093025 0.8507119
0.3979064 0.5942359
0.0017161369 1.6742569
1.8105403 0.09987779
1.181695 2.2331197
-0.048640996 0.767333
2.121657 0.18006368
1.2554559 0.4376254
2.2565799 0.6826569
-0.15487993 0.24654497
2.6286604 0.35833442
0.78343964 0.16386114
-0.12948352 1.1785864
0.33350417 0.07347585
1.4134817 0.18377198
-0.76865304 0.85388166
0.44479993 0.31857383
1.4974884 -0.13005283
1.8601142 -0.3963389
