-0.013236418 0.98232746
2.1927047 -0.4795487
0.8258296 0.49681658
0.50643766 0.7379239
1.2046422 0.27271992
0.48468113 0.6906817
1.2739649 0.20492636
1.5280787 1.0655582
0.7636175 0.6642468
1.5084234 0.18753372
1.7968401 0.27357352
0.67722523 1.496596
1.9338447 -0.027905256
1.489646 -0.091143325
0.057786375 1.8330846
-0.5482479 1.1068593
1.4432329 0.39827776
2.6261806 -0.116640694
-0.33710998 -0.14544946
1.9693455 0.8157518
0.6580003 -0.6713838
0.38981307 0.7206125
0.5240797 -0.11996112
1.9802185 -0.4876
0.16430876 0.88956594
1.1335123 0.06481852
-0.1681768 1.1145016
1.1168597 0.4183485
-0.17152035 1.5966225
0.9996594 0.7812849
0.08755636 0.13250329
2.1757584 0.40643817
2.7916493 -0.688211
-0.41625947 0.5635171
0.14288852 0.60385233
1.80767 0.71421814
0.23273438 0.115366295
-1.2719923 0.7443612
0.24708256 0.9031255
0.058719784 1.0789182
0.49324888 1.9980602
1.6642611 0.052459255
1.5923603 1.5856411
-0.29355776 -0.14384736
-0.46821445 1.2998999
0.087004095 -0.029883683
0.20529398 1.4275444
0.08056274 0.28854936
-0.4963095 0.97292316
0.5635746 0.8841423
-0.09614292 0.46184814
0.41535342 0.26108027
2.2472606 -0.16534515
2.0439253 0.49445528
0.30610585 1.2108856
0.9886159 -0.20303234
2.0966296 0.85619295
-0.49992347 0.38931555
0.015096396 0.38041848
0.5524046 0.83899295
0.14059955 1.1349567
-0.072903335 0.8640187
0.87061214 0.13751264
-1.1185305 0.5911827
1.2911307 0.400415
0.119564325 0.7111957
1.7348241 0.25136775
0.84282255 1.6206273
0.5285341 1.1000041
2.9639196 -1.1457883
0.5946932 0.5598518
1.4124806 -1.6425275
0.04965189 -0.67164755
-1.4641215 0.70230764
1.5073024 1.1857347
0.83133113 1.4707847
1.2808435 0.7278592
0.095478624 -1.3052511
0.65019745 0.52668947
0.9283552 1.2268971
1.5281227 1.0425495
0.5613289 1.3592528
2.9970412 0.3413273
-0.28283665 0.43588567
0.024235278 -0.366764
0.0069215 0.5548069
0.8062701 0.60799855
-0.15632716 2.2446613
-0.52896225 0.19606464
2.0756173 -0.08653852
1.2054284 0.6097011
2.144362 0.42196417
1.2618773 -0.25089356
1.4698691 0.33684903
-0.46206743 -0.23189713
0.4264394 1.075322
1.8469151 -0.33804286
-0.8774321 -0.26590592
1.4695755 0.67960113
-0.059810355 0.90476394
-0.28144327 -0.60583985
-0.2316342 0.7290085
-0.25605294 1.2670369
0.32811868 1.6919824
-0.21966428 1.7948642
-0.19754423 -1.0500273
-0.29120356 0.5578546
1.5075399 0.17190109
1.2599978 0.5725964
0.34381288 0.9607872
-0.7405307 -0.8676169
1.5896114 0.9064908
1.704326 0.5364348
-0.58315814 1.5236505
-0.4845456 0.19972117
1.2697822 0.13754945
0.72564644 0.033560053
0.18215111 0.54021704
1.6103102 -0.116477475
0.6016763 -1.0212312
-0.18190542 0.28286994
2.136321 0.47756737
-0.47276896 0.6630861
1.4508798 0.85850763
2.702661 0.30869842
0.38843673 1.179649
2.090012 1.0966215
-1.0927031 -0.39354265
1.8069044 1.111273
0.27609426 0.15930738
1.2951753 1.4193515
0.5457976 -0.8535447
0.002331376 1.5464685
1.4138211 0.31036597
0.48866218 0.548535
1.6463085 -0.41577354
0.9218682 -0.3067381
-0.44638407 0.76991904
1.0044403 0.12794416
0.48191547 -0.5939479
1.429013 1.1861079
1.1764735 0.68620986
0.34249473 0.6418824
0.4020579 1.0883074
1.3708595 0.6751601
1.9683036 -0.5585586
0.64156103 0.1510738
1.6412137 1.0063591
1.1584507 0.10749973
1.6759355 -0.036508188
0.64698374 1.7770481
1.6447471 0.44893944
0.36958045 1.916713
1.3536702 0.7449762
0.7705394 0.59331435
2.3386173 1.4311084
1.2626159 0.70334613
-0.4676177 1.2254755
-0.009800166 1.3832455
0.24378356 0.27048582
2.6896682 0.30970728
-0.82119304 0.40558606
0.11501798 0.005004257
0.8860775 -0.13165039
0.41059005 0.54426616
1.6030887 -0.04136856
-0.56983405 0.1487184
-0.9205043 1.0355792
1.1227522 0.5167347
3.226068 0.007202834
0.7355667 0.6727479
-0.07109201 0.09544371
1.5092682 0.7356197
1.2434133 0.97541475
0.53211695 1.279376
-0.045506224 0.6412673
1.6680511 0.41712314
-0.50868255 1.3475326
1.3186069 0.11942299
-0.023424983 0.39523768
0.83797514 1.3198805
0.18296817 1.0288546
-0.12030472 0.366269
1.2423501 0.15345503
1.4621336 0.5881813
-0.47836596 1.7959404
1.3213023 1.7302155
0.09153411 0.1654161
0.9331515 0.83020747
1.5932746 -0.5271853
0.73373777 -0.82800263
0.8278482 0.11792265
0.40373236 0.955827
-0.20272316 0.46543682
0.7404075 0.4889027
-0.14825311 0.8048526
-0.64915884 1.0635155
0.04313132 0.8552494
2.6103573 -0.7720274
0.4332385 1.3455372
0.86039376 1.2225548
1.0989442 0.5995251
0.7208528 0.9843452
0.41921294 1.6516078
0.6254406 -0.32352376
1.6378158 -0.02260995
-0.26846936 1.5045395
1.046458 0.064536855
1.3355893 -1.0422022
3.2441373 1.1574631
1.200452 -0.18437666
0.46165776 1.3694257
0.83377206 -1.2575374
1.790609 -0.099740714
0.6528033 -0.79194736
-0.48279345 0.17779769
1.2853117 0.07087873
-0.21667439 1.1799641
0.76322246 -0.68029577
0.42455918 1.1666092
-0.22739434 1.7329612
3.1319427 0.10387714
1.8659414 0.528664
1.2541516 0.11403538
0.340773 1.0588249
2.2260103 0.7062036
-0.9709507 0.7208174
0.7228724 -0.34370482
1.8262559 -0.011311412
0.6929502 0.6624883
-0.6607256 0.7540782
-0.16426757 -0.32468298
1.8069743 1.0260637
-0.36637837 0.98369956
1.8443323 0.5056189
1.4991522 -0.53193885
1.0086069 0.55161375
1.1612817 -0.0065791756
1.1621423 -0.19165662
0.42760885 1.8524966
0.004809469 0.9729458
0.81407464 -0.42478395
0.5200274 0.6360259
0.47087097 0.26983637
1.5001527 -1.3103088
-0.05973448 1.3856109
-0.0652504 -0.7677691
0.48856598 0.2466319
0.40325326 -0.12979653
0.06598744 -0.43918023
0.27497846 -0.066192865
-0.58315253 1.5875919
0.101744294 1.0620512
0.39221513 0.62460834
-0.58391464 0.29293257
0.4460793 0.34613556
0.21629539 1.3365457
0.85528314 1.4002109
-0.52601266 1.227164
2.2951498 -0.50749165
-1.1869888 0.8683964
0.49481618 -0.04909666
0.62307143 0.9176551
1.5085083 0.5888083
-0.18945947 0.4727844
-0.008482799 -0.22226973
1.0766637 -0.21336274
1.470294 1.2901776
1.15214 -0.5982845
0.3753543 0.17391367
-0.25315833 0.6547393
1.352626 0.22828145
1.2774583 0.94201005
0.36065483 -0.62273604
-0.38986182 -0.41999006
-0.3797338 0.34782726
1.5259849 0.61868656
0.9861891 0.32906008
0.2500667 0.42471933
0.51941717 -0.1828668
0.36112314 0.19440095
1.3806189 0.6371215
0.71707016 1.4856206
2.7381635 0.45330495
0.9199196 2.1971164
0.59017843 -0.25831506
-0.031982258 0.8753356
1.2808143 -0.6768902
0.13936907 1.2325367
0.5225225 0.13644372
0.4004414 0.4154879
0.5509464 0.86341274
0.62364095 0.35593116
-0.5870608 -0.55005944
-0.22795996 2.035613
-0.2245373 1.529084
0.06298685 0.62672055
2.069543 0.03001
0.9841186 -0.36906838
0.8309783 0.8295796
1.0936655 -0.35920224
0.4175356 0.9339328
1.229094 -1.1870823
2.1526995 0.4085834
0.22898144 0.16814317
0.8529149 1.1683171
-0.278124 0.65261674
0.90415955 -0.9257418
1.6601493 0.069846645
-0.120177805 0.93880033
1.1162862 1.0179176
1.5212538 0.60209775
0.8408613 -0.24427642
1.3503025 -0.73769265
-0.74581593 0.5352342
-0.005498603 -0.26718283
0.6884112 0.7648612
0.33559227 0.38995767
0.9676064 0.4439472
0.31534505 0.35760355
0.072948426 -0.54382306
2.202807 -0.5580125
2.2512398 0.71335596
0.34667844 0.70043904
0.91988826 1.0475256
1.6013755 -1.5837309
1.3450968 2.0147994
0.9876839 0.60326105
-1.1644871 0.25233388
0.4075836 0.6718814
0.5014163 0.020514414
1.1155509 -1.17099
0.5941472 0.7087177
2.0769796 -0.9290832
-0.58865255 0.33851892
-0.033553988 1.5518763
0.6237431 0.70327246
-0.11088875 1.0389695
-0.32442775 0.24212728
0.38797188 0.39357942
2.006446 0.322551
0.71221036 0.609809
-0.088702634 0.17683177
-0.13545784 1.0355624
2.0225673 0.9551604
1.8907181 -0.40434805
1.3082552 0.29225546
-0.3815133 0.5165528
-0.27091634 0.955639
0.7000158 -0.70470864
1.184872 -0.6694446
2.0459933 -0.79589736
1.1131604 0.672429
-1.0011928 0.22952892
1.9968561 -0.2856915
0.19488013 0.24002673
2.8222785 1.4327531
0.7513238 0.36524463
-0.64706266 -0.38302252
3.6540918 -0.4635911
0.6342151 0.30008245
-0.18802616 0.54409164
0.8978636 1.0798329
2.3687449 -0.70569265
0.8004786 1.2291409
0.14535215 0.8393364
-0.081572756 -0.37847084
0.7681502 -0.59765136
1.3164779 -0.10267943
-0.08681977 0.60676605
1.1395094 0.40336937
1.2109659 0.945631
0.7042922 -0.40890324
0.48296154 -0.8772839
-0.20871395 0.651359
0.035799712 0.5266108
-0.14394374 -0.017419487
0.25582206 0.6064365
2.7150545 0.32090056
1.1733941 0.29132652
2.883656 -0.38105685
1.7110132 -1.8993788
2.345313 0.6061867
-0.19396996 1.2708045
0.5734724 0.21177925
1.8118931 0.47592068
0.8428041 0.14990903
2.166512 -1.1861341
1.0365506 -0.11669606
2.0554118 0.31490678
-0.03914216 -0.6527267
0.8376733 0.9779335
1.2003248 0.13049395
-0.73993576 0.051975474
1.1427634 0.5661638
0.007561296 0.70322746
0.30524147 -0.6254767
1.5891342 0.43269968
-1.2799911 0.6056464
-0.9809632 0.08641432
0.8308575 0.865023
0.06532654 1.3629612
0.4695922 0.79736793
1.9244553 0.99823844
-0.24302815 -0.83658457
0.58422756 0.5328742
-1.5447917 -1.1482427
-1.8711342 -0.24535704
1.9984716 -0.38658535
-0.3787634 0.87918377
0.67677236 1.6247958
1.1225895 0.386833
0.7808193 0.7376528
-0.09683742 0.45191354
-0.35010958 -0.1090343
0.032733798 1.0988117
-1.1154256 0.76529884
0.30333275 0.16703846
0.5906374 0.87941515
-0.5899178 0.7103572
2.3990412 -0.3528916
-0.695118 -0.15875314
0.81941724 0.08588509
1.4502634 -0.7495126
1.9665872 2.0954516
1.2291949 0.95054746
1.9964417 1.0695796
2.007743 1.2928382
1.2127177 -0.5154972
1.8409165 0.09742741
2.572209 0.08164634
-0.3530606 -0.1441946
0.8707473 1.1431249
0.18704316 0.46009248
3.3793106 -0.6683659
1.6676114 0.124396846
1.7147771 -0.1952706
2.3936434 0.48985898
0.25500345 1.4938729
2.3980045 0.9975015
1.6603436 -0.36680907
0.92141485 0.9737779
0.8107507 0.8703995
0.737804 -0.14607233
1.4475819 -0.5758944
0.8832232 0.56843126
-0.5160688 -0.44329092
1.9304408 0.81763065
0.39620608 1.6125777
-0.1513392 0.829636
-0.019801363 -0.14840984
1.4635146 0.7631973
-0.58356905 0.58184093
0.49998063 0.8606392
-0.6240933 -0.36986676
-0.5382259 0.111422226
-0.9310684 1.1302079
-0.28586665 0.4278432
0.25393766 0.9875121
1.7653924 -0.93809277
1.5141484 0.85735476
-0.6287073 1.9867773
-0.7818075 0.11575879
-0.30138296 -0.03643942
-0.037706867 0.84533966
1.7644452 0.10442223
1.2519313 -0.12117328
0.35420364 0.114443585
1.3742335 0.73203355
2.3230004 0.15607636
-0.016173676 0.2915393
0.18699512 0.33007282
-0.9073602 -0.82203054
0.78395164 1.0193598
2.9346466 -0.26808205
-0.018041253 0.77749074
2.2160106 -1.3122159
3.54038 0.4021809
-0.80801487 1.0817714
2.0293021 -0.19119026
1.6227196 0.11249153
1.913524 1.3672714
0.649681 1.1133314
1.9817611 -0.82689977
0.72005993 0.67826575
2.13527 0.95610857
2.7271357 -0.22467986
0.09298706 1.1415185
0.058627635 1.5874953
2.0022688 0.11390798
1.8922323 -0.75901467
-0.51650494 0.9575639
0.5656459 0.7269911
0.32535762 0.49122643
1.3016996 1.1096641
0.29569274 -0.36161113
0.2492815 0.76440966
-0.21801478 1.2836452
0.6991175 1.9477408
1.6466817 -0.1274304
2.381246 0.35168678
1.1353134 -0.82378733
1.1003648 0.9808793
0.36888087 0.65149045
2.6938462 -0.1349515
0.6945263 -0.75449485
1.5217091 1.1818955
1.7182132 0.4212768
2.2417965 -0.5307689
1.3175788 1.5959578
0.7408584 0.8437396
0.6266289 1.3601991
-0.15560873 1.1648161
0.22286153 1.2112459
1.5408187 0.19373848
1.1868333 -0.119635515
1.7142991 0.15513743
1.3135277 -0.3535628
0.31995654 1.5404575
-0.19293451 1.2791487
0.16349617 0.7999269
0.32015985 -1.208617
0.30653578 0.2487696
0.1383428 0.18094097
2.4638276 -0.30195776
0.21398869 0.1805027
-0.23162265 0.5095564
1.4942836 1.3317558
1.9651731 1.1385202
0.60975206 0.59838676
2.229313 -0.23775162
-0.116861105 -0.89897096
-0.3423462 0.41013014
0.05547431 1.2614973
0.904212 0.8206692
0.8958752 1.2994858
0.07381034 1.4950632
2.1649866 1.407973
1.5462652 0.83029044
1.7925748 0.5404413
0.7496512 0.22374178
1.3291827 0.14037983
1.7539309 0.17112537
-0.34248132 0.34821188
0.7825886 1.4674433
1.2945689 0.7828002
-0.57368565 0.8931037
0.30570334 1.0167091
0.79751956 1.4048195
1.716382 0.64425594
0.7248166 0.4931972
0.7113812 1.543907
2.9756756 -0.05091706
0.4773134 1.6045306
1.2114772 1.27479
1.4346621 0.15185268
2.7469597 0.00075908005
0.75892687 1.5976582
0.39837384 1.0252004
1.5410961 -0.037735805
1.5584466 1.5182928
0.12771708 1.0419965
0.6583157 0.8153465
0.6721232 -0.1827705
0.54366124 0.919835
1.3557343 -0.1694515
1.1918924 0.7805661
0.118851304 1.2676104
1.2915494 -0.31435323
0.3157553 0.12791957
0.99650323 0.5289463
1.3803272 1.1888552
0.30843562 1.1897271
1.3588359 -0.18322961
0.312855 0.21404971
0.44598395 0.6684774
1.9556693 0.6401344
1.0880535 -0.35234767
-0.6747806 -0.0077984184
0.85354245 -0.40354162
1.6462841 1.8069928
0.90765476 0.75087744
-1.0191523 -0.09716922
-0.5521299 0.18008246
0.60096383 0.21931766
0.05869046 1.0429275
0.8372432 -0.23167886
1.0429763 0.7301061
2.2877703 -1.7317289
-0.06258474 0.5783865
0.11312902 1.0650795
2.0192556 0.34585774
1.2719367 -0.8643123
0.017691433 0.9693136
0.8706993 1.5595047
0.36065793 0.68571675
1.9482373 -0.48932314
0.15605211 0.1277424
0.24843386 0.58750373
0.79859924 0.33169025
0.8340093 0.34472507
2.4465938 0.67572355
0.6192183 1.1642733
2.527257 0.4127851
1.7742852 0.59557813
0.4843064 0.16704069
0.9925045 0.8294064
3.3852687 0.3450315
0.34667295 1.8294163
1.2322932 0.75327146
1.3383716 1.4432137
0.18522781 1.0625495
1.7668656 -0.06719133
0.16628268 0.3075338
-0.4117732 0.47417927
1.478439 0.65481997
0.6919788 1.2450836
1.1202493 -0.25748903
2.0209498 0.81001675
-0.13395947 -0.49171752
1.1615219 -0.22857417
1.0846502 0.13595708
-0.08097935 1.5938705
1.4878931 -0.31740192
1.4452217 1.2505207
0.091939956 1.0386368
0.18169767 1.84196
-0.31605163 1.0325329
-0.009935677 0.9028897
1.6514999 -0.061248854
2.330584 -0.43347138
0.6615564 0.7131893
1.1388692 1.7352096
0.88225245 0.29806024
0.5153835 0.9823978
-0.18910933 -0.64491177
0.88138616 2.287933
-0.30543077 0.43965042
1.3574755 0.8944036
0.007936269 0.8317015
-0.7247647 0.33907408
0.31684208 1.2152966
-0.59004295 0.17046966
-0.4018006 0.5693619
-0.5076039 0.20052008
-0.28047597 0.4608897
3.7830195 -0.34177163
0.019851238 -0.53025836
2.0772686 -0.037862435
-0.52292436 1.2127796
1.02699 2.2319274
0.06101024 0.05348982
0.92572653 0.80854404
0.21116447 -0.9518717
0.96671677 0.98887384
1.7597286 0.6443074
0.89497304 1.6434301
0.55046767 0.36205792
1.3321829 -0.19604793
1.5748732 -0.18897311
1.4632257 0.7005076
0.7190347 0.6559755
2.248755 -0.9716121
0.15580553 1.3016783
0.7942382 -0.018803388
0.8468523 -0.18330437
0.11664593 1.8241372
1.2439612 0.25896734
0.9261199 0.6529881
-0.99791706 0.1146992
0.7262077 0.21279167
0.9116583 0.07544203
1.7000732 0.39640445
-0.79212505 1.4638919
1.1837109 1.7086164
0.79703295 0.08972742
-0.4500122 1.1750149
2.2911806 -0.09678015
2.0957723 0.68027455
2.1826348 0.6592041
2.9274821 0.2952512
1.033062 1.3745928
0.55849844 -0.34036177
-0.48506153 0.15324117
2.0797243 1.2406799
0.4590097 0.30308688
0.9158952 1.4654139
1.9258851 0.022168204
1.0750864 0.57656735
1.2113045 1.2665951
1.4038283 0.27881753
0.10440794 1.2287624
-0.37805003 1.452993
-0.74613094 -0.3892274
-0.06802946 0.74871904
-0.38079172 0.82847905
-1.0762943 -0.7569865
0.2306005 0.96073437
1.1736497 1.0801111
2.0517106 0.14046837
1.1319252 0.19218321
1.3351825 0.9167278
-0.88547987 0.8171449
0.4727242 0.9141283
0.42449296 0.3245135
0.43308908 -0.4215092
1.7127656 -0.36860347
1.6670545 0.13951473
-0.44378883 -0.052147657
0.94510245 1.9702907
0.1298764 0.10640158
-0.43688056 0.4249791
1.3533493 -0.3373608
0.58100456 0.2887001
0.53783464 -0.13017264
0.20305118 1.2230761
0.2869624 1.2276917
0.8658209 1.2637836
-0.31533068 0.04358779
1.8264035 1.233649
1.3489119 -0.68477035
1.6210935 -0.7775582
0.813933 0.9598658
2.7093372 0.68232584
1.480402 1.0974225
0.58266664 1.887589
0.05803001 0.98601604
1.5506215 0.43248373
1.4688914 0.034238175
-0.34723514 0.958536
0.9727856 -0.5061009
0.06644711 -0.8619637
2.393744 -0.15599376
-1.2062938 0.8058157
2.3671074 0.5517705
1.5955468 0.38941556
2.1648493 0.6958204
0.21755531 0.0734583
-0.32331234 0.028631613
2.1546712 0.14253666
0.15701327 0.70681906
0.22162467 0.8569802
0.25358665 1.1493163
3.2704458 -1.4505892
1.5359541 0.5564944
-0.42705506 1.0267594
-0.148227 1.5784032
-1.2437495 0.84508145
1.9172264 -0.009550825
1.2152234 -0.43368843
0.71419793 0.6617107
0.95585275 0.6178516
0.89686906 1.6361926
-0.5706224 0.19835524
0.14369169 0.7690041
0.105419934 0.77078426
1.1145439 1.3151106
0.9441874 1.0378776
-0.8239406 1.5103035
-0.1555054 1.082911
0.42619407 0.2351578
2.0799103 0.28059083
-0.16205515 1.0963922
-0.5052619 1.3353002
1.1034102 -0.9613998
0.87851655 0.02200459
1.567176 0.94444215
0.7838526 1.041309
-1.0069816 -0.053794414
-0.6377828 1.5554887
-0.04712099 -0.3837936
-0.5914773 0.9660914
0.4592275 0.42188013
1.5218656 0.48367965
2.045765 -0.5129248
1.2122217 -0.7816034
1.335951 -0.22411214
-0.78338 -0.7005947
1.3214674 1.389278
0.69323194 1.5091034
0.815135 0.4430611
-0.5381191 0.7781218
1.9718128 0.45611364
-0.68611467 -0.70349926
0.94364524 -0.21283753
2.3565269 -0.63697505
3.1545734 0.2696749
2.1131043 0.11694826
-0.31750718 0.88017845
0.29809064 1.7831151
1.809775 0.6589462
-0.26315108 0.31737143
0.49592316 0.0002799183
-0.98294365 0.8749119
0.055999458 -0.08607493
0.5954093 1.0229092
-0.81521446 -0.49604434
1.8443509 1.2684448
0.63986695 -0.5186386
1.6435643 -0.6016722
0.32899445 0.4896384
-0.91345096 0.92911863
-0.015703797 -0.12530476
0.050297588 0.81392217
2.0357423 -1.2463754
0.55493575 1.0106049
0.036723495 0.7471681
-0.03743945 0.47744864
0.8217187 1.6538529
0.021496236 1.0409911
-0.9485346 -0.44708067
0.8698151 1.0972142
0.4146167 0.8898256
0.5477993 1.238878
-0.6424562 0.69194984
0.82681787 -1.2197285
0.51940656 1.4233248
-0.85554725 1.5861722
0.28083992 1.276439
-0.30243212 1.076766
0.5238455 1.1417404
0.7007525 0.81132865
-0.5024115 0.10253458
1.5276642 -0.20017332
1.0975418 0.04307659
1.8693238 -0.32990476
2.1856341 0.1294712
2.0329027 0.77528524
2.551002 -0.9269116
0.29855 0.93521976
1.5901226 0.013904318
-0.20289567 0.6470009
0.2212792 0.75562316
0.06618953 0.7920017
1.8672112 0.084874794
0.65709984 0.897799
0.28182375 0.78871346
1.484267 0.63433987
1.761999 0.58340067
-0.48177758 0.618241
1.900374 -0.5901695
1.655134 0.6848507
1.7576827 1.3728217
2.739481 -0.3936504
1.0748854 -0.23747256
-0.7213504 0.24179487
-0.17959686 0.6221062
-0.4213878 0.50206953
1.578676 -0.27190477
-0.023782343 -0.057129264
0.42371154 0.4744556
1.4853809 0.25012767
3.1140857 0.53027207
0.97785294 -0.15640208
0.9713361 0.03917043
-0.10832475 -0.6155701
0.5520988 0.80827487
0.6183714 0.40871423
0.6202789 0.044069424
0.8344073 0.13344927
-0.32846284 1.2056503
-0.29073623 0.36896223
0.09354043 0.5103477
1.9388753 0.8851627
1.4754025 -0.60802484
0.85961413 -0.37365
-0.25064793 0.06536992
0.9955784 1.0110013
2.5832715 0.76320684
0.11995542 -0.4421727
1.2051824 0.43739885
1.3718458 0.4470936
0.49171966 0.7076003
1.0672786 0.9074507
-0.86951506 1.1031811
0.840094 1.3244355
-0.08156568 1.0867355
0.8858508 1.3667617
3.5352302 -1.1881534
1.9001623 1.3949723
0.9410995 0.071295545
-0.15504459 0.17662676
0.5469091 -0.0341309
0.5947518 0.5267075
0.30638105 1.4703475
0.46883184 0.382563
-1.6091665 -0.81741846
-0.8337859 0.73238474
1.899499 0.13187163
0.68952185 -1.276114
3.1557055 -1.3022565
1.4351993 -0.17705128
2.3436046 -1.2690991
1.646391 -0.32804567
4.118332 0.14556013
0.5298553 0.30122828
0.56120074 2.2986674
1.1270442 0.24875753
1.5710611 0.5563545
-0.39534593 0.99089384
-0.03199573 1.5075382
1.1853102 0.33924222
1.4660864 1.4092216
2.1738477 0.5057241
-0.53022575 0.38164854
0.12788793 -0.015443876
0.72438586 -0.16351092
-0.38359043 -0.29007763
1.2103108 -0.4328452
0.98169816 0.7284351
1.1815746 0.23308675
-0.3826867 0.029125735
1.7847725 0.94504166
-0.26479873 0.64071304
-0.16909465 -0.6701465
-0.92239344 0.9449754
0.8426776 2.0633929
1.9006706 1.2044182
0.74181664 0.67743313
0.6582653 0.986657
0.722876 0.8283782
1.098083 -0.022013456
1.2873102 1.1489011
-0.9805842 0.85101724
0.5607912 0.74571127
0.31658185 -0.1587112
-0.8935942 0.3643232
-0.3722683 0.18562512
0.17918265 0.13787495
1.013611 -1.1117692
0.38545787 0.78205013
1.7378682 0.6384372
0.24855301 -0.18163091
0.6109983 -0.07344727
0.1672667 0.9062897
0.63940924 1.1985016
3.1068802 0.747807
0.46309108 1.7126526
1.579667 0.048658565
0.14433727 0.68590856
0.5338837 -0.6370664
0.5070203 0.7555062
1.3554066 1.1233889
-0.30222738 1.4818237
-0.2777483 -0.6591283
0.23201182 0.74578524
1.1746912 -0.66045105
0.5436812 -0.21389006
1.8530685 1.1247348
0.5931968 1.3660519
0.09752551 -0.97904974
1.1657825 -0.29191282
2.8192239 -1.225611
-0.31530565 0.27498096
0.24071592 0.29682207
-0.6853508 0.9772552
0.16111284 -0.39343327
1.3538117 0.4867795
0.6825945 -1.1855052
0.92607915 0.8010198
2.6774693 -0.3300017
0.7520715 0.62560266
0.010202587 0.14417104
-0.34168607 1.7262967
2.0001664 -0.29727304
0.02952239 0.59940207
1.6462276 0.67686737
2.093812 1.6087828
0.129969 -0.004578799
0.94696593 1.638892
0.338607 1.354337
3.5427399 -0.7129765
3.243555 -0.2592539
-0.02769263 0.36802804
0.6681514 -0.09885602
1.0042857 1.1098104
1.791962 -1.0261599
0.38437223 0.32477474
0.86413944 1.6089425
-0.23949397 0.49219108
0.6279321 0.95019996
1.0836624 -1.3573847
-0.26423463 1.4314439
1.1264315 0.47123837
1.3633935 -0.011358157
-0.20152839 0.5800494
0.6020478 -0.26521072
-0.04283902 0.77065146
0.82466245 0.2315342
-0.51097643 1.6290258
3.3705406 1.5464327
0.82863116 -0.018823922
-0.42818484 0.47997433
0.18580887 0.12783678
1.1314616 1.0411896
0.64663917 -0.5425724
1.4978458 -0.26589897
0.54156256 1.2480434
3.5017796 -0.9352055
2.5856938 -0.4087046
1.1873215 0.9571526
2.8094826 0.12280168
-0.3437776 0.061842993
1.5346661 -0.5095351
2.116497 0.05083917
0.58352864 -0.38263482
1.8795975 -0.20435484
0.0593006 0.45647657
0.86667955 -0.3901976
1.3988767 -0.46063507
1.9533237 -0.028869808
1.6840812 0.55254143
0.62363523 0.33519197
2.3847585 -0.5132284
0.7104258 -0.786584
2.1451445 -0.83439595
0.8075589 0.82835555
0.49683475 -0.8537004
2.3675466 -0.3122697
2.4168997 0.3259552
0.31323564 -0.3398109
0.1698913 0.97263575
2.1247015 -0.05019459
1.7624007 0.5440571
1.2237089 -0.90098
0.15460363 1.0208603
2.0539484 -0.13156137
0.63651067 0.5055813
1.0290891 0.6728803
2.1846614 0.020199582
3.0119882 0.2698053
1.1905628 0.5249929
1.2752972 -0.13395286
-0.6040174 0.6827107
-0.5293808 0.84157073
0.6675039 0.5744905
1.9019886 0.025795862
-0.13660303 1.2149243
1.9688681 -0.6240153
1.4632609 0.50775516
-0.85384506 0.1208031
0.5655981 1.5006654
1.95567 0.19314621
1.5633441 0.31098294
2.1960783 0.92294264
0.87878525 1.3140361
2.0226603 -0.11677782
0.5839303 -0.10273303
1.4700259 0.79581964
0.94531834 -1.1220264
1.0423319 1.5277724
1.3848807 1.4701889
3.0285516 0.5658923
1.6991524 -0.29629284
3.186092 0.5729161
0.32710278 1.2059424
0.4608603 1.1960464
0.92693615 -0.49627525
0.31986588 0.026449516
-1.2300223 0.31383604
3.73378 -0.6635768
1.0179498 0.050824657
1.5171366 -0.612895
1.5303488 0.5780999
0.24750564 0.9155785
2.583981 -0.025941
3.0649729 -0.0043846816
1.1522385 0.2828951
0.93327916 -1.5450492
0.78728414 -0.18296842
0.9978827 -0.47667766
1.7357394 -0.5255163
0.58658415 -0.2904559
-0.050007135 1.1509036
-0.4383046 -0.17006247
-1.344075 -0.6359522
0.8452419 -0.85971993
0.9955851 0.5275328
0.9588702 0.5010541
0.12278199 0.99212265
0.9212967 -0.7034112
0.6063648 1.4481843
1.2770971 0.2042896
0.49136132 0.07548903
0.5156263 0.8304075
-0.013258725 -0.42522216
-0.5137477 0.5176279
1.1645321 0.20124255
-0.16877843 0.3650958
0.32104945 1.2972014
1.2597444 1.0030018
-1.1880736 0.7900988
1.4267766 -0.40942454
1.4064442 -0.97629106
0.106743604 0.54826725
-0.40376455 0.5692518
2.1598525 0.42610008
1.6884574 -0.21847814
1.3611557 0.760507
-1.0102712 0.14562745
0.55133104 0.40597928
0.73137236 0.9621769
1.7994941 -0.044720337
0.58365405 -1.209201
2.1543002 -0.48200756
1.398421 -0.13236573
0.4088952 0.81365967
-0.45299986 1.1150529
1.1593466 0.42560953
2.4662328 -0.4828048
0.50042707 1.5054991
2.7308211 -0.38003173
-0.48498467 -0.696404
-1.1493648 -0.1529178
0.63506925 0.31232548
1.7652739 1.2023766
0.41563898 -0.1163386
0.9267379 0.57553476
1.2416903 1.1104469
1.0287367 0.06210123
0.51086557 0.5726377
0.33619672 1.4440458
1.0769341 1.3210828
0.13713953 0.21417286
0.48378736 0.26763356
3.4416552 0.24580698
1.855213 -0.76673985
2.1279364 0.5312226
0.19320321 1.4970778
1.8239211 -0.88892776
0.9480212 -0.08071858
-1.3472166 0.58776075
0.33862275 0.4389478
2.0442548 1.2174051
-0.13683212 -0.15809906
2.0884447 0.11067797
-0.18370348 1.4113266
0.63830614 1.4596667
0.2326099 0.5663788
1.3745413 -0.32056236
0.71052617 0.96531963
0.015481621 0.20824485
0.43648326 0.6344925
1.0923291 0.9359157
0.60946715 0.80762255
2.1225643 -0.036110193
1.0061647 -0.7643929
0.71646273 -0.17601788
2.0937762 0.4657098
0.06301603 -0.1837274
1.0530814 0.00012855232
0.22249943 -0.107727945
1.5576941 0.12951235
1.6526141 -0.7012372
0.45247293 0.5124678
1.5603898 0.37919217
0.8952732 1.2989762
-1.171736 0.6938285
1.2272735 -0.4806374
1.5178136 0.8285303
1.1343274 -0.09663378
1.3085277 -1.5275657
1.2787421 0.021889552
2.9674597 0.158585
0.7652117 1.8019042
1.1282674 -0.5200083
-0.59092784 0.7219426
2.7429905 -0.47351235
1.1671252 0.18074845
-0.6873589 0.9268048
3.2864351 -0.74071115
0.30192083 1.3498813
0.2179031 1.8338659
-0.4262902 1.3990914
0.48294377 2.3128064
0.676084 -0.7862022
-0.32782024 2.0533028
-1.1459221 -0.5351389
1.3836502 0.978094
0.09560028 0.6784326
0.61456174 0.31644088
1.8489057 0.30737132
1.1790459 1.3960363
-0.40619856 1.9078157
2.5105972 -0.1308887
-0.118298694 0.2436101
2.3637977 -0.8962883
1.8489732 0.5181138
-0.48100412 1.0015916
0.32704479 1.5164068
0.58646065 0.33933198
-0.082736045 -0.11771735
0.1585406 -0.60008
0.4401806 0.14449386
0.20599344 0.08450581
1.0545697 0.88614213
0.2412782 0.6791265
1.7282614 -1.3190793
1.1104491 0.9770644
0.36838078 -0.24516477
1.3356402 -0.33629516
0.019761324 1.0117447
1.6570734 1.4489524
0.77147794 -0.25794172
-0.9101592 0.4657219
-0.67042226 0.84817326
-0.6692673 0.75564015
1.1470766 -0.22293526
0.08246285 0.83489203
0.4082237 1.4295075
1.3964934 0.168184
0.2127667 0.0035740137
-0.22419138 1.2569019
0.54072684 0.3562048
0.35475326 0.4353541
1.8063215 -1.1227039
-0.026425377 0.6458687
0.829669 1.6817853
2.134066 0.6173629
0.66120476 -0.30216348
1.303847 1.6662234
0.92495036 -0.3687661
1.10696 -0.24391046
1.2870626 0.46444654
0.51199645 1.191004
1.8230969 -0.3903817
0.16225839 -0.121425815
-0.55307746 0.8270217
0.05541733 -0.8995993
1.1079823 0.025475517
-0.8777797 0.40575194
0.7066588 1.0260236
1.9454521 -0.026482612
1.2793651 0.4044736
3.2372913 0.2544366
0.5703759 -0.4758602
-0.26148388 0.28606844
0.6019678 -0.060096487
0.6856621 0.20639788
0.225252 1.3528335
0.44868475 0.93162584
1.423262 0.5291366
2.3610954 -0.11945096
1.4366778 -0.30717993
0.64385813 0.37636888
-0.8102087 0.6271146
1.3635442 0.24734919
0.85836077 0.28232598
2.1975594 0.4023643
1.5811998 0.63671494
-0.51600105 1.0453597
1.0436063 0.598712
0.47044206 0.5602804
0.6537274 1.1205094
0.9898102 -0.6696654
0.26737314 0.48492444
0.35029852 -0.6747304
0.43462282 1.7101488
1.7746183 0.21756147
2.463964 0.023351476
1.0265009 0.6936295
0.34151787 1.4109373
-0.5857637 0.64396036
-0.13997725 -0.021535978
0.65426373 1.622912
-0.43426055 0.86761165
-0.4768207 1.6615491
0.7920972 0.21160488
1.9314338 0.93859947
1.2354932 -0.18408613
0.6060454 0.42690545
0.080145836 -1.139719
-0.25552696 0.13152038
-0.08721973 1.5821474
1.0444407 -0.25849625
1.2825986 0.33752364
1.372431 -0.2742968
1.1751436 0.24443518
2.0848136 -0.16151102
0.37206453 0.20276512
2.353971 0.15425147
0.16461048 -0.5516626
-0.1888512 0.88490605
0.7307367 -1.3668345
0.050132245 -1.2286855
1.1988631 -2.162763
1.6008909 -0.97678745
0.3743598 0.71506697
0.4034099 -0.020526424
2.8524933 -0.075998306
1.7522231 -0.60695815
3.1596942 0.44575965
1.5236096 0.42588198
0.95787287 1.5791522
1.0494784 0.06902011
0.34794503 -0.8416374
1.9030758 -0.8635585
0.49664402 1.5472666
-0.98525494 -0.14394924
1.0774202 0.33388013
0.54889387 0.36446398
0.6141747 0.36276466
0.92222285 0.8118521
-0.61624193 1.5430931
0.48379236 0.7860205
0.6490111 1.6002953
-0.08245398 -0.2921984
-0.76969993 1.951709
0.43143255 0.13075952
0.20998669 -0.7153452
0.6937621 1.1130723
0.38703483 0.2781127
0.5030711 1.2936044
2.2950902 0.5687337
1.854617 1.1812251
1.2787362 -1.8422902
0.39910704 -1.0142046
1.3561691 -0.38974583
2.116619 1.2698408
0.35259163 1.259261
1.8744854 -0.16093132
-0.6281866 0.5558891
0.73500544 0.5057869
-0.27461606 0.7677611
1.9994262 -0.72162193
0.63292325 0.20047359
1.8850089 0.084894106
1.9095582 -0.44886124
1.1460322 -0.36377475
0.73351085 1.1688697
-0.1448952 1.7968493
1.4453896 0.42608285
0.16360763 1.2018148
1.135604 0.56706357
0.7119234 0.7600437
0.612065 1.2288746
2.4365034 -0.8794127
1.5791179 0.12983628
2.4501314 -0.087005764
-0.45098016 0.8269352
0.20360321 -0.6107471
-0.2647308 0.6703836
2.2203212 0.37459463
0.37557524 1.0549021
-1.3309467 -0.94069046
1.9811767 -0.6055372
1.644853 1.655567
0.09635025 0.68490034
2.266159 0.44947028
0.3057406 0.75617284
0.43325323 -0.29358768
0.108795345 1.0811383
0.7130746 0.8830408
0.39502746 1.4938254
0.122765005 -0.14973179
0.4720614 -0.6366587
0.8051734 1.6616049
1.454523 -0.20694107
0.58041465 -0.09767039
0.7045441 -1.5940037
2.0955844 0.13126029
2.2582006 0.22578524
-0.6884606 -0.3700264
1.4802668 1.4752054
1.9166609 -0.28812653
1.3808672 0.8890375
0.85164297 2.5006866
0.97898185 -0.7757606
-0.15609106 -0.7631492
0.74070305 1.7512846
1.8209819 0.689776
-0.42867556 1.4633322
1.2300124 0.025540128
1.2191929 1.258553
1.7390972 0.92249227
-0.020830348 2.7020156
0.3743338 0.5456826
2.0234632 0.2372232
0.06692311 1.2180743
-0.22856522 -0.857556
0.3138336 0.8225565
1.3137294 -0.065470755
1.1895751 0.052909985
0.8017111 0.027859047
0.33193886 -0.8652067
0.5428322 0.90183234
0.9568347 1.1334388
-0.123404786 0.20801277
-0.3135163 -0.2059164
0.7342919 1.195632
0.10778722 -0.49589366
-0.3764472 -0.18463518
2.0753436 -0.30176574
2.705069 1.7665174
0.5810225 1.1091014
-0.17879355 0.6112016
2.220673 -0.050889805
-0.481628 -0.0704588
2.4952044 -1.282977
0.6235288 0.35147852
-0.47177422 -0.35782295
1.6565585 0.84947836
0.20789343 -1.1828762
0.07706836 0.46097118
1.9929117 0.32210463
1.0297916 0.35415512
1.0508649 0.20419829
1.5363805 -0.3686701
1.5538831 0.75957704
0.407924 1.1103126
0.24512538 0.81215584
-1.2090628 0.9055358
2.1551313 -0.9358712
-0.7921248 0.686882
1.075926 0.7237328
1.0792869 1.0389638
-0.72806585 0.15398462
2.4261703 1.378933
0.4450696 0.95257044
-1.3313962 -0.1478367
1.5771879 -0.07815005
0.05073276 1.0315481
0.7607471 0.3996604
3.043357 -0.54821056
1.4894924 0.2974751
1.0256202 0.83085394
0.15023077 0.7669443
1.9190031 -0.3550101
-0.103631765 0.45099127
1.4443183 -0.4884361
0.08650985 0.905193
0.972782 0.093525425
0.31583834 0.95427597
0.01126793 1.537172
1.2413142 0.07698746
0.06680718 1.3023027
0.5644567 -0.2914385
2.4851665 0.63004076
2.8587317 0.121384785
1.1807178 0.29896683
-0.4494471 1.051898
1.677255 -0.053741634
1.026692 0.059988007
1.5369157 1.9636133
1.9228426 1.3581083
1.4205514 -0.38262948
3.6249685 -0.12987736
0.6501415 0.53504777
2.06563 1.0892951
-1.1981921 -0.8375049
2.6055498 -0.2671595
1.9792942 -0.7819492
-0.60277426 0.047321036
2.788468 -0.49987078
0.54875493 1.3788904
1.1283213 0.762563
1.0694002 -0.52605504
0.25842297 1.539309
0.7329394 1.172987
-0.45068657 0.6345022
1.9226311 -2.097806
0.37523347 0.9487281
0.6305448 0.2778263
1.5168015 -0.12568237
0.6847514 0.9375211
-0.5493407 0.7061575
1.18681 -0.39747676
0.42630905 0.64689296
1.8994461 0.21799
2.073975 -0.6720524
0.7359385 -0.22410792
-1.1873145 0.70055366
1.4421047 -0.086030275
2.2390614 -0.5844799
-0.417903 0.6093942
-1.6272136 0.49319583
-1.5594176 -0.410959
2.1623468 0.11881687
1.1964957 0.280747
-0.5126331 1.6595604
2.9869962 -0.7738952
0.36607325 1.1498926
0.9816052 -0.038651377
0.45267022 2.1119342
-0.05113837 1.1558369
0.7109362 0.8830042
-0.14756113 0.7745813
0.073447466 -0.5436047
0.9265562 1.7527027
-0.79561067 0.3221805
2.4704137 -0.53488857
1.8432885 -0.41347936
0.98014295 -0.1878165
0.45376474 0.3884728
1.1061437 0.22065844
1.8198465 -0.50876635
0.18023244 1.0611558
0.42087036 0.078800485
0.97370327 1.1160494
-0.55208385 0.26082993
0.47856027 1.0025187
0.27284968 0.56907916
0.053771764 0.37429345
2.2639222 -0.57281154
0.9850621 1.0202779
1.6119863 0.93154335
-0.07956137 0.49261296
0.6938176 0.87932956
0.32138342 1.2448679
1.0937825 0.4174713
0.057406753 -0.06332086
-0.065418616 1.1261581
0.76336706 0.7946465
1.1840217 -0.86183375
1.1067066 0.6771197
2.1229262 -0.37208766
2.8696866 0.8126075
-0.9111368 1.4863325
-1.130405 0.96981883
0.22173402 -0.050509736
2.6584082 -0.10188578
0.3752023 0.12449618
2.3991666 -0.9153893
1.5520781 0.62628126
0.3689736 0.2688719
0.45447034 1.0457963
0.87265396 0.26386
-0.5437081 -0.502657
0.752553 1.27986
-1.1453323 0.4085526
0.7058176 1.6086959
4.0590076 1.17994
-0.36766478 0.6140415
2.5876884 -0.7214079
-0.045296803 0.8680872
0.3581825 1.2225723
0.6774286 0.14708821
2.2974062 0.7382655
2.783908 -1.4058603
1.4303685 1.2272489
0.15379435 0.5327742
1.3270862 0.9371488
0.22961739 0.37300062
1.16846 -0.12928307
1.2090286 0.6688978
-0.069107115 0.44163477
0.688516 0.073249236
2.1136642 -0.30589125
1.2151515 -0.30826628
-1.1302755 2.226719
-0.5407112 1.7940686
0.723616 0.6802069
0.20025775 0.05657704
0.24582165 0.59846467
0.777688 0.65079504
0.3691538 0.04335524
1.6337578 -0.39207587
1.4080669 1.8048875
-0.758374 1.0136726
-0.30462718 0.76971495
1.6408486 -0.103483275
-1.2785643 0.47619885
0.6541538 0.37468332
1.2800004 0.32209206
1.5289003 0.3561613
0.64896226 1.0620588
-0.35513014 1.8607552
0.16414282 1.5571692
-0.89048594 0.41443062
1.3615372 0.8289695
-0.11141823 2.173804
0.7033162 0.8042383
0.23217756 1.7298111
1.6647909 0.014218643
1.5357879 1.5174174
0.9904505 -0.8051746
1.1345177 0.89762664
-0.6649459 -1.2733058
0.48918504 0.7457055
-0.39859805 0.1372524
0.5549428 0.35517967
2.1082644 -0.16187744
0.2954074 -1.0368733
-1.0347521 0.32890618
0.3230238 1.1049192
1.0574571 1.8968511
0.6305386 -0.052121937
0.8911321 -0.2831494
1.0445119 -0.62257713
-0.6933749 1.5822392
2.0181236 0.83410406
-0.2664481 0.5419355
-0.53002673 0.55301607
1.0165316 0.42799687
1.9266495 0.2245227
2.3633819 -0.8358528
2.4955182 0.38272125
0.2235769 0.36768663
-0.3745122 2.0264874
-0.30002248 0.3849687
2.0090675 -0.20269275
1.7481678 1.0114397
0.881359 0.122390285
1.5080575 1.5395504
-0.52473915 1.0291237
1.1552159 -0.3630153
0.07179397 -0.6489994
0.78678656 -0.74805176
-0.12967244 -0.33205956
-0.23164874 -1.3442374
2.1890368 0.08990656
-0.90610963 0.53302044
0.3430766 0.73746747
-0.21752203 0.5047834
1.118943 -0.12300925
0.37503654 1.1149096
1.304443 0.29141265
0.5913441 0.5067038
2.1142716 -0.18463527
0.5576124 2.0235589
-0.08290054 0.29917824
0.13156173 -0.033759937
0.6827103 1.809515
1.0140033 -0.46987718
1.0999767 0.5753832
0.8404635 0.28642976
0.7055066 0.2715109
0.11192313 0.32915837
1.6914908 0.047411814
2.3026485 -0.35284317
3.275673 -0.49127442
1.0538075 0.20217182
-0.44384864 0.41913176
2.4828157 0.3238455
0.05595517 -0.3651953
0.98957586 0.60703146
-1.0012281 -0.08750597
0.9178517 1.2483156
0.67261726 0.47575867
1.354941 -0.9599176
-0.49881855 1.2265428
2.9532309 -0.08585587
-0.37191325 0.9779054
-0.25789884 1.0513891
0.6148955 0.8578404
0.23274112 1.5941862
1.7923261 0.77904713
1.3098224 0.2670712
-0.39139003 -0.070716575
1.5830262 -0.0040095
2.1596546 0.36695808
-0.14621875 -0.54399544
1.4201735 0.068363294
0.56919605 -0.5864239
0.64209324 1.1153034
-0.4620726 -0.112670794
2.5088854 0.12945633
3.1073046 0.7222015
0.24301603 -0.2552901
-0.15928018 0.6209886
0.86542225 -0.06693524
-0.06982376 0.55425733
0.4788813 0.24579363
1.963807 -0.36134407
0.79966414 0.7765862
0.5454904 0.19885878
-0.4344477 1.1371173
-0.5287074 2.197317
0.026590317 1.7369155
0.22841108 -0.042614073
0.77290285 0.05111377
0.59576476 0.35121322
1.3846211 -1.1052042
1.189313 0.32130617
1.2418889 -0.05694498
3.1465344 -0.20344125
0.74426764 1.1674182
0.63280964 0.34757835
0.40643805 0.80931413
-0.41919947 -0.8400356
0.15830141 -0.21904638
-0.40051368 0.68705827
0.81160045 0.15037434
0.46296686 1.0070567
1.3253609 0.81586945
0.76491845 1.3543801
0.5305158 0.29427987
3.3047762 -0.276246
0.93838274 -0.29132742
1.1062301 -0.21309258
0.48222858 -0.025941372
1.4720526 -0.07023226
0.8390075 0.79223394
1.6591008 -0.5328477
-0.12790081 0.962832
0.19504139 1.7912142
1.729019 -0.37461156
2.0184474 0.3141111
-0.61419165 0.8472408
-0.47516856 0.034901187
1.2876672 0.025197223
0.87423205 0.65349555
0.5935484 1.0332307
2.167626 -0.3851863
-0.21032044 1.6449428
0.7103106 1.2044584
1.4373258 0.31495368
1.8072819 0.2159725
1.1995547 -0.1856193
0.9650713 1.4265591
2.490686 0.4691589
0.14641964 0.8824892
1.2539624 0.532533
-0.14027564 0.086198166
2.6790996 -1.8560088
0.04067263 1.5315368
0.6891226 0.47111464
0.7056647 -0.56634015
0.6555907 0.49063945
2.0358272 -0.5783117
0.39024562 0.284833
2.2720952 -0.2718331
2.1516075 -0.15902014
1.6779213 0.5044109
-0.16267112 1.8769069
0.8823327 0.84814084
0.13363218 1.8836517
0.17514819 0.9376912
1.4270964 1.6821955
1.5723202 0.38820612
1.2523627 -0.48488402
1.1017238 0.4437716
1.0822357 1.1377366
-1.0469792 -0.017681748
-0.19750541 0.15333004
0.2787677 -0.35944033
0.910311 1.4662021
0.71738964 1.5167203
-0.41521013 0.93807065
-0.8333848 1.1001798
-0.55522835 0.88215137
1.4345486 1.7885404
1.8061548 0.281605
1.17325 0.9354316
1.73449 0.15472855
1.79014 -0.31186938
2.2577329 0.81157434
0.85471725 0.40173483
0.8655486 0.39284092
1.0279462 -1.2368948
1.5397254 0.8140274
0.68287176 -0.66890633
1.1244627 -0.022462621
0.20093805 1.1433823
0.86474395 -0.009820998
1.9885138 -1.070001
-0.285886 -0.072121695
2.418995 -0.4776341
1.8656389 1.8604484
-0.4390216 1.3946779
1.4448959 0.33872652
0.45060444 -0.1669308
2.1283798 1.0093323
0.7058952 -0.3274505
1.2434398 1.1019754
0.8624693 0.6632214
2.1018686 0.96558654
1.1735791 0.8782834
1.3251908 -0.041325808
2.3071651 0.20008321
-0.5553615 0.6467561
0.29236287 0.2382441
0.094080836 0.24106215
0.85470784 0.17167498
0.2005519 0.14909033
1.1710595 0.84621954
-1.5752376 0.60191953
0.9982023 -0.20711924
1.0272722 0.38276285
1.1867789 -0.06932439
1.0939943 0.90094376
1.7775675 0.80718076
0.81750107 0.9299785
1.7081513 0.7433798
0.4325506 1.2184701
-1.0640578 1.1516355
1.3385628 -0.14426568
1.7376239 0.26892847
-0.84235924 0.78211045
1.4601318 -0.12251091
1.9568087 1.0032384
0.9145347 0.5471452
-0.17594165 0.5489223
0.4075926 0.48694873
2.8760157 -0.03279692
0.1689392 2.0122762
1.0979297 -0.07103261
2.0429344 -0.39668626
0.33232635 -0.017559797
1.5572449 -0.6218467
0.60086787 1.3524822
-0.033774987 0.814337
-0.07118724 0.27166355
0.8265221 -0.061029345
2.1664386 0.360636
0.71853226 -0.94257915
0.19153255 -0.20056264
0.10986763 0.98994863
1.9810203 -0.878958
1.9328383 0.027803555
1.2233354 -0.5757283
1.5082428 -0.7725473
0.0035998821 0.10761027
-2.7744365 -1.4514112
0.1941734 0.73953557
-0.76844215 1.1515572
1.2705704 0.8516511
0.26412958 0.35112482
1.8427228 -0.9143564
1.2524272 1.4935695
1.5101104 -0.2705165
0.51585305 0.1372845
-0.15080068 2.0483317
1.1135875 0.5378324
1.7824646 -0.5182323
2.2841215 0.31151062
1.3934274 0.17439719
-0.12421368 0.59099585
0.6279559 1.2118603
1.0260079 -0.13918626
1.1375204 0.28319037
2.3195782 -0.4632551
1.7444935 1.2369443
2.006588 0.72367084
1.1555662 -0.5517439
2.9236712 -0.045539156
0.6160164 0.08772887
2.1526208 -1.4082012
2.3516836 0.12235485
0.59732777 0.42947054
0.08653733 0.69743174
0.5456959 -0.13659245
1.6641171 0.36646312
1.2381623 1.6406404
0.72187406 1.580408
0.88053393 -0.1824243
1.7495028 0.6721834
0.08455095 0.6286945
0.32085437 0.6642724
-0.6751646 0.87375104
2.0218434 -0.35966754
0.732026 0.40304738
0.69689745 -0.6504112
0.16425684 1.4319199
0.9709698 1.0172554
-0.4177243 1.072289
3.1770391 -0.08631456
0.2145538 0.88116395
1.5974045 -0.23206712
2.0179815 1.1923422
0.83545923 0.002534166
-0.43754336 0.09123318
-0.08930853 1.7059321
1.6406951 -0.84233224
0.5935401 0.34906125
0.46906555 1.2917589
1.810902 -0.29993215
2.2680087 0.33356512
1.7345548 -0.32705235
0.57999563 1.2733897
-0.10341595 0.871428
0.11603388 0.9474721
1.3034455 0.6525207
-0.089992195 0.12548281
0.18686953 0.99816954
0.49532872 0.9738643
1.2968991 -0.055798188
0.18839076 -0.22883946
-1.4644353 0.5479047
2.4841251 0.38627827
0.028088838 1.2512404
-0.7697625 1.3683255
0.59238183 0.6481286
-0.21629155 1.4589763
0.30166215 0.19120516
0.5153217 2.4878378
1.4625039 0.80573773
-0.32865533 -0.21876246
0.11173898 0.8198545
1.2912194 1.044562
0.949389 0.79721117
0.76440847 1.2977045
-0.035025418 0.8346946
1.8729647 0.47281313
1.0841063 0.88180375
-0.6442778 -0.12024873
-0.73678315 0.8924866
1.4702975 2.347309
0.28939253 0.6580003
-0.15230101 0.8797773
-0.7002536 0.10547759
1.0363235 1.6168894
-0.1774617 0.7796663
2.9920125 0.36404544
0.0976949 -0.036679253
1.3066679 -0.076074734
0.3865052 0.42736882
0.56113064 -0.5556718
0.87653863 -0.9210363
-0.53484094 0.7494219
0.36849034 0.32229245
0.24790844 1.327075
1.8040313 0.085583165
0.48782575 1.5768493
-0.09133573 0.691092
2.2668333 0.23272716
1.4022236 0.5478238
1.5161487 -0.1256304
0.24067438 0.06907801
2.7127705 0.21662714
0.59419197 -0.056390822
-0.80562437 0.54390323
0.33376127 -0.56229436
1.2008708 -0.18544458
-1.1304821 0.5308581
0.7056178 -0.01713331
0.8316158 -0.86787254
1.3349838 -1.2411568
