-2.7271395 -1.6522775
-0.27510276 -2.008208
-1.6374362 -1.7064002
-1.2762954 -1.6170865
-1.1525857 -1.9004159
-2.346088 -2.2574227
-2.2652721 -2.5612595
-1.7727832 -1.8972584
-2.303637 -2.1078565
-1.397234 -2.8138824
-0.5486512 -2.1643825
-2.3967795 -1.0611696
-1.2072105 -3.1690826
-1.5629797 -2.7192256
-2.751562 -1.5820838
-2.895903 -1.6574991
-1.9952695 -1.844524
-0.90465105 -3.3698058
-2.2186127 -1.7438118
-1.1904991 -2.248038
-1.6293349 -3.0760932
-2.5080256 -2.0629947
-1.8754445 -2.6444538
-0.71878153 -3.051532
-3.1908183 -2.4256787
-1.6118402 -2.1318643
-3.5101886 -1.7603106
-1.3875002 -1.7597992
-2.80903 -1.5731952
-2.4040961 -2.452206
-3.4302125 -2.4223268
-1.7219818 -2.2000988
-0.32974175 -4.093714
-2.1865478 -1.0467979
-1.5901265 -1.3754247
-1.3876723 -1.5459186
-0.50305593 -5.5653305
-3.8077269 -1.8681762
-2.6706958 -2.8315473
-3.073412 -2.0135841
-3.0101757 -1.0674273
-0.8516949 -1.7209823
-1.5481379 -1.4894084
-3.3947978 -2.411497
-2.4668283 -0.8687403
-2.627267 -1.9702928
-2.5788937 -1.6609839
-2.6587787 -2.618074
-2.8686104 -1.1575265
-3.195228 -2.518447
-1.9315317 -2.3461432
-2.5099769 -2.218497
-1.0202408 -2.9054303
-1.3004295 -2.427173
-1.9178396 -1.2812159
-1.3156157 -3.1294754
-0.9562526 -2.3514059
-3.5331726 -2.1555302
-3.1637163 -1.6727464
-2.3199253 -1.5953338
-3.0178103 -1.7182071
-3.4176445 -2.0107026
-2.5532136 -2.7522063
-3.9806113 -1.7461821
-1.7842487 -2.1739256
-1.4092506 -1.1564993
-1.512914 -3.0900855
-2.4966512 -1.5556879
-1.500598 -1.1574091
-0.116996154 -4.2375355
-1.9176998 -1.612873
-1.8094105 -4.0227795
-1.6454355 -2.8851316
-3.3176699 -2.0387754
-2.6041427 -2.1171014
-2.5104342 -1.9407312
-1.4255205 -2.2754908
-2.468575 -3.2543962
-0.84202534 -1.3395875
-1.8979695 -1.6635365
-1.6753398 -1.9346837
-2.411333 -1.5179924
-0.7259414 -3.351408
-2.342277 -1.7977841
-1.8283365 -1.8803881
-1.4265661 -1.4507762
-1.4438834 -1.9371265
-2.995316 -0.6480069
-3.2002592 -2.356154
-1.1656868 -2.8601239
-1.6708655 -2.0179775
-0.8918877 -2.4757276
-0.9486841 -2.2972522
-2.0863495 -3.0125763
-2.4888391 -2.5533762
-3.6366563 -2.541395
-1.6084528 -3.6350183
-3.4447136 -2.3538086
-1.1703396 -1.5612625
-2.5946412 -1.4896324
-1.6820594 -2.481286
-2.7495494 -2.035747
-3.3299766 -1.1395358
-2.2028885 -1.64322
-3.1498098 -1.1777064
-3.674241 -3.7110147
-2.9532828 -1.8270532
-1.1338403 -2.3972664
-0.5165113 -1.6693609
-1.9567688 -1.0064199
-2.6129956 -2.6863008
-1.7209439 -1.9649636
-1.5243531 -2.6847932
-3.0590358 -1.3542541
-2.8990836 -2.1895258
-2.0314038 -2.5109084
-2.3645697 -2.3002937
-2.59307 -2.1095502
-1.6848503 -2.3014987
-2.5307908 -3.574374
-2.599475 -1.6481899
-0.382976 -2.1305819
-3.1804748 -1.9817537
-1.3771403 -1.8839834
-0.6578138 -1.9811184
-2.1570513 -1.699004
0.34292984 -0.7662335
-3.4433107 -2.0653172
-1.0199907 -2.1214287
-1.4847075 -1.8388277
-1.5203646 -1.4629439
-1.2122996 -2.9265852
-2.949738 -1.2816067
-1.8606315 -2.8099947
-1.7023422 -1.2127613
-1.7171433 -2.425033
-2.3493648 -3.28658
-3.3898783 -2.243442
-2.110128 -2.197333
-1.6787981 -2.592871
-1.2069882 -1.395538
-2.3387961 -2.052105
-2.6765704 -2.3681698
-1.8775668 -1.1545153
-0.9368728 -1.2251381
-1.1766372 -3.1054382
-3.4791732 -4.4372053
-1.7571586 -2.4576583
-2.3106923 -2.7510366
-2.0138123 -2.471586
-1.4670657 -0.89370877
-0.86747587 -2.1649902
-2.6585555 -1.4932672
-0.6494009 -0.90070194
-1.2215078 -2.1951725
-1.2450109 -2.2352886
-1.4396294 -1.3998623
-3.0516815 -1.1117624
-3.4288893 -1.0509341
-2.1064131 -1.5620745
-0.5520605 -3.885751
-3.064361 -1.6859291
-1.7504554 -2.2956119
-2.8998852 -3.1529481
-3.2230897 -2.2269287
-0.48344186 -2.4992304
-3.0694695 -2.0603623
-3.3984113 -1.8940063
-0.8981029 -1.3088139
0.015268743 -2.9037817
-2.3618894 -1.7380817
-1.7057368 -2.1356943
-1.2939783 -1.366198
-1.6429913 -2.1991458
-2.4624424 -1.4661599
-3.4092202 -1.8756095
-1.3170471 -2.904073
-2.8113213 -0.9961811
-2.3574595 -2.8725233
-1.99854 -1.4988573
-2.1712546 -1.6265225
-2.312831 -1.814018
-3.2330642 -2.4310758
-0.5133853 -1.3091469
-1.2808669 -2.7644925
-3.6580033 -1.7202821
-2.1084435 -1.5489508
-2.810627 -2.9017582
-2.705659 -2.7200859
-1.3601215 -2.4186618
-2.2127178 -3.0904682
-2.1650445 -2.3584952
-2.9517174 -2.8814335
-2.6639967 -1.7566278
-2.425342 -1.7353091
-2.5176058 -1.7092549
-4.0919952 -2.0750065
-2.5422454 -1.7907013
-0.94176066 -3.4110107
-3.021831 -1.4760499
-1.8217367 -1.351668
-0.8211867 -1.6840484
-1.5158799 -1.3424318
-1.9644437 -2.9945912
-1.607787 -2.5169275
-0.14152953 -2.6574724
-2.5688057 -0.81578577
-1.1616118 -2.531759
-1.8211002 -3.2558923
0.033300936 -1.9601713
-1.2491271 -2.1767707
-2.2257366 -2.5647974
-1.54312 -3.499157
-1.8527039 -3.3749974
-2.2326899 -2.8578944
-3.6313648 -2.1593769
-0.5197472 -1.7776229
-3.0819287 -1.9237323
-2.7277951 -3.2244835
-2.737815 -1.851054
-3.3976197 -1.3542299
-1.213021 -3.2361827
-0.7494419 -1.8356652
-1.7445166 -2.5281258
-2.5420947 -1.7485057
-1.1150093 -1.7720194
-3.442936 -1.6553469
-1.0698922 -1.9508967
-0.7139939 -2.112011
-1.8323426 -1.7318848
-2.3860416 -1.0017511
-2.2690349 -1.7662461
-1.6880572 -1.3274174
-3.05767 -1.3789259
-1.8740951 -3.3568902
-1.4402361 -2.556808
-1.8430676 -2.535423
-1.5587386 -2.1136727
-1.1593705 -2.6578238
-2.616993 -0.37500966
-3.5249133 -1.6974778
-3.9583254 -3.747575
-2.8654847 -2.7196932
-2.1254945 -2.2512896
-2.0156357 -4.015442
-2.7207522 -2.0620673
-2.5732975 -3.2511005
-1.5345682 -1.8093495
-1.305709 -1.4035652
-3.0671186 -2.8836534
-3.0546465 -2.379206
-3.1903744 -1.351223
-2.764544 -1.7371691
-3.0752897 -2.3155427
-2.8011656 -1.8014247
-2.5863938 -2.5721588
-2.8963323 -1.5504415
-1.562439 -1.5542322
-3.267744 -1.9868977
-1.1689116 -4.4192038
-3.4848804 -1.6803894
-2.052236 -2.370954
-2.1909862 -1.3239893
-1.747009 -2.1632497
-2.070458 -1.6683283
-3.3027453 -2.225717
-1.6438957 -2.7507036
-1.1605414 -1.62967
-0.87906635 -3.3415477
-2.751145 -2.5865138
-2.5652509 -1.6873211
-1.7598835 -2.4920206
-1.8996714 -1.4638956
-2.14882 -2.7197444
-2.4814668 -2.92908
-2.784319 -1.921647
-1.6434541 -2.299868
-0.9626895 -1.8744651
-3.2088385 -2.2891958
-2.0920172 -2.7313604
-1.8814255 -2.243218
-1.049114 -1.4301132
-1.96344 -1.0112637
-0.9160072 -3.2805622
-0.8380587 0.18932484
-1.6515831 -2.705929
-3.2701383 -2.1849008
-2.2802753 -3.3720658
-3.1503654 -0.6002513
-1.1618264 -0.8883823
-1.9985701 -1.7531377
-1.9874722 -1.3543226
-2.7265291 -2.2467277
-3.4259486 -3.2021651
-2.676159 -1.4609834
-3.098782 -1.6807091
-2.1664665 -1.6258497
-0.99139684 -4.2730737
-1.6572604 -2.6880372
-1.6536912 -1.7027644
-2.4084315 -3.6518672
-1.4863956 -0.9420959
-1.3902186 -3.5359514
-1.5291208 -2.8227146
-2.9456205 -2.3318532
-1.2656043 -0.97039247
-2.8182616 -2.0832086
-1.0893791 -2.7793777
-1.8355894 -2.8085842
-2.5495963 -1.0557919
-2.4674392 -2.2862804
-0.90816855 -2.2975385
-1.7250708 -1.986258
-1.5562649 -2.5464776
-3.504239 -2.7551255
-1.2169795 -1.8728346
-1.8977565 -1.7396408
-3.0862699 -2.238505
-1.8856515 -1.6301992
-2.9388475 -2.7328258
-3.0752993 -2.684574
-0.60681 -2.9042675
-1.0336429 -1.9799649
-1.5395309 -2.1009333
-1.7987539 -1.8455648
-0.8959038 -3.434874
-1.6579217 -0.595816
-2.3299327 -1.8867226
-3.63768 -2.489156
-2.1282883 -1.419397
-2.0000813 -3.0277596
-2.3670273 -3.3070261
-2.834844 -1.9395406
-0.5929086 -4.220725
-2.8130794 -2.188849
-2.3434157 -1.4613986
-2.4004908 -1.702084
-2.5920367 -2.2405696
-3.499165 -2.7114592
-2.7773428 -1.8371814
-1.3887467 -3.0225801
-1.9941518 -2.3376448
-2.016682 -1.6799252
-3.137899 -1.9170204
-0.6568595 -1.7684036
-0.47898442 -2.1818395
-2.4991336 -2.671729
-3.2116895 -2.2304995
-2.4388628 -1.092936
-1.8901845 -3.2873852
-2.0109625 -3.4780364
-1.0801997 -3.7428024
-1.7547805 -1.7640195
-3.540275 -2.2764025
-0.42669383 -3.062519
-2.2215395 -2.2805572
-1.7157038 -1.9743692
-1.1979859 -1.6329232
-2.9562974 -2.392484
0.14060107 -2.8853667
-1.7522516 -2.1760893
-2.4390922 -1.6817002
-2.464703 -2.5850244
-0.22374567 -2.4952111
-2.0344234 -2.1288188
-2.89927 -1.9636246
-1.5896335 -2.1277385
-2.5707831 -3.309305
-1.4783814 -2.3694327
-2.6171088 -2.025734
-1.9788704 -2.0296571
-1.1952244 -1.1565585
-2.3379998 -2.374329
-2.692831 -2.5426965
-3.4761925 -2.2144709
-2.6959376 -1.5671405
-3.1001158 -2.2248387
-2.595718 -1.612262
-0.68150234 -3.4322662
-2.4664912 -2.952385
-0.4788912 -3.6259127
-1.1820688 -4.1190143
-1.174054 -2.2279007
-2.2478256 -1.4154133
-2.7528677 -2.5237136
-5.2919593 -5.484098
-1.8075923 -2.2426932
-1.1489732 -4.2512417
-1.837609 -2.387231
-1.3527732 -2.8010497
-1.535423 -2.4776998
-1.853729 -1.7359588
-1.5991006 -2.0405157
-3.8464265 -2.7820048
-1.9740896 -1.6996224
-2.936082 -1.9599059
-0.4172353 -2.937061
-1.4396915 -2.7720606
-3.2804046 -2.4721014
-3.8325753 -2.190201
-1.8745329 -1.6074156
-2.8362818 -1.9493506
-3.1900191 -2.2558968
-1.0523772 -2.5571632
-3.0910273 -3.3210351
-1.8355302 -1.2255522
-2.5821314 -2.180843
-4.175322 -2.2856245
-1.1756191 -3.8835933
-2.8307753 -1.3012736
-2.2928724 -1.269085
-2.0869126 -2.2531803
-2.138832 -1.9420264
-2.8049798 -1.6365334
-2.76014 -2.2245662
-3.0710702 -2.8800237
-2.0699453 -1.5622531
-3.795177 -3.0792406
-2.2351475 -1.4824889
-3.1824698 -1.7029339
-1.138996 -3.3260772
-2.8754792 -2.2405088
-1.3540243 -1.9877348
-1.1951461 -3.0850053
-1.2043027 -0.7116304
-1.957199 -2.4270823
-1.0986071 -1.3670859
-0.6294329 -0.81501335
-1.4486692 -3.0920718
-0.98008764 -3.7557385
-2.6503363 -3.9719098
-3.346119 -2.225972
-2.1905062 -2.1878703
-2.898336 -2.5535786
0.009905487 -3.551847
-1.8223591 -2.088842
-1.621866 -2.9040234
-0.17096803 -2.962762
-2.746286 -1.1366866
-1.7032864 -2.2928164
-2.0069056 -2.9091127
-2.0579143 -1.819624
-1.6050693 -1.2433555
-1.7495703 -2.3794756
-0.6510678 -3.0677223
-1.9440174 -1.6685479
-2.6100469 -2.0254016
-0.5021777 -1.342672
-2.357923 -1.1914982
-2.9476304 -1.8909273
-2.8477945 -2.712748
-1.6889503 -1.8852377
-2.0928845 -1.0272267
-2.8363829 -1.7349735
-2.4428878 -2.0954356
-2.945745 -2.8577268
-2.9168243 -1.9705114
-3.3977013 -2.8903122
-3.3800101 -2.224086
-1.0100948 -3.4540193
-1.9250485 -1.6275746
-3.1889377 -1.3195915
-3.1436758 -1.8987606
-3.2478724 -2.6009495
-3.1406007 -1.7417179
-3.4237194 -4.070679
-1.895775 -2.824487
-1.6163499 -1.8296375
-1.266188 -2.02723
-0.8061702 -3.4057608
-3.2895184 -2.3728728
-1.8314012 -1.879507
-3.8237243 -3.120166
-1.69104 -2.0313213
-0.15489444 -2.88667
-3.0192266 -1.9172484
-0.3340656 -4.500339
-0.68663657 -3.0144582
-2.9962249 -2.2044983
-0.78872484 -3.1334276
-2.4876094 -2.9024746
-2.077911 -1.1885564
-1.6627167 -0.79029894
-0.4208923 -3.5587482
-2.3232431 -1.6449178
-0.9945884 -1.5705792
-1.1324699 -3.1728442
-2.7379556 -1.0358245
-2.6579618 -1.6426868
-1.2919434 -2.3404405
-1.4044527 -3.4514575
-3.0061255 -2.0819983
-3.5472264 -2.354841
-2.1326423 -1.5004268
-1.4648858 -1.6486295
-2.2317185 -2.3277957
-2.9794126 -2.4032166
-2.8212247 -1.364446
-2.210086 -0.6962441
-1.2962699 -3.5947585
-0.97087663 -2.701226
-3.1033196 -4.1111526
-2.1673865 -1.4220823
-1.5429715 -1.3330929
-0.929188 -3.3561468
-1.1594162 -2.8592973
-1.4399387 -2.0255787
-1.6208154 -2.4741833
-1.3487637 -3.3219602
-1.2763493 -0.8323588
-2.9160151 -1.5325198
-1.0312811 -2.284937
-2.3748446 -1.6541296
-2.9062934 -2.026214
-1.7675586 -2.3209891
-1.7207738 -2.8081882
-1.1848292 -2.328042
-3.083816 -3.5787168
-2.9966269 -1.8550346
-2.0935583 -0.8768458
-2.1580777 -1.2804787
-3.3224072 -3.6857173
-2.3713403 -3.25078
-2.0162354 -1.7615136
-0.9504014 -3.645581
-2.079381 -1.3118523
-2.3155375 -2.0380254
-1.5838872 -1.186851
-1.5828538 -2.925918
-2.4342623 -2.0648317
-0.7775785 -3.7326777
-1.7744205 -3.3510754
-3.18285 -2.1187055
-3.1191688 -1.8709669
-1.4973569 -1.1075737
-2.2546859 -1.8797162
-2.6840968 -1.4149816
-1.3881397 -1.8967509
-1.6706748 -2.7120028
-1.6911451 -0.9689158
-2.0981395 -1.9537346
-0.48226076 -1.5637826
-1.6037594 -2.5753052
-2.71832 -1.7211801
-2.4482017 -1.0352333
-0.61538947 -1.7224523
-3.2972836 -2.223161
-2.1948757 -1.2452728
-2.1802897 -1.8840826
-0.81173587 -2.1876545
-2.3877592 -2.1485682
-1.951557 -2.3735225
-0.35804677 -2.7535717
-2.5591154 -1.5809635
-2.3831964 -1.3407514
-1.5365837 -2.4800742
-0.7726504 -2.8513646
-2.3429198 -1.1013066
-2.342842 -1.7763608
-1.5811422 -2.4275079
-1.3987745 -1.694309
-1.9702652 -1.5703622
-1.6795875 -1.1922055
-2.7543588 -2.9269764
-2.5766282 -2.538733
-2.1539125 -2.9919941
-2.4034047 -2.7982225
-2.5013256 -1.1197858
-1.4811946 -2.9008114
-1.8343879 -2.3315792
-2.074779 -1.90636
-1.4165838 -1.5076127
-2.9715657 -1.4499736
-1.4663581 -2.33983
-2.598895 -1.5111665
-2.1629758 -1.8118831
-1.3912039 -1.7076145
-2.1646404 -2.370325
-1.9820191 -2.016278
-2.0101924 -2.983553
-2.1191504 -1.997028
-1.1219493 -1.9748868
-2.9071136 -1.9020486
-3.1300159 -2.5739362
-1.5004404 -2.3911164
-3.476098 -1.9049057
-1.714443 -2.3077586
-1.369106 -1.4783826
-1.456149 -5.3658786
-2.2715025 -1.3495147
-3.1752186 -1.7644216
-1.001941 -2.1900747
-2.0272326 -3.7972052
-1.8638496 -1.3279656
-1.626142 -1.1828057
-1.9500545 -1.4607441
-1.3241062 -2.8597364
-1.8013918 -2.0237963
-2.5722866 -2.5640497
-1.7180231 -1.9627961
-0.85541344 -1.773896
-1.6567433 -2.4948697
-2.0748703 -2.1845582
-0.2091198 -1.9502538
-0.67385876 -1.665749
-2.429717 -2.4833672
-3.4547954 -3.4239628
-0.5916842 -2.5726662
-2.6719913 -0.9174795
-2.0889325 -2.8929453
-2.2188907 -1.3130288
-2.9204426 -2.03111
-1.8521439 -3.1236525
-1.8501426 -2.891662
-3.4149709 -2.6494248
-1.3959615 -3.0308354
-1.7776198 -1.4796462
-0.43395764 -2.4361782
-1.3469086 -2.9615257
-1.8729829 -2.1281915
-1.4359573 -2.1398132
-1.292631 -1.7041986
-2.3139257 -1.0369725
-2.0390801 -2.7207236
-1.1532125 -1.9056587
-2.7354894 -2.0756733
-3.1134505 -1.2975804
-2.9184217 -1.3484133
-2.4237685 -1.2049699
-1.5080017 -3.043535
-1.0818532 -3.3864791
-1.5955852 -1.6870245
-1.6260592 -0.9263639
-1.0935619 -2.148549
-1.5207647 -1.9687185
-0.516742 -2.263903
-2.629356 -0.87436163
-2.6377926 -1.77486
-2.1161187 -1.9739962
-2.0267406 -1.974005
-2.8869457 -2.2757397
-2.88799 -2.1223214
-2.4107156 -1.8024008
-3.7660055 -2.379798
-2.8183136 -2.0163052
-3.242721 -2.9828763
-0.374465 -3.651217
-2.3240156 -1.8565842
-1.3169627 -3.2139137
-3.4453964 -2.1357703
-2.1583982 -1.1645601
-3.0660882 -2.4560087
-2.251884 -2.1412413
-1.3612896 -2.4782894
-2.3515368 -2.3106458
-2.10476 -2.8842924
-1.9421295 -1.8307228
-2.3403788 -2.2575629
-2.4902554 -2.6009936
-0.6108253 -3.2105618
-1.3914304 -1.4508119
-1.853881 -1.5215802
-0.65182406 -3.2096772
-2.6725526 -1.2275654
-2.7903824 -2.659573
-2.264688 -3.2909868
-2.6866493 -1.6618278
-1.8374755 -1.6523156
-1.2999274 -1.8900295
-3.19872 -2.41934
-2.4801722 -2.8922892
-2.6481667 -3.1028988
-1.2127202 -1.5151016
-3.1999955 -1.5548878
-1.9414957 -1.3536687
-1.5563419 -1.7963063
-2.880342 -1.5284725
-1.1077317 -2.9611788
-1.5420843 -2.5860558
-0.39848506 -1.3992442
-0.6525117 -3.631993
-2.2648478 -1.5023202
-2.56081 -2.5643067
-2.122446 -1.617058
-1.3693062 -1.49399
-1.605336 -2.0136263
-1.9211102 -2.4144413
-0.530583 -1.7911439
-1.7464211 -1.718801
-1.505604 -0.96985716
-0.84096974 -2.4008632
-2.4043193 -1.3906019
-2.339254 -1.4711748
-2.994018 -2.978994
-2.6630168 -2.3986318
-3.5284448 -2.5959003
-3.3623438 -2.7388847
-2.858008 -2.219457
-2.0786748 -2.2077885
-1.2749144 -2.536782
-2.1855662 -2.7049036
-2.3831005 -1.8454454
-3.8069324 -2.1236775
-2.805777 -1.3625382
-2.1746855 -2.0304515
-2.1257937 -2.8678803
-0.20478313 -2.6321123
-1.7792078 -2.5922496
-2.32192 -1.9100342
-1.4740212 -0.7192548
-2.0281878 -2.2314165
-3.4463487 -2.5462725
-1.8718021 -2.7952461
-3.185296 -3.044929
-2.3050513 -2.889117
-2.9142737 -1.5700688
-2.904941 -1.5332801
-2.1403635 -1.1616344
-2.5627518 -2.1281226
-1.2342539 -0.81501716
-1.6910454 -3.449069
-1.5431224 -2.8429055
-2.056481 -1.7595645
-0.60083866 -1.5562748
-1.3487157 -1.8323668
-2.1204772 -1.322083
-2.6526165 -1.818015
-0.5954758 -2.4714217
-2.0688493 -2.3506157
-3.3299656 -1.9684854
-1.5827576 -2.8050833
-2.6472635 -3.1989622
-1.1875687 -3.0504944
-3.3848782 -1.310524
-0.455172 -1.8671893
-1.5321664 -1.9496058
-0.68466055 -3.0422258
-1.669651 -1.7638513
-3.4380822 -3.5345592
-1.2249653 -3.3735456
-2.0060103 -1.8025548
-2.110703 -1.8588465
-3.3795729 -1.8714458
-0.034554064 -5.675911
-2.2669535 -2.0332885
-3.168489 -1.9286258
-2.3996944 -1.4466918
-3.5871372 -2.2376812
-1.3191261 -2.275261
-1.5851973 -2.6855066
-2.0327072 -1.3943204
-1.4574378 -2.0403566
-2.47789 -1.2016181
-2.938383 -2.0116637
-2.6344237 -2.5897057
-2.382852 -1.9299457
-1.3669024 -0.9311152
-2.0804129 -3.173769
-3.6548543 -1.9663111
-3.2975535 -1.2462294
-2.3468108 -2.5153356
-1.1093109 -4.242598
-2.738677 -1.7330968
-2.342029 -1.4340175
-1.2072418 -2.9643462
-1.3662051 -2.1716628
-1.9652181 -2.193918
-2.1244764 -1.4534456
-2.89365 -1.8374096
-2.9744935 -1.1087134
-2.0280838 -1.6956787
-2.2966003 -0.9212128
-1.9732277 -2.2498848
-1.6251218 -1.7437009
-1.1796777 -3.8822868
-1.3497967 -3.0197256
-2.339766 -3.237181
-3.4226236 -3.08134
-2.2345817 -2.050635
-2.8083553 -1.500818
-2.86977 -1.8112146
-3.003663 -1.8646684
-0.60968304 -1.894137
-2.7037735 -2.4428937
-0.88591635 -2.2464519
-0.81069255 -3.099756
-0.6998931 -2.9870055
-1.0244085 -3.0952172
-3.1933842 -2.0098777
-3.3427668 -1.4177592
-1.1211159 -1.8994054
-2.2186108 -2.301922
-3.012673 -2.7327995
-3.2687426 -1.911197
-3.1279998 -2.4885306
-2.152658 -1.661755
-3.0270267 -2.264249
-1.8589662 -1.5406455
-2.3405113 -2.382827
-1.9284962 -3.6888473
-2.3845673 -2.091029
-3.1621294 -1.4761665
-2.5587654 -2.7331333
-2.2880478 -1.6288345
-0.34119564 -2.98645
-2.1583102 -1.9758644
-3.358086 -2.2159336
-3.653489 -2.453079
-3.0347447 -0.9069883
-2.2987647 -1.421459
-3.5210462 -2.8346696
-2.6130028 -2.0918748
-2.1622205 -1.2024453
-2.3244753 -1.2883245
-3.473527 -2.149875
-1.6956766 -3.5589764
-2.0143816 -1.0193349
-3.1761146 -1.4986489
-1.392074 -1.0845736
-3.0637765 -1.690327
-2.575109 -2.5548215
-1.7787083 -1.6288201
-2.4466867 -1.927855
-1.2652899 -2.4415915
-1.4422076 -3.3193831
-1.3507941 -3.208388
-1.4591148 -3.4078438
-0.97747505 -1.8829825
-1.318594 -4.647747
-3.0541143 -2.207137
-1.6258521 -2.2021122
-2.3161163 -1.2975451
-2.6697483 -2.0950983
-3.0564232 -1.8528396
-0.965321 -3.104063
-1.6115233 -1.4874109
-2.7134266 -1.2590799
-1.3635571 -2.0900464
-1.0903332 -2.2228403
-3.5154476 -2.0133653
-0.5992002 -3.9755733
-1.1803904 -2.3467312
-1.1446548 -1.1683093
0.05066365 -3.0404582
-2.247992 -2.743235
-3.1245952 -2.1673996
-3.3563814 -2.2726004
-2.7100158 -2.4322894
-1.8464308 -3.225714
-2.5170183 -2.2729144
-3.0417466 -3.0258045
-1.2299514 -2.28263
-0.5846449 -2.2302325
-1.6118462 -2.4323382
-2.2646446 -2.8478324
-2.6042652 -2.459765
-3.4575868 -2.7613044
-2.1666865 -1.796181
-1.304335 -2.243335
-2.084497 -3.411617
-3.217565 -1.5704114
-3.0584412 -1.9607912
-2.7709875 -2.8379288
-1.9752495 -2.2927418
-1.9262785 -3.4779806
-2.0947602 -3.6293736
-2.954338 -1.9152002
-2.5055342 -2.383674
-0.89169663 -2.273075
-1.8740207 -2.6700575
-1.8612033 -2.1564953
-1.2352109 -2.5086231
-2.2357738 -1.8528484
-2.1135538 -2.0111368
-3.4372082 -1.5511371
-2.4371042 -1.1493778
-2.3636026 -1.5655458
-1.6447808 -0.94755274
0.03549722 -3.380337
-1.9207108 -1.8629025
-1.457109 -2.1573186
-2.9369106 -1.6399668
-3.4938226 -3.4409583
-3.147512 -1.8708404
-2.8570414 -1.705576
-1.8979368 -2.2444973
-4.231165 -3.0378654
-3.012743 -1.7871797
-0.79155236 -2.7310688
-1.4476104 -2.8080595
-0.24229604 -5.3569016
-1.2342956 -2.4798603
-1.4505279 -4.165048
-0.69290984 -2.6197574
0.2718413 -3.2066543
-2.253602 -1.7470062
-2.4353385 -1.0536461
-1.1189151 -2.3953557
-1.9414506 -1.789221
-2.9364223 -1.6421789
-3.1774492 -1.3077284
-2.2149215 -1.8232737
-2.1045709 -1.8342069
-0.24068086 -2.0560758
-3.3901167 -2.5374224
-2.105352 -2.0106494
-1.5327785 -1.974783
-2.8182716 -2.4205544
-1.3588246 -3.8725183
-2.037992 -2.323343
-2.3086014 -2.38972
-3.5469728 -3.1130219
-1.2715788 -2.7917929
-2.7501554 -2.2505322
-2.4174552 -2.8052745
-3.3109217 -1.9150976
-1.7750251 -1.0373257
-1.473496 -1.030205
-2.3685079 -3.40088
-2.3662229 -1.2221017
-1.2642938 -1.345045
-2.75989 -2.050642
-1.8449365 -2.1435988
-3.6356487 -1.8845692
-2.0740228 -1.7488796
-2.491695 -2.130326
-3.1901674 -2.3614554
-3.4881587 -2.2329557
-2.5322084 -2.351286
-1.0741395 -2.9673223
-2.3041224 -1.8450148
-1.343032 -4.9105525
-2.3835626 -3.096664
-2.8706641 -2.5157635
-3.141572 -2.0501223
-2.3709373 -1.6295333
-0.06647904 -1.6760375
-2.4953113 -0.9231874
-0.34181193 -1.7863913
-2.392212 -1.8079926
-2.0157785 -2.840905
-2.8658128 -2.0972123
-2.0623198 -3.1966512
-3.063621 -1.5951521
-2.95442 -3.3043916
-2.454877 -1.3188072
-1.6013266 -3.0511546
-1.468506 -2.109239
-1.7088615 -2.9879508
-2.1910715 -1.2144426
-3.38408 -4.4003863
-0.4548201 -2.9788797
-0.39817047 -4.6172276
-2.563435 -1.7665435
-1.6167494 -1.0411896
-3.4968138 -1.8069199
-2.8368025 -2.645957
-1.7882191 -2.0273576
-1.8635288 -3.6183422
-1.3902366 -1.5602796
-0.6039785 -4.2448316
-2.308092 -2.754062
-2.6845207 -1.9214318
-2.5576725 -0.8513296
-0.26145783 -2.5286694
-2.8277078 -2.13158
-0.85393703 -1.66166
-1.7904923 -2.821959
-2.449462 -1.6519789
-1.822779 -2.1123435
-2.5485559 -1.6127521
-0.24811667 -4.6846776
-0.58142996 -3.0590105
-2.5842586 -1.795725
-1.6265519 -2.3498561
-2.9286323 -2.498868
-0.56900716 -3.318323
-3.0904942 -2.4333334
-2.1440327 -1.1154891
-2.6649766 -1.7030884
-1.9544194 -1.3798522
-0.9545051 -3.1575563
-3.7626042 -2.0868025
-1.4901239 -2.0567734
-3.1039495 -3.2924445
-2.3853083 -2.555597
-1.7623103 -2.4304042
-2.5370932 -1.9524544
-2.807621 -3.8197322
-2.173384 -0.83979464
-0.5923557 -1.5317997
-2.2383456 -2.1981037
-2.0814779 -1.2655108
-2.442452 -1.7679377
-1.8113889 -1.469121
-2.2213497 -2.9340694
-2.2412777 -3.043836
-1.6579474 -0.9882467
-0.40173572 -3.9452825
0.18727776 -3.0472562
-1.359989 -1.301823
0.39352983 -1.9881746
-2.0990386 -1.9825372
-1.7422086 -3.139754
-1.0619619 -3.0302362
-2.6147566 -2.925083
-1.4719461 -3.1929975
-2.6052232 -2.223163
-1.5861917 -2.5311174
-1.2976711 -2.4199224
-0.85199714 -2.7980735
-1.4602933 -1.2630602
-0.8441858 -1.9813718
0.009547085 -3.0838299
-2.5703163 -3.2383955
-0.8630681 -3.4544737
-1.7749418 -2.0396054
-3.8590684 -4.1760707
-1.5225135 -3.1410275
-0.9476415 -2.4885435
-2.3126626 -2.4822767
-2.7003317 -1.4933616
-0.8934503 -3.6748092
-0.8992874 -1.5407007
-1.2257911 -2.6800313
-3.1760302 -2.1944356
-1.6294475 -2.4953406
-3.1166744 -2.3773327
-2.005769 -1.4016478
-1.035804 -2.2277474
-0.32034588 -2.6531146
-2.3387356 -2.9734101
-0.3251004 -1.982297
-3.6136637 -2.0178368
-2.7910624 -1.5220681
-2.6133823 -2.611157
-1.2591248 -5.3471565
-2.5607004 -1.0775952
-1.0606661 -3.2171423
-1.689802 -2.523422
-3.2060037 -2.612064
-1.8702618 -2.332341
-1.9140435 -3.818821
-1.6896523 -1.8669597
-0.9244368 -2.3103328
-2.6213527 -2.0809865
-2.0657363 -2.7447202
-2.1520572 -2.3558066
-1.3991641 -1.5423113
-1.3621348 -3.7285612
-2.3909888 -1.2281959
-1.3508323 -1.0465605
-0.1857881 -2.1220262
-1.7015575 -3.3509486
-0.27338943 -2.583287
-3.1661186 -2.0705986
-2.5877624 -1.4037526
-1.3157583 -2.3803205
-2.1370354 -2.6154363
-3.8841848 -2.3943393
1.573952 -3.3362873
-1.8602926 -3.1757853
-0.5784297 -2.948137
-1.2365048 -2.311402
-2.331149 -1.3626876
-0.43989465 -4.0655117
0.60161036 -2.290147
-1.573941 -2.2759018
-1.8224144 -3.5837498
-2.1423907 -3.0713832
-1.2621694 -3.340665
-1.4363086 -2.7869074
-1.2999657 -2.7436106
-2.4449987 -1.4903665
-2.7365284 -2.4624364
-1.2909198 -2.395912
-2.6928887 -4.547603
-1.5217705 -2.0527194
-2.308875 -2.3772383
-2.278112 -1.1935983
-1.6095265 -2.9589074
-2.3334432 -1.4774001
-1.8075943 -2.7955697
-2.3092108 -1.9546804
-2.7056832 -1.98928
-1.5302353 -1.7378132
-3.1310582 -2.2056026
-2.1075935 -2.1853564
-3.358284 -2.7696326
-2.9161477 -1.4835926
-2.189542 -1.8818256
-3.9104 -1.3758769
-1.8980467 -2.9009526
-1.0587878 -2.5240967
-2.78473 -1.6503712
-3.3806129 -2.9211059
-1.5027136 -2.687811
-0.43418866 -1.9397742
-2.136629 -2.1620286
-3.1146507 -1.7323712
-2.2653952 -2.010821
-2.614873 -1.5122849
-1.204952 -3.0083725
-1.5112219 -2.5410988
-1.7180964 -3.463363
-0.41229564 -1.1689821
-2.2954817 -1.4006399
-3.0833268 -1.6448319
-1.8447356 -2.4564734
-1.562253 -4.020366
-1.4913797 -1.032441
-1.0328089 -3.4075906
-3.614255 -3.1973119
-3.0655217 -2.3186672
-2.690528 -1.5314474
-1.2799839 -1.2734292
-1.7479424 -2.1171863
-1.7126021 -1.8062953
-1.166049 -1.8830305
-2.3237472 -2.8773005
-2.2315254 -1.9232032
-2.2580266 -1.361542
-2.8449388 -1.7971727
-2.8331604 -1.9919366
-2.1259732 -1.4123625
0.09820101 -2.916315
-1.1781101 -3.306496
-0.73353755 -2.911618
-2.5041375 -1.3339144
-0.21487778 -2.9511054
-1.582109 -2.2776058
-3.2348475 -1.8084942
-1.8378153 -2.0832586
-0.882988 -2.7090323
-1.9315023 -1.725113
-1.2899835 -3.0607276
-2.598393 -1.4368991
-2.4035568 -1.129339
-2.9138255 -1.6801807
-2.3218665 -3.2259066
-2.6817455 -1.5678623
-2.8736062 -2.8154848
-2.7703528 -2.7139552
-2.2651005 -1.4741458
-1.6824846 -1.1168971
-0.7438786 -2.3372371
-2.6665301 -3.075092
-1.7514975 -2.829227
-0.6913352 -2.0350864
-2.485361 -2.4039447
-1.6426437 -2.3054688
-2.7143288 -2.6355388
-1.559944 -3.7923641
-1.9803604 -2.8662736
-1.2668694 -1.4877095
-1.639224 -2.8996296
-2.111997 -1.1397932
-3.7783732 -1.5251143
-1.48707 -2.3032346
-1.3896952 -1.418204
-2.0802019 -4.2007785
-1.7649382 -3.3971045
-1.5785042 -2.8785048
-0.019620001 -2.7770312
-2.622342 -1.2181144
-1.3099434 -3.6146219
-3.166367 -1.99893
-0.23968832 -3.233428
-1.8064342 -2.1568365
-2.7446103 -1.7893567
-0.83359087 -4.9087005
-2.0233788 -0.7821745
-3.177609 -1.2851293
-3.3959665 -0.8438323
-2.4379601 -0.553689
-2.2246842 -3.2348444
-2.4574075 -1.2046658
-3.215179 -2.8149145
-2.1650517 -1.4118546
-1.8624921 -1.4456077
-1.1453702 -1.136163
-0.3719636 -2.7044373
-3.41677 -2.6879258
-1.757697 -1.3397565
-1.1106795 -3.8956528
-3.5472755 -2.6755235
-1.0764395 -4.172863
-1.9732456 -2.3689258
-3.2450848 -1.2044988
-2.7346182 -1.497502
-2.3490992 -1.8888534
-2.2687244 -2.1593947
-1.351663 -2.3292458
-2.4976463 -2.2538505
-1.3917173 -1.7912574
-1.2626808 -1.7982571
-2.5688505 -1.9627779
-1.3563149 -4.003342
-1.9230736 -2.0973365
-2.1467037 -2.857657
-1.4459641 -3.1170123
-3.385623 -2.2212427
-1.191667 -0.98367083
-2.567531 -3.3627017
-2.6561537 -1.6820885
-2.96592 -1.9682218
-3.4696217 -1.5695777
-1.6132027 -2.3078568
-2.6516619 -1.5794023
-2.7249331 -1.5791013
-0.8179244 -2.0793123
-2.8165832 -2.9566884
-2.8367667 -1.1609825
-2.7354636 -2.494537
-1.7613721 -1.2232424
-1.2157118 -3.663665
-1.8223705 -0.5674598
-2.3087397 -2.066974
-1.453588 -2.2531483
-1.2233403 -1.9695634
-0.83427185 -0.647258
-1.5369033 -2.413987
-1.9394326 -2.6607487
-1.660514 -2.4106715
-2.3824592 -2.138502
-2.0003047 -3.9078894
-2.538588 -1.7045922
-3.4000688 -2.9087803
-2.2787228 -1.8850627
-1.0163617 -3.0448341
-2.8704915 -1.2896794
-1.2371624 -1.1977618
-0.7559969 -2.9694235
-1.6862241 -2.2675674
0.74763453 -2.5833712
-1.0391618 -2.6446598
-2.7713847 -2.3054137
-1.9110017 -2.302798
-1.5830096 -2.062293
-2.312201 -0.6732804
-2.4413342 -1.600899
-1.7130855 -2.5963287
-0.19938156 -2.9688969
-1.3173823 -3.9150326
-3.0934758 -2.4199307
-3.4435606 -2.1218297
-1.2760385 -2.7717702
-1.8629538 -1.8058122
-0.8863116 -1.8285949
-1.7050905 -2.3396816
-3.5651865 -1.8480015
-1.1311331 -1.8527213
-2.5457067 -2.4024377
-2.497116 -1.7494369
-2.4889145 -3.0499403
-1.9189001 -1.6338297
-3.0389824 -2.989621
-1.7354006 -1.3045444
-1.6195918 -2.626007
-0.23534106 -3.1966197
-2.3874726 -2.4554074
-2.6729198 -1.4192288
-3.2974935 -1.9676682
-2.282311 -1.895184
-2.2623525 -0.8557692
-2.7264218 -1.2361825
-2.9378805 -1.3657172
-1.7606871 -2.1559062
-1.2711847 -1.7907802
-2.784052 -2.7936702
-2.8276715 -2.162149
-2.7266922 -3.5303051
-2.78855 -1.8719957
-2.8528152 -1.5406189
-1.2886864 -2.9471817
-1.4476906 -2.0722816
-1.3314291 -2.608976
-1.7664449 -2.220165
-1.6077543 -4.004016
-1.6712774 -1.6494586
-1.4358175 -3.98799
-2.5066543 -2.9870732
-2.567503 -1.6329238
-1.706728 -3.7852063
-2.500845 -2.4128423
-0.8036774 -2.572627
-1.5674136 -2.8411243
-0.9920667 -0.81337297
-1.953587 -2.1556103
-0.8155847 -3.9648676
-1.3545966 -2.8607707
-0.6460955 -2.1989384
-1.411345 -1.9203529
-2.0198545 -1.1599725
-2.2112548 -3.1066728
-0.7183175 -2.618786
-0.9834732 -2.757872
-2.3297834 -1.5483397
-2.9924455 -2.333616
-2.6680217 -2.7356126
-3.4148316 -2.4063916
-2.5952158 -2.3589313
-1.9245652 -1.8670199
-3.1607366 -1.4237567
-1.9385946 -1.3563141
-2.8090262 -2.13882
-1.7569312 -1.7944994
-3.1246867 -1.0691944
-2.4104133 -1.8061501
-2.1999555 -2.8935983
-1.6706871 -1.3252097
-1.8829435 -1.9634178
-2.1077504 -1.3460654
-1.5684128 -2.8113515
-1.7531766 -1.2443238
-0.37551457 -3.8840065
-1.539702 -1.6492976
-1.3202372 -3.0101376
-1.387484 -1.6699245
-2.4233022 -1.2839305
-1.2282202 -2.8940423
-2.3977804 -1.4725866
-1.6760027 -2.9199378
-3.7089953 -2.0685205
-0.7567816 -2.6697812
-3.0412965 -2.0971859
-1.4206489 -2.3581822
-1.2073762 -3.4688475
-2.488267 -2.6487424
-2.7815661 -1.5243852
-2.8422937 -1.3458105
-0.40887773 -1.5196275
-1.8871368 -1.1658975
-1.6243037 -1.1968892
-1.5920112 -2.434531
-2.5078235 -1.343154
-0.1683432 -3.6107028
-1.6155632 -2.6147835
-1.2594395 -3.145722
-2.3593254 -1.3059154
-1.5975084 -2.3082197
-3.011579 -3.3368986
-2.2206192 -1.9970201
-2.18637 -1.5366828
-3.3837008 -2.778065
-1.1201187 -3.641295
-1.1879421 -1.1774447
-2.7554345 -1.8769859
-1.1444007 -2.383091
-2.1203253 -1.9877349
-1.8058946 -2.6141617
-3.084723 -2.0242605
-2.0180254 -1.777879
-2.2166953 -1.015427
-2.3793035 -2.9293175
-1.1885724 -2.5406606
-2.1620212 -1.5030738
-1.5635037 -2.8946598
-1.514805 -3.0038788
-1.1154794 -3.142561
-0.86325926 -2.8946624
-1.5404925 -2.7748141
-2.6772475 -2.5074604
-1.1299632 -4.7989264
-1.0419703 -3.4292066
-2.3561502 -2.0760422
-1.8820664 -1.0351775
-1.0952554 -3.0533159
-2.563385 -2.8649783
-2.159083 -1.4607252
-0.6190736 -2.6948373
-3.6098018 -1.5329406
-1.2580485 -2.5238683
-1.2545849 -1.4476482
-0.8037504 -1.7722644
-2.832468 -0.9679829
-2.5150971 -2.135938
-0.9980956 -2.7176707
-2.4864283 -1.5740728
-1.9342843 -2.4592304
-1.9207381 -1.8823183
-1.6137893 -2.5461514
-2.385682 -3.0172906
-2.4024577 -2.8109827
-2.0747805 -2.875807
-3.195467 -1.3909357
-1.579064 -1.0045962
-3.3074718 -3.0606503
-1.4886742 -2.8039837
-1.127646 -1.3296283
-1.7204721 -2.465705
-1.8596632 -1.7732462
-1.0489215 -2.8333778
-0.36857462 -1.3442978
-2.1676517 -1.0338624
-1.8272499 -1.1247025
-0.97518003 -3.0534785
-3.0665078 -2.0642967
-1.562933 -4.053518
-2.666956 -2.250945
-2.5700464 -2.3979573
-1.5742203 -2.1258514
-1.8059565 -2.6843984
-2.4721737 -1.5256402
-1.0665019 -2.581147
-1.8858365 -2.6268458
-2.8662138 -2.4382436
0.20515889 -2.6489902
-1.7191449 -2.0678682
-2.1970596 -1.5305437
-3.2090845 -2.2978375
-3.9070048 -2.245502
-0.96808624 -3.5736845
-3.144137 -2.37947
-2.067865 -2.184529
-2.140692 -1.2408024
-2.7801623 -1.5376207
-0.3566249 -1.1077894
-1.7260723 -1.0825773
-3.4700842 -2.4160297
-1.4444084 -1.9224598
-2.6403584 -1.6917372
-1.5818492 -1.2636305
-0.9283837 -3.9014862
-1.6949291 -2.6474698
-1.87935 -2.2954648
-2.0653708 -1.0697911
-1.5597796 -3.6637225
-2.8276753 -2.4351833
-1.8666143 -3.5180752
-2.7418919 -1.6071346
-1.9779382 -2.3461754
-3.1279945 -1.5695237
-3.3255634 -1.4948654
-1.5387235 -2.5640388
-2.7377405 -2.05983
-2.2159233 -2.6368463
-1.2576504 -1.4825442
-0.6456206 -2.641303
-1.9428909 -1.9760236
-3.1180797 -1.7988502
-0.6691515 -2.6901407
-1.3522073 -2.5009546
-0.41266146 -0.3837849
-1.0135093 -1.1146243
-1.5058813 -2.7008111
0.10690978 -3.1334639
-2.4218693 -2.0851486
-1.4344656 -1.8889827
-3.571321 -2.8044813
-0.58033955 -3.8252802
-1.6992638 -3.2010462
-3.388867 -2.186416
-0.11201337 -2.5727863
-2.400577 -2.1480858
-1.6691856 -1.223842
-1.4800571 -2.12284
-2.7496195 -2.0178068
-1.7290343 -1.5883744
-2.296351 -1.225677
-0.62646025 -4.9052453
-2.1752353 -2.5036867
-2.560092 -2.4355717
-0.641989 -3.0684948
-1.6685722 -1.6810533
-3.4493933 -2.422187
-0.9877092 -2.042877
-2.158266 -1.3872548
-1.0123358 -2.4856634
-0.66704214 -2.6793156
-1.9563597 -2.5419633
-3.6668668 -2.5837386
-1.450134 -2.2517345
-0.07560919 -3.3785322
-2.2969122 -1.7333312
-3.8851328 -2.3533113
-3.3197012 -2.2727878
-0.7679816 -2.8560302
-1.8507309 -3.0360727
-2.536221 -1.2388611
-0.5080199 -4.0475616
-3.0933805 -1.5439031
-2.7011466 -2.3736296
-2.5529666 -1.2407439
-2.2371957 -1.3698936
-1.2559185 -1.3692478
-3.2966518 -1.4090062
-2.724986 -2.4694955
-2.2939649 -0.8418818
-2.9971538 -1.9722852
-0.8151257 -3.536451
-1.1990099 -2.5439951
-2.144329 -3.0024922
-1.5699629 -1.5320446
-1.2387019 -1.9228979
-1.1633127 -2.5434
-3.2209044 -2.034116
-3.013579 -2.6506205
-1.3289037 -1.7947781
-2.5061092 -1.6841027
-2.4428682 -0.90653086
-2.5376368 -2.0715773
-1.2058578 -1.3024384
-0.20800489 -2.0978858
-2.5638962 -2.1446254
-1.6435525 -1.4534153
-1.9680672 -1.1817001
-2.0548658 -1.5994782
-2.0706205 -2.0163991
-2.0203662 -1.8473982
-2.5512547 -1.9305992
-2.805735 -0.828557
-2.128807 -5.8146467
-2.1036963 -3.3608913
-1.5208566 -1.2854661
-1.5909642 -3.8124795
-1.789591 -3.4929657
-2.9995894 -0.9266532
-3.2240143 -1.6374897
-3.175314 -2.7399852
-0.605412 -3.7324247
-0.58466804 -1.1381944
-1.540253 -3.6971884
-3.0498142 -2.0997977
-2.3200474 -2.3524427
-2.5133138 -1.9955181
-3.1660814 -2.3577645
-2.148574 -2.216307
-1.6205671 -1.083299
-3.4736295 -1.9867774
-1.0673225 -1.8871902
-0.06771305 -1.5263046
-2.8666325 -1.3338193
-0.7227169 -4.1980104
-3.121911 -2.2656858
-3.3498511 -1.6232857
-1.1542222 -2.0112007
-1.1116371 -1.951818
-0.4833545 -3.847857
-0.7074276 -1.6748756
-3.0374436 -2.2161453
-0.57755744 -0.6058974
-2.0737472 -1.9726402
-1.1234789 -2.077783
-1.4011619 -1.5086796
-2.869543 -2.275214
-1.5829024 -2.3739853
-1.1721506 -3.3651252
-1.3367587 -2.5386114
-3.6872172 -1.3228801
-3.419547 -1.2197547
-1.7025712 -1.3228651
-2.54385 -1.9997655
-2.0245502 -1.0931047
-2.920714 -1.8860655
-1.8226572 -1.9400959
-1.5741647 -3.2011268
-2.4658146 -1.2784568
-3.0810175 -1.5434954
-2.6661015 -1.3858075
-1.436572 -2.5019376
-3.9332857 -2.819651
-2.1723275 -2.1023362
-1.8376709 -2.7436512
-1.3084725 -3.4569585
-2.7818708 -1.8378173
-3.0845618 -1.1901889
-3.121458 -1.5071132
-3.8365893 -2.7164319
-1.9052458 -1.815501
-2.877349 -0.92535776
-2.1914182 -1.5203626
-3.1191049 -0.8372468
-1.5337733 -3.3029845
-1.8595715 -1.655068
-1.3744584 -2.7481477
-1.8366115 -1.6206508
-2.0009494 -4.598084
-1.8598741 -1.0499077
-2.6455889 -1.767084
-1.9175615 -1.8724117
-1.1131017 -3.0718548
-2.4477725 -2.5860894
-2.999035 -1.9810456
-2.3667526 -1.6637644
-2.1048455 -0.65956604
-3.299817 -2.8917766
-1.1826088 -2.2346458
-2.3460526 -3.26724
-2.5770254 -1.1119633
-1.4335178 -2.0172443
-2.68016 -1.7426424
-1.9783719 -1.2409284
-1.9703345 -1.6029949
-1.809579 -2.3347156
0.18808845 -3.1250176
-1.1114594 -2.6913748
-2.5635743 -2.417316
-3.0382528 -1.416653
-1.4018915 -1.7834712
-0.70028174 -2.3490858
-2.0590537 -2.2291257
-2.7024016 -2.8361425
-1.0296535 -1.4261892
-3.8111415 -2.1569045
-2.000382 -3.443349
-1.8209479 -2.80453
-1.5658149 -2.8249025
-0.97637475 -1.9106888
-2.873046 -3.656815
-1.361987 -2.6908753
-4.0237117 -3.0195508
-2.4392834 -1.4279379
-2.3052487 -1.5669905
-1.3376069 -2.402239
-2.0432954 -1.7334986
-1.5893111 -2.425894
-1.6750853 -2.8245847
-0.40327734 -1.9786896
-1.7311078 -0.5823934
-2.5004554 -2.6273627
-1.7870181 -1.4162908
-2.4969544 -2.0033343
-0.9132607 -2.171222
-2.2781897 -2.7845447
-2.1305165 -2.7406623
-2.947227 -2.9660923
-2.893464 -2.379854
-0.8730318 -2.336521
-0.6902472 -3.502469
-0.25733837 -3.070506
-1.3768923 -2.06697
-3.2572064 -3.2396913
-0.3833668 -3.405431
-2.6453261 -2.8093998
-1.7710736 -1.6063473
-3.553081 -2.6151438
-2.375175 -1.4904162
-2.820518 -2.9042947
-0.9924497 -3.7243326
-3.5349755 -1.5984573
-1.0785104 -3.185624
-2.916614 -1.2620721
-2.7302747 -1.8509079
-1.8979675 -2.3350134
-4.049891 -1.4629788
-1.1306396 -2.0522099
-2.049789 -2.680358
-1.7634736 -1.6768844
-1.9769099 -3.3300688
-1.4158541 -2.9957125
-2.9384751 -2.860285
-1.0065461 -2.3143303
-1.5980232 -2.4432328
-0.9019414 -0.8396979
-3.2051444 -2.4100277
-0.97042483 -1.9166081
-0.75370353 -2.3729284
-2.0944827 -1.8778309
-1.7569586 -1.3529545
-2.2715898 -2.4493961
-3.059824 -1.9520787
-2.5253148 -2.8378065
-0.5083004 -3.794217
-1.9243629 -1.9178984
-2.065789 -2.1114197
-2.797913 -1.7042955
-2.8761883 -0.6779454
-2.8857288 -1.0200723
-1.9637516 -1.4899985
-1.384301 -1.6722255
-1.8901404 -1.6014214
-1.8153943 -3.4932327
-1.5497012 -1.6556464
-1.3804843 -2.3930116
-0.8108536 -3.5291984
-2.2590952 -1.8305615
-2.435564 -1.8936399
-1.744363 -1.4423066
-1.5729464 -2.4406228
-1.8831152 -2.2003524
-2.426 -1.6250827
-1.8073137 -2.1961575
-1.8779871 -1.4086167
-2.1345804 -2.235348
-2.8002858 -1.9056709
-2.1191378 -2.259584
-0.2830168 -3.8328722
-2.2278442 -2.638416
-2.3614955 -2.779097
-2.3099728 -2.156806
-1.9546509 -2.507059
-1.3386443 -1.796043
-1.6982287 -3.1691837
-2.38667 -1.9778711
-2.5997715 -1.8311751
-0.2892944 -2.364821
-1.8465722 -2.7685645
-2.8132463 -1.6785706
-2.6803412 -2.2749574
-1.7623777 -2.399253
-2.1726718 -1.9234442
-2.7786846 -2.7818203
-0.74669915 -2.6742663
-2.6008754 -0.69266844
-2.515902 -2.1010203
-1.0415254 -1.5692205
-1.5005693 -3.0557208
-1.2716135 -2.5748773
-2.0508585 -1.7988492
-1.4920071 -2.6714423
-1.8744118 -1.6992186
-1.6224859 -1.9780539
-2.7875047 -2.1456501
-0.6998968 -4.7386703
-3.098044 -1.5989999
-1.7875693 -2.0608044
-2.526298 -3.0039918
-2.208014 -1.9012363
-1.0927451 -3.1193068
-2.603393 -1.9585283
-0.9642335 -3.6933637
-0.34725133 -2.823283
-1.7778984 -1.7637955
-3.1893091 -1.4382583
-1.7512776 -1.5142595
-2.173891 -0.82529986
-3.2703085 -2.5349753
-2.1175432 -1.6405007
-1.7544253 -2.5929189
-1.2767277 -2.6698508
-1.3727518 -1.6432604
-1.1965488 -0.388377
-3.0342941 -1.8003592
-2.339384 -2.5392365
-2.5470686 -2.8507068
-1.6248395 -1.5256219
-2.1057427 -1.22172
-2.9090466 -1.4153131
-2.614009 -1.869249
-3.2216005 -2.0729706
-1.4346262 -1.2603507
-1.2736607 -2.3683398
-1.3405001 -2.238464
-1.8974408 -2.7018294
-1.2232668 -2.4976032
-1.2477016 -2.8320246
-1.6967399 -1.8571584
-1.8335968 -2.0776234
-1.5848044 -3.7795668
-0.9483118 -1.3638363
-1.7881931 -1.9483193
-1.4638908 -2.2341938
-2.8749504 -1.6054828
-1.0440795 -2.2161672
-0.9732215 -3.066566
-2.6446104 -2.2162862
-0.8840886 -3.1338258
-0.91683114 -1.0914215
-3.30759 -1.643264
-0.08823608 -2.3136027
-2.7309394 -2.3057876
-1.191068 -1.3556877
-2.0583825 -2.6983893
-1.8308475 -2.331481
-2.629547 -2.2703576
-2.3356924 -1.858179
-2.1745186 -1.5799694
-1.8575164 -2.7142487
-1.1700327 -3.5270722
-3.690215 -2.2884738
-2.769926 -3.3088992
-3.169683 -2.606933
-0.7538704 -1.6709388
-2.8289094 -2.3206062
-1.8838962 -1.6301352
-3.7066417 -1.5610317
-2.0944898 -2.5207403
-1.5137318 -2.082569
-1.4669017 -3.0458608
-1.5831524 -1.5046244
-1.2830228 -1.2620313
-2.4337416 -2.0839674
-1.2813745 -1.6259193
-2.744637 -1.7981709
-3.141171 -2.3329635
-2.3921938 -3.1014655
-2.1248453 -2.732029
-2.763906 -0.95035684
-1.5117642 -2.1447175
-1.2520238 -1.8916966
-1.2657455 -1.198171
-2.2749476 -1.3223021
-2.1460142 -1.5722378
-0.62169355 -3.1769516
-2.5822287 -1.109397
-1.0860544 -2.2470064
-1.5233073 -3.1690307
-2.2682319 -2.006752
-1.5705795 -4.4823484
-1.945904 -0.7678797
-2.3530016 -1.6639482
-2.58885 -1.8476237
-2.969719 -3.5805593
-0.2595048 -1.593313
-2.5553794 -2.6916673
-1.9616017 -2.3268557
-2.7571049 -1.0831352
-1.7261212 -4.2871065
-0.6140054 -3.4181945
-0.7898622 -2.2573326
-2.122863 -3.5208056
-1.919489 -2.2382638
-2.9433656 -1.7836372
-1.5687492 -1.3214276
-2.1793466 -1.1481183
-2.4961333 -1.8265203
-2.2349615 -1.8713
-1.3929313 -3.349861
-2.1157677 -0.67003405
-1.7938727 -2.911681
-2.2876935 -2.735267
-2.5953822 -1.2965326
-1.5187228 -2.3638248
-1.0326236 -2.7263258
-0.17675 -3.0294776
-0.60903573 -2.63171
-2.693006 -1.9049164
-2.1376238 -1.6131506
-1.9991679 -3.2376626
-1.7658864 -2.4061053
-0.114205435 -2.9566474
-1.5032046 -1.9102434
-1.0846869 -2.1726391
-1.2499452 -3.1884613
-0.14285666 -1.9368296
-1.4797726 -2.0490527
-1.5815475 -4.6369605
-1.388811 -3.428741
-2.4489727 -2.1541672
-2.4159832 -2.3320153
-2.8758798 -2.382784
-1.6462954 -3.001729
-1.6271447 -1.5033904
-2.5769763 -2.1986341
-2.1606412 -2.843243
-1.4001865 -2.3378003
-2.753986 -2.0544856
-2.143177 -1.4512644
-3.3389702 -1.8050003
-0.20016834 -2.0468001
-1.2854187 -1.3006655
-1.4304396 -2.9047117
-2.861341 -1.3833252
-1.6353872 -2.0540845
-3.4225898 -1.8623618
-1.2949823 -3.0767763
-2.6911402 -1.8976902
-1.3583179 -3.0267
-0.9893304 -1.4783099
-1.1524464 -2.2572036
-2.883524 -1.8817488
-2.829987 -1.2226486
-0.65317625 -3.2580903
-2.3973517 -1.9711003
-1.9125062 -0.46345824
-1.5364112 -2.8163583
-1.9296769 -2.4375193
-0.8515243 -3.489307
-1.7530724 -1.7907473
-3.3157187 -1.9032301
-2.271771 -1.1954294
-1.8584799 -2.0059733
-2.849028 -1.9316283
-2.497467 -1.9033257
-2.269701 -1.7766151
-1.7083727 -2.8526819
-2.3644981 -2.5832713
-4.3885 -2.388053
-0.7845491 -2.2821221
-2.649475 -1.2841809
-3.431614 -1.4421744
-2.2972932 -2.297295
-3.3083482 -1.6103992
-2.2534661 -2.2344286
-1.5271611 -1.3294455
-1.0564461 -1.202924
-2.4895644 -2.1638873
-2.2991838 -1.6626372
-1.4964118 -1.5321515
-2.3136454 -1.8830049
-2.0546112 -1.1582816
-2.574802 -1.5688794
-1.4441818 -1.7744397
-2.2639256 -1.7316415
-3.3969154 -2.2328408
-3.0846357 -2.2326655
-1.3532403 -0.76472926
-2.620244 -2.234125
-2.5464845 -1.6679225
-3.0020304 -2.876036
-1.7154212 -1.1123911
-2.5457544 -2.221532
-0.22484364 -2.187591
-2.0439348 -2.2789783
-1.4677142 -2.3461215
-2.663406 -2.738698
-1.2830858 -3.7977583
-2.3039002 -4.154956
-3.201733 -1.9594253
-2.4056196 -1.7410588
-3.1097765 -1.3926349
-1.6327108 -3.3474176
-1.2948058 -0.72699434
-2.4831562 -1.6437042
-1.1685834 -2.7884645
-1.2923795 -2.3418183
-1.3853058 -2.5800009
-2.0083842 -2.0805128
0.28181273 -2.6133916
-1.712617 -2.726536
-2.9957166 -1.8264706
-2.464385 -2.3903031
-2.9026933 -2.6369367
-2.9492798 -1.8103962
-2.3507519 -2.3392394
-1.350305 -2.8431814
-1.3573856 -4.0483074
-1.9144387 -0.8622032
-2.1235652 -2.7217045
-0.04370199 -1.6270831
-1.6125153 -2.2587306
-4.0116005 -3.5301285
-1.1227603 -3.0678885
-0.46424216 -3.5049527
-1.4176807 -3.857837
-1.6614795 -1.5142895
-1.8569157 -2.2446938
-1.2636087 -1.0605279
-2.309948 -1.5562115
-0.9767054 -3.449718
-3.3506193 -1.6875832
-2.4278383 -2.5220299
-1.8197402 -2.0790288
-1.1484149 -4.172211
-2.6061797 -2.2889154
-1.9429293 -1.3930663
-2.7317247 -1.623474
-2.7211156 -2.7162907
-2.7796845 -2.2371397
-3.0748243 -4.1182194
0.28113705 -2.9123108
-1.7621993 -1.4555687
-2.1329927 -1.0306933
-2.0081275 -1.9187603
-1.829043 -0.83339983
-1.948419 -1.9152176
-0.6427275 -2.6074424
-0.7402898 -2.0730255
0.10322395 -2.9312603
-0.99777436 -3.5891929
-3.2994757 -1.338451
-1.8013824 -1.1268842
-2.1675766 -1.4797451
-1.797737 -3.3472013
-1.650215 -0.43916932
-2.3245406 -1.6482757
-3.2879481 -2.1692116
0.108219236 -2.2744598
-1.3946308 -1.476279
-3.1735888 -2.6937964
-2.3187094 -3.3999455
-3.4166665 -2.7062933
-0.57378113 -3.9813094
-1.6144723 -3.4681373
-2.2649617 -2.8121061
-2.6784754 -1.7223496
-2.3478317 -1.6574928
-0.59606624 -1.8774384
-3.284752 -2.9486663
-1.4047549 -3.6180153
-1.6382874 -2.35697
-1.9154503 -1.7832875
-2.653377 -2.041384
-1.595408 -1.9900495
-0.24323395 -2.8494236
-3.453723 -2.3459039
-1.1316105 -1.1179936
-1.8600036 -1.5560204
-2.3515487 -1.5585668
-1.9456555 -2.1657987
-2.357294 -1.5888165
-3.142683 -1.519326
-1.0394366 -2.8373208
-1.4737535 -2.1503127
-2.527114 -2.5459242
-1.4993485 -3.1605182
-1.6467719 -2.1102655
-0.36255583 -1.9581252
-2.5670605 -1.8788322
-2.493289 -1.8815348
-2.651556 -1.9612652
-2.470953 -1.8352591
-1.2529633 -2.9150293
-0.91350347 -2.1669593
-3.0737667 -1.9318637
-2.2813091 -2.5372283
-1.9482868 -1.8546909
-2.3062463 -1.7043089
-0.7363383 -3.2053697
-2.59053 -1.072672
-0.8820434 -4.353961
-2.9456344 -1.4112862
-1.0534164 -3.8672733
-2.419263 -2.9140723
-0.12891313 -4.3342977
-2.568653 -1.5370404
-1.722923 -3.2507339
-2.1524863 -1.6648163
-1.87418 -0.7860013
-2.6986346 -2.9831686
-2.5340195 -2.755822
-4.0668616 -2.1823785
-2.643949 -0.78489876
-3.2148752 -2.0826085
-1.0153522 -3.4845424
0.14226213 -1.9540577
-1.0004283 -1.5287958
-2.5265055 -1.7768453
-0.7454046 -3.8502731
-1.2492746 -2.9122748
-2.2116678 -1.236847
-1.7571372 -2.1455624
-2.5422544 -2.4078016
-1.3993214 -1.8313177
-1.8050085 -0.98085326
-2.9016423 -2.5110562
-3.379343 -1.5138084
-2.2533212 -1.7397071
-1.0569103 -3.0404713
-1.96102 -1.0443518
-2.3368845 -1.7962935
-3.8449397 -2.419509
-1.3844398 -2.6551383
-2.3698244 -1.6016724
-1.5495006 -6.116875
-3.600863 -1.6749738
-2.0039349 -2.5989068
-3.0423856 -1.8632448
-3.0421724 -2.0579007
-1.7404609 -2.0756445
-1.2199647 -1.5223473
-1.3604522 -3.2104094
-3.2769675 -1.7151836
-2.515221 -1.3120409
-2.5437655 -1.5398164
-0.7219948 -2.1850703
-1.7416261 -2.5443728
-2.3433385 -2.610978
-1.0497274 -2.692367
-2.2381208 -2.7984176
-1.4946104 -2.7321572
-2.6763263 -2.3825598
-2.8925247 -2.5994856
-1.7002543 -2.1962683
-2.9485168 -0.85366744
0.2494179 -0.82111484
-2.924384 -1.5436814
-1.3266395 -2.616326
-1.180127 -1.7429811
-1.526722 -3.294165
-2.4639535 -2.844545
-0.72281253 -3.802742
-3.7516685 -1.9039491
-2.9290771 -2.2936947
-2.1468902 -1.4130846
-2.6449823 -2.0755956
-2.7096715 -2.1072545
-3.1937766 -1.944628
-1.4682612 -1.917541
-2.4998474 -2.207562
-1.673987 -1.7925097
-1.7786747 -2.5868888
-2.9522333 -2.3653378
-2.2042716 -1.4051708
-1.6927799 -2.1882384
-3.4794211 -2.2254746
-2.7474308 -1.2796465
-0.95080954 -2.0417614
-3.0619035 -2.658854
-2.2753344 -2.1321056
-2.9009256 -1.4009516
-1.152415 -2.9607422
-1.0603497 -4.097759
-2.0454488 -2.224121
-3.635942 -1.939051
-3.1377583 -0.8856028
-2.1868148 -1.7665015
-0.51326305 -2.691546
-2.0256119 -1.3617846
-2.095376 -3.4371123
-1.778223 -2.081147
-2.33989 -2.1189744
-0.7810403 -0.051652387
-0.9401195 -1.2092552
-2.5794654 -2.8376973
-1.5694203 -3.6636515
-1.0067031 -2.3479712
-2.9716992 -2.5191364
-3.6950607 -2.3740733
-1.8415558 -2.6883833
-1.1609266 -2.053927
-2.1850471 -2.2287521
-2.6250663 -2.3149383
-2.8751788 -1.3721151
-1.9588443 -1.7472217
-1.7300911 -2.6500573
-3.9920402 -1.9623791
-0.8857229 -1.2145294
-2.006404 -1.7057632
-0.43651512 -2.5857575
-0.75398016 -1.926363
-0.9496132 -1.5878924
-0.948555 -1.5240096
-2.832624 -1.2451428
-1.8424783 -1.9627382
-1.9014463 -1.3866373
-2.949964 -2.1256723
-2.5849533 -2.327921
-1.8277241 -1.8123009
-2.759541 -1.5573177
0.044062585 -3.6840134
-2.8896723 -2.0064893
-1.5406729 -2.7535195
-2.0306585 -2.6334405
-2.8740048 -1.1833901
-3.0125885 -1.4133284
-1.8049061 -1.4147305
-2.0248814 -2.2884061
-3.6039977 -3.0561595
-3.0338426 -0.90048945
-3.0609627 -2.587816
-1.9317974 -2.4870558
-0.9959892 -1.0277342
-0.9248057 -1.9249115
-1.6707921 -1.4767108
-2.805006 -2.7732525
-1.8065059 -1.7214198
-1.9271964 -3.072091
-1.2888991 -3.4537356
-1.0204164 -1.0903027
-1.0019755 -1.7127517
-1.9042103 -2.7858438
-2.3912396 -1.7941523
-1.0327336 -3.1824822
-2.5936852 -2.83505
-1.9290968 -1.4307083
-1.5178179 -2.8617399
-1.691425 -1.2727375
-3.2332373 -1.7686112
-1.2557425 -3.4686503
-2.2008402 -2.1782124
-2.1391401 -2.6072958
-3.5646882 -1.6924224
-2.194748 -1.1342248
-1.4784274 -1.6089784
-2.7154946 -1.9758049
-3.1188745 -1.7716812
-1.9680892 -4.1330237
-1.8456314 -2.090086
-2.117715 -1.6097262
-2.0732574 -2.379457
-2.198865 -1.2019209
-2.7935324 -0.52875656
-2.235695 -2.9948332
-2.81568 -1.6148509
-1.5692585 -3.8974178
-1.7027651 -3.6805353
-2.4110332 -2.2252228
-0.8261773 -2.2315702
-0.46675292 -3.3410664
-2.5103035 -1.0711925
-1.4545674 -2.5756292
-3.6320496 -2.501095
-1.8100593 -2.742941
-0.18878178 -1.5057218
-1.6213821 -1.1868335
-0.5447351 -1.8989564
-0.53037155 -3.2060008
-1.4287881 -1.5571723
-3.1724682 -0.92175573
-1.3809214 -2.8418424
-1.8933561 -5.183258
-2.4832263 -1.6003934
-2.8875508 -2.6639667
-1.7584393 -1.8670712
-1.9688046 -3.011662
-3.8188834 -4.869846
-2.0179787 -2.3411527
0.28466558 -0.15963322
-3.5154595 -2.1300433
-3.3904943 -2.3017175
-0.9772997 -1.6546333
-2.5352716 -1.162303
-2.5321298 -2.3669608
-2.7182279 -2.4429796
-2.2069833 -2.9143353
-1.1035836 -1.9411757
-2.4446979 -1.9401002
-2.088503 -2.1386726
-2.361577 -2.6125653
-3.3151393 -0.9850398
-2.2091308 -2.7494893
-2.9222388 -1.1414965
-1.2258134 -2.4732118
-2.88687 -1.1917083
-1.594473 -3.4124455
0.055122495 -2.5863361
-1.4956881 -2.1630538
-0.96928126 -2.46453
-1.2902046 -2.1766589
-1.1552622 -3.2897513
-2.4211264 -1.4163488
-0.58781886 -2.73235
0.024054378 -2.7227452
-2.0053377 -2.2148168
-2.4954863 -2.4937038
-2.4044538 -1.3928757
-1.7530305 -1.9035934
-1.1270664 -2.1292183
-0.59456885 -3.2119186
-1.4899844 -1.915193
-1.339579 -1.225253
-3.2318711 -1.858419
-2.20517 -1.1122062
-2.6106272 -1.1998351
-2.4354496 -2.0557554
-2.2856956 -1.6920239
-1.4876703 -2.1208441
-2.5497098 -2.6509995
-3.310968 -1.4962692
-1.5557176 -1.0772153
-2.520876 -1.8419125
0.41199255 -1.8205724
-1.3893187 -2.8343372
-3.408339 -0.8411404
-2.545711 -2.0220478
-0.6438638 -4.1511517
-1.7311286 -2.30498
-2.272245 -1.3283374
-2.6185694 -1.5954969
-1.6989808 -2.4569442
-2.6000943 -2.180508
-2.2515836 -2.1552958
-3.322844 -1.6013606
-1.9017078 -3.0994759
-2.202032 -2.2336247
-1.8113198 -2.5527213
-1.9177402 -3.034397
-2.4183364 -1.4777404
-2.7338862 -2.138392
-1.9040499 -3.2670822
-1.6419649 -1.7117696
-2.7717915 -2.4131873
-3.3061404 -1.511605
-2.9911351 -1.9746393
-1.037982 -1.9308696
-0.46957916 -1.7408968
-1.6513458 -1.8349932
-3.0275416 -3.5010877
-3.4761405 -2.3264496
-1.2103345 -2.2226949
-2.4773383 -1.4532001
-1.140526 -4.2654386
-2.875802 -1.6843442
-2.1271155 -1.8505132
-0.3997724 -1.9255407
-2.7537699 -1.6460246
-1.4962664 -2.6077526
-2.5603914 -2.2267218
-0.5226778 -1.6840606
-1.9326233 -2.2042449
-3.021402 -2.0108914
-3.1795702 -1.3716424
-2.711194 -1.7387384
-1.7692164 -1.7168438
-1.9610591 -1.6629902
-2.531651 -1.1506828
-3.3868346 -2.6126726
-3.1555505 -2.3540874
-1.2081738 -3.2506802
-3.6338358 -4.04533
-3.1425686 -3.1887002
-2.440013 -1.5986203
-2.2785063 -2.7042692
-3.0416436 -0.78460366
-0.7672887 -3.1539855
-1.5629871 -2.5451996
-2.4953518 -2.2774613
-2.169555 -1.5375621
-0.43003374 -2.8342059
-0.70234877 -1.7670331
-3.2378025 -1.8072824
-3.0277677 -1.3034518
-3.5597105 -1.5794778
-1.2242421 -1.6085769
-1.8645692 -1.7355148
-3.8042164 -1.7825404
-0.12592752 -2.8978655
-3.7955475 -2.277161
-1.0365858 -2.637814
-1.3948003 -1.8968614
-2.0086718 -1.4623231
-1.1850977 -1.9657068
-3.359725 -1.6936033
-1.9015692 -1.2283536
-1.823852 -2.646543
-2.5957007 -1.7007948
-2.7859259 -3.0588713
-1.7096014 -2.4741008
-1.5783756 -2.099582
-1.0803182 -2.9766045
-1.5517986 -2.9716125
-2.772972 -2.3374748
-1.1632116 -2.2376544
-1.8018973 -2.6311452
-2.661913 -2.4913347
-2.177827 -3.2472384
-0.276276 -2.2149765
-1.459005 -2.4953785
-2.2988472 -1.0880715
-2.8952122 -1.8665316
-2.1839564 -2.6409326
-1.9354821 -1.4660566
-3.2509217 -1.63292
-2.8759122 -1.2484165
-1.6877452 -1.77263
-1.4653842 -1.8137064
-2.4349923 -1.5017961
-2.0662146 -2.2079484
-2.2438455 -1.4914337
-2.6513152 -1.5815378
-1.1235926 -1.8907607
-1.6109645 -3.1394444
-0.30479997 -3.5971525
-2.7419057 -1.9886292
-0.52681637 -2.2140138
-1.8545977 -2.2127538
-2.2515879 -1.9393512
-1.408214 -1.8734305
-2.0837045 -1.0366285
-2.6635551 -1.5350022
-1.8928778 -2.4696398
-2.4183478 -1.5621611
-2.3103356 -2.0996504
-2.848063 -2.2536485
-2.5598397 -2.8270617
-2.564084 -2.6794815
-1.0900619 -3.0127232
-0.8450305 -2.1862717
-3.409852 -2.0867455
-2.2042603 -1.2034713
-0.79238623 -1.2754742
-2.084774 -1.6164688
-2.1806178 -2.8826306
-2.8942933 -2.532743
-1.8644243 -2.3238015
-1.4723713 -3.202975
-1.2749603 -2.9310007
-2.1165571 -3.2979429
-1.3626031 -2.6813846
-2.3484216 -3.0074
-1.7950381 -2.5092378
-3.2769146 -2.2265668
-1.271039 -2.8643992
-1.4305145 -0.9086723
-0.8443465 -4.5637865
-1.7561119 -1.0276384
0.25392926 -3.9947233
-3.585404 -2.020092
-1.72366 -2.5594041
-2.5713778 -1.9555036
-2.6531591 -1.4906698
-2.0744076 -2.258788
-3.0425553 -1.9008881
-1.3068024 -3.2833805
-1.8568789 -3.1902773
-1.6280309 -1.2881442
-2.9527292 -1.568716
-2.3363442 -2.3632653
-2.5303268 -2.0070662
-1.1925507 -1.2456101
-2.8923883 -1.1680714
-2.9126115 -2.1868393
-2.1038897 -1.278271
-0.7848121 -3.5117476
-1.2262309 -2.937888
-3.0142975 -3.8169107
-3.409326 -3.4486752
-2.7584982 -1.8802468
-1.3476492 -3.0020397
-2.52458 -2.4580634
-1.5033547 -2.092311
-2.0288138 -2.4281418
-2.4358716 -3.154543
-1.4275169 -1.6438679
-1.1862248 -2.1591647
-2.436565 -2.6267583
-1.7524592 -0.9015183
-2.9814506 -2.3391771
-2.000164 -1.6243124
-1.4051889 -2.2409227
-2.3699665 -1.831086
-0.43122017 -3.5409489
0.38881654 -3.9251041
-2.9788404 -3.0071828
-2.55757 -2.1774104
-0.53252256 -1.8382417
-2.8360844 -2.2078753
-0.92710817 -1.7795234
-1.7351216 -1.4197807
-3.2127523 -2.197119
-1.5715244 -2.4360979
-2.5118504 -1.8045887
-1.2467645 -2.794722
-2.1435947 -3.227439
-1.0036185 -3.1284618
-1.5776592 -2.541036
-2.6758504 -2.1230397
-1.2042673 -1.9561167
-2.7229424 -1.9610176
-3.1363783 -2.4313214
-1.7513506 -1.5528588
-2.5389462 -2.2228913
-0.079633564 -2.7741034
-2.1291847 -1.6217666
-1.4364293 -2.8869083
-2.2233653 -2.3597682
-0.46508515 -2.2652576
-1.0474056 -3.1156876
-2.2051902 -1.7115328
-2.463698 -1.9970347
-2.8306441 -1.5067861
-2.4759374 -1.6156257
-2.5927892 -3.0947747
-0.30257908 -3.6944225
-2.46355 -1.8401179
-1.2847959 -2.6877372
-1.8710369 -2.3133743
-0.9930417 -0.61837393
-2.9248166 -2.2763603
-1.4063994 -1.969906
-1.777022 -2.758132
-1.0900203 -1.5355802
-0.5317232 -2.0772555
-2.0012803 -1.6941314
-1.9469396 -2.3084638
-2.3640656 -1.9497379
-0.72354305 -3.1141148
-1.9273175 -2.0113955
-0.95838755 -3.5551822
-1.6424439 -1.8426565
-2.8566785 -1.9535173
-1.3827318 -1.4318211
-0.7806436 -2.2855475
-0.3456476 -2.1512327
-0.79714787 -1.2721615
-1.9746469 -3.0579588
-3.3548875 -0.8181522
-1.3784391 -2.4257133
-1.228891 -2.1091895
-2.3987536 -2.4537973
-1.8912804 -0.89179814
-4.0104933 -2.9370275
-2.0061533 -2.251672
-1.6801599 -3.6892693
-0.8979593 -3.191374
-2.0138884 -3.0024896
-1.6035552 -1.5210414
-2.7411413 -1.6728396
-1.3327199 -2.9286118
-1.1223722 -3.1219132
-2.179905 -1.501119
-1.0274141 -3.1520844
-3.5723133 -2.8331292
-2.3566751 -3.125976
-1.9462819 -3.1528552
-3.133329 -1.9001385
-1.8751339 -0.79607815
0.0031849742 -2.9404185
-3.223258 -1.8417474
-1.955353 -1.9820448
-1.7125398 -2.1000013
-2.4027991 -2.4140787
-1.9553181 -2.2911944
-2.5912614 -1.8468556
-2.31323 -0.9079315
-2.9420066 -1.558375
-1.8522204 -1.1134516
-3.6880083 -2.8568065
-2.2034254 -1.9700593
-1.7039405 -2.7863905
-2.5183496 -1.8270061
-1.3530178 -0.63581365
-2.2101517 -1.7594355
-1.1654634 -2.9978511
-1.7285502 -2.9866664
-0.9641255 -4.6046386
-1.5433053 -2.4058957
-2.0509024 -2.25609
-0.3104788 -2.413876
-2.944881 -1.399229
-2.3352594 -2.2496076
-1.414555 -2.3123364
-2.0942006 -2.2240858
-0.3949113 -1.765024
-3.221838 -1.9988332
-2.5884242 -2.278035
-0.75334495 -3.6990936
-2.3288374 -1.4841427
-2.0866404 -1.1514009
-3.6995554 -2.7849514
-1.1771754 -3.2205667
-1.9739556 -3.066522
-2.9030428 -1.1537193
-1.8671664 -1.2780836
-1.1133151 -2.697017
-1.3423079 -3.2925313
-2.2904677 -2.2123024
-1.4564553 -1.2165477
-1.0166452 -2.658245
-1.3298309 -4.309721
-3.3366175 -2.1602614
-1.6429298 -2.5070894
-0.5516958 -2.1131604
-2.1407886 -3.976203
-1.6946883 -2.211961
-1.2432597 -1.5377858
-1.850163 -2.0809438
-2.2474737 -1.1621023
-1.2749047 -1.5260837
-2.6086435 -1.3292054
-3.4239645 -3.955588
-0.9731707 -2.0211453
-1.3201584 -2.5360448
-1.6108905 -3.5900564
-2.3036366 -2.6873548
-1.2653307 -2.5410786
-1.5555776 -0.92430854
-3.0633025 -0.44737825
-3.1599813 -2.140404
-1.3753005 -2.7365303
-2.569013 -2.642821
-3.5850973 -2.2506828
-2.1978526 -2.5074327
-1.755782 -1.2704731
-3.6002297 -2.705111
-2.0798159 -1.3144622
0.31682658 -2.5076518
-2.8313055 -2.0278947
-2.012123 -1.4364775
-0.8452452 -2.7019348
-3.2046418 -2.7806907
-2.3447008 -2.2913115
-3.1184297 -1.444581
-2.8288522 -1.2773976
-1.4061735 -2.4032366
-2.0114202 -2.7180247
-2.3197517 -2.741002
-3.0126305 -2.4108498
-1.9051713 -1.470299
-2.738092 -1.2194155
-1.3828249 -2.1483767
-2.2411022 -2.1504087
-1.5057827 -2.1381645
-1.1338787 -2.0054266
-1.8971285 -2.3697352
-0.9139095 -1.8082705
-2.8580718 -2.682714
-1.5957057 -2.1633937
-2.5588164 -2.102726
-3.6728368 -2.29156
-2.9865289 -2.1846423
-2.1425743 -1.2632179
-2.2022715 -3.2079892
-2.5216331 -1.7871655
-2.869121 -2.1201053
0.17131236 -2.9842615
-2.5413103 -1.938285
-1.6227881 -2.3516436
-3.2006407 -1.6302098
-2.3131046 -0.9326156
-1.535883 -1.4182158
-1.5678521 -2.4847698
-1.0643907 -1.9635353
-2.5502582 -1.0358578
-2.0789926 -1.986087
-3.6909704 -2.0451262
-1.1785767 -2.6559079
-2.8478746 -1.317542
-2.1589503 -1.9536369
-3.4177313 -2.2732644
-1.1126342 -1.3928523
-2.3163424 -1.6164385
-2.201346 -1.6738201
-2.2162125 -3.4795516
-3.4457192 -3.2097957
-1.3844267 -2.3228264
-2.5174994 -1.9228623
-2.2180567 -2.2010071
-1.8304335 -1.826663
-2.5453444 -0.80710155
-2.3558807 -5.499638
-0.9750514 -3.524738
-2.6924949 -2.1125147
-2.2254498 -5.078018
-3.200076 -2.412273
-1.6915933 -1.8930042
-2.8741145 -1.4302248
-1.955774 -1.6362728
-0.66465956 -3.0152814
-2.0184503 -3.260311
-2.373898 -3.0831654
-1.3686323 -1.5045749
-1.0472103 -1.2137504
-0.31536993 -2.903576
-1.6721271 -1.7659355
-1.8894274 -1.0872842
-2.7840161 -2.0544248
-1.6845192 -1.0777582
0.22667974 -1.7355096
-2.5482326 -0.9954739
-1.303445 -2.4201186
0.07875997 -1.5750797
-3.6413898 -2.7071931
-1.7590003 -1.4812726
-1.9106934 -2.7377508
-1.8612401 -0.70730776
-0.3860505 -1.9093149
-2.592393 -1.3742034
-3.2934036 -2.0199015
-0.72123504 -2.1805258
-1.3643903 -1.4542215
-1.2574646 -2.1167512
-1.1491287 -1.3216774
-1.862034 -1.7763991
-1.3084816 -1.7930807
-3.132502 -2.6832647
-3.1236887 -1.9745595
-1.5099506 -2.1850846
-1.5832659 -1.8095043
-2.7185807 -1.9110502
0.2666031 -2.5724633
-0.9115061 -3.208593
-2.5156054 -2.5435357
-1.9557898 -2.9738176
-2.9563255 -2.8786826
-1.0867177 -2.7547863
-0.8444288 -3.2802856
-3.0850368 -1.7449661
-3.5011683 -1.4733397
-1.5950935 -2.395537
-1.3512628 -1.8146373
-1.4359099 -1.8426846
-0.91324514 -3.737761
0.05229044 -2.8314953
-1.8243161 -2.094029
-2.527749 -1.0460252
-2.101781 -1.5404304
-1.5044799 -3.2619474
-1.6464652 -1.6202121
-1.9207923 -1.5784391
-0.3812724 -1.7341489
-1.4366443 -2.8786368
-1.8088529 -2.0281959
-2.614831 -1.7573593
-2.062532 -2.9668763
-2.5737514 -2.1640272
-1.8629898 -1.9108701
-2.6313438 -2.0228014
-2.7180643 -3.107472
-3.370401 -2.805947
-3.2955441 -1.6763276
-3.4040608 -0.8259774
-2.1172156 -1.8943518
-2.961187 -2.2101164
-1.1836904 -2.593914
-2.2647681 -2.3359725
-2.5613227 -2.8786302
-0.9187306 -3.7337317
-2.5070672 -1.3463548
-2.5388231 -1.9811624
-1.6643186 -1.6748265
-3.1011992 -1.6926545
-2.5697079 -1.5095516
-2.2040172 -2.0428922
-3.6001163 -1.8844761
-1.7449853 -1.6625924
-2.354136 -1.6223905
-1.5239193 -2.27592
-1.4996951 -2.6375124
-2.5578122 -2.4283304
-2.417519 -1.3475248
-2.3431273 -1.5316316
-2.8703055 -2.6232002
-0.06302546 -3.0401285
-2.1137419 -1.2937442
-3.2627754 -2.3434625
-1.6540532 -3.4859776
-2.8002133 -2.0645776
-2.7549453 -1.9961933
-0.80989164 -1.8384054
-1.5282621 -1.6470279
-2.9254875 -2.544356
-1.7853208 -1.8351098
-1.8950554 -3.4482834
-1.799859 -2.481684
-3.9676447 -2.4837515
-0.9377412 -2.5478516
-3.3869324 -2.4369555
-3.7118068 -2.6485207
-3.529789 -2.4514961
-2.490931 -0.9514503
-2.0090013 -2.256387
-0.917999 -3.546162
-2.875595 -2.0042973
-2.027093 -3.4793878
-1.1921213 -1.6493565
-3.4676208 -1.5450394
0.3982451 -1.8995928
-2.6586285 -3.2799294
-2.3675942 -2.499915
-2.7137094 -1.1435966
-0.19147243 -3.147541
-2.9321065 -1.7282004
-3.6041374 -3.2319148
-1.9952279 -1.2967159
-1.8418945 -1.3244662
-2.7877593 -2.3461194
-2.4711409 -2.1253667
-0.0018619448 -3.7054749
-1.1425489 -2.9302146
-1.7331619 -1.2823108
-1.6816543 -2.3511155
-1.8900341 -3.0384276
-2.3602257 -2.8031151
-3.0405245 -4.159054
-1.9839906 -1.3012966
-2.3709893 -2.0960045
-2.119341 -1.3041819
-1.5676311 -3.3137045
-2.6019874 -2.0523944
-1.932295 -1.30329
-3.1778917 -1.7311149
-0.7083051 -2.9302728
-0.7788624 -2.9093986
-1.1858523 -0.8508598
-3.6850858 -1.7338779
-1.5526974 -2.5300226
-0.8878321 -2.4133265
-1.9963923 -1.2526088
-0.9507225 -1.9027122
-1.5775266 -2.94818
-2.2405934 -1.9004865
-2.7965293 -2.054433
-1.2704304 -2.7329037
-2.4528809 -4.6613617
-2.6856995 -3.3052971
-0.49716574 -3.4299347
-0.12211864 -3.0905797
-0.36469936 -3.4952765
-1.6071227 -2.0901625
-1.9901588 -1.857478
-1.5241913 -3.3094246
-1.3047847 -2.2147448
-2.7711444 -2.2122054
-1.5301596 -1.8158852
-3.2525458 -1.708844
-1.4401318 -2.7282255
-2.153535 -1.901616
-1.6120973 -0.8539022
-2.594018 -1.8921785
-1.5139122 -2.0636475
-2.4148684 -1.9329557
-2.506765 -0.91443276
-1.8212678 -2.3523564
-1.1969438 -1.9458852
-0.9574058 -1.7082251
-0.62822723 -2.768745
-1.4978206 -2.5811062
-1.2115157 -3.0809655
-2.4511595 -1.9967033
-0.9877052 -2.1011386
-2.4598427 -2.537689
-1.4124029 -2.5897963
-4.105978 -4.662803
-4.1006064 -2.436543
-0.30678448 -1.464848
-1.5529127 -1.9098485
-0.42219883 -1.8193163
-1.7020816 -2.325658
-2.636878 -4.3151455
-1.8167249 -2.136037
-1.1099539 -2.1682124
-1.4703922 -1.0784041
-3.3944678 -1.5335411
-3.682446 -2.486412
-1.1486027 -2.9191768
-0.34985647 -3.3133981
-1.9779028 -2.7983007
-2.479547 -2.1449463
-2.9732609 -0.9517219
-1.6348674 -2.2616477
-1.3777567 -0.9305747
-2.660387 -1.3485783
-3.1007 -3.8212879
-3.1998687 -1.9465542
-2.1109047 -2.0663905
-1.1065924 -1.1548012
-2.735807 -1.5781069
-1.9242259 -2.976156
-1.3640379 -3.4483495
-0.34792948 -3.163932
-0.2639615 -3.2267897
-2.5228343 -1.6362709
-3.410883 -1.5404565
-1.4857942 -2.7954328
-1.5124218 -2.414586
-2.5875788 -1.7590029
-0.5746111 -1.2710509
-1.941512 -2.1697698
-1.1831237 -1.922407
-2.9001331 -1.7976937
-2.1378624 -0.6976451
-2.4006681 -1.7803001
-2.8800793 -1.5956358
-0.7074009 -3.1046517
-0.64535666 -1.8661702
-2.8487635 -1.1965612
-3.043168 -3.7278812
-1.951912 -1.6091778
-1.4171674 -3.6574273
-1.3010123 -1.4347732
-0.49954662 -6.116452
-0.5237838 -4.0367713
-2.5266552 -2.5304062
-2.5400238 -2.7170506
-2.958508 -2.8964448
-1.6833599 -2.872517
-3.1144738 -1.8173299
-3.4514084 -2.2599905
-2.669899 -2.1190064
-2.839685 -2.1609466
-1.8889556 -1.6349188
-2.596974 -2.1894636
-0.89338183 -3.0246828
-0.9863258 -0.35269418
-3.1564212 -2.4614654
-0.4200625 -2.1271572
-2.0205188 -1.1517047
-2.4955711 -0.90895957
0.27211142 -0.21673515
-2.5026531 -0.789837
-1.8693451 -1.2485607
-1.9405036 -1.1466055
-1.9851989 -2.7904072
-2.7994866 -1.8328004
-0.22906147 -3.513358
-2.7824574 -2.2778962
-2.2082691 -3.1546159
-2.8163853 -1.7657176
0.059726268 -2.7910607
-3.0367036 -1.5376121
-1.8829006 -1.6018957
-3.1863084 -1.9419248
-1.3301528 -3.3364882
-2.3021908 -1.0349908
-1.0038643 -4.941607
-1.2851104 -1.4780289
-2.9080553 -1.6555138
-2.7110496 -2.7672048
-2.5608926 -2.2160602
-1.729886 -1.634537
-0.5414674 -1.8997897
-1.7169505 -3.3360634
-1.2189302 -0.71042514
-1.503562 -2.842346
-2.4134536 -3.286183
-2.6479168 -2.125253
-1.9107873 -1.2941494
-2.4446025 -2.076746
-2.3630595 -0.8107713
-0.63510907 -2.8893726
-0.5837655 -2.5051048
-1.986004 -1.3006773
-1.1304281 -2.5146406
-2.1294985 -2.1605911
-1.8001103 -3.3247342
-1.5327325 -2.2374656
-2.9227395 -2.838031
-3.9223604 -2.0765038
-1.710629 -1.8318894
-2.038371 -3.0051944
-1.5495028 -2.750169
-1.7904315 -1.8942746
-2.3837986 -1.4589953
-2.6412787 -2.0871534
-2.0969214 -1.2704732
-3.4721599 -2.0188253
-2.128726 -3.6798637
-0.90181965 -3.120102
-1.15131 -2.4726157
-3.049076 -1.7868184
-2.7549815 -3.1582382
-2.0000567 -1.7693543
-2.0004957 -1.8960807
-1.9339488 -1.1466774
-1.8178785 -2.7131853
-1.6220895 -2.615011
-0.14152494 -2.890371
-2.7033176 -2.5650284
-1.268001 -1.335975
-1.026933 -1.5215399
-2.2780104 -2.2607124
-1.8237574 -3.238383
-2.4833446 -0.61184174
-0.037316814 -2.0549157
-1.7048001 -2.697403
-1.5959681 -2.4672608
-1.4280258 -1.7220342
-2.2753978 -2.7147207
-2.9802332 -2.36543
-2.4790263 -3.0669982
-1.3466275 -3.1096358
-1.7398583 -2.726855
-1.0927328 -2.1095848
-1.1091368 -4.234307
-0.88031197 -2.1432118
-2.4107065 -1.5751599
-3.242692 -2.6457026
-0.830732 -1.8693554
-2.6714187 -1.9715778
-2.330051 -1.8959683
-2.1743734 -2.957685
-2.713716 -2.4191437
-1.0660479 -1.6405178
-3.6459146 -2.6087465
-0.38425437 -3.5343974
-2.729813 -1.7306195
-0.3757888 -2.2221007
-2.2042117 -1.5309913
-2.2494183 -1.2177118
-2.8031297 -1.1098627
-3.401052 -1.9415952
-1.5633149 -0.55977684
-2.6462264 -2.0957832
-2.3271422 -0.8045016
-2.2154427 -0.42671108
-2.971406 -1.3366034
-3.0780416 -0.8922839
-0.7086202 -0.72641546
-3.1415539 -3.0782442
-1.3085799 -1.8236396
-2.0055938 -1.6601301
-0.8319546 -2.6590376
-1.2491941 -2.1348467
-2.288887 -2.7377708
-3.2725086 -1.8294094
-2.3770404 -1.8227798
-2.5807652 -2.3235288
-3.1669116 -1.408747
-2.104895 -1.3492466
-1.2899001 -1.249914
-1.7967583 -2.27152
-3.1744828 -0.9378683
-2.652288 -2.448693
-0.6470593 -1.9713153
-3.4284744 -1.4747013
-3.0840287 -2.04676
-1.199775 -1.6365392
-1.8804876 -1.4519109
-2.1687362 -1.7948236
-2.0391529 -1.1550984
-2.4441829 -1.3365463
-2.3069286 -1.92901
-3.312375 -1.3778442
-2.2276168 -1.5423558
-1.718836 -1.047644
-1.6560717 -2.118246
-2.955556 -1.623061
-0.9121964 -1.2662524
-0.33289257 -1.4396929
-1.9680022 -2.3057766
-1.5885539 -1.9709834
-0.7585318 -2.8645604
-3.3946352 -1.6121548
-0.7259841 -2.2659552
-2.5905957 -1.4536592
-1.9451035 -1.9619907
-2.116043 -2.1211843
0.5227036 -2.7115402
-2.4340978 -3.2085538
-1.9731078 -2.3562431
-0.5640647 -2.7181914
-1.0147917 -2.3576524
-0.9062981 -2.623776
-2.6316628 -2.0944805
-1.5665308 -2.0573208
-2.3059773 -2.7344074
-0.6301254 -3.3948631
-3.587627 -1.3269172
-2.798802 -2.6816888
-1.4981226 -3.0205655
-1.4627007 -1.4035943
-3.3449655 -1.5638472
-2.2367663 -1.3212864
-1.5122069 -2.5075126
-3.3575177 -1.5998337
-3.613604 -1.522126
-1.9772727 -2.207604
-2.3611722 -2.1212087
-1.4917123 -2.9708507
-2.2406693 -2.031665
-3.4334102 -2.7933269
-1.7138315 -1.9477662
-1.3345046 -1.7987126
-2.4729133 -1.172659
-3.5469747 -2.7799845
-0.94074184 -3.2185755
-0.96965545 -1.5315396
-1.0204577 -1.9854047
-0.7046946 -5.202287
-2.1265266 -3.051312
-3.9453955 -2.3187208
-0.77950287 -1.8449674
-0.6818223 -2.4211123
-2.1061778 -1.799424
-0.40456972 -3.8989348
-0.22332358 -2.8286552
-2.1563232 -1.9625652
-1.6680427 -1.6278015
-0.84753233 -0.82371867
-1.4605298 -2.9772193
-0.8265006 -2.5242403
-2.4558783 -1.8020301
-1.6333166 -2.6174858
-2.6507196 -2.7018368
-1.3544036 -3.285982
-1.8233595 -3.1225297
-2.044421 -1.7373418
0.46061754 -0.5377342
-1.9174378 -1.9636381
-2.1554484 -2.1632295
-2.7263498 -2.3926072
-1.9569777 -2.301869
-1.7526883 -2.0416198
-3.675706 -1.9295082
-3.6715465 -1.3341633
-2.528257 -2.096019
-1.5386436 -1.6260654
-1.0531182 -3.8553498
-0.93528855 -3.1876965
-2.454019 -2.0155642
-0.41472316 -3.5001101
-2.1199236 -3.0184343
-1.6311345 -3.5558543
-1.3727833 -1.8624542
-2.5076547 -1.7542436
-1.7103871 -2.3978305
-2.025352 -1.5505952
-1.9308876 -2.9497705
-1.0922732 -0.67769897
-2.804174 -2.0731854
-0.8690744 -2.6925304
-1.9657847 -3.028014
-1.826727 -2.3628168
-3.0109076 -2.1810703
-1.1072961 -2.7137544
-2.877387 -1.9686637
-2.1905692 -1.8547572
-1.3970709 -2.6768694
-2.3704867 -1.9126327
-2.199367 -2.2809253
-3.1392999 -1.4794248
-3.305623 -1.8400298
-1.7021278 -2.689205
-0.62806 -1.4073018
-1.0541731 -2.239198
-3.176783 -1.5075778
-1.9431881 -2.2883596
-1.7479042 -1.2007633
-1.5368187 -1.235053
-0.15681137 -4.188836
-1.8508416 -2.0348897
-2.0411606 -1.8320225
-2.375999 -1.9553524
-0.92460144 -0.7554745
-3.3484378 -1.3411802
-1.9011036 -2.1608472
-1.863821 -2.2108102
-1.532516 -3.0747707
-3.0849137 -1.1500947
-0.390309 -3.143189
-1.0979288 -2.5438564
-2.3240075 -2.8355815
-1.5314026 -1.4159453
-1.906722 -1.7449534
-1.1308639 -2.470938
-3.2186484 -1.5937637
-2.6035562 -1.2312354
-2.2750793 -2.3129845
-1.0692062 -1.8274614
-2.8083239 -2.9243104
-1.5416617 -3.065105
-2.4537086 -1.6438653
-2.1041203 -2.7178228
-1.7212373 -3.367957
-2.099645 -1.9789723
-3.8947234 -2.9613793
-1.8417592 -2.881224
-0.32496518 -3.4619024
-0.21141669 -3.5559669
-2.534124 -0.37436312
-3.046229 -1.6595585
-2.7788916 -2.5411768
-2.4923844 -2.9336257
-3.1776543 -1.4321946
-2.5203109 -1.4622561
-3.7574768 -3.062222
-2.0280344 -2.102136
-2.2455044 -1.3120902
-2.8194447 -2.3864074
-0.74298847 -3.897517
-2.0433023 -1.3063074
-1.8083569 -2.4116585
-2.3990455 -0.82782084
-3.4270716 -2.1562579
-1.1336026 -2.549173
-1.9689585 -1.9273101
-2.4084187 -2.2395391
-2.3181434 -2.265035
-2.1206245 -1.8604349
-2.7079854 -1.8036687
-0.69063497 -2.0501285
-3.0203252 -1.4599634
-0.25733837 -3.070506
-1.1045394 -2.4459498
-2.5076666 -2.2506158
-0.73678553 -3.851782
-2.6932635 -1.5917009
-0.9477175 -3.74366
-3.134204 -3.7266407
-0.05403687 -4.5712547
-1.7734339 -2.4496274
-1.91413 -1.0371299
-2.2209141 -2.8507192
-2.3084965 -3.1353085
-3.4766846 -0.8678746
-2.9835382 -1.8302933
-2.5691 -2.25671
-1.7619376 -1.8943698
-1.239356 -1.942054
-2.04861 -1.9702141
-2.2148905 -2.5127788
-0.7243476 -3.8310866
-1.1461343 -2.6782496
-2.9068089 -3.1096652
-1.8206989 -1.988826
-1.6441916 -1.7916416
-2.7154808 -1.7395742
-2.191164 -1.7765377
-2.8700151 -2.5736997
-0.86179125 -2.8653975
-3.6743555 -1.7468263
-1.4908937 -2.4277942
-2.9980688 -1.9626942
-0.52976364 -2.7835984
-1.776524 -4.675687
-0.6141362 -2.495797
-3.1647725 -1.5558028
-2.0536842 -1.1010553
-1.642708 -1.3838062
-1.0732244 -3.183264
-1.6421114 -2.4101636
-2.94236 -2.7583606
-2.7493315 -3.0415785
-3.2740102 -1.2281073
-2.6285315 -1.2001748
-2.2811751 -2.1569738
-1.0702612 -3.488971
-1.2472982 -1.3170946
-2.079339 -3.3564458
-2.568653 -1.5370404
-0.61886454 -1.7900159
-0.9773586 -2.875527
-2.1715279 -1.2126722
-1.8189509 -1.5140146
-2.3334546 -2.0989952
-0.454324 -1.6737639
-2.8172703 -2.3309624
-2.4092278 -1.298225
-2.0662112 -3.1719058
-2.095849 -2.8527331
-3.13872 -2.7451923
-3.28368 -1.3128
-0.24985324 -1.3074511
-1.8133066 -2.4821222
-0.8196308 -2.8614364
-1.439139 -1.8409061
-2.0026805 -1.3156257
-0.028212875 -0.8160815
-2.8627381 -3.8424904
-2.7331142 -2.2638848
-1.418377 -2.350301
-2.388216 -0.8560601
-2.668332 -1.6247195
-2.5979862 -2.5894992
-1.0782884 -2.3391244
-1.3725245 -2.1268094
-2.3878088 -2.3366153
-1.405766 -1.5076165
-1.54148 -3.475672
-1.6717651 -1.3558578
-3.2291188 -1.3964636
-1.4842204 -1.6591135
-1.8780694 -1.8873656
-1.4766015 -2.8402429
-2.4293647 -1.6295029
-2.7580428 -3.7084484
-1.2304996 -2.9903333
-2.6429882 -1.6567814
-0.82374245 -3.1430795
-1.9527668 -2.5124707
-1.9651158 -2.0723422
-2.3686852 -3.0138748
-1.8027142 -1.9326059
-1.1704962 -1.7943721
-1.7965406 -2.2131488
-2.2690058 -0.9867298
-3.5201793 -2.5251567
-1.8405972 -2.3938925
-2.3929858 -1.8606728
-1.3664231 -1.6394438
-1.6562967 -2.4614866
-1.179455 -1.6873919
-2.5427227 -0.59200406
-1.4731917 -2.898606
-1.8080509 -2.1298556
-1.6744143 -3.654462
-3.748571 -3.0579026
-1.226439 -3.495996
-0.7336626 -4.498916
-1.881107 -2.3983667
-1.821863 -1.8551127
-1.0527751 -3.8042855
-3.4843426 -2.6297078
-2.9278598 -1.8116304
-1.5268403 -1.9111819
-2.6951742 -2.2285295
-1.0945135 -3.4529881
-3.1674013 -2.7935648
-3.3355474 -3.3532822
-3.4772773 -1.7701302
-1.2688886 -3.610467
-0.4447024 -2.9618335
-2.5397687 -1.8724228
-3.0582657 -1.6636257
-1.8019649 -2.118195
-2.7530026 -1.8243898
-2.8118863 -2.4442832
-1.0279632 -1.9687427
-1.7349344 -1.0440596
-1.6798369 -2.0048013
-2.2405708 -1.8218117
-2.2770057 -2.27355
-0.9630751 -1.2121532
-3.2657137 -2.7065756
-1.4553167 -2.540733
-3.0352936 -2.466067
-0.7189473 -0.93937904
-0.39641517 -2.8823936
-2.7656164 -1.8491975
-0.8175053 -1.1770481
-1.1229436 -3.3116531
-2.9079752 -2.9942472
-2.4675083 -2.8039582
-3.0629697 -2.223487
-2.2215433 -2.7636418
-0.15785745 -2.7401125
-1.5774893 -2.209546
-2.0438464 -1.9736481
-2.1101527 -1.2042952
-2.6464024 -1.0568883
-2.350534 -2.413696
-2.6643028 -1.0791103
-3.1987262 -1.8531712
-2.290256 -1.3770014
-3.0098915 -1.1215851
-1.1942612 -2.2864542
-2.1236618 -2.6073184
-0.5997169 -2.8155923
-2.4306488 -1.4895037
-1.7366152 -0.99735695
-2.3877635 -1.2213504
-1.279603 -2.5294414
-3.2957187 -1.8991858
-2.4413433 -1.3961396
-2.2531505 -1.4472796
-3.252388 -1.6582103
-2.2620158 -3.354174
-3.3339682 -2.1044858
-2.0214858 -1.5778718
-0.5348307 -3.6631064
-2.7703815 -2.248075
-2.336381 -1.6691561
-2.4003382 -2.0119321
-2.0764961 -1.2492591
-2.4345293 -2.141346
-1.3672704 -2.5968533
-1.4905494 -1.3063449
-1.9796476 -2.6067739
-1.7308847 -2.0084212
-1.9237795 -1.3341041
-1.7640365 -1.3220531
-1.4871924 -3.5233383
-2.3483586 -1.2134831
-2.1307917 -2.255564
-2.13418 -1.6218264
-1.0644238 -0.7734681
-2.8246884 -1.8121428
-0.49981266 -1.7844344
-0.59927475 -2.990076
-1.3702095 -2.2842615
-2.3954058 -2.5904343
-3.0908284 -2.1615446
-0.47463503 -2.4952977
-2.9844728 -2.6642842
-0.83134115 -0.65360415
-2.5827394 -1.9055803
-2.3724952 -1.3596987
-2.0162044 -2.6357892
-2.3782535 -1.8283244
-2.7111936 -2.6050339
-3.1036038 -0.9793984
-2.2128048 -1.0649335
-3.5014987 -2.3622012
-2.5937467 -2.166853
-2.405527 -1.7697293
-2.4307046 -2.092388
-2.5297647 -2.5911746
-2.646174 -2.7477338
-1.59901 -1.9052452
-2.2972226 -0.807243
-2.070447 -2.7600813
-4.189661 -2.817213
-1.8562125 -2.032024
-2.2918077 -2.5222013
-1.4028862 -1.4889332
-2.2639804 -0.997849
-2.454064 -2.4195952
-3.5163803 -2.4651577
-2.3878427 -2.5026677
-2.436963 -1.8984686
-0.9942096 -3.261584
-3.0854335 -2.0837
-1.3930103 -3.516604
-3.0282888 -0.710102
-2.900034 -1.6645981
-2.9216785 -1.3645679
-1.9656839 -1.6721107
-2.6898203 -1.8814383
-2.1657138 -2.8207507
-2.0752988 -2.7245708
-3.0438614 -3.2536776
-1.9182984 -2.1710851
-1.5679576 -3.0140963
-1.2585173 -1.996996
-3.5326734 -1.4583352
-1.7634408 -2.2144938
-2.5844326 -1.6300397
-1.1798885 -2.8313832
-2.4445105 -1.6077133
-2.112133 -2.935869
-0.33121628 -2.6997762
-1.7438577 -2.3740964
-2.1978405 -3.0163918
-2.8319173 -2.4943702
-0.871233 -2.4444094
-1.3803389 -1.2120198
-0.9277774 -3.580548
-2.3496847 -2.610858
-3.303399 -2.0744424
-1.4324253 -0.8806865
-2.277722 -1.9858726
-2.4578395 -2.9955173
-1.5345885 -2.0673952
-2.5253224 -2.720584
-1.8836874 -3.171188
-3.6453476 -2.721868
-1.9295824 -2.5554307
-2.862514 -1.8310958
-2.7102008 -2.6492114
-1.270906 -2.2865922
-1.7611623 -2.3963034
-1.836499 -2.5579035
-2.7921152 -1.8960714
-1.4133512 -2.9559863
-2.553585 -1.5025957
-2.6795263 -1.3720521
-2.9924574 -1.5319079
-1.6663592 -3.5858798
-2.369453 -1.7951714
-1.4551353 -3.0560718
-1.5238024 -2.1920934
-2.678286 -0.9391952
-3.0184708 -1.497584
-3.3605838 -2.051554
-1.9727609 -2.191231
-2.445355 -2.7858198
-1.7431782 -2.7273083
-2.8012972 -1.4458052
-1.8291395 -4.2886214
-1.8953593 -2.478472
-1.5765685 -1.6931242
-2.4754505 -1.3221809
-2.4426718 -0.97969896
-2.2968812 -1.5526761
-1.8154541 -1.1399342
-1.1540657 -3.639931
-2.1677783 -2.1684134
-2.3536277 -1.3561153
-3.8979878 -1.6568185
-2.0122285 -1.8074458
-1.1832211 -3.5043354
-2.0023618 -2.8831794
-2.4163222 -1.352408
-2.163307 -3.0077517
-1.7689303 -2.7133799
-2.7721767 -1.5230006
-1.6930753 -1.1005768
-2.4836774 -1.9083878
-2.649177 -1.4177521
-0.98039025 -3.4014814
-2.1728396 -0.4852227
0.0024884343 -1.7522784
-3.2123976 -2.2805045
-2.1512644 -1.6704779
-2.4786735 -1.7196594
-1.0505455 -2.5994189
-2.0978942 -2.5102897
-1.9453043 -1.8957473
-2.0048819 -2.6224902
-3.3977375 -2.3456984
-1.3797464 -1.5350375
-1.8891665 -2.0765545
-2.3573766 -2.0161178
-2.257985 -2.6563022
-2.660303 -2.196119
-1.1540763 -1.1236238
-1.6292298 -1.3771251
-2.5936604 -1.5019529
-1.5829865 -2.6826394
-1.0424188 -2.8661592
-3.7779613 -2.4301264
-2.8081732 -1.5737094
-2.5951252 -2.2960746
-2.7720757 -1.9489944
-1.0866055 -3.0703113
-2.0276637 -1.7633926
-2.0607328 -1.8897039
-1.8753254 -2.8346198
-0.9657579 -2.0407982
-1.2186072 -3.3373778
-3.4307647 -1.5958176
-0.98097503 -1.5419184
-2.352512 -1.3101556
-1.5419885 -2.4768894
-1.8371158 -2.1797693
-0.846208 -2.8222322
-0.5745349 -1.3072761
-3.0708833 -2.013727
-2.4600253 -2.4823275
-3.82977 -1.892013
-2.7880878 -1.4703305
-1.8475125 -1.3202752
-1.3290808 -4.0205297
-1.310624 -3.1588268
-1.3291175 -2.1607044
-1.836405 -0.6944864
-1.5930535 -1.5598978
-2.1280942 -1.6987263
-2.260654 -1.7210122
-2.785787 -1.5537938
-2.4745274 -1.9371666
-1.904451 -1.9417745
-2.6621356 -2.9848115
-1.5248669 -1.2709262
-3.3106833 -1.6102803
-1.4206291 -2.5475466
-2.6111908 -2.7438295
-2.2251797 -1.7030677
-1.5052748 -1.5104196
-1.3417681 -2.038609
-2.24085 -2.8311956
-1.2486501 -1.9742463
-3.2171311 -2.8987803
-1.9907819 -0.91218674
-2.0780816 -3.5457935
-3.0635924 -1.056559
-2.9670606 -1.541338
-2.626853 -1.6748941
-1.3437852 -2.7893145
-3.4639444 -2.2443798
-2.4625926 -1.5912817
-1.1705151 -2.6821978
-2.6208353 -1.8043946
-3.4262085 -2.3571002
-3.3470197 -3.059436
-0.82696664 -1.4404943
-3.1222935 -3.4872308
-1.7210919 -2.5042503
-2.0642648 -2.3002164
-2.8619318 -1.8011073
-2.416926 -1.3750362
-0.93802667 -4.0339074
-2.9478626 -1.9905866
-3.205442 -2.848337
-0.81545913 -3.1402235
-3.0373454 -1.63663
-2.062961 -1.9227649
-2.517829 -2.4395053
-0.63207656 -1.5255617
-1.5635002 -1.8213743
-3.6635623 -2.0015447
-2.0054631 -1.8052713
-1.7703449 -2.00078
-2.553928 -1.982892
-1.6181524 -2.241437
-2.7576923 -2.6534774
-1.9094075 -1.5562296
-1.9133116 -2.6739175
-0.7909005 -2.351118
-2.9491343 -1.2314805
-2.2603216 -1.5385039
-3.0652223 -2.8323288
-1.0692399 -1.2500803
-0.2543243 -2.5071397
-0.63323325 -1.8346462
-2.7068863 -2.1494648
-2.568931 -0.90326655
-1.0883174 -1.1042
-2.0973494 -2.6393588
-1.0612363 -2.1796577
-1.3183765 -1.8958328
-3.218913 -1.5716217
-3.1037993 -2.064762
-0.71401256 -3.3339589
-1.4493911 -1.919702
-2.5908227 -1.9283726
-2.813685 -1.3341146
-2.4467978 -1.269616
-1.1183839 -2.5640683
-2.5257683 -0.985105
-2.1074016 -1.7741541
-2.1427844 -2.1567776
-1.5583512 -1.2395393
-0.08637193 -2.700078
-2.3233495 -3.4151618
-0.64469975 -1.3046671
-0.78129405 -2.2929103
-2.0700774 -1.5881844
-2.734294 -2.2550797
-0.007518053 -2.0144625
-1.367498 -2.600204
-3.5193157 -2.9492493
-0.6073545 -3.954696
-0.28067 -2.6472206
-2.219651 -2.5064325
-2.682849 -1.1061622
-2.2805128 -1.6006935
-3.414083 -2.5776956
-3.2937489 -2.757483
-1.5823563 -2.3315868
-2.318118 -4.259996
-1.5923104 -2.3230371
-3.0214758 -2.5353417
-3.172358 -1.7663199
-1.1649847 -3.0150478
-2.7613783 -3.288366
-2.5457726 -2.4686346
-2.3718915 -1.1732754
-1.7340987 -2.201229
-1.4620949 -0.8968451
-2.5454364 -1.4750173
-2.9064937 -2.2913544
-1.8776675 -1.8192582
-1.5650675 -1.2416701
-0.67240393 -2.6727233
-0.8041345 -3.3092072
-2.17167 -1.1814345
-2.8936505 -2.070584
-2.3882685 -1.672074
-0.77739197 -1.2393788
-1.2243345 -2.700157
-1.9573191 -2.5255282
-1.7205704 -2.502641
-0.2343278 -3.2715168
-0.23587152 -2.9070103
-1.389211 -1.0531679
-2.373207 -2.166201
-3.0466413 -2.359594
-1.4883169 -2.582061
-3.2770343 -2.2307255
-2.1301575 -2.5066822
-1.9149165 -1.4276745
-1.0452869 -1.6232966
-1.9142827 -1.6149575
-2.6671062 -2.9686692
-2.015103 -2.1617758
-0.8671535 -4.3870673
-2.4346952 -1.4630114
-1.6833792 -1.834793
-0.68161297 -2.3794467
-0.10492095 -2.4637237
-2.0548072 -2.3287787
-3.217886 -2.1333182
-2.1983037 -1.9390515
-0.56899774 -3.7310495
-1.931517 -3.578887
-1.3314338 -2.8031461
-0.55823255 -3.2288234
-2.7020793 -2.8484154
-2.6652756 -1.6460361
-2.267993 -2.2781038
-2.2280192 -2.6290908
-2.7867765 -2.0333872
-2.9656148 -1.4255182
0.38776296 -2.317757
-3.5279946 -2.1744652
-3.013402 -2.9755619
-2.172649 -3.0372043
-2.5897398 -2.5194385
-1.6070594 -1.1177868
-2.1064622 -1.1871771
-1.2862898 -1.2475502
-3.3831673 -2.2998128
-2.1531744 -3.113938
-2.5221996 -2.3693244
-1.4637476 -2.7534766
-2.1815271 -1.8495266
-2.459405 -1.3968419
-3.4540176 -2.0261574
-1.0804961 -2.8379328
-1.2523581 -1.4235913
-2.3124242 -2.857544
-2.3019562 -1.9265248
-3.4021864 -1.4813607
-3.266037 -3.5432642
-3.293889 -1.6407728
-2.7935834 -1.3011179
-0.25872064 -3.297099
-1.2750192 -2.7011309
-0.6044907 -2.6382847
-1.4509947 -3.30829
-1.0564818 -2.3607244
-2.1390343 -1.6460717
-0.058411896 -0.8740286
-3.3490195 -3.1389756
-2.4674377 -2.1004355
0.28666276 -2.6511462
-3.1090212 -2.3419306
-2.1475356 -4.89896
-1.7184392 -1.5655029
-0.6495401 -3.1049776
-1.9542484 -2.037628
-1.4263825 -0.83445406
-1.1785766 -2.2164521
-1.1448885 -3.933977
-1.6498042 -1.3953158
-2.6870637 -2.1773288
-1.2671808 -3.2130575
-2.7583447 -1.8162098
-1.4683737 -1.657069
-1.3077443 -2.6426823
-2.1281676 -0.6045031
-3.1656733 -2.2660985
-1.9592893 -3.104093
-2.4272304 -2.707709
-3.183003 -4.383613
-1.8701919 -2.9449747
-1.4865025 -3.250803
-2.6562324 -1.9482481
-1.8599547 -1.6228644
-2.7260528 -2.249701
-0.56906796 -2.9725783
-3.0313969 -1.2115333
-3.0753074 -1.784855
-2.5160575 -2.1828403
-2.885582 -2.2494001
-2.7652755 -1.5947964
-3.3663778 -1.5127096
-0.27205616 -2.991654
-0.35553297 -2.7926757
-3.0836802 -1.416653
-1.6308268 -1.7212743
-3.7192564 -2.6692145
-2.1632648 -1.8015409
-2.4265137 -2.7554953
-0.007702142 -2.3251898
-0.23831111 -1.7364192
-2.1911876 -2.538439
-2.3748589 -1.5284575
-1.5981954 -2.2440596
-2.3194795 -1.7819057
-1.2970718 -2.4817593
-2.4919705 -2.1143606
-1.425334 -2.4448705
-2.264389 -3.4261894
-2.3790617 -1.5013157
-1.6027834 -1.2601149
-2.1847925 -2.4934871
-1.4446459 -1.5466229
-1.3136884 -1.6861151
-1.4598577 -2.4474967
-1.8786304 -0.93532884
-1.9842392 -3.134532
-3.282433 -3.0186198
-2.0217214 -1.2170674
-1.7318276 -2.9011235
-1.153436 -2.0514066
-2.6528087 -1.204269
-1.6562963 -3.550184
-1.716446 -1.7522966
-3.2824507 -1.6594732
-0.49618477 -2.6756763
-2.9167142 -1.4306915
-2.0528078 -1.7015698
-1.0806154 -1.2123557
-0.56523585 -3.3424265
-2.698411 -1.4387405
-0.5531223 -1.4570001
-1.2079945 -1.9287016
-2.9805012 -1.3449206
-1.871888 -1.9745518
-1.9370435 -1.4840722
-0.9604475 -2.446139
-0.5882894 -1.5165986
-2.0350535 -2.324815
-0.6488472 -2.4162376
-0.2650438 -1.6670841
-2.4762616 -1.2497416
-2.0463018 -2.4123929
-2.1454873 -3.1274319
-2.275537 -2.49644
-1.404124 -2.5547705
-1.5593807 -1.9308296
-3.8564873 -2.6525066
-2.964067 -1.8883629
-3.6352906 -2.6083984
-0.124222055 -3.9677322
-1.2055097 -2.338141
-2.9945488 -1.7895657
-0.72449255 -1.6014332
-1.7479432 -2.5592718
-2.297443 -1.3791385
-1.790737 -2.6576304
-1.1297157 -3.6966124
-1.2986898 -2.17806
-1.2218691 -3.1347928
-2.1182835 -1.1470648
-2.3367867 -1.4749839
-1.6860557 -0.82322216
0.4618765 -2.0455377
-1.6657668 -2.5958245
-2.093113 -1.8954753
-2.9818048 -1.3332008
-2.309044 -1.4445901
-0.041730717 -1.9830449
-0.92179036 -2.4789608
-1.0172951 -1.527214
-2.1859999 -2.8383803
-0.77436924 -2.732752
-1.3325604 -1.3928009
-1.9204158 -3.5108047
-3.39436 -1.4491304
-0.017275006 -2.6171072
-2.763875 -1.6916002
-2.4101753 -1.5888258
-2.6317387 -1.8275902
-0.8238818 -3.4053779
-2.3015919 -2.8094118
-0.44388044 -3.520687
-2.0079174 -1.0836784
-2.117846 -1.2982277
-4.2901683 -2.4079154
-3.9935007 -2.025356
-2.4826121 -1.9313493
-1.5068136 -2.3071272
-1.9235921 -1.7595147
-1.314749 -1.7380431
-1.6846405 -3.166927
-1.9784267 -3.2584133
-1.8643092 -2.8373594
-0.57155144 -3.7067509
-1.8665359 -1.8433685
-0.8284094 -2.8308175
-2.094758 -1.6743717
-1.1765621 -1.9606193
-1.4442251 -0.9243388
-1.5813679 -2.7252812
-1.9824706 -1.3958884
-2.4384437 -0.96532905
-2.3279152 -2.2889998
-2.816043 -2.700835
-1.8897297 -2.4293644
-3.7979107 -1.1946055
-3.7898798 -4.0072403
-2.299139 -2.0017567
-1.6464771 -2.5713778
-2.9454389 -1.6823359
-2.3664327 -1.2432623
-0.8195128 -1.3960816
-2.0668402 -2.3042858
-1.4760257 -3.9034457
-1.4410621 -2.454917
-2.356989 -1.8749567
-0.32192266 -2.6399498
-1.5290285 -2.884374
-0.93121374 -3.2633755
-1.3953027 -3.4876795
-3.486631 -2.5322242
-1.9031466 -2.758989
-1.9764285 -1.6013321
-2.106295 -2.5732276
-2.3724732 -2.6626801
-3.188394 -2.1756225
-0.47175908 -2.4841733
-0.93838686 -2.4196806
-1.3502505 -2.2118926
-2.2943687 -0.9701284
-3.2888007 -1.8322811
-2.603342 -1.7984107
-2.4431334 -2.663998
-1.7511915 -1.8031589
-1.8636665 -2.5667326
-1.0823617 -1.6375936
-2.2249732 -1.9972888
-2.3017526 -1.4206903
-1.2120385 -2.6495454
-0.9975291 -3.4988158
-3.3455467 -1.5431763
-1.3035897 -0.80302626
-0.8348207 -2.1042202
-1.5579348 -1.794134
-2.6510286 -2.3251126
-1.0137416 -0.83773047
