-2.7450135 -1.4063714
-1.6447096 -3.629729
-2.7191343 -2.474452
-2.78232 -2.4479117
-2.6437228 -3.0338426
-2.8103106 -3.1080587
-2.0552866 -3.0776024
-1.9299302 -2.780906
-2.8524399 -3.0813437
-2.267106 -3.280788
-1.3074133 -3.092893
-2.792471 -1.8636429
-2.4940834 -3.0700002
-2.056806 -3.1511443
-3.3172643 -2.100221
-3.34955 -1.6316612
-2.6789005 -2.5291352
-1.2388278 -3.9292183
-2.4585671 -2.6286275
-1.059703 -2.7076414
-2.0402353 -3.8700383
-2.934427 -2.4741883
-1.9750379 -4.094777
-1.3678163 -3.914155
-3.693292 -2.5975869
-1.8499752 -3.067594
-3.7452686 -3.5167882
-2.4051056 -3.3131454
-2.3864162 -2.197535
-2.1703374 -1.6192933
-3.3113925 -2.575603
-1.8535184 -2.423177
-1.6525185 -4.92006
-3.0899155 -1.8358182
-3.4865954 -1.675524
-2.3597572 -2.3099885
-2.2221303 -2.5111053
-3.6726236 -2.1961012
-2.8353865 -2.9407458
-2.699565 -3.0934334
-2.661331 -1.5248294
-1.236024 -2.7690167
-1.6846372 -1.6989732
-3.2092316 -2.5324547
-2.9956553 -1.2952858
-3.0276692 -2.3230786
-2.4923475 -1.4091536
-2.5828009 -2.9650385
-3.5273447 -1.5003742
-3.070005 -2.677046
-2.7124126 -2.875783
-2.3073566 -3.0416005
-1.1226317 -3.9743218
-2.2062328 -2.800985
-1.9567748 -2.7384968
-1.5054672 -3.8589435
-1.8184501 -2.8754458
-3.3036578 -2.390816
-3.5237741 -2.3197098
-2.364013 -2.3596694
-3.3773308 -2.2194905
-3.7176762 -1.8889201
-2.7526999 -2.43825
-4.0715036 -2.1483095
-2.70179 -3.2358408
-1.8475977 -2.214047
-1.4752343 -3.4829226
-2.9801924 -1.7492102
-2.3548365 -1.6409831
-0.38082394 -4.5300527
-2.598955 -3.07829
-1.3268595 -4.73118
-3.1258981 -3.7958548
-4.5831804 -3.8883967
-2.6351764 -3.0841317
-2.4099374 -2.3921204
-1.556575 -2.4269724
-2.1521525 -3.9148672
-2.3157947 -2.692188
-2.3342464 -2.3416276
-1.9006141 -2.8614292
-3.001718 -1.7426983
-1.2319809 -3.4547482
-2.7472768 -2.1077685
-2.2267127 -2.8003023
-2.7317967 -2.2944038
-2.4129694 -2.8483055
-3.4940927 -1.2619009
-2.6649973 -2.5307615
-1.703806 -3.5972846
-2.0846696 -2.478089
-1.8749398 -3.2698271
-1.8983719 -3.627104
-2.3498733 -3.0545852
-3.2370477 -2.973346
-2.8046725 -1.5964873
-2.148144 -4.123979
-3.788562 -2.798838
-0.9906832 -2.741859
-3.1212168 -0.94318503
-2.870482 -3.5788581
-3.3722532 -2.2655706
-3.4547794 -1.6521301
-2.2917018 -1.6611087
-2.7059937 -1.4854932
-2.9887257 -4.062872
-3.3387008 -1.9214162
-2.199782 -2.8639004
-2.0052938 -2.6270149
-2.6656954 -1.881695
-2.7936099 -2.9118795
-2.0447266 -2.3417943
-2.2010217 -3.5519404
-2.4602883 -1.7577662
-3.5039039 -2.40561
-2.6585138 -3.1289058
-2.6233776 -3.099839
-2.2625735 -3.2587624
-1.6019753 -3.0432937
-1.940141 -3.4760675
-2.6921282 -2.2403364
-0.44021297 -3.6858487
-3.6193504 -2.8149233
-1.5884093 -2.9468105
-1.0006182 -2.335219
-2.3440776 -2.2606194
-0.7599584 -2.4535072
-2.7844648 -2.6051495
-1.9916586 -2.549
-2.377913 -2.9068685
-2.3696516 -2.4634047
-1.5546616 -3.9529505
-3.2979167 -1.5902252
-2.1759472 -3.2538073
-2.336464 -2.8990505
-1.9944896 -2.816654
-2.6859672 -3.876465
-2.8853488 -2.859866
-2.0789042 -3.3458085
-2.8240724 -3.541574
-1.3866194 -1.904868
-2.2538607 -2.3735046
-2.7904696 -2.4094667
-2.802178 -1.4405402
-1.4684198 -2.5065281
-1.6874245 -3.5710847
-3.9227428 -4.259935
-2.3337915 -3.8517954
-2.4855335 -3.4335034
-2.3312154 -3.2497118
-2.6572044 -2.01895
-2.173951 -3.348149
-2.718523 -1.8461657
-1.6779492 -2.9437912
-2.2066782 -3.1859772
-1.1868684 -2.4753048
-1.372339 -2.4675095
-2.9689476 -1.4654286
-3.275705 -1.5048769
-2.7109196 -2.5827615
-1.1124567 -4.6260967
-3.4099813 -2.3748822
-2.5017471 -3.67687
-3.0234206 -3.4603045
-3.7793303 -2.6790383
-0.93568313 -3.4081252
-3.2928567 -2.4850197
-3.7419696 -1.7410599
-1.8285445 -2.830887
-0.5814217 -4.0293455
-2.5209448 -1.9816462
-2.6210604 -3.0770576
-1.9879451 -2.3387294
-2.0288424 -3.0929437
-2.9848337 -1.6483632
-3.1530125 -1.7308148
-1.818152 -3.195026
-3.2604682 -1.624781
-2.1939454 -3.2796109
-3.308432 -1.9103017
-2.2790809 -2.0635145
-2.8841276 -2.1302361
-3.0511055 -3.0841703
-1.808049 -2.8863542
-1.7303314 -3.5427415
-3.630844 -1.7201643
-2.4296098 -1.58202
-3.476333 -3.2208862
-4.79993 -4.912127
-2.3644836 -3.7608788
-1.6289526 -3.569409
-2.6020358 -2.7763295
-4.0263634 -2.503586
-2.508644 -1.5841213
-2.6294968 -2.0102134
-2.5198243 -1.762803
-3.3032043 -2.08869
-3.459055 -1.6890749
-2.1331708 -4.011442
-3.7521567 -1.54538
-2.4040973 -2.4506586
-1.6180496 -2.1854467
-1.9848795 -2.1658576
-2.1945684 -1.5727435
-2.213746 -3.4594235
-1.4278886 -3.820452
-2.5336363 -1.538816
-1.9594901 -3.5526032
-2.1679788 -3.890006
-0.4490957 -2.4738333
-2.0685692 -3.418162
-2.796812 -2.7093832
-1.7688379 -4.286237
-2.4236784 -2.1400115
-1.9724195 -3.480934
-3.2335522 -2.3352702
-1.318043 -3.046105
-3.0718029 -2.497331
-2.3839245 -3.8121119
-2.456621 -2.3620906
-3.6625102 -1.5274739
-1.7177758 -3.924748
-1.0574406 -2.672291
-2.2225182 -3.6645215
-2.6336403 -1.980533
-0.80329835 -2.701689
-3.7672937 -1.7770649
-2.2278278 -3.404038
-1.2181628 -3.3191197
-1.9922425 -2.5595455
-2.8941433 -1.9394032
-2.4014425 -2.783166
-1.888879 -2.1914675
-3.3907392 -2.0603306
-2.7788894 -3.7172203
-2.2884512 -3.7949991
-2.4802403 -2.9845033
-2.3396459 -3.8806245
-1.314933 -2.946102
-3.3691843 -0.9000645
-3.323979 -2.366034
-3.6057897 -4.1235414
-3.9703848 -2.9154546
-2.172687 -2.6257923
-1.5679868 -4.77801
-3.4019768 -2.4361644
-2.2470512 -3.606272
-2.5724654 -2.820598
-2.41395 -2.473357
-3.115338 -3.387282
-3.0939937 -2.3823702
-3.6155615 -0.88226205
-3.5720975 -1.7473215
-3.058774 -3.1201363
-2.9717677 -2.1937723
-2.9688473 -3.0226576
-3.1300159 -1.7876226
-2.6059148 -1.7270927
-3.1708295 -2.0790563
-1.331175 -4.4110184
-3.2076488 -1.6170903
-2.8831582 -2.8600028
-2.074365 -2.091878
-2.9333394 -2.106744
-2.88123 -3.5716033
-3.2014227 -3.1017623
-1.7038884 -3.6469028
-2.2134573 -2.3358622
-1.7649977 -4.3219304
-3.3800244 -2.6386118
-3.2358582 -1.8694432
-2.00886 -3.6174524
-2.6594398 -2.2810986
-2.5432327 -3.3060744
-2.9396439 -3.7813919
-3.122907 -2.4686177
-2.621194 -2.2285237
-2.9566674 -2.5917227
-3.1522748 -3.0462487
-1.8644501 -2.7909188
-3.376459 -4.239753
-1.2515688 -2.4144113
-2.6430342 -1.7823825
-1.1858007 -4.1849194
-2.4323592 -1.328664
-2.5768576 -3.240795
-2.8014617 -2.931485
-1.6960404 -3.476637
-4.874284 -3.4931736
-2.371718 -1.7130969
-2.287196 -2.8911362
-3.2362359 -1.8659668
-2.7649589 -2.5581741
-4.077931 -4.0525293
-3.1960373 -1.9969871
-3.660404 -1.9200257
-2.5160065 -2.7931447
-1.928046 -4.246867
-1.3652847 -2.9608004
-2.3353493 -2.609009
-2.778053 -4.2197785
-2.6422784 -1.2594197
-1.7673963 -4.7375145
-1.7265096 -3.5513723
-2.5910282 -2.7020555
-1.8936397 -1.5914209
-2.417682 -2.0602272
-1.5358516 -3.765313
-1.5538825 -3.145057
-3.6917503 -1.7400672
-2.4738789 -2.4246857
-0.9175036 -2.9722629
-2.6954448 -3.1413765
-2.05561 -3.9432075
-3.2817366 -3.6154413
-2.9142873 -3.6424809
-2.1301723 -2.0853813
-3.4151614 -2.574695
-2.5218 -2.297832
-2.9145179 -3.5544705
-3.1932132 -3.1917918
-1.0377529 -4.465349
-0.8982167 -2.4392126
-2.0231555 -2.7019672
-2.1654866 -2.670712
-0.73411345 -4.748126
-2.332646 -1.1140754
-2.14856 -2.6138952
-3.6312454 -2.1333036
-2.8342805 -2.3253999
-2.4526517 -3.6238832
-2.12345 -4.0941133
-3.1837957 -2.4378574
-2.0436058 -4.7533274
-3.6287947 -2.2494226
-3.0440118 -1.445949
-3.273176 -2.5557935
-3.1894722 -1.9915862
-3.441623 -2.6977348
-1.6756506 -1.6416497
-1.9831803 -3.5607452
-2.512729 -3.2260995
-3.364751 -2.630787
-3.4217026 -2.3224275
-2.0221293 -3.2204626
-1.7992728 -3.4144392
-2.6147723 -3.4162953
-3.403292 -2.8045566
-2.835664 -1.7238135
-2.5335073 -3.9910405
-1.65163 -3.673792
-1.2180203 -4.0412107
-2.673404 -2.5568905
-3.144074 -2.3554406
-1.2633823 -4.291867
-3.1521027 -2.888727
-1.8190633 -2.5336294
-1.9217962 -2.7591121
-2.4117851 -3.5619946
-0.35761583 -3.7301576
-2.7885804 -3.082885
-3.127283 -1.9202555
-1.8707756 -1.5413048
-1.2621878 -3.153397
-3.0852551 -2.4720025
-3.1870484 -2.4526505
-2.5164113 -3.4278543
-2.282485 -3.6036494
-1.7676882 -3.1652677
-3.3421042 -2.3649888
-2.5261178 -2.7964122
-2.5918274 -1.7031647
-2.9845288 -2.822279
-2.4617395 -3.8748958
-3.539612 -2.4469762
-3.0457766 -2.2842238
-2.697671 -2.6406546
-2.7648513 -2.4408104
-1.2732428 -3.342523
-2.749761 -3.3238096
-0.830264 -3.9967265
-1.4509621 -4.0835276
-0.96539676 -2.8396354
-2.6685376 -1.5197481
-2.6854608 -2.463488
-1.8165559 -2.809429
-2.5782313 -3.276365
-1.6942225 -4.809784
-2.2783723 -2.604664
-1.5405192 -3.4310293
-3.730046 -4.503032
-2.1040974 -2.5286667
-2.8508656 -3.1434188
-3.876061 -3.7128356
-1.8181584 -2.6239324
-3.078555 -1.960404
-1.8362554 -3.739339
-1.552884 -3.0085864
-3.5970085 -2.0254064
-4.0184836 -2.2678058
-2.4093091 -2.3133154
-3.1554518 -2.2130618
-3.1673636 -2.323844
-1.8327217 -2.9883897
-3.0429163 -4.446028
-2.2672536 -1.974906
-3.0996652 -2.8867557
-3.7246091 -3.0121553
-1.706506 -4.1803303
-2.997319 -1.7979276
-3.0016797 -1.8711797
-3.5136144 -2.6354725
-2.65349 -2.2717426
-2.7044568 -1.7369787
-3.1752195 -2.4805796
-2.500818 -2.526615
-3.3176281 -1.5288318
-4.3564296 -3.3047965
-2.5994601 -2.1764128
-3.697717 -2.4798982
-1.1800971 -3.898738
-2.9009414 -2.5988655
-1.7729285 -3.0777209
-2.1337502 -3.9357488
-1.2958825 -1.2502238
-2.2647552 -2.8491719
-1.1125696 -2.3484347
-1.185913 -1.3326964
-2.1288414 -4.069985
-1.6361648 -3.685662
-1.1520071 -3.5637484
-3.1581361 -2.6867323
-1.8790082 -2.5501645
-3.1258347 -2.6494484
-0.200441 -4.108722
-2.253754 -2.799396
-1.3815265 -3.6451004
-1.1616771 -3.9521053
-3.2618604 -2.2553244
-2.6284409 -3.090225
-1.9473987 -4.0459247
-1.9445084 -2.751609
-2.2287138 -2.1570158
-2.2888074 -3.3058393
-1.664991 -4.157683
-2.416825 -1.7689849
-3.8178942 -2.9580562
-1.1843939 -2.8186028
-2.6648784 -1.9135722
-3.1555285 -2.3481221
-3.4480934 -3.2506905
-3.057042 -2.5218928
-2.8528345 -2.270562
-2.928029 -2.2525191
-3.0856378 -2.9491396
-3.5978382 -3.0926952
-3.0719433 -2.2204387
-3.3703048 -3.4196692
-3.5991864 -2.5290563
-2.2869968 -3.7697802
-1.8486525 -2.362732
-3.0532272 -1.3461604
-3.5899007 -2.856956
-2.7857118 -3.328587
-3.0039206 -2.2195399
-2.3404024 -2.3748891
-2.3359416 -2.7912645
-2.4923673 -3.2265947
-1.3367076 -2.704261
-0.98646307 -3.4709857
-3.5337532 -2.40474
-2.7026265 -2.4714336
-3.5919797 -3.255616
-3.1702423 -1.801002
-1.024981 -3.1814408
-3.3238306 -2.4503338
-0.4667503 -4.6749325
-0.78975236 -3.297094
-3.245136 -1.7979183
-1.6899954 -3.520646
-2.4671211 -3.751555
-2.2689276 -1.5859368
-2.2603528 -1.7153562
-1.0182399 -4.497598
-2.2906852 -1.9795021
-1.2786853 -3.0364442
-3.597085 -5.361964
-3.4722855 -1.8089696
-3.464485 -2.0535915
-1.2741288 -3.2406383
-2.182651 -4.5688157
-3.0011308 -2.3625264
-2.9980292 -2.3010025
-2.5286362 -2.5573888
-2.7140486 -2.3585083
-3.2038538 -3.237864
-3.5492399 -3.0971825
-3.4034147 -1.6409688
-2.9874027 -1.4007325
-2.2925985 -4.4102173
-1.4670087 -3.6268632
-2.1171746 -3.4613142
-2.18387 -2.2703671
-3.491508 -2.504427
-1.1327655 -4.005309
-1.2422024 -3.7571943
-0.48985505 -1.9480689
-1.8410494 -3.344746
-1.2281284 -3.7758558
-2.4703243 -1.8244938
-3.5597212 -1.759614
-2.3159652 -2.403163
-3.0304575 -1.7379264
-2.9521897 -2.46059
-3.0410826 -3.1532025
-1.5810087 -3.1832876
-1.9453658 -3.7007082
-2.4110808 -3.6098857
-2.8571942 -1.7351837
-2.8394446 -1.5858221
-2.5609107 -2.180563
-2.7045093 -3.6687427
-2.7905438 -3.09934
-2.4557505 -2.3540306
-1.7709206 -4.09644
-2.7654212 -2.0284092
-2.681896 -2.2104075
-1.7772017 -2.2148306
-2.2896857 -2.9648566
-2.0698123 -2.685368
-1.461584 -3.6789834
-2.6576343 -3.5919313
-3.2411194 -1.9571452
-3.627632 -1.6915087
-2.8162248 -1.6209542
-2.3201692 -1.9449944
-3.040115 -1.7536064
-1.5829786 -2.6223538
-2.4616697 -3.2646372
-2.5804574 -2.0243235
-2.8370006 -2.3100493
-1.0977508 -2.7124476
-2.5038664 -2.8298268
-3.2050738 -2.423851
-2.219722 -1.7393762
-2.1282256 -2.618192
-3.4765205 -2.4036374
-2.4169078 -2.4209213
-2.8034127 -2.3504634
-1.1989812 -2.898383
-2.1703007 -2.6902015
-2.858611 -2.3744078
-0.7372016 -3.6638522
-2.493152 -1.9299544
-2.6787887 -2.0865414
-1.4450068 -3.355648
-1.1343791 -3.685446
-2.9969542 -2.3011272
-2.6064281 -2.0524812
-1.9530672 -3.3018713
-2.5789208 -3.063049
-2.0035753 -2.5503607
-2.406818 -2.1674356
-2.15708 -3.414314
-2.4585996 -2.7629206
-2.1552534 -3.713917
-2.6052597 -3.2233164
-3.0806112 -1.9980571
-1.6849822 -3.5540664
-2.2374246 -3.4790604
-1.8468674 -2.5937212
-2.3664126 -2.6648066
-3.152618 -2.0454278
-2.3534217 -2.945293
-2.6132767 -2.4936876
-2.835523 -2.6188266
-1.7590687 -2.8179946
-2.415747 -3.0210428
-2.7014818 -2.3632197
-2.2824452 -3.984832
-2.8241513 -2.4539514
-1.8489928 -2.2907586
-3.4247057 -3.2955635
-3.277302 -2.8099968
-2.3657072 -2.8787313
-3.2716112 -2.1713715
-2.3831675 -2.9388433
-1.667553 -2.2389216
-0.78018486 -5.238956
-2.7217278 -1.7303636
-2.608831 -2.515052
-1.3094565 -3.5067124
-2.598964 -4.321164
-2.590831 -1.9568328
-1.7618988 -1.4823942
-2.503249 -1.97787
-1.1280402 -3.9641554
-2.2564986 -2.927788
-2.551012 -2.7723148
-2.6726265 -2.7151232
-2.030844 -3.311106
-1.253777 -3.411832
-2.4742672 -2.5030239
-1.2392621 -3.2419486
-2.2304394 -2.9287078
-2.7389262 -3.1342607
-3.78514 -2.4301436
-0.5746597 -2.9012039
-3.0748873 -1.3321273
-2.1826417 -3.4480476
-1.7388219 -1.5010366
-3.1115065 -2.512712
-2.4068666 -4.131586
-2.6775258 -3.5833688
-3.1731396 -2.2960105
-1.8899313 -3.3071983
-2.3115659 -1.4858057
-2.0814097 -3.902219
-1.9334881 -2.6347084
-2.5387452 -3.366839
-1.582007 -3.4512663
-1.8178631 -2.935852
-3.1374683 -1.3395767
-2.3540912 -3.7835326
-1.6935924 -2.455626
-2.2786148 -1.8654225
-3.6720428 -1.5111479
-3.088402 -1.9299221
-2.468881 -1.9431082
-1.571104 -4.3501873
-1.5589156 -4.4337034
-1.9650145 -2.2846963
-2.3883948 -1.466567
-2.2051525 -2.8910887
-2.0744843 -2.6994655
-1.0148593 -4.154099
-2.9026067 -1.3677834
-3.2306478 -2.3603468
-1.9194764 -2.5834634
-3.1429858 -2.2932312
-3.0762174 -2.6156938
-2.6321259 -3.288095
-3.1410348 -2.3866715
-3.4730752 -2.7348394
-2.774221 -1.5836343
-3.1962328 -2.3654356
-0.63773364 -4.238577
-2.6220398 -2.6983428
-1.5733494 -4.007126
-3.6169295 -1.9676303
-2.7898004 -1.9521679
-2.7611308 -2.8497488
-2.6926756 -2.586265
-1.8820287 -3.8978863
-2.6684632 -2.5644975
-2.2306948 -2.216809
-2.95819 -2.6265635
-2.6454277 -2.6434853
-2.7263348 -3.3714278
-2.0816503 -3.75326
-2.399429 -2.8666399
-1.9248753 -2.3927274
-1.5576636 -4.1449804
-2.5262218 -1.6200448
-2.6858416 -2.9767833
-2.763313 -3.619213
-2.4793174 -1.613345
-2.1157868 -1.6841482
-2.3021548 -2.2905798
-3.764922 -3.1761239
-2.6832948 -2.1420815
-2.8604088 -3.1241753
-2.0606465 -3.121345
-3.5426197 -1.2905569
-3.091088 -1.8285562
-2.4141166 -2.7223144
-2.8267348 -2.012841
-3.3926885 -5.5272245
-1.5087175 -2.7740898
-1.0603372 -2.6828494
-1.7332039 -4.752404
-2.6163447 -2.2405255
-2.5869284 -2.646224
-3.5793376 -2.56525
-1.2074002 -2.7661507
-2.2038658 -2.7404208
-2.269792 -2.5052416
-0.72782636 -3.261328
-2.2519252 -2.244227
-2.3847015 -2.0240986
-1.0855676 -3.2860105
-2.6639967 -1.5153623
-2.86985 -1.9704742
-4.218813 -3.724988
-3.6499083 -2.4647987
-4.3436823 -2.7647378
-3.2384121 -2.5370655
-3.4546657 -2.1584365
-0.9394611 -1.5773708
-1.6615982 -4.040531
-1.8579031 -3.3209038
-1.8874753 -3.026207
-3.8540113 -2.2027266
-2.7502337 -1.8819449
-2.2348957 -2.5883908
-2.7504935 -3.1105485
-0.95537174 -3.9511738
-2.0798862 -3.2502332
-3.1574275 -2.758966
-1.7411128 -1.6334164
-2.4876366 -2.9410312
-3.3547919 -2.684925
-2.3448882 -3.0361273
-3.295763 -3.0802333
-3.2765427 -3.0237913
-3.1978934 -1.7001876
-3.102179 -2.4226494
-2.7537763 -2.2081554
-2.466846 -2.2889993
-2.1486473 -1.6630936
-2.1120403 -3.182237
-1.518235 -4.267738
-2.6625133 -2.2929742
-0.89318466 -2.8254197
-2.2970784 -3.0056615
-2.811585 -2.135359
-3.3925157 -2.448251
-1.9670599 -3.0178437
-1.8433535 -3.1521504
-3.2592065 -1.9957118
-2.291052 -3.5209157
-2.6067529 -3.7806644
-0.7712152 -3.569638
-3.7320657 -2.2061226
-1.2870265 -2.9922523
-2.0073912 -2.6600418
-1.1489955 -2.8424582
-2.3461416 -2.6599674
-3.3566382 -2.9855385
-1.714945 -3.6842256
-2.852763 -2.2111807
-3.0402415 -2.2628202
-3.6259491 -2.4614303
-0.8799957 -6.000123
-2.5299444 -1.3982439
-2.9930968 -2.484243
-3.1498775 -2.0896966
-3.7295074 -2.0993142
-2.3202643 -3.4323332
-1.9460216 -3.4251227
-2.2544732 -2.5426497
-1.7536787 -2.8619814
-2.7775366 -1.8268974
-3.6074016 -2.7757103
-2.2176433 -2.7913353
-2.8422105 -2.6776066
-1.6638275 -1.536523
-2.9323866 -3.4468098
-3.585323 -1.8079231
-3.5237837 -1.17542
-2.606289 -2.7529702
-2.2220557 -4.246021
-2.9049811 -2.3926642
-3.0481474 -1.6004541
-1.7272043 -4.0516033
-1.941885 -3.0548105
-1.9121987 -2.7937417
-2.6967316 -2.117869
-3.1780906 -2.4635534
-3.642617 -0.9691202
-2.5999038 -2.4255333
-3.0643604 -1.6252991
-2.048594 -2.5877616
-1.6813787 -2.6057065
-2.1909177 -3.8924434
-1.8008918 -4.1180787
-2.860906 -3.529785
-3.1088746 -3.2662652
-2.7931488 -2.5183444
-2.7071457 -2.029394
-2.3212128 -1.9745293
-3.0041087 -2.6480763
-1.6515497 -3.0311158
-3.502822 -3.483704
-1.9073678 -2.8344414
-1.0959212 -3.5078828
-1.1441424 -3.9404867
-1.5877693 -3.8483508
-3.4288447 -2.2265515
-3.351812 -2.1207974
-1.7640843 -3.2463963
-2.87841 -2.8983088
-2.4859068 -3.82746
-2.7453344 -2.4438047
-2.68781 -2.4264367
-2.9290347 -1.7378942
-3.5596392 -2.623327
-1.591743 -2.5250893
-2.9312117 -3.150793
-2.317246 -3.7435703
-2.5426939 -2.605675
-4.379223 -1.9365665
-2.7835598 -3.2464178
-2.6652603 -2.9487653
-0.9283943 -4.122753
-2.4176059 -2.3004222
-3.8989244 -2.5392704
-3.7230058 -2.3572872
-3.233004 -1.5413057
-3.2074647 -1.4897802
-4.119545 -3.3270786
-2.3974643 -2.6227517
-2.9698534 -1.8425198
-2.9175236 -1.7967336
-3.907553 -2.429533
-1.5988194 -3.8697667
-3.114994 -2.1328094
-3.770318 -2.067353
-2.3043044 -1.6507211
-3.8984795 -1.4519471
-2.928835 -2.524471
-1.9643583 -2.250797
-3.3779383 -2.4087706
-1.9225764 -3.7766783
-2.1542988 -3.7517457
-1.3630085 -3.1638675
-1.8434612 -3.9494734
-1.5111626 -3.2020547
-0.9116583 -5.792052
-2.9566598 -2.5129626
-2.1905658 -3.5910194
-3.1184928 -1.8032814
-2.7313733 -2.4395597
-3.6259308 -2.2380304
-1.6233217 -3.7652793
-2.354967 -2.775318
-3.6983864 -1.8316646
-1.8434305 -2.722165
-1.6449916 -3.5639553
-3.943254 -2.0338492
-1.425035 -4.315548
-1.6097094 -2.7543573
-1.6315918 -2.2376258
-0.81752646 -3.897337
-2.7321706 -3.767112
-3.326246 -2.023529
-3.5540335 -2.550791
-1.9476538 -2.7537775
-1.3933017 -3.6946292
-2.2135234 -2.8530917
-2.862986 -3.1642673
-1.9158158 -3.2114267
-0.7547275 -2.8349597
-2.252305 -2.9865708
-2.414022 -3.356725
-3.0042827 -3.0428994
-3.8699412 -3.1873884
-3.6700764 -2.0863783
-2.2525535 -2.663242
-2.6904664 -3.093889
-3.5023234 -1.5960475
-3.2314997 -2.4646206
-2.2916164 -3.0691698
-2.0697591 -2.630559
-1.5706376 -3.8366516
-2.6054134 -4.043794
-3.4170887 -2.658152
-3.2234032 -3.0326242
-0.728337 -2.8329113
-2.5257382 -3.7084608
-2.8503678 -3.3402114
-2.089342 -3.0805259
-2.447886 -2.6120148
-2.553558 -2.39072
-3.380699 -1.9878184
-2.8543136 -1.859742
-2.6255574 -2.470277
-2.3223836 -1.1616877
-0.61511046 -4.2900753
-2.6416245 -2.0691743
-3.3722682 -3.3050294
-3.2003255 -2.876621
-2.603971 -2.173615
-3.1051183 -2.5895922
-2.8064213 -1.9037918
-2.0626135 -2.4929936
-3.8506048 -3.3570406
-4.031725 -2.2103753
-1.5669526 -3.0175214
-1.4505 -3.673923
-0.6607348 -5.4083743
-1.9327102 -3.478802
-1.6640041 -4.20844
-1.3819776 -3.4832716
-0.25544295 -4.020771
-1.7502451 -2.5630322
-2.772071 -1.4788167
-2.2488363 -3.6361656
-2.7962165 -3.0263796
-3.2466433 -2.1899672
-3.5213304 -1.4598746
-2.554852 -2.2597606
-1.9117708 -2.696128
-2.3480108 -2.7095184
-3.3231103 -2.7752066
-2.4374046 -2.6509194
-1.995052 -2.6803446
-3.1521804 -2.9646823
-1.830207 -2.9927225
-2.341506 -2.652065
-2.86793 -2.9906652
-3.296704 -3.0934215
-1.3192416 -2.9181464
-3.0155869 -2.8668907
-2.8015366 -3.6365602
-3.2901835 -2.316415
-2.5289104 -1.5862037
-1.8603901 -2.022224
-3.0388553 -3.603688
-2.799705 -1.5528693
-2.428599 -2.4154732
-2.430355 -2.8343554
-2.4162838 -2.6341372
-3.142794 -2.1698492
-2.3877578 -2.122167
-2.827756 -2.7035456
-3.995768 -2.6779408
-4.678647 -3.9639003
-2.694771 -3.0335228
-1.8795255 -3.6214323
-2.9479687 -2.0926414
-1.0118968 -2.7242594
-2.4154086 -3.708735
-3.2316597 -2.8798532
-3.0782313 -2.656038
-3.1580517 -2.0878737
-0.69544554 -2.8927748
-3.0144224 -1.6407105
-0.7697375 -2.6500185
-2.9256723 -2.5298717
-2.4460886 -3.5683763
-3.297499 -2.8535058
-3.081444 -2.3816063
-3.1472383 -2.3306499
-3.4839852 -3.9019742
-3.3351982 -2.1207275
-1.8971837 -3.7053576
-2.7810457 -3.1309307
-2.3972661 -3.3244514
-2.1278732 -1.3690223
-3.3561802 -4.111135
-1.4558907 -3.8135917
-0.5538127 -4.5883813
-2.6790287 -2.0630336
-2.6093163 -2.0359466
-3.4585855 -1.8226806
-2.6305108 -3.304217
-2.1896615 -2.4862504
-1.9734219 -4.2655497
-1.8276694 -1.2602475
-1.7633814 -4.9249244
-2.6339512 -2.7310257
-2.3925464 -3.0895948
-2.8540235 -0.877549
-1.451701 -3.9608815
-3.1643913 -2.204058
-1.4330622 -2.536706
-2.0906734 -2.0825875
-3.2426565 -2.2827756
-2.4445868 -2.1918247
-3.2660537 -2.1595833
-0.8122312 -5.5999675
-1.3391424 -3.8424485
-2.386872 -3.1331134
-3.419761 -4.233007
-2.4948192 -2.6337845
-1.0112287 -4.6538744
-3.2676294 -2.5157402
-3.199984 -1.940442
-3.0045033 -2.3023674
-2.6944518 -1.6817478
-1.1791514 -4.395693
-3.6166139 -2.0419123
-1.7284144 -2.4481328
-1.9340013 -3.6397192
-2.3279743 -2.506762
-1.8054986 -2.9938483
-3.2094936 -2.527438
-2.8992689 -2.3241866
-3.247161 -1.0247668
-0.7962569 -2.828994
-2.5081148 -3.2338948
-3.3008838 -2.5585196
-2.3335338 -2.2541575
-2.6528366 -1.7484896
-2.7837155 -3.8152738
-2.7696633 -3.9595265
-2.8428013 -1.4556158
-0.77069306 -4.911794
-0.40773743 -4.2201023
-2.028936 -2.4844935
-0.33183026 -3.5718288
-3.1629367 -3.218593
-2.5280945 -3.821934
-2.1714277 -4.1337714
-2.5929086 -3.6308405
-1.6301733 -4.237248
-2.8969183 -2.499609
-2.019982 -3.4325743
-1.5615057 -3.0880847
-1.6300535 -4.0065217
-1.6576129 -2.3701544
-2.2867904 -2.9076538
-0.44074282 -3.8512876
-2.110747 -4.047173
-0.8378204 -4.2753353
-2.807028 -2.6443033
-1.6114877 -3.6976888
-1.4525712 -3.95929
-1.4233283 -3.8882449
-2.6606097 -3.3803318
-3.3004146 -1.9732157
-1.9902151 -4.633646
-0.8880093 -2.2271543
-1.8053952 -3.9195435
-3.2533073 -2.3697262
-1.3820809 -3.7969413
-3.2123659 -2.2555346
-1.5697608 -2.0528297
-1.2093214 -3.6899302
-0.98133826 -3.6366858
-2.7420976 -3.3576758
-1.4382874 -3.028463
-3.3918338 -2.363137
-3.6139383 -1.8855754
-2.7613494 -2.750755
-1.0947235 -3.3854544
-2.751703 -1.8846592
-1.6043622 -3.5685773
-1.9344018 -2.8670707
-2.5034792 -2.7188137
-1.3312277 -2.6437025
-2.0827422 -3.8101997
-2.700086 -2.8819427
-1.3984513 -3.3588908
-2.417231 -2.4444802
-1.8773855 -3.3487017
-2.2109032 -3.193915
-1.9008077 -1.9223347
-2.2267737 -4.93833
-2.569386 -1.0006882
-2.0877872 -2.069199
-1.4285132 -3.7843912
-2.4554763 -2.8145106
-0.8970834 -3.3129969
-3.2896516 -2.3208594
-3.1246138 -2.1178179
-1.9041965 -3.9030778
-3.1062093 -3.1635613
-3.6986666 -2.5566664
0.4538199 -3.6254132
-2.6594653 -3.9721417
-1.175316 -4.075299
-1.7916865 -3.5015397
-2.8824298 -2.2302618
-1.2683631 -4.3376155
-1.3855463 -3.5645862
-1.3595861 -3.0922337
-1.8306878 -4.675996
-2.782293 -4.4243474
-1.9222951 -4.3822093
-1.4542092 -3.7874498
-2.953328 -3.7589972
-2.7975612 -1.9372563
-2.5840278 -2.8335788
-2.0027208 -3.1144984
-2.6200242 -4.6677737
-2.4483306 -3.0522192
-2.7283142 -3.3978255
-2.279541 -2.2188237
-1.6407367 -2.8439553
-2.3609667 -2.1225367
-1.5829945 -2.6616032
-2.9532626 -2.575871
-2.7028039 -2.8090649
-2.8714485 -2.4585905
-3.4466128 -2.240053
-2.0699568 -3.1877265
-3.5190823 -3.5054264
-2.6787078 -1.9890623
-1.970673 -2.2959418
-4.005325 -2.343193
-1.5257533 -3.6962502
-0.5804641 -3.4214876
-3.7016752 -2.0049973
-3.589094 -2.7188873
-2.212351 -3.2679923
-0.3660507 -2.883807
-2.4199102 -2.718903
-3.4827824 -2.243473
-3.0810316 -3.1341872
-2.7280474 -2.3988745
-0.5181499 -3.3714397
-1.7162763 -3.339339
-1.934685 -4.0731425
-0.6204316 -2.705931
-1.941169 -2.640394
-3.7609072 -2.2509186
-2.445707 -3.157817
-2.1246476 -4.848371
-2.5448508 -2.617713
-1.3817122 -4.251526
-2.9839702 -2.643187
-3.460303 -2.7254517
-2.881643 -1.9574821
-1.8074571 -1.8160332
-2.404388 -3.3980145
-2.7256315 -2.7575283
-2.1691628 -2.6519778
-1.9035525 -3.6910522
-3.0944276 -2.5989475
-2.4923654 -2.228853
-3.1898382 -1.9104606
-3.256653 -2.3447175
-2.7966363 -2.4281986
-0.4708895 -3.555104
-2.0639987 -4.5329213
-0.9922795 -3.4178433
-2.9075956 -1.7426482
-0.7976687 -3.8636017
-3.083165 -2.457417
-3.707503 -1.8150426
-2.5366163 -2.2175026
-1.4338535 -2.8578691
-2.9047322 -2.7953532
-1.4883407 -4.0227685
-3.2575982 -1.9002628
-3.235942 -1.5231462
-3.4390419 -2.099974
-2.3512218 -3.7651227
-2.949912 -2.1793108
-2.656426 -3.1287131
-2.7907214 -2.6697278
-2.5867455 -2.0408647
-1.8820312 -2.5449436
-2.3207166 -3.8450851
-2.5220735 -3.569952
-2.5696957 -3.633873
-1.3807806 -3.94993
-2.9901621 -3.317521
-2.8989835 -3.5423834
-2.7605166 -3.298317
-2.4911778 -4.174664
-2.3823621 -2.745435
-1.9172786 -1.7256724
-2.1243522 -3.4154723
-2.2201796 -1.9526473
-4.074382 -1.7047046
-2.3152838 -3.008381
-2.226039 -2.2366576
-1.564076 -3.6851525
-1.8008115 -4.3972397
-2.287296 -2.933193
-1.2686762 -3.4416795
-2.5290415 -1.25365
-1.757089 -4.4217477
-3.353849 -2.186874
-0.18249777 -3.0988786
-2.2204309 -2.2313662
-3.5362003 -1.4941051
-0.54894924 -4.186934
-2.3614717 -1.6955605
-3.7720873 -1.86974
-4.8124127 -2.944015
-2.621705 -0.89574957
-1.6537161 -3.4930105
-3.4066205 -1.4765805
-3.1014113 -2.82165
-2.3956268 -2.499948
-2.8200533 -2.4464986
-2.9165215 -2.7042081
-1.4898585 -3.7246993
-3.1594703 -2.56862
-2.899163 -2.042321
-1.4191064 -4.302658
-3.1733544 -2.946115
-1.5325807 -4.3950305
-1.5679574 -2.6547008
-3.2423277 -1.652651
-2.9531078 -1.4195415
-2.6839895 -2.2474773
-2.157333 -1.594545
-2.2399018 -3.3406148
-2.7195625 -3.211056
-2.1414933 -2.3840337
-1.9887842 -2.7903922
-2.5324206 -2.2485387
-1.4571466 -5.1711435
-2.626224 -2.6609812
-2.6959982 -3.332829
-2.2459867 -3.8057325
-3.2014003 -2.8381248
-1.8143532 -2.0761368
-3.5838287 -3.8112433
-3.3048604 -1.9330511
-3.4169452 -2.450507
-3.7366903 -2.1593776
-2.3511572 -3.515662
-2.863649 -2.155142
-3.7498076 -2.325581
-1.8030496 -3.2529106
-3.6045513 -3.7927918
-3.4978478 -1.9356892
-3.3040295 -3.0458355
-2.6675024 -2.2905064
-2.5268075 -4.345218
-2.7676165 -1.8262979
-2.6681275 -1.563678
-1.2592486 -2.4673016
-2.1986387 -2.6256232
-2.0972013 -1.7532378
-2.2674887 -3.5022776
-2.11569 -2.8395405
-2.0839596 -3.1413105
-2.899548 -2.6910148
-2.2023044 -4.1031685
-2.9584956 -2.8524947
-3.7883897 -2.5382304
-2.5414138 -3.48333
-1.6812652 -3.695597
-3.8323693 -1.2224975
-1.6475347 -1.6956164
-1.3911084 -3.3731637
-1.4393944 -3.5677423
-0.06664923 -3.7406301
-2.0798557 -3.825642
-3.1339388 -2.802808
-2.6741521 -3.882851
-2.815123 -2.9846509
-3.352667 -1.4841931
-3.158646 -2.1205096
-1.6392682 -3.0351083
-1.8034153 -3.380295
-2.3358836 -3.8477435
-3.4035175 -2.5849915
-3.5066762 -1.8447049
-1.2722219 -3.2996335
-1.8375908 -3.0717976
-1.3707205 -2.7839396
-2.4642723 -2.3517346
-3.633728 -2.4261103
-2.274536 -2.8275213
-2.2064981 -2.7789578
-2.4236262 -2.1252
-2.5634663 -4.134958
-1.7732922 -2.137943
-2.7769287 -3.9528837
-2.5717509 -1.8677871
-1.9095469 -3.2021458
-1.0401871 -4.04639
-2.5935793 -2.1404212
-2.6481104 -2.2349467
-3.135205 -2.2973402
-2.64331 -3.103234
-2.6161394 -1.2718045
-3.1280594 -1.4650481
-2.626572 -2.3651016
-2.1241915 -2.6991045
-2.022061 -2.2263157
-3.1309156 -3.5986962
-3.1037996 -2.7276275
-2.9870777 -3.9083533
-3.363633 -2.384298
-3.4523451 -1.3458462
-2.2045548 -3.704115
-1.4924023 -2.967483
-2.1004763 -3.5493734
-1.9356236 -3.3739924
-2.0463524 -4.1850085
-3.0564785 -2.0866854
-2.544764 -3.9647775
-2.403527 -2.87111
-2.6902568 -2.2581751
-1.9352984 -4.1730466
-2.1263034 -3.2793083
-1.5170377 -5.117863
-2.0941882 -3.925412
-2.168808 -1.697927
-2.5821009 -2.9902275
-0.7935939 -4.069854
-0.7477086 -3.2069945
-1.4904455 -3.1377466
-1.5359086 -3.2457693
-2.681075 -1.8708265
-2.4043405 -3.0812275
-2.2780604 -3.623432
-1.9044104 -3.4280057
-2.9745946 -1.718683
-3.4722943 -2.5289211
-2.5017211 -2.7054522
-3.6237707 -2.5690708
-2.6041775 -2.976608
-2.2261188 -2.4459562
-3.9290998 -2.1328938
-2.2422254 -2.262744
-2.6435637 -1.3165749
-1.8587115 -2.9948277
-3.8528035 -1.2496921
-3.194601 -2.8675263
-2.6969395 -3.5567029
-2.207957 -2.7151048
-2.251036 -2.921207
-1.8669802 -2.2969773
-1.4996316 -3.3952801
-1.419925 -1.6800691
-1.6836888 -4.8135433
-2.7334077 -2.0585637
-1.8168744 -3.617203
-1.4984728 -2.211604
-2.1413908 -1.1760658
-1.5325141 -3.8301718
-3.2383528 -1.6520702
-2.6367009 -3.4694774
-3.4337757 -2.2368186
-0.44914156 -3.4252117
-2.5543575 -3.0472367
-1.9213167 -2.6478183
-1.9230987 -3.8870807
-2.1831703 -3.303578
-2.8607135 -1.7024332
-3.5041294 -1.8113947
-1.122692 -1.9857194
-1.7941889 -1.8941333
-3.0060544 -2.4560914
-1.9070501 -2.8797255
-2.5933807 -2.262841
-1.2146829 -4.0740366
-1.8678948 -3.4765286
-1.460183 -4.2120504
-2.4849055 -2.4464438
-1.6410105 -3.1939914
-2.9756892 -3.052238
-2.362976 -2.3251886
-2.7514176 -2.1888137
-2.9010673 -2.6528344
-1.4973556 -4.214708
-2.0145032 -1.8824064
-2.81163 -2.0758045
-1.8713316 -2.7962167
-3.2817144 -2.5847502
-2.2068024 -2.973688
-4.004094 -2.298276
-2.7140827 -1.9651755
-2.2283597 -1.0855318
-2.2633271 -3.7004015
-1.8851833 -3.4777238
-2.7251453 -2.5342643
-1.9490755 -3.077909
-2.1189802 -2.9722836
-1.6835763 -3.976048
-0.9896238 -2.8350296
-1.4189106 -3.552885
-2.7319374 -3.036054
-1.9630326 -1.8475759
-1.6279869 -3.5438447
-3.0909598 -2.2732675
-2.2996023 -1.4669595
-1.8669696 -3.296537
-2.7507803 -2.7190027
-2.139314 -1.2638924
-1.884632 -2.690784
-3.2513075 -1.7509875
-1.3351722 -2.9592721
-1.7111962 -2.6849577
-1.2670044 -3.4481025
-3.5008001 -0.92988276
-2.1206899 -2.5129948
-1.2964475 -3.2895885
-3.0187619 -1.64282
-2.3237195 -3.063025
-2.8003535 -1.8060626
-1.6427721 -3.065535
-2.6371813 -3.990579
-2.438992 -3.0780916
-2.3220336 -3.6919835
-3.294763 -2.4100254
-2.582797 -2.126982
-3.8500423 -3.6476028
-2.6352367 -3.2818193
-1.2878327 -2.062568
-1.5556555 -3.720174
-2.2042742 -1.9426495
-1.404579 -3.4609585
-1.1346632 -2.333985
-2.5353487 -1.749008
-2.123685 -2.4660814
-0.66490483 -3.6179748
-3.1522036 -2.2515547
-2.1240525 -4.645909
-2.318204 -2.3603363
-2.1290848 -2.3857667
-2.0347533 -2.936784
-2.3142304 -3.789364
-3.386056 -2.4853127
-1.4644263 -2.3553288
-1.9640168 -3.632914
-2.5692818 -2.881841
-0.3473478 -3.9333405
-2.5185454 -2.6474383
-2.382328 -1.7777147
-3.9603052 -2.5502648
-3.862031 -2.0329094
-1.3754447 -4.907304
-3.2172523 -2.7371387
-2.7848318 -2.5780118
-2.5444138 -1.9353122
-3.3374155 -1.8412943
-1.0940101 -2.514049
-2.8191695 -2.0744689
-3.215409 -3.0149274
-2.0974429 -3.324963
-2.6335232 -1.9179438
-2.6106498 -2.399407
-1.0200229 -4.1642523
-2.0872324 -4.453224
-2.5855103 -2.672275
-2.5517921 -2.2558167
-1.8365712 -4.154443
-3.1389942 -2.9835844
-2.1293044 -4.5238795
-2.9602332 -2.3818448
-1.9744895 -3.11702
-2.9252496 -1.6821434
-3.5968614 -1.8738005
-2.2660584 -3.5795908
-2.449781 -2.5654397
-2.5132418 -3.6439764
-1.9993615 -2.2494297
-1.4902631 -3.7729
-2.4867265 -3.7924886
-3.3167293 -1.5976384
-0.7336527 -3.1412961
-1.4611018 -3.24395
-1.5797668 -1.7895731
-1.6513423 -2.3825612
-1.6704524 -4.3512
-0.5178037 -4.1352324
-3.2227092 -2.7254875
-1.3486758 -2.7119975
-2.606711 -3.9521925
-1.177273 -4.492719
-1.3222584 -3.9785216
-3.5507138 -2.5227008
-0.9831618 -3.8940651
-2.121669 -2.580311
-2.178231 -1.8158596
-2.8920953 -3.4895983
-2.2650042 -1.1507297
-1.8190644 -1.6393192
-2.84403 -1.341618
-1.5154406 -6.1310277
-2.618809 -2.2704601
-2.8438206 -2.594121
-2.2256284 -3.9013767
-1.998194 -2.2076805
-3.8985145 -2.3258967
-1.505723 -3.404096
-3.3886495 -2.3009672
-2.1618774 -2.7997177
-1.2896595 -3.6744905
-2.4766097 -3.0297093
-4.0636954 -2.5632973
-1.9856861 -2.4002097
-0.71927583 -3.979427
-2.5346334 -1.9820232
-3.8553116 -2.0239446
-3.756102 -2.9397588
-1.7379764 -3.3568654
-2.1599448 -2.9014235
-3.3594365 -1.764207
-0.80064464 -4.9711328
-3.412071 -2.1428993
-3.0305688 -2.95993
-2.8408432 -1.6082659
-2.7143035 -2.085548
-1.8753484 -1.5533041
-2.9160054 -2.2697628
-2.230369 -2.493364
-2.2593915 -1.1526897
-2.9603097 -2.6501927
-0.8780525 -3.8694675
-1.39714 -3.636658
-2.7844946 -3.5493703
-2.5845609 -2.7215075
-2.266808 -3.7444465
-1.4489306 -3.6879191
-3.5523827 -2.345143
-2.4344893 -2.6855595
-1.4478948 -2.4229138
-3.4685411 -2.0899777
-2.6047983 -1.7536883
-2.26859 -2.7661593
-2.303575 -2.309256
-0.8348471 -3.7057397
-2.7123997 -3.3848412
-2.6418393 -2.9632804
-3.2684815 -2.2262723
-2.1038451 -1.6901473
-3.0093057 -1.9182456
-2.5342178 -3.5626469
-3.1427839 -3.033049
-3.7321467 -1.6889082
-2.0911822 -1.9863468
-2.8132744 -4.004123
-1.4008449 -2.1696537
-2.446086 -4.7648897
-0.9076767 -3.1199975
-3.603553 -1.1282923
-3.7820528 -2.0646021
-2.9596822 -2.7806408
-0.9571389 -3.9318726
-2.056471 -2.8160155
-1.503355 -4.1982393
-3.1676562 -2.925746
-2.4659414 -2.5491605
-2.7915483 -2.2044
-3.4312065 -2.5591235
-2.460312 -2.7056105
-1.9748955 -1.7134552
-4.0675383 -2.1595688
-2.3624382 -2.2796397
-1.658114 -3.3973997
-3.841519 -2.1583705
-1.599305 -4.3206606
-3.3695512 -2.1990137
-3.1250021 -1.8546289
-1.5908682 -2.6428566
-0.8863598 -2.3431458
-0.85507584 -5.091947
-1.8899263 -2.2815678
-2.4524608 -2.8490703
-1.9966407 -1.650606
-3.186884 -2.1991873
-2.2864192 -3.1019657
-1.6928864 -2.3147943
-2.928115 -2.4213986
-2.1005158 -2.5319161
-1.1574022 -3.6442297
-1.6325252 -3.339725
-3.9451296 -1.2794963
-3.0454543 -1.2612625
-2.6930506 -2.1718762
-2.352531 -3.015841
-2.299858 -2.5069735
-3.0542612 -2.5795329
-2.08405 -2.6217518
-2.4359028 -4.415075
-2.2385855 -2.011878
-3.5693054 -1.9012843
-3.3812528 -2.333388
-1.183313 -3.64735
-3.4357126 -2.5341218
-2.2639163 -2.6442595
-1.8157482 -2.8338633
-1.8050323 -3.6359246
-2.853214 -2.5553846
-3.7581966 -1.6024854
-3.4065647 -1.4941388
-3.5003211 -2.6667645
-2.267937 -2.6223483
-3.246789 -1.6414366
-2.2166343 -1.1487747
-3.4969716 -1.7149382
-1.9195197 -3.2937126
-2.3430307 -2.7535121
-1.886855 -3.2565234
-3.047893 -2.2846777
-2.8159108 -3.3723707
-2.5594976 -1.8613421
-2.190324 -3.0402029
-1.1001544 -2.586868
-1.6059273 -3.5281084
-2.2872658 -3.676633
-3.6529953 -2.493329
-3.2916572 -1.8549687
-2.7031956 -1.2733465
-3.0946016 -3.5896437
-1.8892723 -3.5731633
-2.2354722 -3.6423101
-3.2956922 -1.3060662
-1.3120894 -2.7337034
-3.0459569 -2.1958504
-2.9117148 -2.2103014
-1.615483 -2.57988
-1.9496008 -3.5437796
-0.5439501 -4.4975715
-0.34800708 -3.5476625
-3.0396302 -2.6953437
-3.7255309 -1.5036377
-3.3517191 -2.516398
-1.9984987 -3.460523
-2.256373 -2.907188
-2.659567 -3.2269278
-1.6683143 -2.1634803
-3.9893458 -2.110895
-2.5203679 -3.3964238
-2.4499424 -3.6892664
-2.3061523 -4.191004
-2.1567934 -2.0818179
-2.6511443 -4.263325
-1.7574291 -3.5528226
-3.3774393 -3.0209942
-2.3573496 -2.478814
-3.290391 -2.2212663
-1.009325 -3.361607
-2.7704399 -2.2210667
-1.6707798 -2.661168
-2.343496 -3.708408
-0.93837535 -2.5676696
-2.048285 -1.7627801
-2.9655924 -3.0155003
-1.8046061 -2.4532158
-2.953627 -2.3213775
-2.2472308 -3.8604052
-2.6751945 -3.3116639
-4.4619412 -5.1155577
-2.4645655 -3.5561082
-2.959658 -2.5415602
-2.0493362 -3.6567938
-1.9188921 -4.1543508
-0.5675064 -4.2497115
-2.3223557 -2.8174627
-3.1556237 -2.6313198
-0.9574163 -3.8010054
-3.3302119 -3.6175275
-2.2393131 -1.9060735
-3.562668 -2.4802973
-2.732738 -1.9294499
-3.0763502 -2.6898086
-1.7751472 -4.6998334
-3.7782528 -1.9937072
-1.6940747 -3.9615216
-3.028746 -2.6166773
-3.3454108 -2.4792063
-2.5129113 -2.5596464
-3.9510326 -2.2082515
-2.008191 -2.0629566
-2.4822934 -3.002871
-2.6041226 -2.4617834
-1.8933687 -3.603097
-2.0972104 -3.3991785
-3.7821157 -2.946177
-2.1607103 -3.2888594
-1.9220653 -3.3928294
-1.9710994 -2.1846097
-2.9090183 -2.9537404
-0.6728687 -2.548452
-1.6576209 -3.1684933
-2.277299 -2.757539
-2.3817408 -2.1865559
-2.0967581 -3.566691
-2.9403229 -2.3146203
-2.674802 -3.2318928
-1.0192097 -3.7817283
-2.504405 -2.5507505
-2.2842999 -2.813756
-3.113603 -1.3793453
-3.4607105 -1.2402499
-3.2087605 -1.065551
-2.4273322 -2.4022098
-1.8997089 -2.2239974
-2.4691544 -1.9777443
-1.9447161 -3.3095744
-1.5015658 -2.431278
-1.598114 -3.5060163
-1.1284863 -3.9052768
-2.77748 -2.570001
-2.2436814 -1.9132181
-2.3840566 -2.2737787
-2.4726799 -3.9697754
-2.7619638 -3.390077
-2.2476592 -2.6605794
-2.6434236 -3.4781418
-2.8053637 -1.2410624
-2.1497414 -2.7676196
-2.758215 -2.3221698
-1.575969 -2.700963
-0.7259608 -4.4040356
-2.5554779 -3.2434669
-2.8438504 -3.439601
-1.8678113 -2.5076568
-2.618956 -2.983471
-1.9480354 -2.5004263
-2.098735 -3.4908388
-2.3685408 -2.315157
-2.7471588 -1.078099
-0.8384167 -3.3116128
-2.4682322 -3.1903732
-3.4062853 -2.0090241
-2.4733958 -2.2279248
-3.0548098 -3.4793878
-1.9046198 -2.142516
-3.3392465 -2.7490666
-1.3825642 -4.154215
-2.5458121 -1.1233753
-2.8411226 -2.6400917
-1.9927486 -2.6028004
-1.9399371 -4.190534
-2.2806926 -3.1175992
-2.8320422 -1.8810222
-2.0604043 -3.08613
-2.1948562 -2.7440805
-2.2514446 -2.4084287
-3.3786075 -2.901877
-1.1524023 -5.2596507
-3.1411965 -1.9850845
-2.1312678 -2.7512226
-2.3219354 -3.714148
-2.7796538 -2.6926067
-1.8221511 -4.471971
-2.6172721 -2.6258724
-1.5438241 -4.255475
-2.0213935 -3.2405233
-2.9692852 -2.5435915
-3.0245805 -1.7801285
-2.4589655 -2.8248227
-2.919742 -1.779578
-3.8159661 -2.745904
-2.5882363 -2.3120346
-2.2354693 -3.906568
-2.0825837 -3.921155
-2.3014336 -2.9671333
-2.6800334 -1.9697522
-3.9589376 -2.473872
-3.3297026 -3.5730557
-3.169183 -3.4171114
-2.3559356 -1.9541062
-2.2136185 -1.314375
-3.374261 -1.9717935
-2.8085837 -1.8233591
-3.770606 -2.4112058
-2.1331546 -1.6382545
-1.2802165 -3.0739582
-1.5988048 -2.3478484
-2.0539699 -3.4165144
-2.0088148 -4.1467857
-1.5073823 -3.1874988
-2.1850245 -2.822703
-2.080954 -2.445604
-2.0400662 -4.6886992
-1.1838421 -2.637674
-1.972147 -2.9709918
-2.3046014 -3.371644
-2.9505608 -1.8997796
-2.2249074 -3.1802328
-1.4477067 -4.4587674
-2.9021623 -2.7531395
-1.0230223 -4.236407
-1.584425 -1.8297923
-3.8279176 -1.8690724
-1.6785784 -3.3060393
-3.0832326 -2.9294536
-1.9776316 -2.777381
-1.8480505 -3.5784218
-2.250781 -2.4356759
-2.5709054 -2.650003
-3.1110675 -2.4880033
-2.67874 -2.7546265
-2.045922 -3.5200353
-1.3576312 -3.6536992
-3.3052135 -1.8083237
-3.6496565 -2.9628446
-3.432717 -3.1791809
-1.5901866 -2.3520904
-2.5815222 -3.7353778
-2.0290956 -2.0632942
-3.5352473 -2.472607
-1.7564682 -2.7118669
-2.5119886 -3.164123
-2.411257 -3.4337652
-1.5158352 -1.8054736
-2.0771008 -3.4169781
-2.954536 -2.1906102
-1.7064252 -2.9137137
-2.9180706 -2.4153469
-3.2583423 -1.688668
-2.654482 -3.4820602
-1.4178666 -3.0109162
-3.4248009 -1.9479451
-2.1861427 -3.433739
-1.5416119 -2.594806
-1.9195408 -1.9716731
-2.766869 -2.1718884
-2.0363736 -2.1962578
-0.9569526 -4.208923
-3.0782607 -1.6173787
-2.2492018 -2.9355729
-1.9885075 -4.727636
-2.5884495 -2.9428134
-1.8720715 -3.9774888
-2.3642006 -2.035438
-3.2274678 -1.662874
-2.9935234 -2.5715654
-3.1440625 -2.8138607
-1.2075318 -2.567179
-2.121892 -3.1745687
-2.5721264 -2.6637793
-2.7804227 -1.6939415
-2.1195934 -4.8144526
-1.9446429 -4.045517
-0.587178 -3.177016
-2.6814477 -4.4221277
-2.1010046 -2.9913201
-2.8230634 -2.1589015
-2.7821443 -1.9624549
-2.8470297 -2.1759984
-2.280777 -1.899931
-2.9949374 -2.6352472
-1.383506 -4.194575
-2.2646823 -1.778306
-2.1516993 -4.0678782
-2.0054038 -3.824154
-3.2815528 -1.7395211
-2.3099527 -3.1008356
-1.6171334 -3.4786077
-1.0545894 -3.7551513
-2.0768316 -4.123278
-3.4217558 -2.8274372
-1.9719517 -2.7661984
-2.5883727 -3.5214398
-2.4840417 -2.9424741
-0.82667565 -4.227074
-1.2123736 -2.6979504
-1.3401408 -2.6485555
-2.121862 -4.982315
0.2559711 -3.1329854
-1.5529928 -3.1994817
-1.4086618 -4.9649787
-1.1827737 -3.661277
-2.77824 -3.2074492
-2.9636776 -2.3569202
-2.7971005 -2.9182355
-2.3637273 -3.667789
-1.7486619 -2.0136433
-2.6550944 -2.1566117
-2.6506493 -3.113017
-2.269727 -2.7484221
-2.925419 -2.1802027
-2.1717486 -2.1764252
-4.206671 -1.5258074
-0.16262497 -2.9294844
-1.9820248 -2.2358508
-2.4753158 -3.9556837
-3.0343547 -1.4134316
-1.3444077 -2.946571
-3.3384368 -1.9334447
-1.4611549 -3.7668035
-2.632104 -1.177582
-1.988842 -3.2148678
-1.0123328 -1.2142318
-1.4007194 -3.3526466
-3.0770783 -2.8225725
-3.2129247 -1.5564066
-1.2680494 -4.390682
-2.7479625 -2.8040416
-2.31817 -1.2309322
-1.8769206 -3.6362903
-2.359813 -3.5445015
-1.8492209 -4.788014
-2.463864 -2.35439
-3.1641657 -2.67089
-2.41291 -1.7636946
-2.3451705 -2.8296797
-3.0892363 -2.411345
-3.8446505 -2.5440342
-2.6943038 -2.7791626
-2.1304784 -3.718163
-2.651213 -3.4836664
-4.817574 -2.251126
-1.1383896 -3.2609556
-2.8719058 -1.306027
-3.2503726 -1.8181012
-2.8958774 -2.812627
-2.9260445 -2.0022352
-2.4850664 -2.8402584
-2.3388593 -1.5271771
-1.8065696 -2.8942747
-2.2624514 -2.849409
-3.0440085 -1.4701667
-1.9970611 -2.544191
-2.729888 -2.313599
-2.302062 -1.8226917
-2.8256428 -2.075704
-1.1966119 -2.1855166
-2.8634925 -1.9156853
-3.1901712 -2.8518317
-3.9193313 -2.4190133
-1.8925718 -1.7362257
-3.1650891 -2.7465518
-3.3639839 -2.1038048
-3.3525379 -3.4204795
-2.1412368 -1.5054432
-2.8812764 -1.6634147
-0.6842077 -3.380096
-3.0435972 -2.7127724
-2.1694288 -2.6964228
-2.7831233 -3.3117602
-1.7636021 -4.4161015
-2.179171 -4.5465975
-3.11282 -2.4216177
-2.3936439 -2.149893
-3.3867917 -2.211221
-1.8693546 -3.5831056
-2.9763496 -1.1208726
-2.2173448 -2.1562133
-1.9507202 -3.3142319
-1.3795056 -3.0194287
-2.1683404 -3.3833199
-2.3897045 -2.3046393
-0.42651442 -3.2312229
-2.453057 -2.8394144
-3.7530642 -1.9318508
-3.1832507 -2.4707255
-3.0699427 -2.7322342
-3.1626096 -2.7534294
-2.4828143 -3.1367376
-1.3035319 -3.599384
-1.8490824 -4.336422
-2.9084141 -1.9860141
-2.9208899 -3.1361697
-1.6388533 -3.1427207
-2.0026774 -2.9062667
-4.044024 -3.752582
-1.7758956 -3.1621437
-0.9974195 -4.391134
-1.3961269 -4.389046
-2.040115 -1.7959733
-2.459871 -2.843198
-2.0444925 -2.1876826
-2.603674 -1.9703181
-0.6938051 -3.924311
-4.051972 -2.4312673
-2.463222 -3.6859264
-1.5827501 -2.7102585
-1.4144547 -4.5067105
-2.8748944 -2.9648182
-2.6922116 -2.3999662
-2.888701 -1.7509011
-3.0829225 -2.738443
-2.8917162 -2.6267345
-2.1915815 -2.401156
-0.64112353 -4.01064
-1.8148717 -2.1062355
-3.4582927 -1.7713801
-2.6400208 -3.0697224
-2.4022703 -1.8524405
-2.4034688 -2.5477676
-1.1939942 -4.008274
-0.78076947 -2.4006023
-0.02017127 -3.1908612
-2.3107066 -3.7674668
-3.5088844 -2.0782325
-2.0616124 -1.434613
-1.9140211 -2.8480048
-1.9019041 -3.1206641
-2.3198078 -1.715342
-2.5915256 -2.231665
-3.2094057 -1.8090377
-0.6409486 -3.5861444
-1.8177664 -2.850735
-3.2243166 -2.992399
-3.037148 -3.908905
-3.0072577 -3.2645237
-1.0813464 -4.4667115
-1.9523084 -4.09686
-2.4213936 -3.0365772
-3.3194287 -2.17759
-3.4602432 -2.334678
-0.48625103 -2.5712938
-3.2064052 -2.0731044
-0.5753564 -3.9385579
-1.4231206 -2.44841
-1.976872 -2.1951885
-2.859656 -2.3920152
-2.9778562 -1.9955229
-1.5049328 -3.9767468
-3.4839962 -3.2727826
-1.6632526 -1.7903521
-2.0362463 -2.7277105
-2.9017844 -2.7131226
-2.4532971 -3.041705
-1.627773 -0.6258523
-2.955683 -1.9468699
-1.775824 -3.783873
-2.317114 -2.8332338
-2.7335122 -2.5698833
-2.100167 -4.0617557
-2.9541204 -2.8530624
-2.6404843 -3.1560404
-2.2559268 -1.5409936
-2.4549665 -2.6390028
-2.8974793 -2.2980995
-2.4235442 -1.6868883
-1.2960854 -3.5091064
-1.610383 -3.2234194
-3.3233874 -2.4060194
-2.709189 -2.6557765
-2.1828995 -2.3517163
-3.658594 -2.332126
-1.5273231 -4.44208
-3.1018958 -1.6331797
-1.9664129 -5.0564246
-2.6745162 -1.6245977
-1.4840947 -3.8558223
-2.5919175 -2.9272316
-1.1311481 -5.3889866
-1.9140824 -1.7367713
-2.4361467 -3.3018434
-1.6653292 -1.5227752
-2.7009068 -2.1057296
-2.9188175 -3.3462348
-2.2779562 -3.3960238
-3.8789575 -2.4971352
-2.847285 -1.4338516
-3.8057885 -2.8380277
-2.1920311 -4.7616105
-0.7218405 -3.066688
-0.7660891 -2.3839695
-2.6720743 -2.662361
-1.7102164 -4.3685503
-1.9842558 -3.1623726
-2.1667943 -1.8042967
-2.3088868 -2.9071674
-2.3304684 -2.3686385
-2.5106854 -3.4219294
-2.6198957 -1.2898997
-3.5358613 -1.8104807
-3.5678031 -1.5760126
-2.969134 -2.7034817
-1.3633821 -4.196564
-1.9735987 -1.1742655
-3.3947306 -2.4557412
-3.6683834 -2.6248856
-2.8119884 -3.7513037
-2.5894613 -1.9766139
-2.0869224 -2.9057708
-3.4056275 -1.9771814
-2.7052505 -2.9981344
-3.3577387 -2.295904
-3.1867306 -2.6162028
-3.0464494 -2.807772
-2.342648 -2.7300751
-2.3737504 -2.3398495
-3.6174178 -1.6577495
-3.1666515 -2.4825926
-3.2881954 -2.5159411
-1.6035228 -3.0494664
-2.081898 -3.0721557
-1.8249266 -2.5926356
-1.1636682 -3.978835
-2.1304827 -3.0773776
-2.2283173 -3.4387982
-2.8932264 -2.6571946
-2.387323 -2.6473112
-2.0849593 -2.259521
-3.1772132 -1.3527431
0.97805405 -0.89507675
-2.8604484 -2.2065368
-1.6894841 -3.3425007
-1.9347675 -2.591344
-1.8450757 -3.6088288
-2.6241374 -3.5861194
-0.9914801 -4.376924
-3.0957365 -2.2419033
-3.716239 -2.0038688
-1.7228383 -1.4748794
-3.4573708 -2.1986282
-3.4641368 -2.866483
-3.217642 -2.3466198
-1.743069 -2.8174636
-2.9704254 -2.9948657
-1.5548536 -2.0660114
-2.0988827 -3.5107143
-3.2493422 -3.3429344
-2.9016054 -1.7061495
-2.1080058 -2.6926818
-3.3661027 -2.1203673
-3.086364 -1.706654
-1.8173128 -2.5743237
-4.3924813 -3.723192
-5.0161552 -4.705797
-3.7948384 -2.0727925
-1.1855192 -3.5358026
-1.5739622 -4.3993993
-3.413429 -2.6750169
-3.2870667 -1.8994887
-2.9346457 -1.2967354
-2.864547 -3.1207914
-1.4575454 -3.1309648
-2.94271 -2.2651079
-3.2725124 -2.4209497
-2.5333114 -3.4465349
-3.0427735 -2.1196506
-2.3028808 -1.4591696
-1.030284 -1.577772
-2.5870428 -2.6552591
-1.4293425 -4.0500064
-1.8817507 -2.8464215
-3.0147135 -2.680989
-4.2527237 -3.0021691
-2.1051493 -2.9943902
-1.8034382 -2.7590735
-2.684877 -2.8158984
-2.245626 -2.9704134
-3.8386111 -1.8617463
-2.296062 -2.3994167
-2.6442215 -3.228691
-3.8573062 -1.9300516
-1.6837898 -2.4858787
-2.886347 -2.55558
-1.2282621 -3.9535284
-1.8277283 -3.1275291
-0.86910796 -1.7052442
-1.356968 -2.8748236
-2.7873328 -1.606912
-2.2533076 -3.232239
-2.7347102 -1.8780557
-3.4476352 -2.4303741
-2.8350275 -2.3791256
-2.2775896 -2.8416836
-2.8768687 -1.8851525
-0.796921 -3.8776612
-3.2498574 -2.0111337
-1.7300735 -2.708183
-1.9790759 -3.0108957
-3.0749872 -1.5564479
-3.055843 -1.7347881
-2.84351 -2.9924498
-2.2882576 -2.7314591
-3.7115064 -2.681669
-3.1486027 -1.3106394
-3.077953 -3.4563344
-1.9937129 -3.0478058
-1.5193458 -1.9368031
-1.1862731 -2.687939
-2.2426164 -2.7945483
-2.2303157 -2.839159
-1.8120944 -2.892451
-1.7429222 -4.0380983
-1.6645395 -3.5125368
-2.0645645 -2.2010245
-1.2001451 -2.7626953
-2.4129214 -3.0162952
-2.8549573 -2.2344828
-1.8802283 -3.7653618
-3.3801227 -2.7212658
-2.2607534 -2.0599523
-1.6676664 -3.3900838
-1.6761322 -1.8567028
-4.004027 -2.0245123
-1.579986 -4.1066957
-2.7577696 -2.0675795
-2.4249394 -2.9580855
-3.8796415 -2.0046084
-3.0292087 -1.8098457
-2.1831245 -1.9071622
-2.6440732 -2.7671719
-3.2252505 -2.145889
-2.3081732 -4.403249
-2.5266933 -3.3493447
-2.5553353 -2.2610562
-1.6427723 -3.1995883
-3.0812414 -1.5762874
-3.422846 -1.0208211
-2.5254683 -3.5726738
-3.610742 -2.708755
-2.0671268 -4.3301578
-1.9778696 -4.213331
-2.715133 -2.135204
-1.9722129 -2.2981453
-1.4686309 -4.2081857
-2.8785741 -1.1833688
-1.7682469 -3.6645732
-3.5076916 -2.8332086
-2.4535897 -3.0022817
-1.6325508 -2.7684696
-2.078766 -2.3450139
-1.6854013 -2.9905534
-1.5564241 -5.1882973
-2.6882317 -2.7260544
-3.306386 -1.4889039
-1.993257 -4.001004
-2.436372 -4.9689617
-2.9297957 -2.0920274
-2.8681252 -3.2129507
-2.0730557 -2.7497003
-2.419253 -3.5031126
-4.299651 -4.613706
-2.5071805 -3.058907
-1.2994672 -3.1119628
-3.5098178 -2.5330696
-3.1989694 -2.4367492
-0.8931761 -3.2062047
-2.7087986 -2.0068178
-2.4399192 -3.1731243
-3.1346068 -3.1534464
-2.4698598 -3.5829976
-1.6337574 -2.1450644
-2.366702 -2.8650837
-1.9350396 -2.6226523
-2.5574646 -3.023352
-3.8913176 -1.333233
-2.3229518 -3.632649
-3.1293666 -1.7325441
-1.503714 -2.5720654
-3.497181 -1.6518924
-2.4954858 -4.240252
-0.1351377 -3.3256915
-2.6856725 -3.2014737
-1.504376 -3.2732513
-1.0601448 -3.7658923
-1.4304087 -3.9695895
-2.7289605 -1.5382763
-1.1607617 -3.9429882
-1.2329353 -3.4163246
-2.9923613 -2.65109
-2.8365219 -2.7900095
-3.1714854 -2.0618346
-2.3548148 -2.4217215
-2.429741 -2.560925
-1.3914438 -3.950918
-2.5359502 -3.1422687
-2.2418664 -1.885093
-4.1434174 -1.5413163
-2.4771 -1.5151228
-3.263725 -2.2506177
-2.9497933 -2.3409731
-2.5677373 -2.1576
-2.3453128 -3.2236466
-2.663682 -2.8635297
-3.6181278 -1.7727083
-1.964559 -2.0600097
-1.7699215 -2.2785118
-2.4140732 -4.1415386
-2.0757494 -2.345627
-2.6845798 -2.3454406
-3.2422223 -3.1096327
-1.1401609 -4.2055345
-2.50734 -2.855687
-1.940007 -2.533887
-2.8412287 -2.094913
-2.258285 -2.8101175
-3.0890598 -2.6668537
-2.8966532 -3.3106503
-3.865973 -1.3449605
-1.8009402 -3.8680456
-2.9676702 -3.430203
-2.395538 -3.0106337
-2.7181125 -3.7971365
-2.7989123 -1.6299767
-2.991182 -2.0918899
-2.2272072 -3.6803906
-2.5825472 -2.6530566
-3.6286228 -2.5070264
-3.181289 -1.6165541
-3.1348774 -2.4151125
-2.287918 -3.3968456
-2.0051908 -3.342946
-2.0641015 -2.693418
-2.8283372 -3.7454097
-3.8511508 -2.3357227
-0.9544542 -2.893202
-2.9967666 -2.7399282
-1.3513426 -4.656413
-2.7354145 -2.007137
-2.69361 -2.3881085
-1.6701143 -2.5198398
-3.369064 -2.321343
-2.2294598 -3.265366
-2.4546883 -2.3299282
-1.4941905 -2.6057081
-2.516059 -2.8609102
-2.8219526 -2.8857963
-3.7501614 -1.3326105
-2.8630838 -2.3882496
-1.8894964 -2.2830188
-3.0363462 -2.5607028
-3.0491426 -1.6636351
-2.8585405 -2.0418308
-3.208115 -2.2128158
-1.8392076 -3.7467349
-2.9961276 -3.658642
-3.736038 -3.906827
-2.6036885 -1.7589726
-3.2598176 -3.0805554
-3.7862089 -1.1750582
-1.1959699 -4.046303
-1.6861336 -3.2605097
-2.942663 -3.4867964
-2.4558594 -2.3013844
-1.0507381 -3.6201541
-1.1451039 -3.184034
-3.287256 -1.8837107
-3.2595344 -1.6068356
-3.373236 -2.0587513
-2.6606977 -3.1060476
-1.6664479 -2.6061025
-4.1298714 -2.4888823
-0.9156791 -3.8422863
-3.4956896 -2.1033878
-1.5944185 -3.60795
-1.4311115 -2.8676488
-2.9680347 -1.5020818
-2.3414445 -3.0467694
-3.5132291 -1.5038697
-2.8519294 -1.7265415
-1.9924321 -3.25264
-2.5954444 -2.1704655
-2.4995244 -2.7094867
-1.9352491 -2.7519865
-2.21175 -2.8307042
-1.388818 -4.045582
-2.577067 -3.662862
-2.9310207 -3.1113088
-1.9111505 -2.9869347
-1.6857594 -2.9516904
-2.7366529 -2.044808
-2.7797384 -4.2667174
-1.6023633 -3.861995
-1.5402356 -2.7174873
-2.9287634 -1.5121732
-3.1609266 -2.7400696
-2.6058412 -3.1129062
-2.0348873 -2.309889
-2.9131546 -1.6611688
-3.561417 -1.3512881
-1.4550462 -2.2911172
-1.5254261 -2.6635232
-3.1251996 -2.4047773
-2.84195 -2.6312034
-2.2820497 -1.9275227
-3.32037 -1.7183384
-1.8710515 -1.8277619
-1.7477306 -3.9982603
-1.0113313 -4.42236
-2.854893 -2.6975582
-1.8491293 -3.1845987
-1.9464172 -3.0409615
-2.1922042 -2.645582
-1.8711782 -2.4813647
-2.728571 -2.1767185
-3.3135014 -1.9554136
-2.1845343 -2.9604504
-3.0487087 -2.0044687
-1.7883196 -2.6509233
-2.7667706 -2.8719902
-2.4460819 -2.5470676
-2.7267845 -3.0389273
-2.0761166 -3.8139024
-1.5755432 -2.771746
-3.42045 -2.6216538
-2.5669782 -1.9447078
-0.84808254 -2.3049905
-2.2464395 -2.3072503
-2.0516357 -3.3274333
-2.7765486 -3.2228692
-2.3074594 -3.2545326
-1.9673618 -4.145101
-1.8098239 -3.9256692
-2.7290912 -2.805828
-1.3728629 -3.5178924
-2.595824 -3.5124853
-3.420788 -3.1531675
-3.394569 -2.5904703
-1.7284228 -2.9404187
-2.183899 -1.67196
-1.134582 -4.528812
-2.2204785 -1.3944131
-0.42251986 -4.9841948
-3.4483888 -2.5788093
-1.9411013 -3.4733522
-2.9553826 -2.7846813
-2.4707413 -1.9555227
-1.968607 -2.9071102
-3.336253 -2.8917356
-1.8641396 -4.252767
-2.139765 -3.6380012
-2.185418 -2.1770065
-3.0460927 -2.2194123
-2.1326635 -3.5099845
-3.0939908 -2.8322017
-1.8785473 -2.2435796
-2.953136 -1.4693931
-2.8646607 -1.9903523
-2.1711318 -2.3740218
-1.6960418 -4.934264
-1.9202881 -4.0310383
-2.380191 -4.1329975
-4.1075706 -3.2795825
-3.316502 -2.5533342
-1.444956 -3.597743
-2.9108927 -3.1605046
-1.877024 -2.6452205
-2.076135 -2.8202565
-2.818181 -3.5187438
-1.6955492 -2.7504656
-1.274961 -2.3389473
-2.9173446 -2.6103768
-2.633648 -2.0703576
-2.2673404 -3.2690992
-2.2871706 -1.8902618
-2.502152 -3.0383039
-2.7808552 -3.4116457
-1.0616798 -4.3640633
-0.5244523 -4.145717
-3.03407 -2.5405436
-3.642889 -2.7749622
-1.0821335 -2.56843
-3.39964 -2.2722142
-1.1158079 -3.0889306
-2.4799242 -2.301918
-3.4399555 -2.3809924
-1.7394856 -3.4800522
-3.1549265 -2.1660724
-2.5988252 -2.8717911
-2.539081 -3.9894361
-1.0536889 -3.8910758
-2.0713255 -3.6277921
-2.8436308 -2.9597154
-1.9140079 -2.871093
-2.9490955 -2.703934
-3.0406585 -2.767443
-2.3848364 -2.6048853
-2.5296504 -2.5972733
-0.43099537 -3.5109272
-2.086884 -2.4062657
-2.2253323 -2.650705
-1.7541423 -2.7028725
-0.944193 -2.947659
-1.158966 -3.6568398
-2.0300157 -3.4047575
-2.7727838 -2.6882026
-2.6147735 -2.1441886
-3.0186195 -2.5644798
-2.9380398 -3.1710014
-1.4358742 -5.1752596
-2.25229 -2.3777597
-2.0443192 -3.5267608
-2.798692 -2.850177
-2.203704 -2.0048978
-3.532289 -2.7455895
-1.2992094 -3.0277486
-2.4015114 -3.8052924
-1.6292113 -2.789747
-1.0248684 -2.5560958
-2.4028802 -2.3190105
-2.2232177 -2.1895313
-2.9384959 -2.606788
-0.8376206 -3.230964
-2.5316331 -2.5242634
0.1879198 -3.3069308
-1.6246736 -2.9261744
-2.9074008 -2.3469596
-2.0625813 -2.5838199
-1.1466303 -3.0667796
-1.756892 -3.1861413
-2.5481699 -2.688975
-1.9165955 -3.1608973
-3.2559857 -1.5553446
-1.6411635 -2.7134619
-2.0039322 -2.4759889
-2.7509587 -3.4126348
-2.139082 -1.4087348
-3.941759 -2.6525507
-2.1553512 -2.8848107
-1.6067141 -4.6002617
-1.3778306 -3.1478097
-2.2332768 -3.5778556
-1.9828808 -2.8438108
-3.0926507 -2.260317
-1.1956621 -3.5436628
-1.0060687 -3.363712
-4.4900303 -3.6798408
-1.1847723 -3.9746552
-3.934734 -3.743009
-1.9999148 -3.2839024
-1.2161357 -3.8332818
-3.7658784 -1.0985602
-2.4157403 -1.9130105
-0.39311743 -4.0648685
-3.1418722 -1.8765856
-2.2640536 -3.0815587
-2.4037983 -2.6820307
-2.8500917 -2.719389
-2.6527114 -3.1650043
-2.4512327 -2.083025
-3.1589544 -1.8637137
-3.5375462 -1.707744
-2.2919025 -1.8223966
-3.4218588 -2.9683185
-2.985044 -2.4155073
-2.0764508 -3.3514771
-2.4599452 -2.689163
-1.7164261 -1.4574445
-1.9019529 -2.5297284
0.6371063 -2.507467
-2.2604759 -3.369001
-2.5744858 -5.423341
-2.2928174 -3.3812077
-3.1879976 -3.5169177
-0.85884774 -3.140884
-3.370383 -1.6084803
-2.5613282 -2.9599135
-1.8195875 -2.4377685
-1.8792255 -2.4858115
-1.0637323 -3.7055197
-3.2229826 -2.4829388
-2.488443 -2.6875741
-1.6239203 -4.4483104
-2.139939 -2.5570495
-2.6736982 -2.0608397
-3.3246832 -2.7955723
-2.476077 -3.4017587
-2.5535965 -3.0887375
-3.1849012 -1.8990291
-2.2536483 -2.4828026
-1.5510936 -3.8241868
-1.8854961 -3.8321774
-2.4693422 -2.9347727
-1.6922554 -2.1990912
-2.3064818 -3.6897829
-1.9972944 -4.8503637
-3.8271196 -1.5466764
-1.8902473 -3.3650596
-0.9788271 -3.4018114
-2.7942967 -4.1221294
-2.4491522 -2.7145584
-1.7334646 -2.88394
-1.4907733 -2.7449143
-3.1534576 -2.236792
-1.8581938 -2.3636348
-3.2280707 -2.074778
-3.2141035 -3.672437
-1.995844 -3.2363098
-2.29554 -2.2943103
-1.4833355 -4.689396
-3.4153612 -2.5213087
-0.724797 -3.1671536
-2.265391 -2.1561146
-3.10899 -1.0264158
-3.3822072 -2.6172874
-2.3294184 -3.0471358
-2.9877512 -2.348872
-3.6477985 -2.234178
-1.610538 -3.3763921
-2.8468602 -2.2527194
-3.3833315 -2.4400952
-2.4703705 -1.9667135
0.7218033 -2.9565585
-3.4535067 -2.0358624
-2.7549949 -1.9208759
-1.5757091 -3.1354442
-3.2397528 -3.0133204
-2.6437173 -2.1257415
-3.4433522 -1.4536577
-3.7095115 -1.7598125
-1.7587547 -3.363617
-2.3973165 -3.3781717
-2.6169598 -3.0772893
-3.010988 -2.5907269
-2.078919 -2.9723833
-3.1228726 -1.5221785
-1.790793 -3.0784218
-2.9599788 -3.2687051
-2.0767865 -3.1707358
-2.330528 -3.2125072
-2.0821047 -3.0466719
-0.79823184 -3.0861642
-3.2844596 -2.9059334
-2.1671045 -2.7452931
-3.1915927 -3.0114882
-3.8094137 -2.4694078
-2.8902016 -2.009897
-2.5719066 -1.8702058
-1.9920954 -3.9447978
-3.2154784 -1.7553097
-3.2633462 -2.3788671
-1.4040619 -4.439363
-2.9995592 -2.2016964
-2.341764 -3.637329
-3.4054341 -2.1110299
-2.4899511 -1.3996285
-2.297264 -2.991246
-2.1233177 -3.2798882
-1.0146832 -3.0624123
-2.5695665 -1.925808
-2.6933205 -2.505653
-3.6140168 -2.3066185
-1.6920043 -3.1905997
-3.2141893 -1.8646756
-2.493532 -2.7055967
-3.3495338 -2.8959794
-2.0794945 -2.4387252
-3.0192254 -2.2082734
-2.5876124 -1.9588863
-2.3834944 -3.5398867
-4.0580206 -3.0026119
-1.8061459 -2.8601851
-2.6181018 -2.4185815
-2.0787168 -2.6791263
-1.7644972 -2.6558392
-2.9548943 -1.3549163
-2.3066638 -2.0588698
-1.2318022 -4.075081
-3.5062516 -3.1028445
-3.7763293 -3.7073495
-3.638226 -2.1778133
-2.510798 -2.8947096
-3.493476 -1.8324851
-2.4237592 -2.4314198
-1.4518124 -3.466688
-1.7641882 -3.2059574
-1.9429806 -3.8915565
-2.2427526 -2.0184307
-1.7225957 -2.0430336
-0.7564479 -3.4987478
-1.5885091 -1.617559
-3.052817 -1.5446085
-2.7475734 -1.9372627
-1.8345637 -2.5936959
-1.6255016 -3.2869084
-3.0485575 -1.6627165
-1.5850365 -3.1341763
-1.8273332 -2.965334
-3.8403633 -2.663818
-3.0528927 -2.5305667
-1.3939116 -3.5486462
-2.401202 -1.5381836
-1.9019071 -3.2216744
-3.2829223 -2.3318439
-3.5844553 -2.657303
-1.1824765 -3.3582675
-2.1121387 -2.465627
-2.7684429 -3.5035062
-1.3646264 -2.8523762
-1.8852803 -1.7851657
-2.1489584 -2.4999044
-3.085415 -3.1512108
-3.5584245 -2.8000789
-3.1615598 -3.0226164
-1.8689796 -2.154541
-2.7266653 -2.1471643
0.078493625 -3.958265
-0.9839921 -4.0627294
-2.8473694 -3.3257933
-2.1790216 -3.1496322
-3.2845552 -2.7919781
-1.6691347 -3.250605
-1.3600718 -4.6675267
-2.9989078 -2.065196
-3.8378956 -2.1117063
-2.0530987 -3.6522083
-2.309877 -2.891458
-2.4000366 -3.419708
-1.3899182 -4.3757915
-0.6954621 -3.7091346
-2.2706246 -3.0989633
-2.5575917 -1.3728307
-4.438912 -3.3919313
-2.3014398 -3.9257202
-2.7004948 -2.5880995
-2.2547061 -2.1095026
-0.7103963 -2.8612576
-2.8923166 -3.2296004
-2.3709846 -1.6972184
-2.6659229 -2.3587997
-2.3264506 -3.8356733
-4.0135665 -2.4445143
-3.2392933 -3.1644163
-5.2424664 -4.275765
-2.6698732 -3.9520247
-3.1305504 -3.2595897
-3.7325401 -2.143881
-3.8553007 -1.2689652
-2.5607235 -2.1072886
-3.3743784 -2.9050088
-0.9575254 -3.0391455
-2.765242 -2.9592912
-2.7724657 -2.8260286
-1.2184451 -4.0540323
-2.7036428 -1.550958
-2.3591552 -2.446333
-2.3619807 -2.1073823
-3.066689 -2.0835695
-2.5817904 -1.6170906
-2.6423814 -2.9089382
-3.9864874 -1.9111347
-2.2650409 -3.2652454
-3.105903 -1.9280815
-1.7828397 -3.082344
-1.8931774 -2.8063073
-2.662869 -2.7107615
-2.902255 -2.0732706
-3.8205466 -2.3515193
-3.6794019 -2.9245954
-1.8596208 -4.0821075
-2.72355 -2.0602727
-2.8327694 -2.8060517
-1.5990754 -5.051554
-2.9121597 -2.3665335
-2.3628695 -2.7874074
-1.2772416 -2.5818233
-2.2939267 -3.337378
-3.6039324 -2.809794
-1.8863657 -2.7982733
-2.4402103 -3.8601358
-2.9791508 -2.685732
-4.170996 -2.4751863
-1.7704676 -4.1345077
-3.362445 -2.7098627
-3.989841 -2.0529997
-3.9822488 -2.8574526
-2.7904239 -1.9104749
-2.6212423 -2.5552506
-1.5014287 -4.1965957
-3.6186893 -2.2590928
-1.6374698 -4.551141
-1.7291988 -2.566622
-3.9908578 -2.2722573
-0.9432286 -3.6855261
-3.4405737 -3.971186
-2.46195 -3.4202483
-3.2079897 -1.8323265
-0.73133147 -4.283808
-3.367372 -2.2784293
-3.507086 -3.8957372
-2.9147782 -1.5962974
-2.3419747 -2.2260516
-3.7000866 -2.889111
-2.9549 -2.753077
-0.65634954 -4.877875
-1.9053239 -3.3339682
-2.6251962 -1.9955323
-2.1399412 -2.275441
-2.6635044 -4.045044
-2.0739396 -2.8356109
-3.9040062 -4.3181167
-2.4313023 -2.1945162
-2.2718844 -2.0581431
-2.5370011 -2.033701
-2.2065253 -4.181663
-3.1664803 -2.1879346
-1.7292415 -2.4619691
-3.4202516 -2.8247385
-1.2045636 -4.5925536
-0.2333768 -3.395938
-2.5744991 -1.9433393
-3.4157317 -1.6143683
-2.3211012 -3.1871412
-1.2587098 -3.6377025
-2.794781 -1.9931782
-1.4585861 -3.5015998
-1.6770597 -3.6727583
-4.5290036 -3.0488741
-2.869373 -2.2874286
-0.9899117 -3.0260515
-2.0578055 -3.2714703
-3.4185028 -3.9748678
-1.286651 -3.9173388
-0.561741 -3.714211
-0.9915583 -4.3880553
-2.6046631 -3.196916
-2.386155 -2.3876994
-2.301902 -4.124875
-1.9724623 -3.1035333
-3.3927517 -2.5909777
-0.70147634 -2.3179746
-3.2654688 -1.7807084
-3.0422628 -3.6835995
-1.7534095 -2.6240885
-2.2376866 -1.2453014
-2.7754538 -2.2282772
-1.9105288 -2.7457628
-2.7765985 -2.638089
-2.7913835 -1.8231692
-1.5462601 -2.2871006
-1.5570993 -2.5956688
-1.6293759 -2.4585981
-1.3029802 -3.5513382
-1.785978 -3.1112478
-1.8931365 -4.036424
-3.255804 -2.958524
-1.5468495 -2.709811
-2.538226 -2.4315233
-2.9296021 -3.358809
-2.633007 -3.0734007
-3.315045 -1.8386675
-1.9762955 -1.8943053
-1.2509203 -2.6775007
-0.82535744 -2.8404937
-2.3027098 -3.4255776
-1.873875 -3.758738
-2.3881803 -2.7236345
-1.8290418 -2.9754853
-2.2057796 -1.8298379
-3.5448983 -1.572526
-3.517776 -2.6383352
-1.4192902 -2.7930753
-0.37363267 -3.3957005
-2.6459906 -4.025373
-2.832093 -2.7043524
-3.172639 -1.6228441
-1.7031733 -3.2851691
-2.195398 -1.5300759
-3.246384 -1.5257381
-3.1112902 -4.16233
-3.5716438 -2.197668
-2.4521334 -2.6839447
-3.2630384 -3.1812673
-4.040808 -3.7280407
-2.117055 -3.4156845
-2.4223683 -4.469015
-0.40118554 -4.145649
-0.56901586 -4.3131957
-3.028093 -1.7618027
-3.6200068 -2.1898623
-1.9103458 -3.477093
-1.9554589 -3.3398018
-3.3919609 -2.6788337
-1.6702182 -2.9744215
-1.8601975 -2.334281
-2.0432792 -2.8569758
-3.2114656 -2.259932
-2.982856 -1.5635816
-2.8297203 -2.4790628
-4.022302 -2.4880366
-1.7698398 -3.1664395
-1.0743992 -2.6751862
-1.8854082 -0.7954659
-2.0465844 -2.8944998
-2.9223874 -2.0948339
-2.293898 -4.1765676
-2.2415903 -3.5472891
-0.8263527 -5.5997066
-2.3383272 -5.294315
-2.8686795 -2.5362782
-2.3126035 -3.3152945
-2.0275133 -2.1528828
-2.4325304 -4.1637907
-3.3971007 -2.1007144
-3.6755748 -2.9863245
-3.4989657 -2.179998
-3.6814458 -2.7129948
-2.4377916 -2.6097798
-3.3371646 -2.9618852
-1.500122 -4.537703
-2.704291 -2.3942146
-2.4132285 -2.5987363
-1.9735552 -2.747889
-2.4261699 -1.56333
-2.9240284 -1.5553645
-0.6532443 -1.3339026
-2.8980575 -1.2348626
-2.1040533 -2.014571
-2.0948207 -2.0351338
-2.5095968 -3.5290086
-3.2788692 -2.076256
-1.2156345 -4.200092
-3.1671922 -2.618529
-1.9604886 -3.442387
-2.8980284 -1.9810895
-0.9390855 -4.002668
-3.3701475 -1.9897726
-2.4535506 -3.3012226
-2.584437 -1.628785
-1.4868217 -3.7044277
-3.2105935 -1.5007951
-1.8842973 -3.9032402
-1.2680603 -2.2590735
-2.8055902 -1.9441037
-2.5012596 -2.1298528
-2.2078998 -2.1948216
-2.1767745 -2.5283105
-1.7554781 -3.2820597
-2.2186341 -3.9882913
-2.4477296 -2.266174
-2.0414424 -3.9093895
-2.4936404 -3.7112803
-3.0110755 -2.5905268
-2.8033123 -2.2247312
-2.2881808 -3.160827
-3.1103463 -1.4368917
-0.116334885 -4.018912
-0.9561118 -4.1231337
-2.6238906 -2.8443425
-0.9858165 -3.7268007
-1.4802516 -2.397619
-1.9554104 -3.600934
-2.0957499 -3.140843
-3.056604 -3.8464823
-4.3021984 -2.724362
-2.277782 -2.7086408
-2.6319158 -3.6956398
-1.9373975 -3.4415228
-2.7137089 -2.6454802
-2.717432 -2.0156908
-3.1597855 -2.542389
-2.1957355 -1.7843957
-3.7777338 -2.2704105
-2.1241565 -3.3916452
-2.083327 -3.8665295
-1.8397106 -3.1461604
-3.424441 -1.7535526
-2.535057 -3.2965014
-2.145739 -2.038428
-2.1862211 -2.4906745
-1.7751895 -1.4141147
-2.093065 -3.742731
-2.1749969 -3.506275
-0.52179027 -3.5179212
-3.0495229 -3.0216029
-2.5348482 -1.9844395
-2.1269224 -2.5837803
-3.1046977 -2.3812733
-1.6431509 -3.583104
-2.413754 -1.8447446
-0.2451051 -2.23803
-1.8849542 -3.2086308
-2.1766992 -3.4437723
-2.0844522 -2.2860043
-2.2602262 -3.1203158
-3.972561 -2.5693324
-2.4872408 -3.935778
-0.97694397 -3.7349265
-2.1271508 -3.3670819
-1.5696882 -2.9778817
-1.7722381 -5.2632246
-1.2446959 -2.9317405
-2.8240979 -2.163329
-3.4267685 -3.1441877
-3.028064 -1.4641833
-2.5241313 -2.1565654
-3.93612 -4.1355944
-3.0251236 -3.072963
-2.4929175 -3.0071857
-1.6168565 -2.2710173
-3.661982 -2.8474078
-1.6460764 -4.751166
-3.1245162 -2.2687776
0.26675126 -2.805729
-2.9225795 -2.5865023
-3.226864 -2.3468156
-2.7295158 -1.6724468
-3.046531 -1.9405795
-2.0360963 -1.823835
-2.830661 -2.8927748
-3.0356407 -1.1794659
-3.0915575 -1.1182675
-3.2965193 -1.800613
-2.4265127 -1.7921963
-0.5965884 -1.5822574
-3.0826666 -2.9904478
-2.2479715 -3.1717532
-2.7531416 -3.2662272
-2.0630782 -3.6394887
-1.922663 -3.1929557
-2.4108999 -2.9732444
-2.8259652 -3.1827328
-2.8903275 -2.0871875
-2.9850729 -2.7368236
-3.2200527 -1.5220355
-2.4198723 -2.2502775
-2.294718 -2.2060075
-2.709879 -2.7093482
-3.4551618 -1.4135135
-2.845549 -2.056672
-1.8917269 -2.9045422
-4.0810494 -1.7112331
-2.241638 -2.8472166
-2.0651257 -2.5674286
-2.1978588 -2.209964
-2.683651 -2.7640793
-3.3304784 -1.8997726
-2.9683897 -1.7519095
-2.606892 -3.2413094
-3.866701 -1.5444697
-2.7042384 -2.0398169
-3.0647936 -2.4263554
-2.7991543 -3.3984292
-2.8415587 -1.8135434
-1.6036689 -2.1362898
-1.579148 -2.8899632
-2.2806923 -2.8411345
-1.8538954 -2.7321074
-1.4784353 -3.6139383
-3.4811335 -2.078019
-2.0185535 -3.223155
-2.0974736 -2.0279746
-2.0194452 -2.5026875
-1.9066106 -3.030246
0.13053128 -3.8140852
-2.1819432 -3.2688024
-2.4160771 -2.8661985
-0.26178044 -4.030255
-1.4620901 -2.6757815
-1.8151883 -2.5647602
-2.7049384 -2.7256806
-2.691387 -2.551966
-3.3054872 -3.675818
-1.5860904 -4.399085
-3.5548816 -2.1171217
-2.3188756 -2.8269389
-1.7464367 -3.1284559
-2.0872464 -2.0206416
-3.3269358 -1.9891025
-2.770165 -1.7639441
-2.873769 -3.9007967
-3.6877851 -1.9333605
-3.6012151 -1.6494615
-2.3729331 -3.4590106
-2.4151843 -2.5780387
-1.8885823 -4.1071935
-2.0785782 -2.0904768
-3.95682 -3.6435566
-1.83623 -2.9335368
-1.5469068 -3.0085077
-3.0824347 -1.820127
-2.9966786 -2.3267272
-1.8902287 -4.094724
-2.4598932 -3.4497883
-1.1937542 -2.6838634
-1.1885883 -5.138351
-3.1059527 -3.578675
-3.8177192 -2.1375833
-1.8885726 -3.3878262
-1.2014291 -3.1267674
-2.3766947 -1.559047
-0.9622747 -4.3834605
-0.581958 -3.9295213
-2.7723396 -2.5231702
-2.5367203 -2.3199246
-1.193437 -1.3792326
-1.8459767 -3.4785457
-1.332806 -2.664767
-3.422991 -2.7735548
-2.4191391 -3.1326509
-2.3347952 -3.390639
-1.5602239 -3.803257
-1.6445646 -3.5171924
-2.8832886 -2.4210973
-1.5771984 -3.2180684
-2.4848511 -2.1961677
-2.2615569 -2.9518945
-2.8220012 -2.9558063
-2.005285 -3.6323352
-2.67752 -3.000835
-3.4259346 -1.6521584
-3.8757439 -1.6440723
-2.8305082 -2.9665666
-2.3645003 -2.1540103
-1.6603974 -4.298147
-1.7542503 -4.0509405
-2.9026413 -3.3598018
-0.6610067 -3.8636858
-3.206774 -3.7089808
-2.0460794 -4.2522597
-2.181857 -2.366907
-3.0656343 -2.2727168
-2.7662413 -2.4715655
-2.035629 -2.0686245
-2.934359 -3.7754002
-2.2743495 -1.4363878
-3.2552438 -2.515153
-1.5822743 -3.454413
-1.9203827 -3.8670352
-2.7251875 -3.2213662
-3.015175 -1.8895496
-2.3690217 -4.0166163
-2.6626472 -1.9138638
-2.870904 -2.2862432
-1.9377096 -3.0963254
-2.8932703 -2.9128084
-2.3163664 -3.1969666
-3.4235146 -1.6225564
-3.4610877 -1.9176444
-2.0390542 -3.0287979
-2.1272979 -2.5813081
-2.384909 -2.6150844
-3.7994654 -1.5725569
-2.8498547 -4.2232556
-2.3641393 -2.577096
-2.423966 -3.1638486
-0.90497816 -5.1083565
-2.7192042 -3.1082242
-2.6454794 -2.264053
-3.5903344 -2.6833918
-1.5139613 -1.2541677
-3.9354696 -2.1937497
-2.1818962 -3.127702
-2.210355 -3.3785906
-2.1667278 -3.6238887
-3.5939531 -1.5188962
-2.086911 -5.248982
-2.3524923 -4.0691047
-2.5597985 -2.7363513
-2.072377 -2.8467581
-2.418029 -3.0963037
-1.511783 -4.0199275
-3.4883792 -1.8824824
-2.9677892 -2.3530688
-2.5245247 -3.044618
-2.0848806 -3.1246762
-2.7966666 -4.1313863
-1.762179 -3.194574
-2.885203 -2.2581983
-2.946225 -3.4501953
-1.9061313 -3.3637826
-2.728191 -1.9219589
-3.2821858 -3.6084075
-1.7081057 -3.2344627
-1.330589 -3.7682934
-0.3466474 -4.5708947
-3.5016427 -1.0429947
-3.2022083 -2.19235
-3.1516063 -2.3674893
-1.9321033 -3.4257953
-3.8314507 -2.2869058
-3.189158 -1.8558675
-3.948092 -2.7556362
-1.9850917 -2.8944254
-1.9306753 -1.6484995
-3.0376093 -2.660388
-1.2013884 -3.6274173
-3.1511543 -1.6930522
-2.579165 -3.5536802
-3.1285267 -1.7864361
-3.8216481 -3.0437555
-1.8721327 -3.1658945
-2.5829759 -2.5613456
-3.1603572 -3.051917
-3.2910597 -2.8841102
-1.798287 -2.838787
-2.1101766 -1.9575298
-1.7480024 -2.287252
-3.3738892 -1.7467595
-0.5675064 -4.2497115
-2.3994577 -3.591893
-2.7763658 -2.3892543
-1.4547254 -4.508838
-3.6254723 -2.3300157
-1.1266541 -4.051286
-2.699624 -4.0562534
-0.62246084 -4.7010746
-2.1630075 -3.2841659
-2.0103898 -1.8042654
-2.409371 -4.0370235
-2.5545099 -3.7074175
-3.605949 -1.4639912
-3.333471 -2.3176224
-2.6622853 -2.8247576
-1.8170508 -2.7159395
-1.1927675 -2.0613892
-2.4534528 -2.204492
-2.3559196 -2.4132354
-1.2740394 -4.348361
-1.2836937 -3.5541503
-2.6296976 -2.986823
-2.057812 -2.18148
-2.2104518 -2.2093809
-2.8023093 -2.3016176
-2.2984703 -2.550856
-2.976482 -2.7158158
-1.446292 -3.303337
-3.9178617 -1.6162175
-1.751269 -3.5879812
-2.3071182 -2.9650524
-1.445888 -3.5845747
-3.1927547 -2.1984594
-1.9287966 -3.6808355
-3.261434 -2.2168932
-2.5604749 -1.6929744
-2.5363126 -1.9428973
-1.4156152 -4.117753
-1.3056606 -3.635493
-2.2308128 -2.2817054
-2.9382336 -3.690794
-3.2641416 -1.3617207
-3.0700176 -1.6955012
-2.4047024 -2.6338756
-1.4521782 -4.8020515
-1.8395785 -1.4682823
-1.821103 -3.6993365
-1.9140824 -1.7367713
-1.7328293 -2.7857208
-1.2157141 -3.499015
-2.7030935 -1.8080848
-2.8200817 -2.0845706
-2.1057417 -2.1237648
-0.4923647 -2.318675
-3.4843764 -2.7774863
-2.0193717 -1.3295635
-2.6804595 -3.6094928
-2.3716872 -3.5328424
-3.189536 -2.961709
-3.4659674 -1.3480221
-0.27338582 -2.164666
-1.8251239 -3.415013
-1.1032016 -4.1304965
-1.398199 -2.764482
-2.7246487 -2.0302029
-1.129513 -2.3484309
-2.634842 -2.8005154
-3.0107243 -3.133195
-1.9960117 -2.7024646
-2.8603625 -1.6431646
-3.4894173 -2.7790542
-2.4143827 -2.7124434
-1.2178609 -2.539623
-1.4606941 -3.1626167
-3.3382676 -2.047102
-2.0267038 -2.0330422
-1.3232205 -4.208998
-2.0978637 -2.6792276
-3.404998 -2.1240156
-2.0159237 -2.8996518
-2.1836433 -2.41394
-2.1775165 -3.864225
-2.8475413 -1.8797572
-2.7249742 -3.8396935
-1.7654668 -3.7599826
-3.1985445 -2.0966287
-1.989945 -4.140507
-1.9163029 -3.7116137
-2.1077843 -2.5031352
-2.0634356 -3.3916333
-2.4387877 -2.664967
-1.9514397 -2.9861462
-1.3562033 -3.1245086
-3.5018623 -1.663923
-2.8619843 -2.6738381
-2.1053758 -3.0714743
-3.049645 -1.6481535
-2.2075708 -1.9385008
-1.4370148 -3.6024752
-1.5700965 -2.3270183
-3.1024647 -1.4641031
-1.6000471 -3.6746016
-1.7691281 -2.994945
-2.385488 -4.1774225
-3.2594562 -3.8029175
-1.2506325 -2.9410696
-1.426268 -4.846459
-2.4573846 -2.6838315
-2.3799868 -1.9296691
-1.8531082 -3.991116
-3.8951864 -2.3297799
-3.130166 -1.7014462
-2.2212567 -2.8171916
-2.6878445 -2.1866417
-1.6164931 -3.5150197
-2.2444336 -3.4519196
-2.454571 -4.8314815
-3.8598459 -2.2240539
-1.5490382 -3.8048847
-1.4818708 -3.390913
-2.9800878 -2.8132143
-3.509164 -1.9781066
-2.3531556 -2.7771373
-3.027821 -2.5042102
-3.2166665 -3.656608
-2.0331874 -3.093143
-2.9161863 -1.993066
-1.7445897 -2.6148834
-2.5782397 -2.0523503
-2.2117867 -2.2977412
-1.0524696 -1.8023844
-3.650782 -3.1474335
-1.6230291 -2.5625
-3.7784407 -2.969261
-1.1319093 -1.9482157
-1.0522783 -3.4627748
-4.116764 -2.8381321
-1.1754385 -2.4970405
-1.5639474 -4.1869736
-3.3369758 -2.833076
-2.0474806 -2.716424
-3.005669 -2.5409937
-1.8485553 -3.1122506
-1.9304456 -4.5291185
-1.8210387 -2.380782
-3.353681 -3.0944388
-2.724948 -2.4070876
-3.0984972 -2.0621312
-2.1287155 -2.755293
-3.238847 -1.7609792
-3.2970123 -1.5638099
-2.6520343 -1.9583004
-3.539617 -1.943398
-1.8514355 -2.4507928
-2.8507857 -3.0464432
-1.8819093 -3.8630636
-2.8852553 -2.5636137
-1.6762127 -2.2519
-3.2857895 -1.960868
-2.235115 -2.9649282
-3.6403246 -2.3446908
-2.8468144 -1.854376
-2.5317862 -1.9244112
-2.877845 -2.5110695
-2.135852 -3.4275892
-3.3920202 -2.215648
-2.8004775 -1.9826207
-1.6470306 -5.5237617
-2.998038 -3.0033066
-2.8687677 -2.5958242
-2.4509523 -2.969394
-2.4448102 -1.8686452
-2.7833083 -2.6159782
-2.0244029 -3.2281978
-3.1952887 -2.150568
-2.860036 -3.8706954
-2.6498947 -2.8627477
-2.1788037 -2.1225698
-2.9024327 -1.8682282
-1.6881851 -3.1923466
-3.0224836 -1.9287395
-2.6177874 -2.6451137
-2.3849747 -1.8001539
-1.5808383 -1.9645953
-2.8761365 -1.8142396
-1.2788434 -1.8745573
-1.1551206 -3.69325
-1.9313627 -3.0076911
-1.6581659 -2.98252
-3.0327182 -2.6202998
-0.83809364 -4.039678
-3.1949003 -3.4185178
-2.611458 -2.0618546
-2.8958483 -1.6658889
-3.051705 -2.6148527
-2.032866 -3.5573194
-3.845738 -3.4389026
-2.560726 -3.6122224
-3.2113886 -1.1950892
-2.8317494 -2.1873033
-3.3561742 -2.495735
-3.2073145 -2.7202415
-2.4954093 -2.2913816
-3.3517096 -2.2495635
-2.0695317 -3.0087092
-1.9097005 -3.0943038
-2.4024913 -2.8874612
-3.0026815 -1.3675945
-2.4856853 -2.6131542
-5.427129 -5.179633
-2.8787768 -2.1678016
-2.839905 -2.7181616
-2.0478086 -3.0199385
-3.0617619 -1.8358668
-2.5094883 -2.3559425
-3.3961391 -2.3356895
-2.8073874 -3.2656307
-2.947876 -2.0678747
-0.09494431 -3.7547195
-2.9555583 -1.8659158
-1.8358786 -4.036519
-3.2162874 -1.1624805
-3.2890365 -2.2798145
-3.189427 -1.6575814
-2.1233861 -2.5300622
-3.045584 -2.280724
-3.275758 -1.7274123
-1.7338029 -3.1492348
-4.6266937 -6.078292
-2.055672 -2.6229186
-1.3832655 -3.9930296
-2.4103873 -2.6841755
-3.2760146 -2.2855926
-2.5537965 -2.9819775
-2.9844618 -2.648023
-1.0660118 -3.4689734
-2.8408997 -1.7896324
-2.6550195 -3.7407904
-0.60874575 -4.010901
-1.8627911 -2.9433095
-2.2805905 -3.8403668
-3.203201 -2.8626063
-1.9110577 -3.2873855
-2.983843 -2.5652063
-1.3166683 -4.5047374
-3.0222905 -2.7213166
-2.6629457 -3.2339766
-2.215327 -2.3651628
-2.0873606 -2.4828515
-3.1300113 -4.424815
-1.6612095 -2.583834
-3.8621483 -3.7808917
-2.3357053 -4.1953387
-3.9587371 -2.8182154
-2.2951415 -2.521397
-3.2125564 -2.0392003
-3.1708775 -2.609867
-1.9858944 -3.0999777
-2.1236498 -2.7513208
-2.418183 -3.3540525
-3.369421 -2.44179
-2.0818272 -3.4470966
-2.5508008 -1.5858763
-3.2787802 -1.5782646
-3.830847 -2.1473155
-2.2657275 -3.9276655
-1.78698 -2.3100107
-1.3145338 -3.9199831
-2.402497 -2.756231
-3.1241295 -1.2845029
-3.1121871 -1.6533486
-4.2468724 -2.7311838
-2.4052985 -3.4160903
-2.4129462 -2.441001
-2.3675318 -3.820364
-3.5092766 -1.7561563
-1.2707071 -3.0614862
-1.9742205 -3.5156016
-1.7731906 -2.9721754
-2.3338737 -1.7005885
-2.9028435 -1.8908548
-2.9453552 -3.2776914
-3.0816963 -1.917331
-1.6567793 -4.373145
-2.7631617 -3.6803503
-2.9567907 -1.5652604
-5.1111565 -2.9791
-1.6598688 -3.086142
-1.116825 -3.9325488
-2.542216 -3.3415325
-2.945827 -2.5126135
-2.2483273 -3.7594402
-2.8056073 -2.6647193
-2.947757 -2.459753
-2.669754 -2.4420242
-2.965963 -1.7164028
-2.602693 -2.5200322
-1.3278432 -4.6680956
-3.1291616 -0.80941164
-1.2205912 -2.7079117
-3.2061324 -2.5484636
-3.2813575 -2.6315613
-2.99172 -2.4396172
-1.1378207 -2.518257
-2.4747534 -2.8542833
-3.0679789 -2.922803
-2.5996675 -2.8621325
-3.183098 -3.1804543
-1.9474354 -2.5821671
-2.1747715 -2.7387724
-2.8260286 -2.5498536
-2.492042 -3.4387293
-2.9642997 -2.838211
-1.8878092 -2.5361762
-2.8563125 -1.6543524
-2.6777697 -1.6474156
-1.2765775 -3.4857829
-1.8278711 -3.2947166
-3.4286184 -3.295168
-3.5415015 -1.6413752
-2.3470037 -2.3291526
-2.5205777 -2.7558196
-1.6725107 -4.4734864
-2.9505513 -2.6273763
-2.137212 -1.8128814
-1.7214634 -3.0110617
-1.3464875 -2.7797525
-2.1854663 -3.9481454
-3.8955898 -1.5497795
-2.7493184 -3.20392
-2.250605 -0.8221916
-2.1015265 -2.543389
-2.5866134 -3.2457654
-0.7153762 -3.9198031
-2.4809961 -2.9564047
-3.7181637 -1.8868064
-1.7307968 -2.1665285
-3.9656584 -2.3157651
-3.4115198 -2.0283258
-2.7735515 -1.811849
-1.6870005 -3.8488622
-2.0275607 -3.7747786
-1.6598285 -2.6221392
-2.7221768 -1.6478988
-1.6114342 -2.2623546
-2.85857 -2.6578915
-2.339809 -2.2455945
-3.0138588 -2.3919222
-2.4051726 -1.324856
-2.1895819 -2.4532769
-2.4298253 -3.6115797
-1.5919791 -1.8686553
-3.4001367 -1.7535458
-2.1116688 -1.870894
-2.8505368 -3.3561041
-3.3586287 -3.064542
-2.0430353 -2.4895134
-1.763898 -2.5693207
-2.8565345 -3.2928028
-1.7235413 -3.077819
-3.1255898 -2.7168517
-3.0355513 -1.6153365
-2.5153255 -3.7655153
-3.0987566 -1.1180735
-2.9016283 -1.8523332
-3.5046246 -2.1771472
-1.1234875 -2.8011186
-3.421054 -2.6713867
-3.4954238 -2.0997295
-1.2553291 -3.3734787
-3.0738616 -1.8951548
-3.6830077 -1.4016186
-2.2394483 -0.9915397
-1.9247661 -3.127912
-3.8649893 -3.2335577
-2.0870953 -3.0271916
-2.3760197 -3.4697297
-3.4791644 -1.9255087
-3.1667097 -1.8391477
-2.1666977 -4.5485797
-3.203706 -2.523647
-2.8056958 -2.8282032
-1.3209186 -4.3504696
-2.451049 -2.6458852
-2.551995 -2.8217933
-2.790899 -2.4216633
-1.3906319 -3.1357603
-2.173758 -2.4990444
-3.4297323 -1.5853866
-3.201029 -1.9528223
-2.1326528 -2.6529372
-2.9056168 -1.9351013
-2.2868898 -3.094779
-3.3974593 -2.8787339
-2.191473 -2.0202696
-3.0450168 -3.722388
-1.4987419 -3.2032819
-3.155367 -1.8364468
-2.5582387 -2.0695164
-3.6256418 -2.3430438
-2.7084908 -2.4295304
-1.6267613 -4.3113484
-0.9616617 -3.113207
-3.7759328 -2.0895762
-3.280142 -1.2017932
-1.4154892 -1.6891347
-1.6460997 -2.6033127
-2.162308 -4.0293856
-1.6556401 -3.653506
-3.1277337 -2.1399639
-3.3660905 -2.352675
-1.223875 -4.0953116
-2.3331501 -4.079853
-3.2561734 -2.060393
-2.5040274 -1.8898562
-2.9812214 -1.6074529
-2.5258377 -3.320872
-2.9669333 -1.9739732
-2.701102 -2.94188
-1.6504042 -2.3361485
-2.119197 -1.8700176
-0.80086935 -3.3384645
-2.227746 -2.0446568
-1.2379131 -2.9039698
-1.4152317 -2.8293822
-2.749754 -2.1058435
-3.3165064 -2.5620153
-0.16771969 -2.8607395
-1.4468112 -1.8937794
-3.513441 -3.000255
-1.6502248 -4.1676693
-0.72486824 -3.1305704
-2.9940965 -3.226836
-3.4585047 -1.6963905
-1.3006083 -2.469314
-3.6210063 -1.8421615
-3.2811782 -3.9771545
-2.5427322 -3.6509354
-2.8305132 -2.4348023
-2.142112 -2.6357746
-2.6743512 -2.4532084
-2.9228685 -2.0920067
-1.565065 -3.736135
-3.1370082 -3.989028
-3.914119 -5.2827086
-2.68718 -1.7441485
-2.4166944 -3.1154711
-3.1342218 -4.1128945
-2.1893053 -1.0196533
-3.1158547 -2.9830604
-2.4132395 -2.5425546
-2.652998 -2.2814248
-1.037965 -3.1741023
-1.4523975 -3.8465087
-2.5680952 -1.3891761
-3.6790159 -2.5723214
-2.8928347 -2.7287085
-1.6064063 -2.686605
-1.7419206 -3.6674073
-2.473344 -2.9372623
-1.9054668 -3.1851652
-1.1046402 -4.150182
-0.6228934 -4.404311
-2.346409 -1.6900506
-3.151262 -2.73213
-3.3910625 -2.5330899
-2.2996292 -3.2364783
-2.8138673 -2.9069345
-1.7393694 -4.4468594
-1.8347801 -2.2412262
-1.8339427 -2.4753916
-2.3079383 -2.4766245
-3.689389 -3.5033476
-3.0890555 -3.2089407
-1.5302969 -5.0920334
-2.4310727 -2.2236714
-2.207379 -2.105009
-2.1006706 -4.1185784
-1.9026026 -3.2498238
-1.1708407 -2.4299955
-3.0402896 -3.11698
-2.2048774 -2.1988344
-1.5541836 -4.1581464
-2.6347768 -3.9851935
-1.78957 -3.0343003
-1.1749097 -3.3318717
-2.0940275 -2.974537
-2.9243648 -1.9904076
-2.3758056 -2.870735
-2.5058765 -3.1305122
-3.1642814 -1.5602901
-3.1236508 -1.3899122
0.12510398 -4.3244157
-4.008568 -2.279282
-2.8723326 -3.8220763
-1.8259583 -3.453828
-3.173672 -2.5594108
-2.1927443 -1.8894793
-2.2202868 -1.941655
-2.3852115 -2.51137
-2.9433835 -2.5458534
-1.9628272 -3.7187889
-2.8498433 -2.8003795
-2.0991144 -3.9000392
-2.7936506 -2.2883067
-3.4332073 -2.4974496
-3.0009322 -2.7203481
-1.0819173 -3.896349
-2.0093913 -2.4251404
-2.1915383 -3.6548388
-2.5054462 -2.208199
-3.6611092 -2.237584
-2.6398377 -3.3164194
-3.6059165 -1.4378259
-3.4303615 -2.017582
-0.910934 -4.6770253
-2.139952 -3.8206904
-0.9971762 -2.9482038
-1.9224186 -3.2697318
-1.8280337 -3.9461074
-1.8497324 -1.6183708
-1.6562352 -3.0526779
-2.0906522 -1.8699809
-1.584932 -2.8247542
-1.3173369 -4.27007
-3.418987 -2.9469264
-2.0191462 -4.366032
-2.188138 -2.5551982
-1.1373392 -3.2333214
-2.6918757 -2.9035938
-1.9469173 -2.652185
-1.425483 -2.8670835
-1.7390494 -4.4121118
-2.3645842 -2.1025174
-2.802248 -2.8637457
-1.4376681 -3.9555004
-2.761363 -1.854069
-1.979546 -2.7924664
-2.2516892 -4.019768
-3.1877296 -0.9473052
-2.935287 -2.4305065
-2.2905838 -3.8592615
-2.538004 -3.491318
-3.9875493 -4.356548
-1.5939152 -3.8290079
-1.850356 -3.707404
-2.6826222 -2.782957
-3.5763462 -2.218312
-1.6105903 -2.2117143
-0.9887692 -3.2693057
-4.127096 -1.3720381
-2.9390225 -2.0280116
-3.2790763 -2.3062317
-3.0242214 -3.0766058
-2.7664778 -2.0985436
-3.6470459 -1.57095
-1.04114 -3.8814886
-1.8775002 -2.9033246
-3.2775617 -0.72763157
-1.6986054 -2.6395252
-4.5115767 -2.6872685
-2.5913959 -3.4524457
-3.124389 -3.183721
-1.164654 -4.4319563
-1.9177705 -2.7243345
-3.03742 -3.0145142
-2.8635504 -1.6808009
-1.5732398 -2.6374254
-3.754327 -2.5433347
-1.8862861 -3.2878294
-2.9327013 -2.3582418
-2.6897764 -3.5708544
-2.1782835 -3.9666975
-3.285519 -1.5202147
-2.199999 -2.1869764
-3.140347 -2.5305815
-1.7625202 -2.2612233
-1.2070658 -1.7769185
-1.9196916 -2.6655984
-3.1270497 -1.6729075
-1.9899364 -3.585242
-3.201243 -3.3566086
-2.0212035 -2.2646148
-2.644344 -3.355285
-1.8430578 -3.300875
-2.8820179 -1.6356463
-1.8535337 -4.4040155
-2.7825482 -2.6221066
-4.148573 -1.9416901
-0.70638853 -4.336082
-3.337742 -2.0844991
-2.4590933 -2.1536129
-1.4161583 -2.1530433
-0.6503572 -4.447046
-3.615942 -1.9315761
-1.6537248 -3.2877195
-1.2060584 -2.6907377
-3.2307518 -1.2398902
-2.181396 -1.8021204
-2.381351 -2.3281028
-1.7680919 -3.7469208
-2.300572 -3.4449174
-2.5567906 -2.760321
-1.2522067 -2.7015545
-0.85079145 -2.8608506
-2.5073185 -0.7794379
-2.3696382 -3.1031806
-2.3405485 -3.7747278
-2.5952249 -2.650527
-2.2659576 -2.7940488
-1.8851564 -2.8840296
-3.3550081 -1.9774806
-3.12302 -2.2944741
-3.9533794 -2.770927
-1.2137418 -5.226961
-2.463205 -3.3339386
-3.675001 -2.3798273
-1.913929 -3.274187
-2.0007133 -2.6298492
-2.8469498 -1.677005
-2.0813913 -3.045535
-1.2846495 -4.578925
-2.135391 -2.9037702
-2.2523215 -4.771341
-2.2420886 -2.1603343
-3.0634108 -2.6286862
-2.5837924 -1.9724835
0.07989335 -3.0592687
-2.0216925 -3.697618
-2.6200109 -2.283371
-3.2017803 -1.9192371
-3.0687408 -2.1733167
-0.9692899 -2.0955665
-1.8429724 -3.2558198
-3.3160634 -2.653919
-1.5931479 -3.6155267
-1.7055613 -3.5456002
-0.81185555 -2.4700384
-2.4888477 -3.8120153
-3.8590155 -1.3622566
-1.0884423 -3.6875167
-3.0033975 -2.4153352
-2.4003885 -2.2482889
-2.8573353 -2.8764715
-2.9533062 -4.3443
-2.1962051 -2.6847317
-0.91820276 -3.9421415
-2.3927126 -2.4080315
-2.7020433 -2.0007656
-3.873951 -2.6776514
-2.9745035 -2.4137135
-2.9299738 -2.5796342
-1.7120725 -3.331272
-2.1292737 -2.8540394
-2.0325344 -2.5366154
-2.1226962 -3.192211
-2.2933643 -3.7802153
-1.3711562 -4.0013165
-1.2113403 -4.2966094
-3.0260432 -2.1063337
-1.4844009 -3.7718313
-2.710877 -2.3030405
-1.6158626 -3.2461493
-2.1366708 -1.575218
-2.1850479 -3.218946
-2.0814185 -1.5905544
-3.0581021 -1.5923676
-2.8089526 -2.9033818
-2.8848555 -3.769795
-2.0882094 -3.26239
-3.6818554 -1.5089717
-2.4774404 -3.1479833
-2.145662 -2.6186454
-2.1011508 -3.070437
-3.4257548 -2.5081608
-2.85883 -2.6476512
-0.89350975 -2.297092
-2.4351022 -2.54712
-2.4080415 -4.039571
-1.6437778 -3.1774652
-2.4565964 -2.2332356
-1.9871149 -4.5581307
-2.5526555 -3.7185504
-1.5058836 -4.171886
-1.9744401 -4.194779
-3.2034323 -2.4055212
-2.6115963 -2.9391496
-2.6478236 -2.2888474
-2.564908 -3.3406014
-2.3588383 -2.9414148
-3.521823 -2.599047
-0.82945395 -3.0170271
-1.2416048 -2.942549
-2.3089817 -2.962074
-1.8583072 -1.2335745
-2.9453456 -2.372658
-3.7631886 -2.5183392
-2.7810068 -3.5705166
-1.8024881 -1.9087781
-3.9027348 -4.3804626
-2.6688464 -2.9398775
-2.4278805 -2.120745
-2.5041976 -3.2871132
-1.8096724 -3.3993452
-2.2482858 -3.5400362
-3.7790449 -1.7593979
-1.6484854 -1.4151043
-1.5424111 -3.7778351
-2.0349545 -2.7122312
-2.7809374 -2.4371889
-1.2507535 -1.3310378
