-2.3891947 -1.2578062
-0.48089826 -2.0909753
-1.7031565 -1.7593701
-1.6488159 -1.3602227
-1.1864135 -1.8841817
-2.3810627 -2.2724462
-2.0140703 -2.760243
-1.7114562 -2.0090811
-2.0745072 -1.9897387
-0.92024034 -2.8964546
-0.7385387 -2.0093777
-1.9801039 -1.0216448
-1.1884056 -2.9991615
-1.8375225 -2.6972315
-2.6414223 -1.4822527
-2.5996401 -1.4829421
-2.1454113 -1.7893581
-0.6990153 -3.1095822
-2.2298212 -1.7970122
-1.0708508 -2.2420619
-1.7966131 -2.6867912
-2.3317616 -1.8017696
-1.6584636 -2.547167
-0.6119586 -2.9348252
-3.025579 -2.0621743
-1.7125835 -1.9155823
-2.873736 -1.3577961
-1.1629248 -1.6630958
-2.6458035 -1.4120138
-2.5977921 -2.0273592
-3.2277002 -2.297595
-1.7294726 -2.2960663
-0.64895356 -3.8133063
-2.0958378 -0.6377212
-1.4516585 -1.3326904
-1.2789656 -1.6119692
-2.7167094 -4.194824
-3.4911036 -1.86587
-2.8689423 -2.7036476
-3.1801538 -2.0551739
-2.456549 -1.378588
-0.8550305 -1.6530172
-1.1508667 -1.1333058
-2.993135 -2.5618677
-2.4301124 -0.8731365
-2.547899 -1.8190072
-2.8535275 -1.7731688
-2.5493815 -2.3759487
-2.9153564 -1.3595663
-3.0718923 -2.1552887
-2.262725 -2.3349862
-2.2654922 -2.0791318
-1.099566 -2.8168406
-1.3803319 -2.3762534
-2.0638087 -1.5179498
-1.3550076 -3.4443212
-1.010906 -1.9774508
-2.9263546 -1.9750326
-2.7789638 -1.6931717
-2.1838536 -1.5350599
-2.9862502 -1.6418111
-3.120866 -1.7997528
-1.966051 -2.4766307
-3.5391176 -1.8301529
-1.7966101 -2.4263778
-1.4872884 -1.4279794
-1.6071218 -3.0721347
-2.281852 -1.8835791
-1.4312373 -1.2006719
-0.08822772 -4.0198903
-1.8993329 -1.5326154
-1.7081468 -4.0176954
-1.8976529 -2.8052762
-3.1568203 -1.8654014
-2.202667 -1.7947179
-2.578203 -1.8782581
-1.7765015 -2.287123
-2.1002321 -2.9927702
-0.89446586 -1.362341
-1.8360848 -1.8393904
-1.8516835 -2.0164933
-2.5314693 -1.3599806
-0.9316156 -3.1067457
-2.1744125 -1.9388214
-2.0467596 -1.8305651
-1.6222466 -1.495394
-1.6362542 -1.8980064
-2.84426 -0.48747244
-2.9963589 -2.3234763
-1.4366457 -2.995821
-1.7623309 -1.8034102
-0.79858416 -2.2517157
-1.1152658 -1.7125291
-2.235858 -2.9953468
-2.5783453 -2.1695611
-3.6559927 -3.0049734
-2.0577538 -3.259785
-3.2797492 -2.0697076
-1.1963317 -1.9128875
-2.6482086 -1.5165544
-1.8355026 -2.2199476
-2.6197195 -1.9053581
-3.1331353 -1.1605899
-2.1911933 -1.7339351
-2.8123121 -1.1220386
-3.5111177 -3.5674043
-2.7921221 -1.7780377
-1.138009 -2.051874
-0.3116492 -1.6073339
-1.8229234 -0.88496673
-2.942977 -2.5235543
-1.6204231 -1.7609096
-1.5413668 -2.2493024
-3.2065222 -0.99980366
-2.9713724 -2.1364613
-2.0982704 -2.305373
-2.206782 -2.199536
-2.510666 -2.2654643
-1.5631015 -2.3789392
-1.8080801 -3.1990135
-2.0332313 -1.7366786
-0.71780986 -1.7300622
-3.1128495 -2.2356539
-1.1819205 -1.9962246
-0.28634292 -2.228913
-1.9347318 -1.7216494
-0.715375 -1.4289728
-3.2028153 -2.0846505
-1.2024646 -1.7337528
-1.5894333 -2.076771
-1.6633416 -1.1893574
-1.197683 -3.0009496
-2.6455653 -1.1850712
-1.9671268 -2.8906481
-1.4272947 -1.3094993
-1.2878804 -2.7202353
-2.4179068 -3.5545363
-3.1391108 -2.086956
-2.1007926 -2.288305
-1.3383237 -2.6183631
-0.54018056 -1.3181176
-1.7909147 -1.9147773
-2.7849178 -2.3847027
-1.5018979 -1.1926396
-1.020694 -1.1425155
-0.9474167 -2.8988078
-3.5084984 -4.1563606
-1.7095336 -2.2911155
-2.1265378 -2.730519
-1.9722714 -2.533481
-1.8583066 -1.1111765
-0.51208377 -1.9924326
-2.5197062 -1.6610339
-0.46342063 -1.0499916
-1.3338549 -1.8664896
-1.5081267 -1.8206959
-1.6387231 -1.772645
-2.7128532 -1.1415205
-3.0664833 -1.1435871
-2.3148305 -1.2469286
-0.79746175 -3.7734952
-2.8072586 -1.5136323
-1.54947 -2.3617396
-2.3997512 -2.8575256
-3.1260977 -2.211129
-0.56870437 -2.6756825
-2.7057617 -1.5767508
-3.4465153 -1.4853047
-1.0206174 -1.4170612
-0.16536495 -2.5034158
-2.3529534 -1.732041
-1.8621004 -2.3331711
-1.4534112 -1.6393248
-1.4418099 -2.0611181
-2.260902 -1.2127331
-3.0635054 -1.8886651
-1.5764143 -2.3136752
-2.5606432 -1.0674368
-2.296642 -2.2707138
-2.128078 -1.2694576
-2.0577645 -1.6214247
-2.1255438 -1.9354372
-2.9015436 -2.1499646
-0.6150943 -1.5090942
-1.230406 -2.726379
-3.412815 -1.5442885
-2.0419357 -1.6709636
-2.8405101 -2.5995383
-2.688473 -2.3712265
-1.555944 -2.492146
-1.8839997 -2.9912364
-2.1290636 -2.4058342
-2.919117 -2.2153623
-2.4540071 -1.7030174
-1.8536757 -2.0593138
-2.39312 -1.519767
-4.0163174 -1.8756655
-2.3128667 -1.7602172
-1.0876282 -3.6034079
-2.8522522 -1.2178919
-1.522522 -1.6875888
-1.1804887 -1.4155074
-1.784487 -1.2363812
-2.3959022 -2.457958
-1.5969739 -2.435913
-0.29412282 -2.51878
-2.112996 -0.68286616
-1.1808336 -2.4118013
-2.118084 -3.3841243
-0.1292032 -1.7889935
-0.91113234 -2.2715955
-2.3876035 -2.2995288
-1.2656119 -3.3960164
-1.937925 -3.5213373
-2.406626 -2.8186169
-2.926891 -2.2598503
-0.7055129 -1.8794913
-3.227268 -1.6834735
-2.4859812 -3.2135384
-2.3874056 -2.0053232
-3.2805703 -1.3043534
-1.1288438 -3.5237045
-0.8532962 -2.0575736
-1.331315 -2.5477028
-2.2881985 -1.5038537
-1.0787121 -1.6069646
-3.197759 -1.3102024
-1.16233 -2.1577284
-0.7974401 -2.288041
-1.9171834 -1.6023635
-2.0086777 -0.8082665
-1.9030035 -1.7861148
-1.5558513 -1.5152493
-2.5544443 -1.1986985
-1.8924975 -3.0484395
-1.1739246 -2.5856187
-1.9053406 -2.3349872
-1.6739106 -2.0388343
-1.0574231 -2.5975654
-2.3056893 -0.5017877
-3.250295 -1.8628802
-3.5652678 -3.5521293
-2.7198987 -2.2239466
-1.9705814 -2.2057054
-2.2214384 -4.017514
-3.0215561 -1.6701301
-2.7332804 -3.5161293
-1.6125134 -1.9741154
-1.118611 -1.6398476
-3.1841414 -2.6950376
-2.4268796 -2.6432667
-3.3751078 -1.2910559
-2.9484427 -1.461794
-2.8850362 -2.026935
-2.516835 -1.7887173
-2.480158 -2.1061316
-2.9384499 -1.544731
-1.7496322 -1.1793789
-2.931523 -1.9673902
-1.4384227 -3.9217346
-3.356727 -1.6072261
-2.263946 -2.1316633
-1.7238072 -1.3654145
-1.5873657 -1.9151399
-2.085042 -1.6672306
-2.9689188 -2.0468388
-1.8977916 -2.418647
-1.1097193 -1.5458364
-0.9364857 -3.3802001
-2.9337409 -2.339592
-2.6282508 -1.4437344
-1.9159817 -2.4638848
-1.5732813 -1.3427606
-1.800093 -2.9794972
-2.6740663 -2.821999
-2.2518358 -2.1662164
-1.4604008 -2.2884808
-0.9749392 -1.9850618
-3.042671 -2.1043963
-1.7766618 -2.9526334
-1.9266107 -2.180442
-1.0823569 -1.4719858
-2.196133 -0.8443352
-1.0679847 -2.8692315
-1.1009958 -0.39443064
-1.6475091 -2.411054
-3.3907459 -2.3008544
-2.1716535 -3.6861622
-3.000725 -0.4360999
-1.2585824 -0.8046653
-1.7178472 -1.9565166
-2.1604352 -1.2746348
-2.7849262 -2.1972988
-2.8285606 -2.6036744
-2.7893515 -1.2311786
-2.9994574 -1.6461934
-2.1624458 -1.4832921
-1.4242266 -4.2556286
-2.0387483 -2.8669999
-1.6577674 -1.7088135
-2.9539266 -3.524313
-1.7339631 -1.1340296
-1.4940114 -3.5277646
-1.7347611 -2.5995626
-3.1764681 -1.9856254
-1.1804824 -0.99842215
-2.3612332 -2.1513412
-1.2516932 -2.7317479
-1.5159501 -2.759341
-2.4562964 -0.7578746
-2.4838777 -2.210551
-1.0455672 -2.0056868
-1.7190044 -1.86757
-1.4376076 -2.7698822
-3.2396517 -2.4268064
-1.6076931 -1.8407388
-2.0509524 -1.6560286
-2.645838 -2.6169126
-1.8909954 -2.2464283
-3.2629936 -2.866762
-2.696215 -2.5328155
-0.5182985 -2.7330334
-1.0187925 -2.133792
-1.7075392 -2.1448708
-1.7378932 -1.312253
-0.9925976 -3.2202296
-1.6303627 -1.3881512
-2.2424147 -1.9310308
-3.333215 -2.0082262
-1.7897673 -1.5895796
-2.3391492 -2.6089056
-1.904895 -2.8875735
-2.328705 -1.8250858
-0.94411975 -3.993069
-2.9416428 -1.7278885
-2.2315295 -1.0289013
-2.4652069 -1.5458732
-2.632638 -2.1745763
-3.271612 -2.3975031
-2.4911356 -2.1141744
-1.2586592 -2.8721616
-1.9556761 -2.2367837
-2.011142 -1.4833839
-3.085123 -1.6676289
-0.7162782 -1.5037503
-0.07151103 -2.414349
-2.304247 -2.3704736
-2.844878 -2.4029012
-2.5366917 -0.92974687
-1.7944114 -3.349713
-2.174441 -3.6418884
-1.3193356 -3.8129685
-1.7103789 -1.6275213
-3.1567729 -2.4785
-0.66927564 -2.8221714
-2.284995 -2.0521197
-1.3038768 -1.8026463
-1.2722799 -1.8546501
-2.386791 -2.1434875
0.40805554 -3.02066
-1.8278363 -2.2464585
-2.3677828 -1.451058
-1.4583751 -1.7108366
-0.11699383 -2.689568
-2.3163404 -1.6271812
-2.71426 -1.5698643
-1.5524178 -2.0635078
-2.0554779 -3.0735545
-1.3095034 -2.2032921
-2.3653586 -1.7544277
-1.8305335 -1.6752323
-0.94871354 -0.93567705
-1.8925289 -2.5560281
-2.2500334 -2.2885807
-3.2803671 -2.12481
-2.562763 -1.3238434
-2.7375643 -1.9649695
-2.1138473 -1.6197182
-0.9153075 -3.319169
-2.7562752 -2.6356993
-0.6374808 -3.4501767
-0.83950084 -3.9078526
-1.0779263 -2.114022
-1.6971328 -1.3803495
-2.706729 -2.1193943
-3.4959826 -4.29018
-1.8345337 -1.9377313
-1.2708856 -4.254909
-1.9125777 -2.5750604
-1.3972695 -2.5266469
-1.724179 -2.335939
-2.206488 -1.7496841
-1.7360137 -2.1615117
-3.767499 -2.607446
-1.645391 -1.808377
-3.2622385 -1.6121753
-0.6293949 -2.4245474
-1.7759045 -2.7660282
-3.218122 -2.4246716
-3.5252 -2.3123043
-1.7274834 -1.6072795
-3.1731167 -1.8376887
-3.3142886 -2.215314
-1.6759309 -2.216033
-2.8657992 -2.98461
-1.7251847 -1.4993565
-2.3192937 -1.8586258
-3.398651 -2.3596356
-1.5577041 -3.6202254
-2.576281 -1.4043432
-1.8588278 -1.0138177
-1.9049993 -2.2132506
-2.1957316 -1.9267788
-2.6964197 -1.5724664
-2.331151 -1.952792
-3.0959918 -2.7818053
-2.2750168 -1.5192198
-3.8035724 -2.5869486
-2.1339645 -1.6885903
-3.335705 -1.5306602
-1.0296006 -3.525709
-2.858266 -2.3795776
-1.4945902 -1.9255917
-1.2714475 -3.0722852
-1.3232695 -0.7154616
-2.0231647 -2.3340888
-1.006829 -1.6343113
-0.3801797 -1.029034
-1.546997 -2.9925368
-1.0495597 -3.4904282
-1.4452989 -3.4063451
-3.0010443 -2.2229474
-2.6756792 -1.95651
-2.526029 -2.2391145
0.021033391 -3.3674037
-1.5475394 -2.0822632
-1.4398838 -2.990402
-0.2636451 -2.7126653
-2.4237046 -1.3947114
-1.3784567 -2.516884
-1.9224484 -3.004377
-1.775787 -1.5409406
-1.4917743 -0.97013795
-2.0841153 -2.3085058
-1.0212455 -2.6417525
-2.1068084 -1.6447835
-2.7488139 -1.8025359
-0.26063782 -1.2996897
-2.2159274 -0.8642545
-3.0779445 -2.0392036
-2.6126993 -2.0172246
-1.5846509 -1.5381229
-2.278782 -1.1514121
-2.5683253 -1.7118807
-2.2628088 -1.6707426
-3.1861036 -2.498354
-2.9101915 -1.7243768
-3.443025 -2.7652607
-2.7965205 -1.8312954
-1.0584663 -3.2701175
-1.5337085 -1.519473
-3.0930114 -0.9342555
-3.1226234 -1.6660675
-2.9548907 -2.3777623
-3.0644114 -1.6959654
-3.6846726 -4.0750895
-1.6129496 -2.9139466
-1.3167777 -1.6302559
-1.2764481 -1.9358382
-1.242427 -3.1254747
-2.8098292 -2.0648515
-2.0483866 -1.7924187
-3.1179776 -3.064633
-1.4607993 -1.330709
-0.1187118 -3.0349436
-2.7059839 -1.7307892
-0.24533385 -4.263446
-0.48902595 -2.9325657
-3.165607 -1.8295918
-1.0621619 -3.0166028
-2.5784132 -2.8831067
-1.5983716 -1.3039048
-1.4549917 -0.8220993
-0.8997171 -3.8974402
-1.917489 -1.7844425
-1.1101564 -1.5307639
-0.9934474 -3.3124738
-2.3422933 -1.2776915
-3.112371 -1.3359917
-0.8327237 -2.8972688
-1.7793735 -3.2161012
-2.9064028 -1.7060277
-3.1693225 -2.1663659
-2.14206 -1.5775335
-1.4595468 -1.3991101
-2.2747612 -1.9079157
-2.9390383 -2.1298876
-2.8286934 -1.1075348
-2.153217 -0.74556684
-1.6745336 -3.511608
-1.2484164 -2.2746046
-2.383783 -3.8296692
-2.1178546 -1.2863697
-1.8272766 -1.2123691
-1.1568501 -3.3804455
-1.01442 -2.5154154
-1.6472992 -2.107765
-1.3819463 -2.3483741
-1.2223942 -2.7652457
-1.0190994 -0.85677147
-2.7530985 -1.5035353
-1.2184882 -1.7799597
-2.472537 -1.6219007
-2.7665813 -2.0909598
-1.720902 -1.8633927
-1.6549226 -2.8664362
-1.5465587 -2.1848834
-3.0880113 -4.201567
-3.0124104 -1.8581088
-2.069573 -0.93515325
-1.92788 -1.2529385
-2.7203207 -3.690803
-2.4499002 -3.1626706
-1.9870775 -1.1841643
-0.8661294 -3.3310583
-1.8908503 -1.61427
-2.543881 -1.5977026
-1.3410614 -1.6152282
-0.97405213 -2.8182569
-2.1715872 -1.8822986
-1.0772413 -3.6106899
-1.5146332 -2.8744924
-2.84546 -1.8401408
-2.7013023 -1.6956332
-1.4464061 -1.3520457
-2.0582874 -1.6248362
-2.3184862 -1.3045282
-1.425458 -1.6624423
-2.160683 -2.287862
-1.4040734 -1.2786843
-2.1558976 -1.6185232
-0.48742315 -1.5853636
-1.6631274 -2.57948
-2.3782842 -1.7731488
-2.1708264 -1.3321705
-0.61861384 -2.0146642
-3.0545142 -1.9900417
-2.2573543 -1.1466248
-1.9337057 -1.3544421
-1.0344689 -1.9772205
-2.201615 -2.1640272
-2.202446 -2.1640813
-0.47655565 -2.7349706
-2.1614099 -1.4911005
-1.481887 -1.379741
-1.5398144 -2.4186232
-0.65447384 -2.6601272
-1.9671552 -0.87735355
-2.2402172 -1.4912282
-1.0755587 -2.546459
-1.3740323 -1.3630712
-2.2639499 -1.6812968
-1.6171309 -1.0280755
-2.4799771 -2.7742982
-2.5057569 -2.5130534
-2.464592 -2.8447328
-2.3562148 -2.7030308
-2.6535907 -1.0530689
-1.5419033 -3.0649436
-1.8938212 -2.4304028
-1.8890543 -1.7651464
-1.3932846 -1.2997338
-2.5982108 -1.5613528
-1.1789398 -2.5175767
-2.1408305 -1.8601642
-1.9628476 -1.7332206
-1.0411189 -1.6966423
-2.1283028 -2.520744
-2.280649 -1.8795868
-2.2752278 -3.0010056
-1.9810541 -1.8429776
-1.3536466 -2.1142728
-3.0704324 -2.002766
-3.0187316 -2.271878
-1.9853414 -2.111216
-3.0075252 -2.012342
-1.8823903 -2.2246208
-1.4307098 -1.6601806
-1.086098 -5.0649137
-1.8148028 -1.5168074
-2.8054345 -1.5218344
-1.2874535 -2.4923892
-1.9756356 -3.3501372
-1.7578124 -1.2086823
-1.3574291 -1.2478193
-2.0711465 -1.3055205
-1.3818786 -2.887269
-2.0621917 -2.3190937
-2.5889351 -2.2717345
-2.0261567 -1.5644612
-1.200761 -1.7310838
-1.4801766 -2.456788
-2.1596086 -2.1408339
-0.01077725 -1.9244106
-0.6018827 -1.7477746
-2.7619681 -2.6098065
-3.8368742 -3.228756
-0.53904223 -2.343731
-2.129403 -1.1452981
-2.321086 -2.6253703
-1.5930294 -1.4753164
-2.8143673 -2.0631788
-1.7676657 -3.3648403
-2.0094547 -2.6124005
-3.361657 -2.6056452
-1.7858591 -3.0968118
-1.9713985 -1.4293455
-0.6579826 -2.2643666
-1.2551395 -2.9484792
-1.7603227 -2.2830274
-1.5514725 -2.2910388
-1.2839776 -1.7015781
-2.3557737 -1.1462114
-1.8502406 -2.6640043
-0.8462342 -1.6811547
-2.5700579 -2.4074216
-2.989716 -1.4140031
-2.4330978 -1.3156902
-2.1442366 -1.2638985
-1.4690974 -3.0735795
-0.86909246 -3.169501
-1.7373422 -2.0177488
-1.1975964 -0.9957702
-1.3956547 -2.289672
-1.5571425 -2.4083598
-0.7027027 -2.2746537
-2.1060653 -1.1283841
-2.7491698 -1.660372
-1.8466003 -1.790563
-2.0729647 -1.4923115
-3.054568 -2.584264
-2.7590091 -2.0994363
-2.6424885 -1.6623648
-3.6014018 -2.194562
-2.6558979 -2.1216688
-3.1597314 -2.736949
-0.32757404 -3.7147927
-2.2429492 -2.0116746
-1.627767 -3.0023313
-3.299353 -1.8330755
-1.8036977 -1.3839012
-3.0161235 -2.5591846
-2.2456295 -1.9504516
-1.4346533 -2.700446
-2.3042386 -2.3831577
-2.125469 -2.9809072
-2.4373863 -1.6889437
-2.2386694 -2.1123123
-2.4390492 -2.5949244
-0.80465496 -3.204657
-1.1847879 -1.4332259
-1.6208793 -1.4009875
-0.5604774 -2.9481158
-2.383044 -1.2538477
-2.2634597 -2.7751756
-2.4257326 -3.2392817
-2.8329468 -1.9184812
-1.7045894 -1.5071381
-1.5053656 -1.4312651
-2.94505 -2.2196217
-2.45432 -2.82304
-2.6933482 -3.1315312
-1.0377719 -1.1369894
-2.773908 -1.504569
-1.7419695 -1.0469205
-1.5311865 -1.7116288
-2.6969938 -1.5012647
-1.3906138 -2.3869853
-1.448841 -2.36632
-0.12892902 -1.501661
-1.0415554 -3.09452
-2.1487162 -1.3075676
-2.6450903 -2.7511811
-2.202397 -1.351327
-1.0809934 -1.7041974
-2.1958096 -1.5374204
-2.3073988 -2.4175363
-1.0481502 -1.5370656
-1.7631507 -1.828513
-1.5435458 -1.1384598
-0.86671495 -2.111872
-1.9456531 -1.4265126
-2.595447 -1.3716701
-2.990267 -2.7079282
-2.605985 -2.2853603
-3.326018 -2.1864657
-3.0864606 -2.6783946
-2.7806823 -1.9075804
-1.710864 -1.9485064
-0.99801207 -2.6459599
-2.1796947 -2.658079
-2.1252153 -1.5547285
-3.6720324 -1.9315822
-2.4610388 -0.8356308
-2.146502 -2.1571991
-1.9916743 -2.586578
-0.61389554 -2.6641593
-1.7367162 -2.4279525
-2.3452885 -1.7649682
-1.1709596 -0.74652326
-1.6895558 -1.8783998
-3.1101196 -2.380566
-1.875047 -2.7886927
-3.1766517 -2.5791345
-2.8209195 -2.999359
-2.5676022 -1.8402474
-2.672209 -1.4137945
-1.8258178 -1.3608996
-2.505259 -2.1865902
-1.3185194 -0.84695697
-1.6240042 -3.483317
-1.405611 -2.6853766
-2.195418 -1.6339765
-0.68996966 -1.9580096
-1.3085359 -1.9467783
-2.2387822 -1.099625
-2.1805222 -1.4133455
-0.61716557 -2.1983094
-1.7523217 -2.1819217
-3.1299376 -1.5429882
-1.9370253 -2.9874504
-2.5621972 -3.0842116
-1.3604861 -2.9255302
-3.0198352 -1.1316447
-0.5417978 -1.8753847
-1.1480685 -2.2335255
-0.669065 -2.7432923
-2.0028589 -2.0141213
-3.460681 -3.3150692
-1.3558414 -3.4563174
-2.0033596 -1.0986375
-2.0369828 -1.9405428
-3.245254 -1.6225113
-0.8681435 -5.572505
-2.0318334 -2.3533378
-3.0692651 -1.8595053
-2.22073 -1.2302732
-3.691205 -1.9014314
-1.2604544 -2.0512598
-1.7737529 -2.4554605
-1.3614163 -1.4013178
-1.4485251 -2.070152
-1.8006653 -1.0416509
-3.0668483 -1.7901826
-2.4263654 -2.1913075
-2.264313 -1.6794807
-1.4675244 -0.96264505
-2.4571946 -2.8424964
-3.583073 -2.0481768
-2.857193 -1.1589386
-2.586058 -2.120871
-1.5940812 -3.7477233
-2.592705 -1.6490285
-2.4011526 -1.4403683
-1.1161258 -2.9964018
-1.0606537 -1.7696495
-2.222195 -1.8900139
-2.0789895 -1.1664526
-2.8652503 -1.7946142
-2.9516683 -1.0562507
-1.8758241 -1.2997497
-2.3554623 -0.9011977
-1.6253405 -2.1407175
-1.3134102 -1.7602577
-1.4513117 -3.682003
-1.5036178 -3.0941005
-2.1369808 -3.1227968
-3.3085709 -3.0273979
-1.9613702 -2.2356756
-2.6387522 -1.5294302
-2.5438793 -1.6977348
-2.9783225 -2.2055802
-0.91646713 -1.5564536
-2.7357893 -2.2595274
-0.86150944 -2.3049266
-1.1955191 -3.3568418
-0.4619227 -2.7475595
-1.2766951 -3.0422208
-2.9395351 -1.7439773
-2.8811753 -1.606577
-1.271967 -2.0502431
-2.1256757 -1.7718914
-3.0097575 -2.7624242
-3.166882 -1.4979769
-2.532248 -2.385675
-2.0191188 -1.7132192
-2.7814019 -2.6121495
-1.5665187 -1.7716776
-2.322326 -2.1636674
-2.0456154 -3.7126002
-2.3840933 -1.9668188
-2.8477502 -1.4441521
-2.6885424 -2.8673995
-2.3901842 -1.6158845
-0.32385194 -2.895976
-2.1609967 -1.590974
-3.2506623 -1.5983995
-3.5752132 -2.2328835
-2.4208832 -0.86392534
-2.5115578 -1.0646818
-3.2367265 -2.7021782
-2.5076327 -1.8597167
-1.8528988 -1.2397001
-2.2736409 -1.2203312
-3.3488905 -1.9277443
-1.6524906 -3.1440077
-1.8241675 -0.71424127
-3.0403206 -1.4257529
-1.4093331 -1.0389582
-2.8324943 -1.4805315
-2.7704763 -2.2789998
-1.7679529 -1.7492115
-2.410897 -2.141971
-1.231063 -2.2339885
-1.6782249 -3.0562313
-1.3162711 -2.9119635
-1.6103417 -3.380936
-1.1219311 -2.063639
-1.7496383 -4.4163356
-3.0121353 -2.1114883
-1.7793691 -2.2635212
-2.061839 -1.0091089
-2.5016203 -1.8669736
-3.1827536 -2.0283408
-0.7849351 -3.1483097
-1.715867 -1.4559913
-2.7529693 -1.4895252
-1.3708708 -1.939061
-1.4553565 -1.8848966
-3.4306774 -1.7977936
-0.60840714 -3.9965966
-1.3561902 -2.033424
-0.95477027 -1.2253036
0.058174774 -2.7846284
-2.1567178 -2.9310062
-2.9142258 -2.1687331
-3.2329333 -2.2348492
-2.7068357 -2.2279024
-1.9850428 -2.979037
-2.3779984 -2.470129
-3.170075 -2.6134727
-1.3602232 -2.0867043
-0.049234837 -2.3557987
-1.626725 -2.300106
-2.096209 -2.2766674
-2.4171717 -2.3547738
-3.1556585 -2.3959837
-1.7737944 -1.5973549
-1.3634143 -1.971419
-2.478028 -3.1767485
-3.142981 -1.6629446
-2.9058459 -1.770959
-2.7426167 -2.3522837
-2.0839477 -1.9335015
-1.8597456 -3.646437
-1.9743341 -3.413005
-2.9283295 -1.9177086
-2.566683 -2.2627134
-1.1496153 -2.4721465
-2.1389596 -2.9088526
-1.9139075 -1.7890689
-1.3518182 -2.4754314
-2.0184174 -1.9827806
-1.9943931 -1.8255571
-3.2512848 -1.252403
-2.3647282 -1.2784904
-2.3481786 -1.2528381
-1.6567451 -1.1867405
0.42325282 -3.1599984
-2.0578249 -1.976203
-1.5984313 -2.2543724
-2.5730355 -1.521736
-2.5509043 -2.78639
-3.0387685 -1.9822241
-2.5942814 -1.4987935
-1.6286913 -2.175933
-3.8627934 -2.8107347
-2.6023972 -1.444538
-0.8644405 -2.894673
-0.97809374 -3.1961567
-0.1386683 -5.222414
-1.231536 -2.5672324
-1.5596062 -4.23219
-0.5591763 -2.5047348
0.7228681 -3.3577673
-1.8751221 -1.7014067
-2.5182374 -0.9984151
-1.2309544 -2.2026575
-2.0033069 -1.5733488
-3.021681 -1.5294003
-2.985385 -1.3295593
-1.8458731 -1.9112571
-1.496148 -1.6011888
-0.3113437 -1.9416348
-3.275473 -2.340954
-2.0189698 -1.9903017
-1.6166431 -2.1702948
-2.668121 -2.2440286
-1.8694876 -3.1885653
-2.1534774 -2.2882476
-2.1444423 -1.8994615
-3.4810119 -2.8452594
-1.6959538 -2.770416
-3.0318062 -1.9008021
-2.102776 -3.174751
-3.1625338 -1.950859
-1.6231717 -0.89240646
-1.281862 -1.0408899
-2.5850704 -2.9188836
-2.6965246 -0.9914721
-1.2589085 -1.4059286
-2.7433653 -1.6234958
-1.7531499 -2.0723724
-3.5606194 -1.6720827
-1.9752684 -1.5266702
-2.3897324 -2.0312533
-3.3913052 -2.2806091
-2.8204083 -2.1824174
-2.7324374 -2.2578197
-1.0252008 -3.0993798
-2.4988792 -1.4025921
-2.4717336 -4.097954
-2.5224292 -2.9984584
-2.7096388 -2.6346977
-2.5690093 -1.5046228
-2.475247 -1.3396968
-0.425058 -1.4583724
-2.257784 -0.76473176
-0.3755616 -1.7581996
-2.461456 -1.7974342
-2.07339 -2.9492538
-2.920545 -2.1021228
-2.5360527 -2.7118719
-2.8294973 -1.6501213
-2.704534 -3.2039635
-2.5293026 -1.1292316
-1.4951618 -3.3336809
-1.2702969 -2.0016992
-1.6371733 -2.781097
-2.3826716 -1.2068563
-3.3043015 -4.1804223
-0.91214496 -2.46246
-0.88939154 -4.51516
-2.674829 -1.6171405
-1.3728509 -0.8634578
-3.2007215 -1.9115549
-2.6611648 -2.6367867
-1.7480764 -1.6267313
-1.9934037 -3.6443658
-1.3502179 -1.7236234
-0.7292831 -3.9089649
-2.384227 -2.1648579
-2.352529 -2.0229175
-2.6161997 -0.6592027
-0.5622552 -2.4943018
-2.8573198 -1.50471
-0.9691118 -1.5988381
-1.9551907 -2.126258
-2.5608475 -1.3931056
-2.4115124 -1.9304545
-2.419368 -1.2366257
-0.0038683563 -4.779282
-0.3532901 -2.9724176
-2.2512212 -1.7628355
-2.0250776 -2.4561892
-2.7690008 -2.4385462
-0.6842321 -3.2866762
-2.7932148 -2.1229062
-1.8217498 -1.0598799
-2.5955162 -1.7522916
-2.1790242 -1.3710315
-1.0595044 -3.2522655
-3.2508976 -1.9160727
-1.8618088 -2.215805
-2.6284695 -3.716054
-2.269856 -2.2990763
-1.7739298 -2.4151828
-2.5098834 -2.055107
-3.164516 -3.4639964
-2.3375578 -0.5356471
-0.4875452 -1.4448396
-2.515012 -2.3471975
-2.2549734 -1.1170493
-2.3016121 -1.7918702
-1.5797526 -1.3462313
-2.3570302 -3.218442
-2.1563184 -2.7019515
-2.0427594 -1.1318535
0.06419386 -3.7978296
0.5678732 -3.2781513
-1.1686072 -1.1241895
0.5310225 -2.212862
-2.343126 -1.8055137
-1.6371278 -3.1663623
-1.3445902 -3.3274827
-2.4113505 -2.7574253
-1.6353521 -3.1216443
-2.6593277 -2.3327951
-1.7182173 -2.5082061
-1.2562516 -2.6712933
-1.0117216 -2.657855
-1.3101171 -1.3759121
-0.96213853 -1.8376186
-0.07244553 -2.82521
-2.398084 -3.0557642
-0.903713 -3.4250484
-1.9080398 -1.2936064
-3.429867 -3.4576337
-1.4086275 -3.335036
-0.98861855 -2.3723333
-2.0510795 -2.513393
-2.239705 -1.2867491
-1.2122779 -3.216598
-0.9458428 -1.7761894
-0.93536806 -2.8012938
-2.8026626 -2.0295045
-1.5062172 -2.7801278
-2.96596 -2.3543143
-1.8162541 -1.3513554
-0.6565196 -2.6662133
-0.27435923 -2.809608
-2.1966205 -2.788633
-0.06476961 -1.8152778
-3.3786225 -1.8951055
-2.7355864 -1.7028329
-2.374645 -2.435296
-2.4538167 -4.181148
-2.2340462 -1.2884265
-1.1412046 -3.0760496
-1.6915904 -2.1724355
-3.0016088 -2.3013597
-2.1107712 -2.0166562
-1.763787 -3.4402373
-1.6319945 -2.1994154
-1.3189243 -1.9836146
-2.796944 -1.9347341
-1.6434344 -3.0679612
-2.4729111 -2.2516282
-1.4761951 -1.4235625
-1.589074 -3.680681
-2.1773424 -0.97062325
-1.5720326 -0.8917755
-0.27531123 -1.8535206
-1.637373 -3.7180574
-0.20015022 -2.2766716
-2.911178 -2.0343623
-2.2395895 -1.7413359
-1.2782974 -2.558401
-2.350465 -2.3821173
-3.6993444 -2.2930958
1.0209712 -3.501017
-2.1870215 -2.813136
-0.7706233 -3.3086855
-1.2076975 -2.0666955
-2.1480105 -1.204637
-0.6159396 -3.6049423
0.70109576 -2.279752
-1.449375 -2.381379
-1.7396044 -3.7385259
-2.2425742 -3.184348
-1.5717344 -3.5811758
-1.6645435 -2.7252395
-1.4999039 -2.2642665
-2.4986684 -1.4276282
-3.2582166 -2.4095142
-1.6026819 -2.3691797
-2.433292 -4.207267
-1.7251608 -2.1604102
-2.4681978 -2.4464364
-1.872544 -1.0707189
-1.3074454 -2.6497366
-2.3003256 -1.6678684
-1.7600851 -2.4445317
-2.3080077 -1.7549682
-2.4490595 -2.2323382
-1.860049 -1.9312729
-3.2547135 -2.2889793
-1.8213803 -1.9085631
-3.2076535 -2.3514094
-2.4837127 -1.1503428
-2.1257696 -1.7730023
-3.957027 -1.2677113
-1.3854879 -3.0628858
-0.7122244 -2.7747319
-2.6641057 -1.4910781
-3.4433815 -2.8838613
-1.4938833 -2.6705782
-0.85649544 -2.1187773
-1.9617653 -1.8811208
-2.8365192 -1.8027241
-2.3202946 -1.8881582
-2.3265195 -1.5268247
-0.8716441 -2.1775022
-1.5326422 -2.4544833
-1.7270483 -3.1294496
-0.17360118 -1.1943008
-1.9081745 -1.229958
-3.2988195 -1.8225818
-1.7372022 -2.3703458
-1.6402699 -4.0351486
-1.2074116 -0.9013984
-1.018951 -3.2833009
-3.2926848 -2.9368663
-3.211269 -2.7721884
-2.8146315 -1.426874
-1.2930133 -1.4462029
-1.7881854 -1.5358428
-1.6553991 -2.026328
-1.4654112 -1.5646951
-2.586437 -2.8072364
-2.2637882 -1.899769
-2.1681151 -1.339478
-2.2493768 -1.7732222
-2.8604658 -1.7061821
-2.3077981 -1.3545216
-0.10436365 -2.562619
-1.0759944 -3.3854675
-0.6475017 -2.871832
-2.4934142 -1.2090291
0.057813033 -3.0049214
-1.6068598 -2.2232084
-3.1377645 -1.7178146
-2.1123545 -2.041449
-1.1629847 -2.844053
-1.8620771 -1.6672202
-1.1618586 -3.0713856
-2.3561075 -1.3337779
-2.1238005 -1.119027
-3.1360958 -1.6401864
-1.9258941 -3.0394998
-2.2144828 -1.8626248
-2.3758724 -2.4719346
-2.6891658 -2.6620715
-1.8435093 -1.6527035
-1.2881469 -1.0614156
-0.5701992 -2.4616864
-2.2607543 -3.2338893
-1.6618041 -2.6020327
-0.97998536 -1.9127703
-2.4886339 -2.1776972
-1.7738042 -2.2669005
-2.3698568 -2.7116337
-1.8645996 -3.2617173
-1.8350359 -2.832142
-1.273446 -1.6186192
-1.7295287 -2.59454
-1.4321119 -1.1052228
-4.2347283 -1.4323595
-1.8971674 -2.2256067
-1.0190139 -1.7736307
-2.2918437 -4.4910626
-1.5536587 -3.43813
-1.4778433 -2.7439995
0.15304224 -2.9061255
-2.0669832 -1.4734855
-1.443717 -3.443763
-2.9957662 -1.6909101
-0.48957387 -3.153644
-2.002271 -2.021828
-2.7073631 -1.6926683
-0.26868552 -3.7698681
-1.6700664 -1.0375915
-2.8731785 -1.3119993
-2.3721368 -1.1250423
-2.0825117 -0.5395023
-2.2072365 -3.3616416
-2.3860333 -1.0528759
-3.418267 -2.9088461
-1.7524607 -1.0669401
-1.7889634 -1.5266999
-1.3196081 -1.1482741
-0.5950161 -2.426282
-2.6882558 -2.6816053
-2.1050298 -1.3391083
-0.983361 -3.6773612
-3.192511 -2.2813725
-1.3527199 -4.0664115
-2.1445804 -2.2799594
-2.9119754 -0.86484075
-2.580649 -1.49248
-2.0743906 -1.8201599
-2.2317436 -1.9209607
-1.4899588 -2.3935952
-2.156011 -2.2436514
-1.273479 -1.81626
-1.5180075 -1.8413553
-2.060159 -1.9256512
-1.2113898 -4.147943
-2.271126 -1.94797
-2.0589983 -2.7386162
-1.2641457 -3.182417
-3.1492753 -1.8925381
-1.1451986 -1.3555801
-2.5623643 -2.8302867
-2.6329205 -1.4418592
-2.722388 -1.8541877
-3.11453 -1.512154
-1.4061061 -2.456417
-2.3853126 -1.3570739
-2.4825082 -1.157014
-0.7619035 -1.9734384
-3.2743037 -2.862545
-2.5522943 -1.3617017
-2.6881573 -2.7336657
-1.5453937 -1.5111321
-1.2314273 -3.4240906
-1.5970944 -0.54662836
-2.639196 -1.6608312
-1.3701725 -2.116818
-1.233504 -2.030605
-0.42816222 -0.52810633
-1.6408601 -2.50503
-1.7880034 -2.555093
-1.7697377 -2.2381232
-2.4763 -2.3617744
-1.9877956 -4.0620484
-2.4189441 -1.7245781
-3.3532677 -2.405484
-1.6143394 -1.4721655
-1.3956312 -2.4966333
-2.795617 -1.1847771
-1.0165108 -1.2705878
-0.61482126 -3.0445833
-1.6723589 -1.9966525
0.55184716 -2.3017132
-1.351341 -2.254575
-2.9101927 -2.3014455
-1.9803485 -1.988011
-1.4969941 -1.8368788
-2.1273494 -0.1463968
-2.6766946 -1.7067275
-1.4775829 -2.411583
-0.017738566 -2.6337821
-1.6706887 -3.37721
-2.622715 -2.4681792
-3.1756923 -1.6536624
-1.4951252 -2.8429887
-1.8133047 -1.9504311
-0.44337866 -2.1625276
-1.8785055 -2.4839444
-3.0378945 -1.8908042
-1.0697234 -1.7845541
-2.305281 -2.250869
-2.237746 -1.8526903
-2.286868 -3.2620556
-1.7353967 -1.4479736
-2.571337 -2.7080262
-1.5989889 -0.9704453
-1.6800134 -2.5918314
-0.37194684 -3.2325675
-1.9667165 -2.3793907
-2.5525744 -1.2021697
-3.1308115 -1.8675653
-1.9783958 -1.7941467
-1.9175041 -0.9076147
-3.1075034 -1.2182486
-2.6255238 -1.4353056
-1.8633785 -2.0306246
-1.2250816 -1.551384
-2.1072142 -2.366657
-2.4130664 -2.1302693
-2.45882 -3.5040882
-2.72205 -1.8131255
-2.3202581 -1.5731924
-1.4887109 -2.560057
-1.3678496 -1.983003
-1.7001718 -2.2581482
-1.74994 -2.208231
-1.8849788 -3.6524541
-1.5626748 -1.4144043
-1.8121881 -3.8223503
-2.5510929 -2.8441932
-2.209981 -1.7346398
-1.8309635 -3.353187
-2.2900276 -2.3073761
-0.9754872 -2.7143135
-1.6460909 -2.8311412
-1.0049626 -0.7564709
-2.1653442 -2.2920418
-1.1608723 -3.666421
-0.7978664 -3.0344818
-0.65378135 -2.0442502
-1.0174669 -2.0793016
-1.9390069 -1.0931485
-2.374028 -3.2078888
-1.0680858 -2.2787874
-0.8644453 -2.623673
-2.311491 -1.4949353
-2.736828 -2.1441808
-2.5231 -2.642124
-3.0657938 -2.384057
-2.4958272 -2.252674
-1.9864341 -1.8893204
-3.3191721 -1.1471845
-2.0269916 -1.451519
-2.2908604 -1.9924374
-1.6432961 -2.0347576
-3.0530047 -0.794893
-2.4055817 -1.757916
-2.0367367 -2.8310864
-1.2894672 -1.4081447
-2.1460295 -1.7941391
-1.9747304 -1.290761
-1.7144659 -2.5232985
-1.2874593 -1.3038194
-0.9042724 -3.6366143
-1.5611516 -1.5661281
-1.7314361 -3.09186
-1.3494307 -1.834653
-2.1605155 -1.3570814
-1.1711262 -2.902034
-2.806606 -0.8181485
-2.0573502 -2.6296148
-3.4884686 -2.097353
-0.46256977 -2.988298
-2.0206783 -2.1713436
-1.1886663 -2.089708
-1.3990853 -3.2579489
-2.3023703 -2.8568323
-2.5495481 -1.3967018
-2.409093 -1.3211842
-0.6368918 -1.7534457
-1.8180256 -1.2697645
-1.3147078 -1.2072324
-1.9686449 -1.8928701
-2.1504922 -1.1823353
0.14037369 -3.7458417
-1.7808192 -2.768245
-1.5972705 -2.7257774
-2.4177327 -1.0153562
-0.8131895 -2.5551827
-3.1261349 -3.0709321
-1.5002439 -1.9384127
-2.0699801 -1.4319562
-2.9620414 -2.4499817
-0.70194966 -3.4587998
-1.0682464 -1.135078
-2.819818 -1.9121126
-1.1346629 -2.3461041
-2.3858516 -1.6023185
-2.185485 -2.3734317
-2.7539184 -1.788957
-1.568758 -1.2965269
-1.8972211 -1.1515719
-2.597157 -2.8114035
-1.2669845 -2.6592467
-2.280644 -1.3325541
-1.7234993 -2.9601667
-1.7287288 -3.1112351
-1.1177576 -3.3247688
-1.1455064 -2.8115199
-1.3548774 -2.54274
-2.8995266 -2.2166402
-2.862701 -3.644233
-0.9567673 -3.392811
-2.4201972 -1.7703048
-1.9501132 -1.002961
-1.2420293 -3.3697207
-2.6637726 -3.0648723
-1.9322242 -1.490155
-0.95436954 -2.514388
-3.0170605 -1.5474998
-1.3027221 -2.8446536
-1.2304283 -1.5647643
-0.9068006 -1.5743172
-2.5933185 -0.6286717
-2.1508636 -2.126142
-1.0875224 -2.389563
-2.3556228 -1.6522123
-1.7420385 -2.3005571
-1.4111552 -1.6154536
-1.7627177 -2.5843
-2.3335032 -3.0374963
-2.3494236 -3.0988083
-2.1101813 -2.716837
-2.632094 -1.5932609
-1.3897432 -0.946934
-2.7722597 -3.0934172
-1.767751 -2.7644873
-1.102214 -1.5259389
-1.6378245 -2.5196676
-1.9488087 -1.8773657
-1.0365165 -2.5175605
-0.031912416 -1.4246982
-1.7868644 -1.0811224
-1.6004146 -1.2679874
-0.7652657 -3.0862057
-3.1423414 -1.64871
-1.6715817 -3.9966187
-2.1798286 -2.2198029
-2.6206484 -2.3208714
-2.1104755 -2.0564713
-2.0759816 -2.610533
-2.2590086 -1.3975812
-1.1171019 -2.5901113
-2.0574768 -2.792962
-2.7200599 -2.6910524
-0.16745391 -2.4852152
-1.5711057 -2.0088143
-2.2985694 -1.5381613
-3.1203086 -2.6073694
-3.9267142 -2.0393903
-1.1738615 -3.8429794
-3.0559092 -2.254175
-2.4864595 -2.0717566
-1.7349275 -1.4613457
-2.6293292 -1.2687484
0.06702264 -1.0674585
-1.6199327 -1.0470002
-3.3258102 -2.2452724
-1.2255791 -1.7126058
-2.377199 -1.4102213
-1.6525751 -1.5083131
-1.2540457 -3.6240234
-2.0734072 -2.3554065
-1.7577443 -2.0859144
-1.7862855 -0.80793667
-1.4571027 -3.5275013
-2.776364 -2.342329
-1.6362578 -3.7221725
-2.929317 -1.2992237
-1.720097 -2.4804955
-2.6739175 -1.6787565
-3.2306187 -1.2919543
-1.9445944 -2.6389253
-2.7273042 -2.1025681
-1.8986171 -2.3539035
-0.8823806 -1.3653879
-0.6388563 -2.4296157
-1.563741 -2.137608
-3.1270452 -1.5048329
-0.46713853 -2.5096216
-1.4536437 -2.5671911
-0.4378674 -0.7408513
-0.9153827 -1.2518342
-1.3198541 -2.7639115
-0.199431 -2.741474
-1.9749562 -1.8575017
-1.2431391 -1.603141
-3.7199063 -2.651475
-0.92929506 -3.8190577
-1.8814735 -3.0877788
-3.409861 -1.8997577
-0.22738619 -2.463838
-2.418973 -1.8591228
-1.6274166 -1.0542796
-1.6862677 -2.2148688
-2.7094748 -1.6565969
-1.6773194 -1.632033
-2.0512385 -1.0329598
-0.9168016 -4.6769004
-2.524186 -2.0398045
-2.3732057 -2.5955353
-1.1597992 -2.514331
-1.573533 -2.0616748
-3.054088 -2.4461274
-0.77188236 -2.0614154
-2.3484073 -1.2161425
-1.1834896 -2.651383
-0.95828414 -2.2415228
-2.1115644 -2.714818
-3.6244018 -2.5708964
-1.2910131 -2.531625
-0.022510901 -2.9356153
-2.2970524 -1.4381479
-3.591877 -2.123191
-2.8767781 -2.4827514
-0.78687865 -2.7003758
-2.0571876 -2.9509335
-2.3460462 -1.0407469
-0.66422147 -3.5850146
-2.8578992 -1.4647743
-2.398131 -2.5919683
-2.4757903 -1.1571193
-2.4433458 -1.1915404
-1.4217184 -1.422019
-2.9715521 -1.1180278
-2.5024543 -2.5578272
-1.905909 -1.0987139
-2.9096057 -1.9983745
-0.62627286 -3.2746043
-1.1018859 -3.029727
-2.3280559 -3.2183173
-1.375026 -1.4928519
-1.5085055 -1.9940853
-1.5050849 -2.6945755
-2.6953049 -2.1041512
-2.8531597 -2.0875168
-1.6130571 -1.9211556
-2.1325123 -1.6581732
-2.0818396 -1.1524606
-2.585398 -1.8440143
-1.045463 -1.0260677
-0.30440786 -2.1924617
-2.4854665 -1.9965057
-1.4908481 -1.3932084
-1.591068 -1.314599
-2.2715125 -1.5245854
-2.6201212 -1.4374186
-1.8552667 -2.1516392
-2.446562 -2.182594
-2.298065 -1.1652678
-3.2919252 -4.8118
-2.0865128 -3.74918
-1.367076 -1.4253747
-1.437553 -3.671785
-1.1020538 -2.2575767
-2.917153 -0.6892501
-3.0216267 -1.4881731
-2.8884711 -2.6927533
-1.1210643 -3.5494843
-0.8082607 -1.3757747
-2.001216 -3.206349
-2.9461799 -2.0554361
-2.20726 -2.2194114
-2.3518186 -1.7787935
-2.651444 -2.3756123
-2.0401776 -1.9602066
-1.7429498 -1.4321795
-3.201999 -1.9461036
-1.2874378 -1.7436686
0.58653027 -1.365194
-2.8146157 -1.1413283
-0.851271 -4.0582557
-3.320425 -2.0657973
-3.3018157 -1.5097958
-1.4032729 -1.6553096
-1.145318 -2.0496304
-0.8397533 -4.2397647
-0.95955837 -1.5761111
-2.8713293 -2.168307
-0.6838097 -0.8291446
-1.9923675 -2.1618161
-0.8859707 -2.1398752
-1.0975027 -1.4924338
-3.0336215 -2.2752872
-1.7255659 -2.1355555
-1.4042165 -3.0022595
-1.4992906 -2.4543014
-3.6152675 -1.1841378
-3.6069422 -1.2797219
-1.8678969 -1.3361176
-2.665705 -1.9546099
-1.7234975 -1.334505
-2.4238317 -1.4721028
-1.9766136 -1.844552
-1.3587645 -3.1944163
-2.028862 -1.6425121
-2.6655676 -1.3409132
-2.7486904 -1.1559427
-1.3499919 -2.5020463
-3.5210948 -2.6011958
-1.5878606 -2.0548546
-2.0435638 -2.5775638
-1.7908559 -3.2660398
-2.6005557 -1.7634778
-2.5712614 -1.1259611
-2.8085043 -1.261725
-3.5444477 -2.7315738
-1.9452351 -1.809973
-2.4962761 -0.9322169
-2.2535944 -1.3255973
-2.789356 -0.6613721
-1.6961191 -3.2778807
-1.6390879 -1.8830285
-1.5383785 -2.6900053
-1.8380733 -1.6513153
-2.9391918 -3.7618623
-1.8268992 -0.8679794
-2.4964004 -2.0243154
-1.7408818 -1.7652627
-1.1340913 -2.8622
-2.3399727 -2.5299988
-3.0013378 -1.9658922
-2.2261028 -1.5486946
-1.8769511 -0.4180541
-3.0447724 -2.4937675
-1.097704 -2.332395
-2.1895483 -3.4714873
-2.1520398 -1.2508451
-1.6686367 -1.6423148
-2.2232378 -1.713238
-2.0964375 -1.3211585
-1.6980004 -2.1121438
-1.443941 -2.51797
0.30564588 -3.0120351
-1.316397 -2.747707
-2.2443666 -2.5442648
-2.9369857 -1.239354
-1.2275047 -1.5365568
-0.3148988 -2.4368584
-1.9605335 -1.9466959
-2.990966 -3.1050997
-0.9409374 -0.96657896
-3.575061 -1.7590023
-2.0974405 -3.6175601
-1.6079857 -2.7999477
-1.673053 -2.9049459
-0.8452065 -1.7276964
-2.4808927 -3.5655403
-0.9192732 -2.2205932
-3.957665 -2.95913
-2.5537953 -1.2324638
-2.380011 -1.3262135
-1.2262477 -2.0218976
-2.0819387 -1.6787978
-1.3021111 -2.4997377
-1.7730361 -2.3220818
-0.5705842 -2.094079
-1.1964661 -0.61315703
-2.533709 -2.71379
-1.6550395 -1.494942
-2.6895359 -1.7282584
-1.1749524 -2.315557
-2.601915 -2.551305
-2.279791 -2.7743962
-3.041244 -3.0738792
-2.499501 -2.2900805
-0.8924204 -2.200692
-0.78205776 -3.3738658
0.18054913 -3.2855053
-1.3997132 -2.0662444
-3.4016325 -2.666597
-0.85778666 -3.26655
-2.6787112 -2.3848274
-1.5616624 -1.4908859
-3.2460134 -2.4926097
-2.2039495 -1.1337236
-2.6256173 -2.416925
-1.1289203 -3.5895178
-2.693399 -1.2794939
-0.7261529 -3.1433492
-2.4910624 -1.4198071
-2.6537988 -1.4913526
-2.195508 -1.8433732
-4.0947733 -1.6607245
-1.4064945 -1.8997617
-2.0268974 -2.5287654
-1.722989 -1.9685729
-1.9055462 -3.2079113
-1.3010252 -3.1953838
-3.0872095 -2.306525
-1.0155405 -2.1169817
-1.7287918 -2.5150368
-1.1148494 -1.1388012
-3.0622628 -2.3854692
-0.77941483 -2.228495
-0.5997799 -2.0623496
-1.5353299 -1.6234304
-2.0715017 -1.5077267
-2.159476 -2.259398
-2.9309256 -1.8574672
-2.5654724 -3.0924602
-0.46632972 -3.5879953
-1.7613246 -1.9900321
-2.0851707 -2.304555
-2.851158 -1.3082168
-2.2076564 -0.9005194
-2.8593407 -1.1585138
-2.219259 -1.6814224
-1.3262398 -1.6742043
-1.6952102 -1.4887136
-1.5150008 -3.681841
-1.118318 -1.9639068
-1.4829736 -2.1370463
-0.73014724 -3.2822578
-2.3759036 -1.571216
-2.2453058 -1.8809904
-1.6040546 -1.4729772
-1.6767378 -2.4870155
-1.9596341 -2.3647468
-2.4590178 -1.758654
-1.6378334 -2.4029706
-1.9691981 -1.2828732
-2.022319 -2.2547069
-2.839648 -1.7589589
-2.128976 -2.2536187
-0.40552497 -3.6345007
-2.241265 -2.1444175
-2.007858 -2.5616128
-2.223943 -1.9434344
-2.190505 -2.357817
-1.274904 -1.8972001
-1.6524217 -3.1045372
-2.4485073 -1.9232453
-2.5036957 -1.7645298
-0.28287137 -2.418611
-1.7024972 -2.657884
-2.9255137 -1.735315
-2.450296 -2.326194
-1.7088506 -2.4744403
-1.786538 -1.5651958
-2.6189451 -2.5369709
-0.74129957 -2.4477649
-2.3536375 -0.6287823
-2.5512223 -1.9520831
-0.63785875 -1.2866075
-1.7366356 -2.713299
-1.2259436 -2.370598
-2.5108752 -1.4741771
-1.6294019 -2.5217605
-2.3225398 -1.6222405
-1.8642095 -1.9526188
-2.7765224 -1.8658308
-0.59068865 -4.5053153
-2.7274892 -1.8424406
-1.9873812 -2.1178675
-2.064476 -3.054382
-2.5252829 -1.7018743
-1.1932737 -3.088995
-2.429705 -2.0166922
-1.1921734 -3.6611617
-0.51646346 -2.8521328
-1.8224274 -1.5216537
-3.013712 -1.564471
-2.1829505 -1.6747134
-1.9641627 -0.6547271
-3.6038556 -1.6761867
-2.362846 -1.342294
-1.5200864 -2.9505923
-1.2951117 -2.8783395
-1.1320555 -1.2908407
-0.87168384 -0.6396432
-2.886819 -1.6490533
-2.104536 -2.5589929
-2.6746442 -2.6487315
-1.3674109 -1.5178645
-1.8548977 -1.1554003
-2.980269 -1.6051177
-2.37058 -1.8101251
-3.0061986 -1.8929592
-1.7064205 -1.1670065
-1.1769342 -2.4344113
-1.3920836 -2.1801302
-1.5299224 -2.445815
-1.2682315 -2.4971998
-1.3689828 -3.0014062
-1.2474388 -1.9224324
-1.5480222 -2.1525977
-1.7885028 -3.5080085
-0.74902177 -1.2851448
-1.5762532 -1.9661973
-1.5475234 -2.2731678
-2.3597367 -1.7376202
-1.1300826 -1.9847599
-1.1334836 -3.3002229
-2.8879786 -2.1402776
-0.7092123 -3.5670767
-0.71468055 -1.0697
-3.0548844 -1.4787843
-0.32550043 -2.2673013
-2.8110652 -2.2686505
-1.3039353 -1.7064099
-1.6434441 -2.7961671
-1.8045423 -2.2023401
-2.397548 -2.2961757
-1.9514576 -1.8522838
-2.0369 -1.3683202
-2.007729 -2.2870033
-1.3474902 -3.3546531
-3.4326513 -2.1134505
-2.6476965 -2.9926858
-2.4821036 -2.0663636
-0.89961386 -1.7793918
-2.6748288 -2.1502597
-1.4453361 -1.5760589
-3.195046 -1.236971
-1.5955478 -2.4904625
-1.3021141 -1.9046173
-1.988474 -2.880711
-1.0910784 -1.6439862
-0.9483245 -1.408266
-2.3682818 -1.8846011
-1.2855145 -2.4087522
-2.458487 -1.7808301
-2.9837394 -2.2814736
-2.3161805 -3.2477403
-1.8311923 -2.4669096
-2.5121834 -0.7951766
-1.3860102 -2.45454
-1.07851 -1.8111137
-1.1248161 -1.0981597
-2.0795772 -1.3188024
-2.2361465 -1.5784959
-0.734429 -3.0264444
-2.4952948 -0.9399209
-1.2576134 -2.1518512
-1.0517149 -3.206004
-1.8282095 -2.0305226
-2.1299527 -4.1803484
-2.0182033 -1.3882508
-2.1087418 -1.6951185
-2.3722215 -1.8489249
-3.0041258 -3.2535782
-0.0727433 -1.4900708
-1.9875414 -2.7763534
-1.8260982 -2.040353
-2.2156682 -1.1519176
-2.083811 -4.280069
-0.8255943 -3.0675707
-1.1530764 -2.524191
-2.357667 -3.6812332
-2.036126 -2.077708
-2.3185499 -1.9966618
-1.457733 -1.3809619
-2.4607522 -0.9716785
-1.8370268 -1.7358273
-2.2801893 -1.8390008
-1.2576661 -3.3257465
-1.690731 -0.96187675
-1.7102 -2.8648224
-2.1556697 -3.0014658
-2.5094354 -1.2770804
-1.2363974 -2.1060696
-1.157945 -2.9093704
-0.40925115 -2.53422
-0.63307565 -2.3794332
-2.4930978 -1.7431737
-2.0518851 -1.5917456
-2.469316 -2.7801244
-1.5912586 -2.1830745
-0.043308258 -3.0599701
-1.6324402 -1.5109023
-0.96126175 -2.1835108
-1.7705976 -3.1757972
0.016109183 -2.2304456
-1.5301242 -2.1746302
-1.8375077 -4.6609616
-2.1025057 -3.4210603
-2.5180995 -2.1559691
-2.6365144 -2.0854473
-2.5477564 -2.6696224
-1.6049005 -2.8398726
-1.7473601 -1.3715181
-2.3919911 -2.025784
-1.9715819 -2.5598164
-1.4323912 -2.3394148
-3.0720727 -1.709842
-2.0960472 -1.755594
-3.1618865 -1.5626273
-0.2805948 -1.790211
-1.1691238 -1.3321773
-1.660159 -2.8496954
-2.6238601 -1.2549845
-1.8316773 -2.126689
-3.090799 -1.8046863
-1.196188 -3.1063318
-2.4110854 -1.8533403
-1.4213141 -3.153336
-1.2279147 -1.828546
-1.4059012 -2.3463163
-2.6409326 -1.9404846
-2.8279696 -1.3359936
-1.0063608 -3.3216002
-2.424799 -1.8519305
-1.7019941 -0.5358981
-1.2324411 -2.6330101
-1.3842964 -2.2181146
-1.2952751 -2.9492989
-1.6998674 -1.5509026
-3.232626 -1.9139609
-2.5288033 -1.0819596
-1.9091694 -2.099366
-2.6545954 -2.0361412
-2.3088586 -1.7548337
-2.0055432 -1.8205856
-2.0687835 -2.656431
-2.2257733 -2.5316503
-4.3310657 -2.195871
-0.6632728 -2.275275
-2.519382 -1.1670924
-3.4526796 -1.4690266
-2.1442542 -1.8804126
-3.1639438 -1.6599298
-2.0269628 -1.9747144
-1.9349967 -1.3781683
-1.6443807 -1.618059
-2.4678192 -1.8977227
-2.2324927 -1.5991057
-1.443126 -1.5241723
-2.6522915 -2.3964324
-1.7871156 -1.3308716
-2.653699 -1.4379659
-1.4194403 -1.9986087
-2.071706 -1.4814328
-2.784184 -2.2539485
-3.142258 -1.9484396
-1.2884126 -1.0144659
-2.859175 -1.9541265
-2.2049823 -1.5028632
-2.9613445 -2.5931115
-1.7471206 -0.8497386
-2.7840023 -1.8183552
-0.10168415 -2.5759084
-2.296025 -1.9352856
-1.5223007 -2.2852955
-2.5408075 -2.588462
-1.2996024 -3.5720258
-2.4765258 -4.0166316
-3.134979 -1.7389089
-2.5935163 -1.479334
-2.6694486 -1.1175998
-1.6944104 -3.1539142
-1.3713785 -0.8223828
-2.5536797 -1.5769222
-1.1578432 -2.6703
-1.3676386 -2.5020616
-1.322674 -2.450752
-1.8784461 -2.1511328
0.5204734 -2.496981
-1.9388542 -2.598518
-2.8212879 -1.5678815
-2.61174 -2.1734948
-2.8527014 -2.8132057
-3.0600748 -1.8926193
-2.0527198 -2.2574196
-1.2117062 -2.5297592
-1.2000214 -3.944496
