-2.421538 -1.2075013
-0.28650835 -2.1040359
-1.8996633 -1.5322483
-1.7305459 -1.6213926
-1.3092242 -1.600752
-2.4650881 -2.217557
-2.0235567 -2.383573
-1.7835128 -1.8809698
-2.1899378 -1.8534969
-1.1606251 -3.2305686
-0.7513646 -1.731727
-2.399146 -1.0492116
-1.5399362 -2.6552124
-2.0676863 -2.8500173
-2.7099617 -1.5568438
-2.5821433 -1.271382
-2.1712592 -2.1228213
-0.8291624 -3.384372
-1.925731 -1.5285925
-1.1467247 -2.5893884
-1.8972569 -2.9577634
-2.682553 -1.655136
-1.5022348 -2.579922
-0.25933424 -3.1481686
-3.134499 -2.0569754
-1.6043683 -2.2084727
-2.8518772 -1.4083692
-1.4257201 -1.5121162
-2.7753851 -0.95576376
-2.3165367 -2.089594
-3.1239543 -2.557362
-1.463928 -2.3383236
-0.6111869 -3.680097
-1.4117796 -0.8815608
-1.777599 -0.87687373
-1.1266823 -1.552304
-1.5151634 -4.930705
-3.420342 -1.6027386
-3.129523 -2.5066843
-3.1179247 -1.9551528
-2.7663155 -1.0094523
-0.71825534 -1.5003976
-1.1756948 -1.1229613
-2.9050887 -2.5568256
-2.2670193 -0.6047604
-2.7509336 -1.9977632
-2.2479753 -1.2999604
-2.73891 -2.6102326
-2.4351158 -1.0638855
-2.669477 -2.0387297
-2.1717641 -2.4708245
-1.9579393 -1.9276606
-0.70464605 -3.0795426
-1.1936487 -1.9941826
-1.7758837 -0.98349726
-1.5721204 -3.3447487
-1.1068188 -2.4720652
-3.2323866 -1.631526
-3.0295656 -1.4907017
-1.9861976 -1.7892652
-2.9366617 -1.6197743
-3.0249228 -1.6652185
-2.421509 -2.5529606
-3.802064 -1.4580028
-1.3028256 -2.0928912
-1.71018 -0.91129214
-1.5009694 -3.0714693
-2.5287616 -1.6657035
-1.9435698 -0.85917294
0.262895 -4.151185
-2.2011814 -1.56141
-1.3752998 -4.2524624
-2.0545495 -2.6938171
-3.1135554 -1.5713814
-2.4631186 -2.0120285
-2.5196655 -1.5070759
-1.7150966 -2.2810216
-2.0915449 -3.4665425
-0.8791015 -1.6901712
-2.2331357 -1.6913133
-1.6209747 -1.8396972
-2.519469 -1.2632263
-0.8976517 -3.0089567
-2.1222787 -1.5335249
-2.1196504 -1.8708707
-1.790295 -1.4351375
-1.2493461 -1.5607326
-2.7807968 -0.41354033
-3.007385 -2.0909688
-0.91187626 -2.6443493
-1.7604588 -2.0544162
-0.99414295 -2.3221476
-0.64034635 -1.9207621
-2.1994393 -2.4965858
-2.5381358 -2.2370417
-3.5367627 -2.4262993
-1.6265714 -3.1942043
-3.248762 -2.242636
-1.2594692 -1.8387684
-2.4191983 -1.197197
-2.072787 -2.351341
-2.8213549 -1.744713
-3.041836 -0.96441805
-2.3965683 -1.433001
-2.8273757 -0.7073811
-3.2635484 -3.8228061
-2.5908985 -1.7308416
-1.2473466 -2.2594147
-0.26717296 -1.3175216
-2.1160553 -0.84488523
-2.3762078 -2.5680122
-1.3489008 -1.8137426
-1.3184462 -2.5524209
-2.9341078 -1.0194205
-2.927785 -2.0101924
-1.8780781 -2.6733053
-2.2269583 -2.4691305
-2.3547628 -1.9806298
-1.3911101 -2.2907686
-2.1735628 -3.3472223
-2.3391755 -1.70716
0.14885776 -1.8554361
-3.1068518 -1.9420079
-1.5956417 -1.9274942
0.077529475 -2.0697646
-1.7250729 -1.3805398
-0.116923586 -1.0404357
-2.9316351 -2.2671306
-0.7736234 -1.4598517
-1.3112221 -1.7213314
-1.8269274 -1.3597863
-1.4788795 -3.050331
-2.6214712 -0.82492465
-1.9488088 -2.668609
-1.984047 -1.4502438
-1.210729 -2.2823753
-2.2504036 -2.984504
-3.4745147 -2.0052514
-2.3083382 -2.3362823
-1.8118529 -2.6745594
-1.1526726 -1.2489668
-2.3045173 -2.074098
-2.5851457 -2.3055894
-1.7262348 -0.94531316
-1.0464462 -1.3323144
-0.99253947 -3.3109431
-3.7497208 -3.7249231
-1.7298706 -2.6458554
-1.7870888 -2.5983393
-1.6951271 -2.3542926
-0.64367694 0.26248133
-0.61180526 -1.8722858
-2.2389364 -1.1872294
-0.7960639 -1.0464377
-1.6146339 -1.8819559
-1.3352072 -1.922907
-1.4002328 -1.6221336
-2.7866843 -0.71849227
-3.0650074 -0.59636873
-2.2929323 -1.6758609
-1.1004957 -3.668874
-2.8760011 -1.7003961
-1.8824109 -1.7878795
-2.5795374 -3.0406399
-3.1860392 -2.2337832
-0.7929142 -2.6619318
-2.9125984 -1.7312323
-3.6759603 -1.7069983
-1.0651811 -1.4349364
0.019423202 -2.4752038
-2.289272 -1.6111611
-2.070394 -2.20466
-1.5361223 -1.4210933
-1.7148252 -2.2961607
-2.9414241 -1.4601754
-3.1822612 -1.7005817
-1.5635046 -2.5705972
-2.9376116 -0.9063703
-2.5679297 -2.6921816
-2.0837944 -0.99764806
-1.8403671 -1.4432561
-2.4420798 -1.4893326
-3.102912 -2.6253579
-0.7618897 -1.2124052
-1.198894 -2.5493095
-3.4930396 -1.3604491
-2.0853984 -1.1138169
-2.933224 -2.5364866
-2.904622 -2.1942713
-1.3374174 -2.6861227
-1.6110243 -3.0864582
-1.7957152 -2.4703515
-3.126135 -2.230784
-2.617764 -1.5504032
-1.7857919 -1.7867069
-2.3658261 -1.1854765
-3.8826456 -1.9974227
-2.654125 -1.5802929
-0.9472231 -3.7385497
-2.9371452 -1.2231677
-1.6377802 -1.4654648
-0.62974024 -1.2793783
-1.5414382 -0.8408099
-2.1422923 -2.2892342
-1.5075307 -2.3108432
-0.19982311 -2.3519995
-2.2613528 -0.3659796
-1.257796 -2.4106967
-1.8126389 -3.349655
0.53320754 -1.7762793
-0.67243767 -2.0716257
-2.4986496 -1.9859629
-1.4776076 -3.7612312
-1.6392366 -3.2048588
-2.2164302 -2.7464037
-3.220233 -2.0195737
-0.7294742 -1.581877
-2.795799 -1.5717354
-2.306848 -3.2152176
-2.5514073 -1.7222768
-3.3731976 -0.963909
-1.416985 -3.3276746
-0.39029154 -1.8461703
-1.4386233 -2.6568582
-2.6928983 -1.8158476
-0.937503 -1.798859
-3.3923492 -1.297777
-1.1219369 -2.0450587
-0.6229335 -2.1932127
-2.0842056 -1.7547755
-2.3366663 -1.1057662
-1.8556906 -1.8208292
-1.3646244 -1.6023215
-2.7206612 -1.1542467
-1.881737 -3.192455
-1.0060867 -2.6622078
-1.8922119 -2.3578217
-1.6240134 -2.3670294
-1.3658403 -2.6034083
-2.4211493 0.08662969
-3.0470343 -1.5841419
-3.0642996 -3.5459363
-2.998978 -2.364817
-1.9776688 -2.2355626
-2.0820174 -4.197304
-2.8025038 -1.5030948
-2.6717799 -3.1577985
-1.6725435 -1.4259161
-1.2453914 -1.1332359
-2.4716527 -2.7142951
-2.3102713 -2.2952967
-3.305895 -0.96704555
-2.9225934 -1.7156695
-3.0075889 -2.0967865
-2.851415 -1.842174
-2.428482 -2.5060003
-3.2605696 -1.3819077
-1.590237 -1.0276634
-3.0801299 -1.5327659
-1.3064904 -3.911604
-3.6183867 -1.0700676
-2.1015162 -2.3939066
-1.6596389 -1.1325002
-1.501976 -2.1396866
-2.3484306 -1.633699
-2.7870734 -2.2567532
-1.8785999 -2.5651631
-1.0840799 -1.4136974
-0.9315771 -3.4049797
-2.8889842 -2.6936364
-2.8261273 -1.3440346
-1.8750817 -2.4958124
-1.6404167 -1.3191755
-1.8532146 -2.9047525
-2.5529907 -2.8847022
-2.1964 -1.7763594
-1.5239521 -2.1017165
-0.97901917 -1.7823999
-3.1750963 -2.1330776
-1.6369559 -2.687441
-2.0071037 -2.2415917
-1.1181651 -1.594838
-2.3843515 -1.0281286
-0.9003484 -3.1001406
-0.83825696 0.34420687
-1.2509406 -2.5795088
-3.1961153 -2.2448156
-2.3515246 -3.492525
-2.585644 -0.4069947
-1.1360885 -0.8569046
-2.1087787 -2.0491266
-1.9867109 -1.0112084
-2.6255372 -2.2690952
-3.344083 -2.8992224
-2.5114553 -1.1142027
-3.2355442 -1.3352178
-2.0215192 -1.6569124
-1.7129551 -3.7667136
-1.8310586 -2.3474274
-1.8613497 -1.8851869
-2.6402223 -3.7653651
-1.5295694 -0.7151896
-1.4660281 -3.6280558
-1.8726001 -2.5228841
-2.7723238 -2.1687608
-1.4741691 -1.1852443
-2.796639 -1.8467559
-0.9926059 -2.7097397
-1.9232701 -2.8931305
-2.3520384 -1.1755431
-2.1225646 -2.032858
-1.0687493 -2.3160973
-1.4701071 -1.6565502
-1.1912204 -2.6988401
-3.3616703 -2.4867265
-1.7058742 -2.07776
-1.9595006 -1.6856103
-2.5882113 -2.0890422
-1.6509774 -2.0334501
-3.0116746 -2.600214
-2.6437738 -2.6453657
-0.550891 -3.1688557
-0.9314407 -1.8893398
-2.1496823 -2.2235765
-1.4121418 -1.3061182
-0.7333414 -3.8832397
-1.5404729 -0.6094104
-2.107014 -1.7413934
-3.51541 -2.0322003
-1.8917783 -1.2645172
-2.1573613 -2.5950105
-2.4051018 -3.3738627
-2.4358284 -1.8856443
-1.3654704 -3.9745848
-3.1085274 -1.8649676
-2.3789532 -0.9326052
-2.1938653 -1.4492369
-2.7784424 -1.9814903
-3.5613859 -2.2821472
-2.1404114 -1.9414763
-1.4168398 -3.0874968
-1.9770917 -2.013324
-2.0840518 -1.6591498
-3.1744301 -1.6231823
-0.6985744 -1.1212276
0.19663967 -2.009036
-2.2010055 -2.423053
-2.9952416 -2.1978302
-2.062352 -0.72505665
-1.8969111 -3.7273557
-1.9501886 -3.3816748
-0.87858355 -3.7752838
-1.7630664 -2.0018833
-3.2230515 -2.169208
-0.46637002 -2.6993895
-2.4114394 -2.2888079
-1.1302626 -1.940542
-0.85288763 -1.816631
-2.1297026 -2.4180365
0.6328002 -2.9719074
-1.6914247 -1.9568067
-2.1690145 -1.3907981
-1.9517622 -2.0939388
0.21583213 -2.4596422
-2.3948734 -1.5905129
-2.4907906 -1.5137208
-1.7378995 -1.9692022
-2.456526 -3.1934915
-1.340843 -2.446206
-2.4437046 -1.9099298
-1.8078711 -1.8450825
-0.7383487 -0.92006755
-2.1682882 -2.383189
-2.0397906 -2.5542598
-3.5725598 -1.9223963
-2.2687814 -1.3417895
-2.517651 -1.9759178
-2.3090036 -1.4968718
-0.6886942 -2.7014918
-2.4424167 -2.8095691
-0.1366149 -3.129582
-0.71356344 -4.0956264
-0.643572 -2.0048954
-2.1202233 -1.2393765
-2.5549545 -2.2947543
-5.0755486 -4.043725
-1.6381527 -2.384033
-1.1355212 -4.537669
-1.6101643 -2.4189968
-1.3876514 -2.2264714
-1.7409867 -2.4296017
-2.2579029 -1.8040637
-1.5075411 -2.1403556
-3.31687 -2.6257007
-1.637771 -1.9301132
-3.1466348 -1.3325158
-0.7240134 -2.4344175
-1.4271433 -2.5740445
-3.327065 -2.3293748
-3.8108904 -2.319977
-1.68714 -1.4252834
-3.056646 -1.8707445
-3.2333648 -1.9100326
-1.6085805 -2.067519
-2.7310417 -3.1455882
-1.5475808 -1.1030328
-2.4626656 -2.279907
-3.6734297 -2.2582607
-1.4648035 -3.7390983
-2.613564 -1.1912832
-1.8243563 -0.75092065
-1.9590986 -2.0137305
-2.15429 -2.0176976
-2.5439656 -1.414042
-2.789158 -2.3272734
-2.5487082 -2.1581202
-1.9470255 -1.379534
-3.4263632 -2.6688077
-2.2631302 -1.2777399
-3.354005 -1.5253502
-0.60941654 -3.599738
-2.7494042 -2.5667562
-1.4740427 -1.8171182
-0.9751722 -3.257476
-1.0405778 -0.50454617
-2.22158 -2.2432184
-0.93295556 -1.6074609
-0.19613181 -0.7791082
-1.8202724 -3.017622
-1.3657281 -3.480269
-1.7820369 -3.3760536
-3.0861983 -2.5057535
-2.475474 -2.0653222
-2.8769248 -2.4667299
0.49174607 -3.2781749
-1.2813184 -2.2617776
-1.5123084 -3.0780027
-0.6497386 -2.6114502
-2.1796227 -1.010914
-1.6008122 -2.3707695
-1.7434647 -3.2585063
-1.7519152 -1.6373641
-1.8679757 -1.1375126
-1.7209569 -2.2918575
-0.688361 -2.7238717
-1.9743842 -1.068554
-2.8445938 -1.9922566
-0.3037277 -1.1785583
-2.2501795 -0.89217526
-2.8857803 -1.9246461
-2.3972673 -2.341943
-1.4389926 -1.8318949
-2.3402264 -0.97031856
-2.5552948 -1.293318
-2.2555525 -2.0195198
-3.0083668 -2.4653742
-2.6996152 -1.4617437
-3.4663475 -2.886671
-3.161841 -1.6534661
-0.8327653 -2.805226
-1.5126386 -1.486418
-2.9636445 -0.61568904
-3.131547 -1.6899683
-2.7965076 -2.3303058
-3.0948207 -1.4848225
-3.489987 -3.69447
-1.4737803 -2.9116259
-1.4136473 -1.8176299
-1.2428308 -1.9924109
-0.8896265 -3.070779
-2.7469587 -2.1569214
-2.0430338 -1.1550972
-3.4682631 -2.433917
-1.5276598 -1.4716481
0.044498578 -2.894847
-2.870239 -1.8002518
0.2830565 -4.2609158
0.05524023 -3.0441816
-2.866272 -1.7833542
-0.8475085 -2.8642466
-2.384672 -2.8562446
-1.5839367 -1.0915806
-1.5396675 -0.9998973
-0.3204518 -3.5924308
-2.0493848 -1.5190976
-0.9312263 -1.4755737
-1.1088829 -3.2445366
-2.528536 -1.110729
-3.001986 -1.1648712
-0.539743 -2.4424677
-1.3785578 -3.6171937
-2.6354516 -1.6957761
-3.1726637 -2.3224404
-1.8262995 -1.1218007
-1.5462325 -1.6052209
-1.9558141 -2.556633
-2.999808 -2.2052462
-2.801619 -1.0620863
-2.3639097 -0.80695343
-1.6181957 -3.6030357
-1.1304837 -2.7109504
-2.4883595 -3.8696842
-2.1043203 -1.3181431
-2.087745 -1.1788397
-0.9926066 -3.5700796
-1.1933594 -2.438028
-1.0713037 -1.9007512
-1.2674807 -2.6172361
-1.3093336 -3.1938155
-1.3331021 -0.953806
-2.214106 -1.7438834
-1.5038604 -1.7993379
-2.4087458 -1.5248731
-2.9073756 -1.8465989
-1.6093855 -2.3357637
-1.637621 -2.940924
-1.1905928 -2.5441227
-2.7541633 -3.8648503
-2.7793655 -1.2429872
-1.9605244 -0.80705196
-2.0006757 -1.2157648
-2.6628706 -3.664314
-1.9514968 -2.922716
-1.7065904 -1.45226
-0.7778741 -3.4471953
-1.7119582 -1.1385685
-2.5667965 -1.8635249
-1.4612228 -1.0881128
-0.9605187 -2.5789964
-2.1037385 -1.992295
-0.6290329 -3.7174883
-1.1745856 -2.7041864
-2.8361948 -2.025827
-3.1972394 -1.6164098
-1.5796056 -1.4080627
-1.9672344 -1.4794853
-2.7196417 -1.2994784
-1.2479956 -1.6295288
-2.1717646 -2.2428987
-1.0634098 -1.2765085
-2.1965396 -1.7871217
-0.5175053 -1.331284
-1.7894497 -2.9812665
-2.509543 -1.7008287
-2.0146785 -0.95519036
-0.9830345 -1.3210385
-2.946608 -1.7704284
-2.222819 -1.2722076
-1.9172888 -1.7123172
-0.78715825 -2.0328789
-2.1134148 -2.2523372
-1.9951378 -1.6150895
-0.55820614 -2.6550956
-2.5483453 -1.2716093
-1.6529845 -1.1677947
-1.6162599 -2.6047451
-1.0233308 -2.7551215
-2.3075054 -0.79417723
-2.1724079 -1.341463
-0.5833976 -2.1583204
-1.4942408 -1.3229754
-2.043599 -1.5335304
-1.8129834 -1.4939345
-2.9028614 -3.2863746
-2.584567 -2.1762276
-2.1865861 -2.8000567
-2.2861164 -2.3343887
-2.8421054 -1.4401459
-0.9536883 -2.8627095
-1.8065183 -2.439478
-1.6765926 -1.7042936
-1.4146581 -1.5294479
-2.860748 -1.1486553
-1.2367411 -2.1768062
-1.8506408 -1.6011224
-2.1680963 -1.8906859
-1.2530661 -1.7244669
-1.8752468 -2.3262005
-2.240059 -1.9215667
-1.8791938 -3.126243
-2.3071053 -1.951444
-1.2700645 -1.7889848
-2.4703286 -1.6203136
-3.3226233 -2.6890268
-1.6348695 -1.9188918
-3.1312366 -1.7239025
-1.8921796 -2.5532944
-1.4306542 -1.3332386
-1.0326949 -5.157527
-1.7613217 -1.1398766
-2.7984455 -1.4911238
-0.87776893 -2.5120227
-1.3092655 -3.6388357
-2.0232112 -0.99104786
-1.4769987 -1.2044616
-2.3751533 -1.1813858
-1.2442461 -3.1804862
-1.8476901 -2.0649896
-2.7256472 -2.3924725
-2.260346 -1.8081148
-1.5255257 -1.6045095
-0.8791906 -2.2331676
-1.8716351 -1.7849913
-0.08717129 -1.7117587
-0.21932282 -1.276412
-2.3980448 -2.6986082
-3.8287897 -2.697258
-0.39539158 -2.4675357
-2.1813173 -0.53063834
-2.5523531 -2.552819
-1.776857 -1.3871733
-3.1477568 -1.9368294
-1.7566121 -3.3744261
-2.0719914 -2.4772756
-3.2777221 -2.3066895
-1.4783027 -2.716439
-1.9723583 -1.0870906
-0.5479894 -2.3380985
-1.2346824 -2.8290002
-1.3946279 -2.287593
-1.4003928 -2.0730202
-0.9191725 -1.9535433
-2.3770885 -0.4703505
-1.7492965 -2.7398431
-1.3245798 -1.6978971
-2.4176326 -1.828105
-3.20933 -1.1220872
-2.6650274 -1.280785
-2.1901069 -0.9896903
-1.3579051 -3.2769938
-1.0384033 -3.5234027
-1.6659219 -1.5071737
-1.4718813 -0.8086285
-1.5114846 -1.8148811
-1.5511879 -1.8217177
-0.5583092 -2.3401701
-2.0159671 -0.580547
-2.8220975 -1.4648466
-1.6754327 -1.5332556
-2.2100046 -1.8264574
-3.081873 -2.1923952
-3.0406375 -1.5372286
-2.7583473 -1.7936833
-3.5059693 -2.1346054
-2.7494173 -1.6757293
-3.6529813 -2.6597202
-0.3671071 -3.796563
-2.039984 -1.7942954
-1.4853534 -2.9890656
-3.3102188 -1.6438109
-1.9158821 -1.0683937
-2.5393178 -2.4776108
-2.425873 -2.119515
-1.3783866 -2.7418315
-2.357048 -2.1229448
-1.9846226 -2.7584891
-2.5458703 -1.6126987
-2.0179133 -2.2633336
-2.2096155 -2.8745506
-0.3702343 -3.041683
-1.2497303 -1.478268
-1.7021768 -1.5715905
-0.70547587 -3.3622897
-2.4057052 -1.1741843
-2.3527198 -2.8538704
-2.291474 -3.2020314
-2.788647 -1.4278371
-1.7047355 -1.5278379
-1.6283327 -1.6325055
-3.1512835 -2.2442436
-2.2487643 -2.6322556
-2.6224623 -2.7804692
-0.990764 -1.6386875
-2.8764813 -1.0380375
-1.4362422 -0.9210449
-1.5246578 -1.6247121
-2.6890917 -1.1352183
-1.0617313 -2.7342777
-1.1597811 -2.2521117
-0.36420262 -1.3997746
-1.3110343 -3.4655142
-2.5217156 -1.5527279
-2.4942608 -2.4489472
-1.4345657 -1.4935517
-1.2130312 -1.4559431
-2.0647595 -1.5407302
-2.1992688 -2.0850267
-0.56249064 -1.7585176
-1.3291985 -1.6813991
-1.4674534 -1.0004451
-1.0120319 -2.5804155
-2.0190494 -1.1385875
-2.398752 -1.1111743
-3.0308106 -2.5339963
-2.9813144 -2.1779313
-3.330504 -2.0562901
-3.1289887 -2.710019
-2.8250294 -1.7335538
-1.961549 -1.5980752
-0.98908854 -2.8268669
-2.2035017 -2.888037
-2.4568229 -2.0469847
-3.9003882 -1.9032397
-2.584175 -1.1565721
-2.242108 -1.9191775
-1.9803303 -2.306507
-0.15806483 -2.6240325
-1.4742924 -2.587712
-2.2188635 -1.7713848
-1.1272707 -0.38014162
-2.1127453 -2.008791
-3.1896691 -2.091102
-1.6470946 -2.8995578
-3.3570921 -2.668239
-2.3234277 -2.9002836
-2.978713 -1.5486845
-2.4561336 -1.1952808
-1.9924976 -1.175394
-2.8142085 -2.1953554
-1.0696021 -0.46240324
-1.2193326 -3.3811457
-1.0899265 -3.10564
-2.3782468 -1.2639955
-0.04763426 -1.4009376
-1.5281472 -1.8761095
-2.2568395 -0.9139463
-2.469408 -1.6356101
-0.68934333 -2.1297894
-1.2789267 -2.153885
-3.0690455 -1.6911522
-1.8013922 -2.867571
-2.6064441 -3.1548603
-1.150676 -2.8018637
-2.9752455 -0.97250044
0.19321586 -1.8157574
-1.0951504 -2.073073
-0.6496419 -2.7081017
-1.9963218 -1.873581
-3.0345678 -3.237804
-1.0988913 -3.6496634
-1.9820477 -1.3921134
-2.0476444 -1.46415
-3.1942573 -1.718201
-0.14856297 -5.144656
-2.009748 -2.149073
-2.9857438 -1.3874788
-2.5306818 -1.3571651
-3.7346833 -1.8060097
-1.0005898 -2.113622
-1.6686051 -2.9721549
-1.4693727 -0.99656886
-1.4274514 -1.9856687
-2.0308697 -1.0412503
-3.3208165 -1.9625989
-2.5209932 -2.439468
-2.1908224 -1.8249933
-1.3487896 -0.8179731
-2.4012675 -2.4509776
-3.8590128 -1.6260258
-2.5250201 -0.9061517
-2.6175485 -2.3453536
-1.4814087 -3.5155683
-2.7193954 -1.6508949
-2.3935316 -1.0932403
-1.4443754 -2.9608204
-1.0571476 -1.9155445
-2.0945213 -1.9939802
-1.6965015 -1.3659399
-3.1411626 -1.9980794
-2.8985605 -0.57088244
-2.315126 -1.447949
-2.565671 -0.5342244
-1.71693 -1.9527329
-1.1558473 -1.6489712
-1.3561469 -3.6896827
-1.2750993 -2.9351404
-2.1313326 -2.8537714
-3.0725896 -3.2208664
-2.372777 -2.0150642
-2.5811193 -1.1531279
-2.4046898 -1.9225342
-2.8169684 -1.7748774
-0.98184705 -1.8675147
-2.975282 -2.6653924
-1.2308148 -2.1595454
-1.0696721 -3.091379
-0.65244263 -2.963097
-1.5128623 -3.126325
-2.8138273 -1.9129268
-2.9707067 -1.3657385
-1.2637701 -2.0233474
-2.2607942 -1.6634005
-2.6877847 -2.5438108
-3.1687331 -1.4293042
-2.7316315 -2.2933302
-1.6833631 -1.504239
-2.7500708 -2.1033564
-1.3934042 -1.4313511
-2.0609825 -2.5384977
-1.8823489 -3.6003847
-2.1609201 -2.1472087
-2.8936286 -1.3260899
-2.2306063 -2.7911284
-2.3481169 -1.4928967
-0.18363146 -2.9564996
-2.1416495 -1.9695225
-2.8269365 -1.5622257
-3.5851662 -2.2995002
-2.3012824 -1.0271205
-2.4811282 -0.85180235
-3.5807705 -2.960011
-2.5548613 -1.8031213
-1.974451 -1.3261801
-2.1990502 -1.3801415
-3.399883 -1.8603783
-2.0139425 -3.7301002
-1.6551278 -0.44453397
-3.2500722 -1.1805143
-1.1833445 -0.7334931
-2.9109201 -1.3204283
-2.7239163 -1.9357494
-2.3536081 -1.8550843
-2.2272594 -1.7991339
-1.1872938 -2.4396622
-1.2500691 -3.0015278
-1.0688891 -3.1767302
-1.5671171 -3.5933027
-1.0608822 -1.8774309
-1.4780613 -4.018939
-3.0028613 -2.1360226
-1.7860287 -2.3958983
-2.4791875 -0.8707481
-2.0323744 -1.581988
-3.0527072 -1.6831158
-0.6312357 -3.0685802
-1.9527932 -1.5899163
-2.2025554 -0.703598
-1.0294614 -1.9218179
-1.3534647 -1.7222649
-3.1844316 -1.7187334
-0.9088103 -3.546366
-1.3978959 -2.0210094
-0.5545161 -0.7323024
0.2616911 -2.8809373
-1.8475391 -2.706412
-3.0891626 -2.0808055
-3.297449 -2.2439334
-2.557188 -2.2397945
-1.7132775 -3.2614686
-2.5159311 -2.422669
-3.1079628 -2.618463
-1.172126 -1.9971732
0.33128822 -2.3423016
-1.4171047 -2.4594128
-2.009122 -2.5875664
-2.3471885 -2.7415762
-3.4455194 -2.474919
-1.6461031 -1.5134667
-1.1913975 -2.208981
-2.6453223 -3.2592454
-3.3352387 -1.3075182
-2.7631512 -1.861611
-2.543471 -2.178177
-1.9852266 -2.0000825
-1.8824997 -3.6442752
-2.018648 -3.4979608
-2.9739592 -1.7915647
-2.7982607 -2.1464007
-1.1160761 -2.403731
-2.253545 -2.630848
-1.8765643 -1.9841479
-1.3679252 -2.3803566
-2.029509 -1.7692416
-2.1991541 -2.020379
-3.068157 -1.081452
-1.9824084 -1.0599715
-2.6659052 -1.2883965
-1.6150173 -0.752293
0.78290975 -3.4495625
-2.245821 -1.6408975
-1.686194 -2.220417
-2.622502 -1.8533363
-2.9476414 -2.916527
-2.7423449 -2.216413
-2.6100657 -1.2010441
-1.5079162 -1.9766445
-3.830945 -2.6221597
-2.878056 -1.30405
-0.61700636 -2.4244938
-0.8031953 -3.0461218
0.40951324 -5.0338163
-1.0120125 -2.6680999
-0.89094615 -4.288907
-0.4359499 -2.375193
0.9292133 -3.4535334
-1.8305011 -1.6729742
-2.5771716 -0.71412563
-0.9419005 -2.0550103
-1.7811803 -2.0207062
-3.1531456 -1.7034514
-2.8902702 -0.90079385
-2.4203527 -2.0345783
-1.5894 -1.3827386
-0.16632012 -1.6038085
-3.1659026 -2.5358229
-1.8171483 -1.7888368
-1.4600644 -1.7162437
-2.6813362 -2.170648
-1.251258 -3.4297411
-2.0556488 -2.10598
-2.170186 -2.2452257
-3.7010784 -2.8819664
-1.8081273 -2.4746697
-2.9233723 -1.6736792
-2.4873488 -2.436596
-3.4813669 -1.7946097
-1.8581758 -0.6047115
-1.2078902 -0.9137278
-2.7182908 -2.7608323
-2.4477568 -1.0630858
-1.3950535 -0.8645466
-2.8987043 -1.680858
-2.1156006 -1.9606203
-3.288002 -1.4901121
-1.6793503 -1.3663064
-1.9519346 -1.8012807
-3.2337308 -2.1945798
-2.870857 -2.117846
-2.9981608 -2.5505695
-0.8259318 -3.0491233
-2.3914258 -1.427716
-2.4847758 -3.8158083
-2.342768 -3.0586374
-2.6492407 -2.4192472
-2.7221985 -1.6598276
-2.5662603 -1.7556304
-0.4393701 -1.3347117
-2.056777 -0.43260285
0.0029424578 -1.6611389
-2.6672432 -1.7632812
-1.9951019 -3.304842
-2.6771524 -2.1551428
-2.5040467 -1.996423
-2.8598127 -1.3332567
-2.7280912 -3.2837627
-2.6979806 -1.3088942
-1.3660247 -2.9781492
-1.5930698 -1.9322097
-1.6358594 -2.7451513
-2.1897047 -1.149991
-3.2372131 -4.343994
-0.73273784 -2.4566004
-0.6563484 -4.2942963
-2.1043942 -1.4509948
-0.95436555 -0.70031095
-3.1113064 -1.5218673
-2.9297564 -2.749378
-1.5820524 -1.9501708
-1.8369243 -3.9342058
-1.3287157 -1.3589758
-0.64335173 -3.9099467
-2.5591629 -2.2103453
-2.4239678 -1.9148241
-2.5158153 -0.33400583
-0.7510998 -2.5159314
-2.6854954 -1.7902069
-0.930703 -1.3950542
-2.229029 -2.3964744
-2.839235 -1.6046437
-2.1605885 -1.6203159
-2.562003 -1.0740614
0.038219735 -4.793002
0.035074547 -3.2007823
-2.5908015 -2.1356552
-1.8182144 -2.6091764
-2.5619998 -2.2582102
-0.36506343 -3.4250352
-2.768831 -2.1688657
-1.9314239 -1.2939789
-2.7091916 -1.6496671
-2.2135985 -1.2630516
-0.6917488 -3.191573
-3.4868436 -1.6794168
-1.6721107 -2.0165262
-2.685393 -3.620906
-2.1427634 -2.243107
-1.8181101 -2.3425212
-2.2822883 -1.8425586
-2.9150813 -3.1114168
-2.2975934 -0.56193525
-0.6933447 -1.3458035
-2.6421895 -2.352664
-2.4967422 -1.2193401
-2.552801 -1.6821383
-1.6893277 -1.1063889
-2.029048 -3.2373502
-2.0953152 -2.8700871
-1.1045141 -0.5495546
0.31818545 -4.1234293
0.48050642 -3.2672346
-1.4251792 -1.302633
0.6378297 -2.0510526
-2.7795908 -1.8721418
-1.5895631 -3.174451
-0.749457 -2.6281042
-2.4190705 -2.9362364
-1.6199849 -3.0912716
-2.5623565 -2.1570225
-1.9595562 -2.687428
-0.8651038 -2.7360506
-0.986295 -2.4804857
-0.9061561 -1.422186
-0.77601314 -1.5421039
0.31392092 -2.823328
-2.4666383 -3.596908
-0.71927977 -3.6685102
-1.8888154 -1.5804231
-4.3672466 -3.9449463
-1.3055439 -3.1127274
-0.69191056 -2.3247728
-1.7745538 -2.750665
-2.5175216 -1.441115
-1.1821084 -3.0944924
-0.6508574 -1.378854
-1.0895779 -3.032228
-2.9197583 -1.8452047
-1.1005465 -2.614671
-2.526155 -2.223775
-1.783258 -1.144907
-0.30897415 -2.4394586
-0.27677038 -2.751629
-2.0862396 -2.8272064
-0.0011939853 -1.3430849
-3.1386266 -1.7465858
-2.839105 -1.3427216
-2.4484258 -2.566962
-1.9684592 -4.626773
-2.3254602 -0.91015315
-0.904615 -3.218302
-1.4324723 -2.4367552
-3.1328454 -2.3590212
-2.0773258 -1.8429234
-2.004064 -3.5369048
-1.4225283 -2.0296702
-1.4751917 -2.2460222
-2.5822575 -1.7849003
-1.275647 -3.112899
-2.4783068 -2.508673
-0.8320831 -1.3882604
-1.3106724 -3.7215803
-2.3320098 -1.0911741
-1.7585472 -1.0775127
-0.46257845 -2.0078216
-1.7309264 -3.2519875
0.15980043 -2.6235945
-2.8858943 -1.6208111
-1.5310048 -0.69824266
-0.7019939 -2.1813831
-2.6013227 -2.1645064
-3.5843093 -2.2010064
1.5322363 -2.9519055
-1.9735028 -3.061425
-0.19529885 -2.8971083
-1.1650845 -2.2146335
-2.363417 -1.1651695
-0.80349195 -3.9126065
0.97767913 -2.2434373
-1.5236802 -2.2183123
-1.2881527 -3.8884766
-2.0784295 -3.1564376
-1.1525085 -3.4507418
-1.2314415 -2.7640824
-1.4980477 -2.1799448
-2.239852 -1.4871302
-2.5051148 -2.2490172
-2.0166588 -2.7018216
-2.8322253 -4.2135715
-1.5512086 -2.0596392
-2.4360156 -2.5125723
-2.0129964 -1.1911261
-0.9915014 -2.335085
-2.136725 -1.5120744
-1.401403 -2.1976483
-2.481952 -1.9729029
-2.4004576 -1.7585115
-1.8255517 -1.8628577
-3.486828 -2.050356
-1.9528202 -2.2906916
-3.3154855 -2.7287455
-2.525118 -1.2162693
-1.7179868 -1.4220793
-4.528787 -1.4220449
-1.5406902 -2.894395
-0.37247372 -2.6186092
-2.4804351 -1.4868828
-3.215791 -2.4474456
-1.581417 -2.4551582
-0.25860685 -1.823087
-2.2195752 -1.9642669
-2.6549733 -1.4813154
-2.2564018 -2.0384583
-2.6436555 -1.4420327
-1.0827414 -2.911978
-0.77185637 -2.5241969
-1.4202708 -3.3716214
-0.28522095 -1.2226985
-1.9118927 -1.4565951
-3.1224406 -1.394236
-1.7968993 -2.2081995
-1.1234347 -4.060713
-1.7931519 -1.0632342
-0.8621657 -3.5222232
-3.39512 -3.2645621
-3.2434955 -2.2675612
-2.3134508 -1.5785142
-1.7513331 -1.2607358
-1.5230049 -1.825752
-1.5995133 -1.6523671
-1.7197253 -1.849296
-2.2216866 -3.111237
-1.9723588 -1.6259731
-2.195247 -1.0735579
-2.4266052 -1.4418781
-2.7764819 -1.9559083
-2.0678396 -1.522569
0.14663835 -2.325034
-1.2159182 -3.6793327
-0.7294619 -2.6354377
-2.593342 -0.99263895
0.21255685 -2.588491
-1.5731788 -2.2928708
-3.3359501 -1.6082006
-1.8848139 -1.9160625
-1.1776019 -2.7056372
-1.6844122 -1.7258437
-1.3203673 -3.0967102
-2.5722194 -1.2455311
-2.4293013 -1.0907991
-3.2173896 -2.1004076
-2.0750618 -2.828698
-2.4613495 -1.7411407
-2.588737 -2.464046
-2.8311253 -2.1709666
-1.4433552 -1.4725869
-1.5703026 -1.2195904
-0.42525518 -2.3556106
-2.0910432 -3.0655806
-1.8285797 -2.991672
-0.90481335 -1.9961698
-2.319554 -2.4086313
-1.4114066 -2.383328
-2.5506368 -2.5469646
-1.6704507 -3.0836446
-1.3864263 -2.9570396
-1.059684 -1.1713085
-1.3372008 -2.4798474
-1.8783844 -0.8501391
-3.9253566 -1.0841317
-1.4900185 -2.2798715
-1.135672 -1.5816599
-2.308488 -4.306446
-1.5580066 -3.5892103
-1.4798856 -2.6046135
0.17818148 -2.783322
-1.9568746 -1.0108433
-1.4420815 -3.6927512
-2.8924024 -1.5012556
-0.39106244 -3.6205053
-1.8528379 -2.2380958
-2.9367983 -1.6105447
-0.34078127 -3.9121547
-1.6657509 -0.7168529
-2.8539145 -1.0230021
-2.9569254 -0.49593505
-2.0681407 -0.39065456
-2.0515473 -3.3733351
-2.5441415 -0.8061962
-2.8134406 -2.6840746
-2.0522594 -1.292084
-1.6461722 -1.1400976
-1.4267476 -0.96071655
-0.75231236 -2.3734145
-3.010013 -2.388302
-1.6247112 -1.2821484
-1.0242698 -3.5497966
-3.0053139 -2.1291728
-1.2429037 -3.9280622
-1.6252128 -2.0710468
-2.7626393 -1.1068244
-2.7389657 -1.2632222
-2.0248916 -1.8017014
-2.086573 -2.0058813
-1.3947579 -2.137024
-2.1805017 -2.3617008
-1.5868 -1.7878106
-1.5955873 -1.6640962
-2.1352112 -1.8156227
-1.0046729 -4.1461363
-2.2125618 -1.859574
-2.2250385 -2.4416723
-1.1613885 -2.9255536
-3.3770247 -2.245248
-0.8184505 -0.86321604
-2.5020874 -2.9587424
-2.9717486 -1.5596772
-3.0729759 -1.6352297
-3.1899724 -1.217898
-1.2670351 -2.492454
-2.5524461 -1.4055126
-2.7796228 -0.9647197
-0.9245703 -1.893302
-2.7908146 -2.6210012
-2.334601 -0.8111581
-2.9189324 -2.428166
-1.5737097 -1.0068343
-1.3355559 -3.6457777
-1.5785115 -0.2827458
-2.420639 -1.3099726
-1.4265003 -1.9910831
-1.190672 -1.9244368
-0.929391 -0.4914939
-0.8604918 -2.4555855
-1.4302034 -2.8036532
-1.7306557 -2.1659732
-2.5492144 -2.107302
-1.8084465 -3.9295623
-2.573414 -2.1869102
-3.622243 -2.4976249
-1.5805032 -1.5754278
-1.3251768 -2.6284833
-2.8431306 -1.408886
-1.265727 -1.2193732
-0.345327 -2.9020407
-2.137494 -2.2966611
0.8233925 -2.2127562
-1.079505 -2.4913628
-2.7634413 -2.2582428
-1.8334489 -2.414863
-1.2928565 -2.0184703
-2.25007 -0.6346103
-2.5043907 -1.0779791
-1.3024492 -2.4147441
-0.54914725 -2.982841
-1.6482419 -3.239483
-3.0394735 -2.5237362
-3.5099401 -1.5816184
-1.4175161 -2.50333
-1.921608 -1.9398506
-0.4513728 -2.0597348
-1.7209846 -1.9551246
-2.9171236 -1.4870421
-0.9659914 -1.8623602
-2.1042857 -2.0938764
-2.2466416 -1.7208683
-2.0836349 -3.462366
-1.8891066 -1.3164771
-2.2329042 -2.7208004
-1.339958 -1.1095264
-1.403215 -2.4538448
-0.8000515 -3.4383595
-1.8379083 -2.0468438
-2.5035434 -1.4153337
-3.0858438 -1.9313136
-1.9030722 -1.7456974
-1.7760948 -0.46136653
-3.1874862 -1.2096002
-2.9194987 -1.3049319
-1.9392375 -2.1430726
-1.1565825 -1.731165
-1.8822529 -2.8069084
-2.644903 -2.1861846
-2.2681246 -3.457348
-2.9494188 -2.2218068
-2.6122265 -1.3107755
-1.4057173 -2.684633
-0.8738767 -2.0595117
-1.279419 -2.5106657
-1.8649477 -2.3363397
-1.8367989 -3.790309
-1.6274476 -1.3353692
-1.8388139 -3.6237948
-2.4710374 -3.1708004
-2.4146247 -1.5513982
-1.7373307 -3.833259
-2.4462075 -2.5487077
-0.78536826 -2.6443698
-1.2598311 -2.8610604
-1.1318578 -0.122452974
-2.1214788 -2.2693486
-1.105054 -3.4673378
-0.9256352 -2.7998888
-0.63172865 -2.395628
-0.9702956 -2.2936082
-2.102029 -1.2924317
-2.1808002 -3.053237
-1.041886 -2.1688037
-0.64459145 -2.9707987
-1.6980121 -1.1815958
-3.0680697 -1.9439638
-2.1236389 -2.513548
-3.1229715 -2.3265703
-2.2416296 -1.9885815
-1.8237911 -2.0055223
-3.2213988 -0.9569984
-1.6856107 -1.4936836
-2.8674688 -1.7705139
-1.7171279 -2.1600943
-3.2332554 -0.5333919
-2.342326 -2.1950784
-2.352003 -3.255606
-1.328926 -1.5418307
-2.1055102 -2.1000605
-2.005803 -1.5495656
-1.441591 -2.5453286
-0.81328994 -1.108
-0.48402223 -3.5638018
-1.3485211 -1.414283
-1.7848182 -2.9760451
-1.1405516 -1.7453594
-2.1193535 -0.8366047
-1.2287469 -2.9343286
-2.7861075 -0.9637164
-1.8468676 -2.4737701
-3.8994489 -2.0752394
-0.01758781 -2.7111042
-2.1262233 -2.304039
-0.80574167 -2.2303572
-1.2434143 -3.50915
-1.5677073 -2.652424
-2.6164465 -1.3690747
-2.775835 -1.1175323
-0.6997365 -1.530723
-2.086295 -1.4557335
-1.4746165 -1.4324298
-2.0302768 -2.2244556
-2.398088 -1.2962762
0.39850098 -3.4731238
-1.2078011 -2.7829773
-1.4845629 -3.1447716
-2.3323398 -1.1543367
-1.1098107 -2.175829
-3.432852 -2.7878847
-1.4215885 -1.9339595
-2.094377 -1.2068144
-2.8213077 -2.4169416
-1.08116 -3.7342708
-0.76796585 -1.2311959
-2.9144495 -1.5407896
-1.3355284 -2.455802
-2.4511223 -1.5771166
-2.023211 -2.335449
-2.9355826 -1.3818322
-2.1477232 -1.666806
-1.9610953 -0.31112254
-2.4979854 -2.6943924
-1.0201967 -2.4695215
-2.1055644 -1.3357214
-1.5315282 -3.0745783
-1.4478729 -2.2088642
-1.0129163 -3.5401323
-0.8366468 -2.6900525
-1.0833408 -2.2768543
-2.4067304 -2.346708
-1.8569986 -3.5808337
-0.32427388 -3.2907586
-2.3251548 -1.5966071
-2.0005171 -0.63487875
-1.4695064 -2.9912267
-2.3523285 -2.8936875
-2.1232877 -1.3504171
-1.2282318 -2.3409324
-3.0561638 -1.3033495
-1.2212696 -2.6508315
-1.862299 -1.4421729
-0.9051338 -1.7498753
-2.887821 -0.3557839
-1.92747 -2.0231829
-0.56227356 -2.4396122
-2.510251 -1.2338994
-1.5420442 -2.3621128
-1.4884324 -1.5829208
-1.8117671 -2.6918263
-2.1534343 -3.271136
-2.1620655 -2.9390013
-1.8770877 -2.7068002
-2.6743631 -1.4113314
-1.220146 -0.68826246
-3.5712867 -2.8844466
-1.7341707 -2.492352
-1.1845593 -1.0351818
-1.442651 -2.5422533
-1.2181922 -1.5934
-0.9060426 -2.3752403
-0.26447368 -1.2442586
-1.8276125 -0.6992605
-1.5140338 -0.6744305
-0.77109665 -3.090606
-2.6011078 -1.7912192
-1.5384825 -4.147984
-1.7468882 -1.9327612
-2.4542482 -2.2314224
-1.7455095 -2.2556477
-1.9452862 -2.9836586
-2.123218 -1.398373
-0.86883307 -2.5081894
-1.9752394 -2.805999
-2.6271892 -2.3876412
0.35160077 -2.4408884
-1.7071031 -2.091033
-2.5118318 -1.5194947
-2.7315915 -2.4191325
-4.0044537 -1.8705869
-0.8881128 -4.130269
-2.9336545 -2.0979238
-2.1229064 -1.9181525
-1.8459024 -1.1714399
-2.9760776 -1.1674592
-0.060495526 -1.0895257
-1.3990804 -0.58909655
-3.2031763 -2.3923674
-1.1667045 -1.8916757
-2.1688771 -1.4967121
-1.6694862 -1.1469357
-1.2632874 -3.7269657
-1.9547313 -2.6842875
-1.9550043 -1.9903353
-1.4495138 -0.92049897
-1.4419581 -3.4749157
-2.5858765 -2.2881296
-1.3901951 -3.7851262
-2.860508 -1.6469003
-2.002975 -2.2849314
-2.6722791 -1.4132941
-3.0049694 -0.9279744
-1.7444053 -2.6637414
-2.801461 -1.6521937
-1.8854322 -2.524619
-0.85536885 -1.2203417
-1.104262 -2.5559866
-1.6177931 -2.3542879
-3.0853176 -1.4761128
-0.76173776 -2.3623059
-1.2587097 -2.4397678
-0.6306611 -0.6634712
-0.64048624 -1.1379443
-1.0618993 -3.298769
-0.0087738335 -2.57266
-2.2947588 -1.8024659
-1.0097185 -1.6779687
-3.4433088 -2.841572
-0.92008454 -3.8124487
-1.6744 -3.3218963
-3.343755 -1.8894963
-0.16126451 -2.5172563
-2.4904644 -1.7363704
-1.744808 -1.0851214
-1.4844093 -2.189187
-2.475657 -1.5415565
-1.667905 -1.3285346
-1.8832823 -1.0217509
-0.69427437 -4.817875
-2.2732363 -1.6712554
-2.3752213 -2.201784
-1.1008481 -2.776422
-1.6006566 -1.6946971
-3.107653 -2.2623692
-0.86315316 -2.0953197
-2.2429245 -1.1492375
-1.3303372 -2.4839098
-0.54635257 -2.6848438
-1.765548 -2.2916982
-3.7079124 -2.155171
-0.8222005 -2.1651149
0.53036195 -2.7255867
-2.7997773 -1.7214489
-3.6387782 -1.8887349
-3.3009412 -2.2070282
-0.8711054 -2.9984765
-2.1549978 -2.992298
-2.4681325 -0.8368725
-0.5690563 -3.700773
-2.9626508 -1.3824457
-2.386837 -2.5185483
-2.4073634 -0.8437832
-2.3473196 -1.0552503
-1.4370633 -1.2502964
-2.9803176 -1.5335507
-2.5466044 -1.98373
-1.9451091 -0.55618453
-2.8084161 -1.706176
-0.31073844 -3.269159
-1.1285157 -2.9698832
-1.8644861 -2.9544659
-1.589769 -1.4409833
-1.3107642 -2.1355038
-1.0332073 -3.0182593
-3.164365 -1.9700857
-3.1481035 -2.625141
-1.8956122 -1.683253
-2.569756 -1.7805232
-1.8506339 -0.9872724
-2.400499 -1.7480185
-1.2481579 -0.64505875
0.1263613 -2.1375856
-2.5139344 -2.0955415
-1.6048044 -1.459332
-2.017184 -1.2987713
-2.4026744 -1.3911489
-2.4007661 -1.4221896
-1.4828532 -1.9719069
-2.5622375 -2.0876248
-2.3640556 -0.4729072
-3.5932434 -4.5323563
-2.0529084 -3.6131108
-1.7151431 -1.2031131
-1.3271464 -3.6489189
-0.91582465 -2.719495
-2.639572 -0.20951208
-3.3050187 -1.3997508
-2.9463658 -2.3277805
-1.0497842 -3.7538006
-0.98988956 -0.5758858
-1.3679848 -3.592892
-2.6308095 -2.190421
-2.0196154 -2.098949
-2.1623333 -2.1250827
-2.709466 -2.3688173
-2.0896983 -2.0411797
-1.7889075 -0.94526094
-3.6602883 -1.8665152
-1.8791299 -1.4883476
0.09632535 -1.3745115
-2.8580685 -1.0651526
-0.9592747 -3.9951568
-2.8577247 -1.8171723
-3.2204351 -1.2383821
-0.99098814 -1.5912076
-0.7203132 -1.9076349
-0.36843413 -3.9216213
-1.3063192 -1.2146192
-3.0059812 -2.0346417
-0.47153574 -0.62031496
-1.6832298 -1.8076671
-1.0428869 -1.8806082
-1.2551986 -1.618088
-2.5353763 -2.1139698
-1.346029 -2.0346847
-1.3955436 -2.9552689
-1.6349874 -2.7323055
-3.5192804 -0.77158886
-3.49589 -1.0061038
-2.1080406 -1.082276
-2.7906132 -2.1227481
-1.3646542 -0.8616387
-2.4097261 -1.5981996
-2.0389063 -1.451879
-1.1402955 -3.3537633
-1.9061022 -1.4136441
-2.7389717 -1.3652282
-2.9970734 -1.3575401
-1.3158176 -2.529209
-3.6634161 -2.5137258
-2.0165222 -1.9449764
-2.0014431 -2.5050867
-1.600661 -3.1777143
-2.7355063 -1.6671902
-2.777815 -0.79651564
-2.7091877 -1.0677118
-3.500745 -2.2008739
-1.6803684 -1.8794076
-2.5642388 -0.4431898
-2.0597117 -1.2717782
-2.702759 -0.43023282
-1.5787933 -3.2432127
-1.8744587 -1.4127065
-1.4997138 -2.690672
-1.8155214 -1.3606031
-3.2235885 -4.040558
-1.6975495 -0.7621456
-2.538346 -1.9380721
-1.8225505 -1.9174745
-0.87457806 -2.962816
-1.8778775 -2.6925747
-3.237835 -2.1046875
-2.262967 -1.2655808
-2.1573777 -0.63323843
-3.2508347 -2.8518991
-0.94112 -2.0778136
-2.2548027 -3.3609898
-2.2890263 -0.84416974
-1.5504537 -2.025388
-2.5062501 -1.5685469
-2.212008 -0.7636453
-1.6564231 -2.019766
-1.0469203 -2.6254559
0.22396524 -3.2188036
-0.8756672 -2.7276945
-2.3572893 -2.6214855
-3.0656602 -0.91072136
-0.5572066 -1.4575866
-0.26995435 -2.3800445
-1.7368114 -1.7786673
-2.8869388 -2.6460857
-0.47993565 -0.92636675
-3.6086333 -1.6742203
-2.0028515 -3.61242
-1.9213473 -2.7337465
-1.6489272 -3.013898
-0.7010956 -1.8538156
-2.651378 -3.7339933
-0.71442395 -2.6661897
-3.758252 -2.5557656
-2.421153 -1.5580223
-2.4403758 -1.4358807
-1.1728591 -1.8770382
-2.3543015 -1.6099615
-1.5714881 -1.8942379
-2.043356 -2.660352
-0.05848019 -1.7174265
-1.610258 -0.3608531
-2.6952732 -2.5646112
-1.6960859 -1.4825951
-2.9307399 -1.3244393
-0.98359704 -2.2282953
-2.4159825 -2.5296037
-2.1198792 -2.5325956
-3.0428739 -2.7499743
-2.8545418 -2.2005124
-1.2082229 -2.32761
-0.9561265 -3.1871703
0.24431477 -3.299794
-1.0125751 -1.8044741
-3.5511942 -2.666686
-0.7249755 -3.0609682
-2.5241196 -2.3346088
-1.7256331 -1.4546411
-3.3542657 -2.5812511
-2.3741407 -1.4637184
-2.5439968 -2.6540196
-1.0455917 -3.590507
-3.089147 -1.12114
-0.8525037 -3.3288953
-2.7577133 -0.9423948
-2.7395644 -1.4425664
-2.0451534 -1.6008406
-3.7494009 -1.3010911
-1.0824763 -1.6082652
-1.7837039 -2.5664096
-2.1239471 -1.4129857
-2.0561342 -3.4561164
-1.3635437 -3.1152391
-2.8864496 -2.6575665
-0.85760456 -2.3249204
-1.7251387 -2.4031875
-0.7454824 -1.068701
-2.74438 -2.262761
-0.48889643 -1.7689424
-0.98051786 -2.3562222
-1.8023822 -1.6623414
-2.0991833 -1.4290898
-2.2076178 -2.2393303
-2.8689787 -1.5599314
-2.3589854 -3.0439668
-0.66521114 -3.583684
-1.8185669 -1.7821286
-2.296605 -2.430885
-2.9090106 -0.9878543
-2.210902 -0.07646471
-2.8962882 -0.62266314
-1.7173232 -1.5557902
-1.4690949 -1.5872623
-1.7633338 -1.4898629
-1.5740885 -3.355034
-1.0484891 -1.7971922
-1.1440283 -1.6964206
-0.9329972 -3.2345436
-2.4473667 -1.3566034
-2.149207 -2.1363416
-1.6734583 -1.3012948
-1.5100905 -2.3606598
-1.6776861 -2.2986362
-2.3651943 -1.7859159
-1.5890504 -2.16077
-1.7628467 -0.9031085
-1.6198208 -1.8023039
-2.6817434 -1.5055107
-2.2975278 -2.1019833
0.097155616 -3.4013205
-2.0632098 -2.4360151
-1.8010095 -2.7131
-1.9731572 -1.7382547
-2.389292 -2.582094
-1.0529493 -1.6328244
-1.3826976 -3.0393147
-2.265484 -1.5913888
-2.6333 -1.3223406
-0.6312808 -2.4231086
-1.8065224 -2.7638252
-2.873347 -1.2972431
-2.6700218 -2.1311715
-1.5143272 -2.3487463
-1.6167365 -1.7280239
-2.9186335 -2.6538086
-0.5345948 -2.7836049
-2.064361 -0.43353748
-2.4592824 -1.8478731
-0.6457616 -0.9214487
-1.350266 -2.9985404
-1.0595881 -2.6219199
-1.9204037 -1.4671848
-1.0013263 -2.3964021
-2.2844183 -1.8134688
-1.5687007 -1.9896117
-2.617314 -1.9442408
0.17849652 -4.3718634
-2.9455357 -1.5440718
-2.0488982 -1.975679
-2.3582644 -2.5601306
-2.235677 -1.8262955
-1.3070151 -3.618853
-2.2695913 -1.8341575
-1.3653235 -3.5697465
-0.4368071 -2.7267673
-1.396878 -1.7007711
-3.0050306 -1.0820062
-1.8373044 -1.4869778
-1.6046445 -0.43222767
-3.681182 -1.6893156
-2.1567993 -1.2338603
-1.3070269 -2.7658575
-1.0501523 -2.908926
-1.2771338 -1.8361142
-0.48220128 -0.24935001
-3.2621973 -1.7200446
-2.3254082 -2.4679706
-2.442929 -2.7887986
-1.6544917 -1.3922999
-1.8832657 -0.91301894
-2.8857603 -1.2482821
-2.2751966 -1.1634629
-3.0772166 -1.7863213
-1.579075 -1.302601
-1.3358341 -2.2776957
-1.0413728 -2.1121802
-1.7726654 -2.6081312
-1.5445732 -2.9623852
-1.1231723 -2.8567588
-0.96664864 -1.551872
-1.8467686 -1.9520423
-1.3094846 -3.6768603
-0.96532613 -1.1758761
-1.5188729 -2.1924899
-1.1954064 -2.2686086
-2.2703958 -1.217396
-0.7802051 -1.8361356
-0.53940684 -3.4631233
-2.8220751 -2.5241735
-0.43271726 -3.4021614
-0.60821474 -0.80419487
-3.016806 -1.12728
-0.2673167 -1.900694
-2.4145277 -2.4987752
-1.1466547 -1.4317266
-1.4390827 -3.0357652
-2.0021708 -2.1982732
-2.2156234 -2.070488
-1.8091004 -1.6185205
-1.9453248 -1.5552772
-1.7924309 -2.5170443
-1.4475694 -3.2296724
-3.2106597 -2.059714
-3.0474632 -2.8973806
-2.54397 -2.1233506
-0.663989 -1.5839384
-2.68003 -2.3834794
-1.5261494 -1.6324681
-3.0980725 -1.2383237
-1.6519221 -2.7171116
-1.1516082 -1.7947987
-1.6943336 -2.8007472
-1.0255175 -1.7865996
-0.92623395 -1.3495201
-2.198666 -1.8138202
-1.3054379 -1.9155723
-2.7240336 -1.3674564
-2.9890237 -1.8261204
-2.0525575 -3.2592344
-1.9783198 -2.2682495
-2.607828 -0.54951954
-0.88638407 -2.097997
-0.95231247 -1.7428452
-1.4093453 -1.0557015
-2.121446 -1.2330215
-2.1625648 -1.55504
-0.04502745 -2.9025106
-2.7127972 -0.75498086
-1.2390993 -1.843873
-0.9616387 -2.855495
-2.0254114 -1.9036294
-2.3672993 -4.280732
-1.8277123 -0.6041403
-2.4627311 -1.5007743
-2.6865506 -1.8071967
-2.696992 -3.4374375
-0.16573326 -1.1888804
-1.9404181 -2.821284
-1.8600726 -2.2709086
-2.0881443 -0.7571369
-1.5252478 -4.3095846
-0.8556723 -2.9066625
-0.69093186 -2.1839972
-2.3168561 -3.6026862
-2.3695834 -2.1723125
-2.5912266 -1.7675135
-1.6967399 -0.8272479
-2.6751173 -0.8998973
-2.236739 -1.7879755
-2.3399162 -1.6343303
-1.1495302 -3.7530184
-1.8749906 -0.48462072
-1.6310012 -3.093131
-1.824943 -2.6691175
-2.6758003 -0.8594832
-1.6845915 -2.2628672
-0.8282202 -2.3728654
-0.14508092 -2.7812107
-0.6800851 -2.1891692
-2.8625479 -1.9203537
-2.086316 -1.5472394
-2.163079 -2.8944728
-1.5885055 -2.0517106
-0.06139855 -3.0867798
-1.2392337 -1.4571606
-0.85903937 -2.0081475
-1.3322988 -3.3372104
0.43736756 -2.1703274
-1.7848395 -2.2228563
-0.91068107 -4.891515
-1.5673591 -3.3105116
-2.5598211 -2.4909847
-2.2026765 -2.0442886
-2.5371263 -2.3904073
-1.8030448 -2.823254
-2.0816243 -1.5289805
-2.585076 -1.6823179
-1.8946476 -2.6755745
-1.2991049 -2.213192
-2.6763144 -1.6089457
-2.0642836 -1.3495133
-3.2235007 -1.6226685
0.103073075 -1.8582777
-1.4038202 -1.3790567
-1.5931466 -3.3611474
-2.9640517 -1.249955
-1.6300888 -2.1158528
-3.2078962 -1.7185837
-1.07707 -3.1378984
-2.6989796 -1.62914
-1.4564852 -3.145282
0.005109623 -0.92730016
-1.4454422 -2.2490644
-2.624537 -1.8049634
-2.6687384 -0.9946153
-0.6412078 -3.5515077
-2.1704597 -1.9854149
-1.3962432 -0.4440527
-1.1267238 -2.9471993
-1.5988837 -2.363374
-1.1741046 -2.9415557
-1.7397285 -1.5276645
-2.837703 -1.6345567
-2.390626 -1.2133126
-1.9701194 -2.025856
-2.0849855 -1.7486941
-2.6335816 -1.5771035
-2.1655624 -1.7231628
-1.7120028 -2.7067084
-2.1415224 -2.482357
-4.410656 -2.0128875
-0.77108055 -2.3470588
-2.427228 -0.9446341
-3.6813827 -1.0378907
-2.086561 -1.6924964
-3.3477747 -1.5848114
-2.012905 -2.0543747
-1.709018 -0.9982216
-0.94921935 -1.3698893
-2.1257038 -2.3060055
-2.4010797 -1.4342982
-1.4084847 -1.5816855
-2.3556027 -2.1167789
-1.6946176 -0.8584816
-2.6219735 -1.6193821
-1.2821611 -2.1324277
-2.1213343 -1.7466232
-3.1028063 -2.1596942
-3.1832478 -1.788344
-1.299328 -0.6617644
-2.968377 -1.7893113
-2.495444 -1.5524611
-2.9612906 -2.653638
-1.9058689 -0.94375825
-2.375154 -1.7144618
-0.15808463 -2.4082797
-2.1138954 -2.1175442
-1.6166673 -2.2534094
-2.5592794 -2.6835623
-1.3445421 -3.324225
-2.1879003 -4.616247
-2.9229252 -1.5962363
-2.4088478 -1.5906953
-2.7235198 -1.5570648
-1.6452426 -3.257475
-1.2803996 -0.70435697
-2.8682237 -1.6104125
-1.0533111 -2.6266446
-1.2937936 -2.459562
-1.2016013 -2.6079905
-1.6251568 -1.9352878
0.3832718 -2.4150898
-1.7156287 -2.567046
-3.160168 -1.651612
-2.59884 -2.4110854
-2.3650236 -2.752778
-3.1508045 -1.6971874
-1.9358871 -2.206242
-1.3774246 -2.8538141
-0.66601825 -3.8974628
