-3.1709394 -1.9816965
-0.6333933 -2.376113
-2.368385 -1.8076637
-2.1622021 -1.9777669
-1.6725587 -2.1399941
-2.9064634 -2.5149775
-2.4057546 -2.7650177
-1.8456403 -2.4683487
-2.6403134 -2.3237062
-1.6459788 -3.260997
-0.983148 -2.470362
-2.9164343 -1.5492083
-1.7375805 -3.1938374
-2.2473702 -3.0226154
-3.2659845 -2.1413817
-3.1211329 -1.9806796
-2.4798799 -2.1525683
-0.9561522 -3.4194589
-2.7430995 -1.9730947
-1.5829487 -2.5234199
-2.0623524 -3.325951
-2.9591143 -2.4888458
-2.1456327 -2.9702668
-0.699872 -3.3698735
-3.3793535 -2.6583104
-2.0311763 -2.5172472
-3.631038 -2.0457401
-1.8729565 -1.6168357
-3.1606095 -1.8649882
-2.7741637 -2.4119987
-3.696686 -2.9454262
-2.054399 -2.3574448
-1.0366651 -4.0954404
-2.3818042 -1.2337072
-2.1305935 -1.5471878
-1.7454057 -1.6635593
-1.4696748 -5.091517
-4.05403 -2.181041
-3.4260063 -3.239396
-3.4367435 -2.3897219
-2.962603 -1.5146134
-1.2689888 -1.7732801
-1.2538636 -1.4845037
-3.5993006 -2.8049831
-2.6469247 -1.3438345
-3.21403 -2.1905975
-3.0989053 -1.6815645
-3.3109694 -2.9812112
-3.4678197 -1.7264243
-3.3025956 -2.3358471
-2.6630163 -2.7401223
-2.7050793 -2.4226103
-1.5693272 -3.1122053
-1.6815724 -2.5452182
-2.328205 -1.9136158
-1.3800944 -3.4480164
-1.1949028 -2.613844
-3.55309 -2.3541195
-3.3758597 -1.8278812
-2.796775 -2.2115784
-3.5916874 -2.167048
-3.7570713 -2.49188
-2.5385249 -3.0901585
-4.198267 -2.0758402
-2.0714011 -2.214854
-1.7257231 -1.6822532
-1.695585 -3.2737262
-2.894316 -2.1065352
-2.0541358 -1.7696129
-0.34451705 -4.356798
-2.339792 -1.8373317
-2.0762672 -4.3803625
-2.4314318 -3.0563216
-3.413899 -2.224429
-2.6434066 -2.4937785
-2.867713 -1.9642547
-1.7863718 -2.730686
-2.7841177 -2.9381056
-1.086169 -1.722754
-2.6418226 -2.2250323
-2.0148556 -2.1938016
-2.866839 -1.9922435
-1.054126 -3.3638117
-2.7613857 -2.0971258
-2.570375 -2.0796711
-2.2190359 -1.8000319
-2.2127833 -1.7739522
-3.3218863 -1.103004
-3.5640173 -2.6536632
-1.1086687 -3.6638725
-2.0048344 -2.5225585
-1.4930856 -2.6928127
-1.5393316 -2.2460942
-2.4979665 -2.879741
-2.885276 -2.656782
-3.6763754 -3.1013782
-2.2474816 -3.5533803
-3.8931978 -2.5643315
-1.2969128 -2.0495324
-3.0336149 -1.8602693
-2.5247056 -2.754314
-3.3162494 -2.1732047
-3.5551808 -1.3062059
-2.5160384 -2.1474483
-3.4680245 -1.4791095
-4.070188 -4.1161065
-3.4249644 -2.2288208
-1.5013251 -2.1870482
-1.0513428 -1.9908088
-2.2039893 -1.621869
-2.8574288 -2.6370666
-1.8096675 -2.2660248
-1.8286216 -2.6081116
-3.436978 -1.8560156
-3.3735538 -2.3042214
-2.4567904 -2.740111
-2.8668845 -2.453945
-2.986788 -2.6701007
-1.7875904 -2.6597495
-2.2198396 -3.5964756
-2.669004 -2.1978118
-0.5384257 -2.035543
-3.9395378 -2.0826123
-1.5656098 -2.2366683
-0.6942407 -2.3369808
-2.2581227 -2.0034308
-0.6018673 -1.5814525
-3.770214 -2.4696045
-1.4853444 -2.1363146
-2.1853497 -2.006226
-1.6667901 -1.6824076
-1.5126957 -3.5887432
-3.176947 -1.5707343
-2.27701 -2.9757586
-2.4556403 -1.7846882
-1.7861096 -2.6372933
-3.2202568 -3.4702723
-3.864602 -2.6926134
-2.5427477 -2.6301882
-1.8465225 -2.6304476
-1.079265 -1.9534073
-2.614627 -2.3859632
-2.953555 -2.6072438
-1.9951421 -1.4042302
-1.4512599 -1.8465052
-1.3790526 -3.173573
-3.6985838 -4.1420007
-2.3178535 -2.874994
-2.6637092 -2.9716873
-2.2878218 -2.598309
-2.3325796 -1.3672307
-1.2690628 -2.5555387
-2.9851174 -1.9247841
-1.4201742 -1.2622148
-1.7472253 -2.641465
-1.5882217 -2.6002853
-1.7811158 -2.2479289
-3.293036 -1.479416
-3.7787962 -1.1794535
-2.8320382 -1.7847123
-1.2176645 -3.7710352
-3.6119695 -2.1505847
-2.4252155 -2.3901653
-2.9849877 -3.3086295
-3.8814251 -2.5519621
-0.84604704 -2.8741229
-3.377881 -2.0739534
-4.131328 -2.3526459
-1.2852272 -2.1960235
-0.17593 -2.8077304
-2.748605 -2.159045
-2.2726057 -2.5218763
-1.7219627 -1.746991
-2.1159773 -2.272829
-2.9644675 -1.8370382
-3.7030156 -2.1596801
-1.8012887 -2.9641094
-3.1652782 -1.431115
-2.926959 -2.7376301
-2.3871405 -1.477269
-2.3338935 -1.9866735
-2.4904468 -2.064896
-3.2832997 -2.7934034
-1.1617033 -1.5426528
-1.6702739 -2.8267257
-3.9059143 -2.0921636
-2.331794 -1.8805122
-3.2878852 -3.0833945
-3.3553617 -2.9450316
-1.777684 -2.706659
-1.7467455 -3.2823603
-2.4319072 -2.8926136
-3.4923122 -3.0053911
-3.0317996 -1.9771321
-2.3493292 -2.3411248
-3.2565339 -1.587553
-4.475073 -2.5238252
-2.9723563 -2.1702683
-1.565076 -3.8333788
-3.379994 -2.0743124
-2.075997 -1.9392593
-1.3823067 -2.0468261
-2.0892885 -1.2604103
-2.078944 -2.975202
-1.9678203 -2.885662
-0.85272443 -2.7843587
-2.7754653 -1.0070574
-1.6089134 -2.927648
-2.4316268 -3.373314
-0.32348722 -2.21844
-1.5018595 -2.327624
-2.5674999 -2.8785033
-1.7916873 -3.918601
-2.1584918 -3.6245842
-2.6052983 -3.310656
-3.5736399 -2.570283
-0.9699544 -1.9722774
-3.6262794 -2.095692
-2.9258893 -3.2648036
-2.899686 -2.398454
-3.7858663 -1.6666511
-1.4958518 -3.532085
-1.101464 -2.0067673
-1.7179632 -2.9403396
-2.4838057 -2.291336
-1.3819449 -2.05261
-3.98857 -1.8649884
-1.5603002 -2.2536082
-1.0491809 -2.3675811
-2.350401 -2.0751047
-2.7707753 -1.3390636
-2.6566424 -2.0003874
-1.9739543 -1.7249209
-3.1509297 -1.6982214
-2.0321023 -3.2102952
-1.5835414 -2.6015987
-2.090743 -2.4692802
-2.1809833 -2.244107
-1.5392265 -3.1155612
-2.9419005 -0.6396667
-3.7279034 -2.048252
-3.6284544 -3.8465555
-3.3235478 -2.5942512
-2.292041 -2.5424829
-2.518752 -4.3493176
-3.2844818 -2.3028646
-3.0729678 -3.3408704
-2.0989745 -1.9983821
-1.6284964 -1.5745041
-3.5274923 -3.3136103
-3.057793 -2.649515
-3.7008688 -1.5701419
-3.430911 -1.8112785
-3.4754329 -2.6475143
-2.9343107 -2.3726091
-3.089282 -2.7366333
-3.4386377 -1.8986136
-2.135128 -1.506441
-3.5131493 -2.3410385
-1.602135 -4.061063
-3.87659 -1.8432208
-2.5794766 -2.6930606
-2.0772169 -1.7199603
-1.792421 -2.302619
-2.5450337 -2.0124264
-3.683182 -2.3315077
-2.0897648 -2.8133626
-1.41071 -2.0548737
-0.94854474 -3.6641724
-3.3572712 -2.759668
-3.043327 -1.9048346
-2.1353197 -2.7829983
-2.326206 -1.6531508
-2.3004005 -3.1353314
-3.0378878 -3.1081605
-2.8158987 -2.320785
-2.133286 -2.6353765
-1.2430166 -1.9305018
-4.048852 -2.445508
-2.262628 -2.9394047
-2.5569222 -2.9668741
-1.2611743 -1.8357284
-2.350815 -1.5051782
-1.5476972 -3.3223474
-1.1490047 -0.34732947
-1.7304133 -2.8604035
-4.087562 -2.773244
-2.908422 -3.677361
-3.439367 -0.9146457
-1.5088189 -1.1667883
-2.4067848 -2.3540897
-2.6972315 -1.5381294
-3.1617653 -2.3915467
-3.8116565 -3.3931947
-2.954398 -1.8677181
-3.6436188 -2.0133722
-2.6867766 -2.027435
-1.6892685 -4.326343
-1.8860264 -2.9668899
-2.0231864 -1.8393186
-3.2954361 -3.7730854
-1.3465368 -1.1038378
-1.996285 -3.7654643
-2.1712193 -3.316422
-3.469354 -2.603241
-1.5783334 -1.607639
-2.869991 -2.716187
-1.6977661 -2.9170988
-1.7941214 -3.2456553
-3.0753994 -1.3917786
-2.838587 -2.4803436
-1.3979036 -2.5340312
-2.0931048 -2.0440733
-2.0957432 -2.8910768
-4.0391445 -3.1180222
-1.9482754 -2.159137
-2.4508953 -1.8324322
-3.419528 -2.5615065
-2.141478 -1.9056569
-3.1250372 -2.9410653
-3.2803187 -2.9482954
-1.1375217 -3.1638885
-0.99521387 -2.2693121
-2.2211452 -2.581444
-2.2353973 -1.9469479
-1.3573977 -3.8430912
-2.2510643 -1.3442557
-2.3104184 -2.2991915
-4.0630894 -2.7731056
-2.4767032 -1.8262213
-2.6795511 -2.631155
-2.356279 -3.7019918
-3.2137458 -2.2018619
-1.197779 -4.484424
-3.4306886 -2.3679032
-2.6922436 -1.7153783
-2.896275 -1.6615627
-3.189232 -2.334595
-4.154557 -2.920523
-3.686847 -2.1467175
-1.6203868 -3.3692062
-2.5957508 -2.4546328
-2.564514 -1.8678488
-3.6450472 -2.1918108
-1.1668249 -1.8180958
-0.5178527 -2.3856514
-2.953643 -2.468747
-3.3266118 -2.6907604
-2.614012 -1.1357518
-2.2410607 -3.5632563
-2.4299233 -3.7782912
-1.6464981 -3.7900963
-2.1081686 -1.8906736
-3.647698 -2.72091
-0.81778324 -3.114995
-2.8669553 -2.4610279
-1.4884508 -2.2899926
-1.0760603 -2.341017
-2.8013434 -2.446651
0.23441777 -3.3154511
-2.0770931 -2.0488756
-2.5458698 -1.6894009
-2.514807 -2.896461
-0.3829996 -2.8103836
-2.49586 -2.3417048
-3.1892648 -1.9528391
-2.2730663 -2.4201624
-2.8920553 -3.4513314
-1.7177323 -2.411788
-2.8456342 -2.497583
-2.3465576 -2.4524207
-1.4929322 -1.1790303
-2.5227294 -3.0404718
-2.4321346 -2.720001
-3.8461478 -2.7064009
-3.325505 -1.8732054
-3.5373893 -2.435353
-2.7368019 -1.9791689
-1.011469 -3.1144562
-3.3213887 -2.8193896
-0.6549921 -3.5557587
-1.51927 -4.1333804
-1.2334547 -2.5954573
-2.4015565 -1.9943953
-3.3556383 -2.6391122
-5.8182096 -5.7227407
-2.3072011 -2.3677976
-1.456657 -4.6506195
-2.1656833 -2.5942442
-1.5687712 -2.6574824
-2.1935718 -2.895191
-2.61657 -1.9592925
-1.753248 -2.0979607
-4.156789 -3.1586604
-1.8836244 -2.2437828
-3.7149322 -2.3034832
-1.3494865 -3.1312947
-1.9253601 -3.0274286
-3.8124745 -2.971515
-4.4103594 -2.6630828
-2.2263434 -1.7687919
-3.4578948 -2.5717745
-3.4671772 -2.372214
-1.9118384 -2.556847
-3.2089152 -3.4573948
-2.254683 -1.4029877
-3.1605926 -2.3855069
-4.136993 -2.8211794
-1.7906227 -3.965997
-3.1574888 -1.7044438
-2.5589576 -1.490895
-2.3974512 -2.4072552
-2.5164323 -2.408684
-3.1223345 -1.8301777
-2.8295383 -2.6700687
-3.0296881 -3.1615849
-2.5283673 -2.2398827
-4.1487184 -3.1516685
-2.6873024 -1.6925416
-3.7204587 -1.8196347
-1.3355131 -3.7125795
-3.3802474 -2.9524882
-1.9811965 -2.493678
-1.9780728 -3.6060083
-1.6216074 -1.1120927
-2.6504416 -2.6896753
-1.3662882 -1.8425748
-0.75330496 -1.1504409
-2.026702 -3.3656983
-1.3749255 -3.6635249
-2.0421593 -3.8452528
-3.6149178 -2.8778753
-3.1660175 -2.5121675
-3.205407 -2.8450158
0.115627736 -3.501992
-1.8339155 -2.3993177
-2.0132575 -3.1731417
-0.5565382 -3.0287726
-3.032245 -1.5995762
-2.014038 -3.0924985
-2.3806858 -3.4555283
-2.2346404 -1.9218314
-1.9041457 -1.1489294
-2.358217 -2.7025917
-1.2866476 -2.8967075
-2.6275454 -1.6704075
-3.1211302 -2.2750669
-0.2069294 -1.6224426
-2.8275533 -1.6617538
-3.5669725 -2.1852872
-3.5059392 -2.701087
-1.8286333 -1.8056728
-2.5318081 -1.4203234
-3.0626163 -1.9711261
-2.8622606 -2.2441807
-3.2841334 -3.0515208
-3.102299 -2.0753155
-3.5155048 -2.8831677
-3.6252613 -2.444037
-1.6146497 -3.4504366
-2.1618462 -1.9437562
-3.2964973 -1.5743859
-3.5716531 -2.1939635
-3.355459 -3.0573027
-3.4806042 -2.1476054
-3.6546304 -4.1910276
-1.908246 -3.0814834
-1.588072 -2.0999668
-1.621672 -2.315592
-1.3918982 -3.485955
-3.3276558 -2.656891
-1.9154872 -1.9218073
-3.9070284 -3.1341476
-1.9943085 -2.0767684
-0.4339553 -3.2397356
-3.4876683 -2.2782216
-0.57897955 -3.9078124
-0.6237022 -3.2921476
-3.507189 -2.5397422
-1.1844778 -3.3855748
-3.037361 -2.9522269
-1.8464582 -1.66546
-1.9204226 -1.4598265
-1.185083 -3.5872848
-2.5538435 -2.2126138
-1.4498726 -2.2028232
-1.428772 -3.5535474
-3.1458426 -1.7361072
-3.589576 -1.9218928
-1.2123206 -2.6239004
-1.8977871 -3.3196623
-3.610356 -2.2156723
-3.7799728 -2.584934
-2.6122656 -1.7281158
-1.9337813 -2.013097
-2.4656255 -2.7805188
-3.3643684 -2.9482448
-3.291804 -1.784214
-2.5824556 -1.3971691
-1.9040657 -3.9433923
-1.5100106 -2.866645
-2.9963272 -3.9208899
-2.7916043 -2.032442
-2.5751731 -1.9474856
-1.554352 -3.5095985
-1.3449441 -3.0490937
-1.5960057 -1.9959953
-1.802105 -2.6191692
-1.5604403 -3.5103476
-1.2752595 -1.3502865
-3.2693667 -1.7471088
-1.5666914 -2.133143
-2.9010043 -1.7100497
-3.3589845 -2.1137888
-2.1902232 -2.4328265
-2.0694513 -3.115512
-1.5127271 -2.7572138
-3.4443686 -4.193695
-3.455868 -2.0930107
-2.348617 -1.4930809
-2.7189043 -1.7830845
-3.2444618 -3.927773
-2.361828 -3.2709532
-2.3755388 -1.9164245
-1.3284245 -3.5444067
-2.5500767 -1.5934738
-2.964993 -2.4155102
-1.5138189 -1.8435332
-1.2514809 -2.6631927
-2.7191465 -2.17417
-0.9457431 -4.0218534
-2.2227197 -3.1777742
-3.578704 -2.434299
-3.521665 -2.4631329
-2.1591806 -1.6840204
-2.4636867 -2.2035725
-3.0700438 -1.6487534
-1.5313195 -2.1549437
-2.540744 -2.8152978
-1.7538639 -1.3663601
-2.7119956 -2.0140748
-1.0199094 -1.8889246
-2.3250127 -3.34234
-3.2441702 -2.061418
-2.369109 -1.5813663
-1.2457664 -2.0126042
-3.2552576 -2.655903
-2.8841636 -1.7174283
-2.433416 -1.912591
-1.3946668 -2.3979504
-2.7309806 -2.4844751
-2.3003829 -2.2234228
-0.56931096 -3.0600991
-2.6339433 -1.9258579
-2.2274938 -1.6006268
-1.5861466 -2.8055491
-1.0623091 -3.1383567
-2.8729935 -1.5558968
-2.8384938 -1.8749923
-1.7427886 -2.366521
-1.7358459 -2.1343608
-2.8650596 -2.087527
-2.0360005 -1.8544458
-3.0073264 -3.3201106
-3.1041398 -2.863914
-2.78293 -3.087859
-2.8424678 -2.96013
-2.9917367 -1.6328535
-1.5645908 -3.2445123
-2.3285897 -2.8319964
-2.2682548 -2.4837954
-1.750663 -1.6102139
-3.2724063 -1.8691982
-1.5639427 -2.392209
-2.5047164 -1.9872638
-2.5121949 -1.9655596
-1.4261847 -2.1522114
-2.2527544 -2.5704124
-2.7031674 -2.669971
-2.5430837 -3.3296309
-2.8009546 -2.343433
-1.8255715 -2.3189495
-3.1710124 -2.5152047
-3.6205204 -2.931708
-2.2944794 -2.679276
-3.5566475 -2.6093986
-2.4100235 -2.5431316
-1.7794147 -1.4530753
-1.6830356 -5.06191
-2.3099594 -1.6792123
-3.2367585 -2.2489746
-1.411434 -2.8085651
-2.3025723 -3.8766172
-2.0997562 -1.5444015
-1.7812841 -1.9766222
-2.5050802 -1.5823581
-1.7944617 -3.3260112
-2.0523992 -2.4697025
-3.119391 -2.83869
-2.3327334 -2.093306
-1.7289004 -2.0639527
-2.1332242 -3.00788
-2.2840989 -2.141032
-0.6617546 -2.0465112
-1.0202701 -1.9393846
-3.3782213 -2.690312
-3.9849417 -3.423723
-0.6795344 -3.032367
-2.6390538 -1.3878437
-2.8873415 -3.360354
-2.1427383 -1.7972136
-3.438646 -2.5183034
-2.15978 -3.320481
-2.488274 -2.851233
-3.7194562 -2.9563937
-2.2032912 -3.0798187
-2.3305094 -1.457642
-0.79572904 -2.5770895
-1.4654436 -3.2105737
-2.3263566 -2.5479777
-2.128557 -2.3686168
-1.5750971 -2.1714144
-2.5738955 -1.1692803
-2.734308 -3.1588037
-1.3011087 -2.225431
-3.049398 -2.5450206
-3.6338408 -1.9031582
-3.0961337 -1.5998626
-2.5678313 -1.3892398
-1.797271 -3.2137916
-1.1594926 -3.6737344
-2.029682 -2.035732
-1.9175901 -1.4820843
-1.5556681 -2.633467
-1.7891622 -2.3416486
-0.628389 -2.3326359
-2.7059398 -1.4499165
-3.0823088 -1.963469
-2.0658348 -1.8683565
-2.5299761 -2.313812
-3.6220996 -2.4436393
-3.2597008 -2.5561323
-2.9516273 -2.245983
-4.0734997 -2.581305
-2.9998355 -2.4360049
-3.5544558 -3.2056727
-0.6083095 -4.0032187
-3.0780702 -2.0754206
-1.7555615 -3.2602057
-3.7442634 -2.3805563
-2.2949903 -1.6411935
-3.4936032 -2.8172498
-2.7405818 -2.5892034
-1.9045101 -2.8459737
-2.7881331 -2.611585
-2.6041675 -2.983856
-2.7155392 -2.1672077
-3.0143547 -2.1647906
-2.6585124 -2.7186964
-1.1370306 -3.1528099
-1.4408754 -1.9815365
-2.1663334 -2.0038607
-0.9507793 -3.5321684
-2.5927882 -1.9602714
-2.847692 -3.2530696
-2.887043 -3.5421326
-3.1488285 -2.207339
-2.4085283 -2.0640075
-1.7350848 -1.7789466
-3.1545234 -2.7721262
-2.763925 -3.2081535
-3.4028168 -3.13663
-1.33402 -1.7652936
-3.2704122 -1.9253348
-2.0964882 -1.6268202
-1.9255133 -2.0407436
-3.2531362 -2.033545
-1.6376139 -2.8095365
-1.7637167 -2.7766001
-0.7171837 -1.8389316
-1.2427437 -3.978386
-2.643114 -1.875842
-2.9001837 -2.8916
-2.7084785 -1.943521
-1.4071407 -2.1371403
-2.559749 -2.3007698
-2.5066423 -2.5146875
-1.1265773 -1.8819234
-2.060184 -2.36385
-1.7581246 -1.7893467
-1.2800837 -2.7429886
-2.3966866 -1.7705566
-2.8171742 -1.9825206
-3.591476 -3.3611562
-3.035915 -2.558613
-3.6284926 -2.4528267
-4.0047383 -3.1807876
-3.141616 -2.3861382
-2.1858258 -2.1206892
-1.2525373 -2.9687629
-2.8994455 -2.9737854
-2.4660306 -2.281576
-4.2875257 -2.4737933
-3.0734813 -1.4592398
-2.501683 -2.8254442
-2.428935 -3.037085
0.3459364 -2.8601325
-2.1636913 -2.9021497
-2.7341545 -1.9996766
-1.484237 -1.2223037
-2.2829952 -2.6343598
-3.5859861 -2.6237435
-2.0395777 -3.0762842
-3.279397 -2.946841
-3.066316 -3.0755966
-3.0999312 -2.2956915
-3.1236057 -1.7782017
-2.3379164 -1.6513851
-2.7373705 -2.652394
-1.6674324 -0.9257118
-1.8050399 -3.715109
-1.6414846 -3.1824725
-2.8633249 -1.7115179
-0.51313436 -2.413079
-1.8604723 -2.0795028
-2.8925009 -1.7144139
-2.7093773 -1.8819541
-1.2374799 -2.591533
-2.3742917 -2.3586576
-3.7595215 -2.2916803
-2.0933952 -3.125031
-3.180501 -3.4399471
-1.469027 -3.2393935
-3.5853152 -1.4276553
-0.40045547 -2.4195743
-1.5921295 -2.2257242
-1.1889112 -2.880425
-2.318155 -1.9189125
-3.1536567 -3.8663194
-1.6054802 -3.6222954
-2.4979937 -1.8247713
-2.4343863 -2.0052464
-3.9379084 -1.944923
-0.5700445 -5.4884877
-2.486827 -2.6187656
-3.736794 -2.1418958
-3.0088885 -2.0988631
-4.106327 -2.2867222
-1.3909484 -2.6447623
-1.9914191 -2.6900892
-1.7303276 -1.7621546
-1.5504808 -2.4991467
-2.5633862 -1.2169793
-3.6632085 -2.3961549
-2.667742 -2.7831573
-2.6439002 -2.166741
-1.5079495 -1.2968627
-2.40548 -2.9171462
-4.151047 -2.173771
-3.199773 -1.7533362
-3.0422535 -2.8033156
-1.7508374 -4.2704587
-3.0035353 -2.2108815
-3.0297208 -1.7719293
-1.6098007 -3.156438
-1.3499602 -2.5904796
-2.617088 -2.387074
-2.6512852 -1.7579437
-3.5639126 -2.0358047
-3.2633245 -1.1899405
-2.2878675 -2.0023546
-2.8651035 -1.1341228
-2.06454 -2.3292878
-2.1807454 -1.826255
-1.9582369 -3.8677654
-2.200938 -3.3907316
-2.8154771 -3.3595643
-3.5558996 -3.4795873
-2.3434143 -2.6239018
-3.1639452 -1.9746013
-3.0077095 -2.101373
-3.5244777 -2.253177
-1.2137388 -2.3836334
-3.4570649 -2.8563433
-1.339354 -2.3455973
-1.2270772 -3.7974226
-0.58357686 -3.00647
-1.62511 -3.3352482
-3.4123964 -2.5731184
-3.466052 -2.0302577
-1.8547485 -2.3867877
-2.6892502 -2.308653
-3.1790838 -2.8903842
-3.9541914 -2.3250484
-3.1343467 -2.9418063
-2.5337338 -1.6923901
-3.2614546 -2.9058514
-1.6651583 -2.0843716
-2.7766006 -2.5878758
-2.1962354 -4.0141287
-2.5860302 -2.3512275
-3.7652473 -1.9888958
-2.9022741 -3.1047041
-2.650614 -2.237942
-0.69243586 -3.1313453
-2.567542 -2.1179605
-3.686369 -2.7463834
-4.0664167 -2.7630336
-3.2960918 -1.0881205
-2.9558308 -1.5576423
-3.7730947 -3.2046974
-3.0044155 -2.2722657
-2.0812335 -1.3586588
-2.5529253 -1.8787104
-3.5683472 -2.0687397
-2.0663629 -3.739991
-2.3323293 -0.81658196
-3.8033245 -1.7856793
-1.5198851 -1.4481947
-3.3819292 -2.0101738
-3.132241 -2.7008212
-3.0620077 -2.2839563
-2.8431113 -2.1372895
-1.6079264 -2.5522408
-1.9949473 -3.1606386
-1.842335 -3.3470926
-2.1046457 -3.444004
-1.1619195 -2.5150273
-2.2776895 -4.695997
-3.6382475 -2.4941082
-2.137435 -2.6327608
-3.0122564 -1.3859729
-2.7455006 -2.3022392
-3.5727756 -2.3961716
-1.0078875 -3.1111434
-2.3122432 -2.005587
-2.841753 -1.3522595
-1.4319746 -2.3753302
-1.819752 -2.2376492
-3.867839 -2.2669456
-0.8640977 -3.9399505
-1.4750055 -2.2889109
-1.3209167 -1.458039
-0.3659186 -3.0700076
-2.3539953 -2.9658349
-3.5401409 -2.7075534
-3.7963328 -2.5138004
-2.6713295 -3.2181036
-2.1230423 -3.5903432
-3.1705146 -2.602169
-3.8531106 -3.168705
-1.4445704 -2.4956555
-0.29971087 -2.6599734
-1.9503449 -2.7766175
-2.4316483 -2.9281309
-2.9284847 -3.1979663
-3.9431987 -3.0595787
-2.427151 -1.5036926
-1.5914963 -2.5614748
-2.6818697 -3.6711829
-3.4787617 -2.160522
-3.792566 -2.3990881
-2.853153 -2.9263413
-2.7216663 -2.2077782
-2.5622184 -3.8814216
-2.398493 -3.7594614
-3.3901355 -2.1453524
-3.2713537 -2.598081
-1.4815564 -2.8708425
-2.3254218 -3.3232007
-2.1513715 -2.047403
-1.6912409 -2.6370358
-2.4324296 -2.3963797
-2.584248 -2.5135183
-3.6605964 -1.8281391
-2.8154922 -1.6147395
-2.6548026 -2.0630827
-1.9475327 -1.3708454
-0.015130296 -3.2457895
-2.4225678 -2.2817347
-2.162008 -2.6038692
-3.274758 -2.0168562
-3.3965561 -3.3006918
-3.8903723 -2.221022
-2.9718828 -2.1391304
-2.1463232 -2.6425786
-4.636928 -3.2259316
-3.1966867 -1.8451618
-1.3659852 -2.846492
-1.6538254 -3.3327603
-0.38109106 -4.9858274
-1.3760874 -3.032353
-1.9051722 -4.3887377
-1.0060233 -2.7831352
0.4930357 -3.4029136
-2.447166 -1.9641912
-2.976172 -1.4122561
-1.5414296 -2.2965975
-2.5530205 -2.2279139
-3.5082598 -1.8527058
-3.6330624 -1.7668093
-2.4390266 -2.412497
-1.8162665 -2.01395
-0.41196367 -2.069452
-3.6709452 -2.7340014
-2.5308776 -2.0447786
-1.8650765 -2.3570845
-3.278452 -2.3081963
-1.5477501 -4.521562
-2.4607425 -2.5921967
-2.6153018 -2.5912635
-3.7769184 -3.3305092
-1.7988529 -2.9410036
-3.4666657 -2.5486135
-2.7934039 -3.1902566
-3.8081102 -2.3255196
-2.4612186 -1.0474285
-1.8517137 -1.3627001
-2.7201397 -3.4266977
-2.8657956 -1.5055516
-1.7944763 -1.5471842
-3.1419644 -2.2919893
-2.0703218 -2.580188
-4.0118184 -2.2285085
-2.4229014 -2.1445518
-2.9282966 -1.8795605
-3.7438798 -2.665036
-3.4258971 -2.3592196
-2.9175656 -2.8510067
-1.3431859 -3.3086674
-2.8959296 -2.1631913
-1.4784068 -5.0008354
-2.855422 -3.4380708
-3.0107982 -2.9143054
-3.154175 -2.2333913
-2.8840866 -1.6953884
-0.85536635 -1.8495383
-2.7816885 -1.026352
-0.4781555 -2.1244748
-2.9010584 -2.0306304
-2.6002362 -3.2894626
-3.5662785 -2.428179
-2.8579757 -2.533723
-3.3518672 -1.8531703
-3.4020631 -4.079717
-3.1499407 -1.5457492
-1.8787898 -3.4086256
-1.844664 -2.2578971
-2.181059 -3.3518977
-2.7467716 -1.7395463
-3.5597615 -4.478157
-1.1625731 -2.9171388
-1.020181 -4.491542
-2.6337109 -1.8905855
-1.6601096 -0.6591864
-3.8339803 -2.3386896
-3.358892 -3.3057237
-2.2784054 -2.2490945
-2.261752 -3.8147905
-1.4258182 -2.0510225
-1.2415333 -4.1401963
-2.8368084 -2.7169518
-2.957333 -2.2831717
-3.1936822 -0.88115823
-1.1485708 -2.9191463
-3.2649918 -2.1752462
-1.6441021 -1.6749288
-2.129271 -2.9068022
-3.0972376 -2.0222025
-2.5793073 -2.2649274
-3.0904715 -1.8414588
-0.44024897 -4.66648
-0.8971125 -3.1643567
-2.6706972 -2.2788277
-2.4512954 -2.817516
-3.129787 -2.6677952
-1.0333049 -3.408892
-3.6227448 -2.5432727
-2.5783007 -1.7101743
-2.8732104 -2.2067533
-2.3254545 -1.4229474
-1.2648914 -3.1970456
-3.6205876 -2.4925876
-2.047843 -2.458442
-2.856315 -4.2857304
-2.4758544 -2.7573514
-2.0280426 -2.6374605
-2.7825916 -2.151904
-2.9594443 -4.341628
-2.5958302 -1.0203265
-0.820366 -1.9837419
-3.0608537 -2.5892406
-2.5490878 -1.6298382
-2.571079 -2.1823149
-2.4441223 -1.730052
-2.4545763 -3.4459987
-2.6177297 -3.2446527
-2.153891 -1.5097034
-0.16381425 -4.468032
0.38916883 -3.2877774
-2.1093807 -1.4292727
0.25983062 -1.925563
-2.9014678 -2.2749658
-2.047678 -3.1754544
-1.7201494 -3.0358853
-2.9765024 -3.1582954
-2.0342817 -3.6180363
-3.108574 -2.4331377
-2.1584895 -3.070629
-1.2987965 -2.9321823
-1.3722708 -3.108652
-1.7778659 -1.5795343
-1.5092411 -1.8395114
-0.40230927 -2.8383386
-2.7035635 -3.6396677
-1.171908 -3.7645924
-2.312547 -1.7403157
-4.8647633 -4.4760666
-1.7539309 -3.5627062
-1.2682676 -2.7265363
-2.516464 -2.6618302
-2.7116647 -1.8609028
-1.5051916 -3.6266751
-1.2473972 -1.508346
-1.4840496 -3.0803676
-3.7487626 -2.4980023
-1.847333 -2.9064837
-3.2351182 -2.7528288
-2.3129103 -1.6749707
-1.083302 -2.7775989
-0.43008026 -3.3185482
-2.689621 -3.3249052
-0.53800094 -2.1766489
-4.183925 -2.400355
-3.3705256 -1.8313276
-2.6361382 -2.7872734
-1.6265006 -5.1934447
-2.613401 -1.482952
-1.3414277 -3.257833
-2.2478745 -2.8245199
-3.3671658 -3.0193315
-2.1832044 -2.795438
-1.9658693 -3.7975502
-2.1920033 -2.0868678
-1.5251077 -2.5427544
-2.9989984 -2.2289093
-2.1087742 -3.101397
-2.6065984 -2.7988334
-1.4501706 -1.8343453
-1.9432024 -4.0736003
-2.7395623 -1.5446358
-2.1306663 -1.2181998
-0.4868711 -2.4068093
-2.0858095 -3.7475462
-0.3313197 -2.8962514
-3.5024445 -2.357554
-2.7088537 -1.6352881
-1.0137229 -2.6614282
-2.8154812 -3.0203927
-4.2386527 -2.7902606
0.5695449 -2.7287803
-2.4276686 -3.0411499
-1.13317 -3.16502
-1.6182612 -2.7410293
-2.9128625 -1.6959739
-1.10684 -4.0868626
0.4250578 -2.2962368
-1.8691416 -2.626203
-2.0911522 -3.8410554
-2.5221128 -3.2030115
-1.6912864 -4.033926
-1.7958382 -3.319286
-1.931469 -2.6186962
-2.8953733 -1.7486107
-3.059643 -2.7218523
-2.1886022 -2.9021351
-2.6119046 -4.586949
-2.1377506 -2.355395
-2.8056276 -2.9228506
-2.2988486 -1.6592925
-0.5772687 -4.0247445
-2.848899 -2.0082345
-2.2781117 -3.0678492
-2.845703 -2.0382888
-3.0986707 -2.2357907
-2.0679371 -2.1070683
-3.7424424 -2.6628702
-2.1672943 -2.514025
-3.637774 -3.206659
-3.0883203 -2.077079
-2.3353631 -2.0893147
-4.742487 -1.5916549
-1.8377354 -3.1690876
-0.9960706 -2.8472474
-3.1468763 -1.857808
-3.768131 -3.1847024
-1.7805177 -3.13499
-0.95433295 -1.9165152
-2.5209806 -2.5355704
-3.3832467 -2.0322876
-2.7838068 -2.3573568
-3.3189893 -1.7228177
-1.1636181 -2.963124
-1.7461401 -2.881064
-2.339714 -3.6514592
-0.93247294 -1.373602
-2.2738783 -1.7698305
-3.8001142 -1.91475
-2.4589734 -2.6349063
-1.4215059 -4.775952
-1.4985238 -1.6303977
-1.0963283 -3.4580946
-3.7252276 -3.4661279
-3.7044635 -2.689275
-3.076322 -2.1922064
-1.8875709 -1.4959259
-2.0546572 -2.2450314
-2.1143298 -2.2319124
-2.0271683 -2.0710936
-2.8598874 -3.2395213
-2.326958 -1.9348505
-2.609543 -1.8976542
-2.9589455 -2.2191763
-3.131191 -2.1135163
-2.5913422 -1.737821
-0.04203239 -2.7353897
-1.5928177 -3.7218082
-0.77529037 -3.2728405
-2.938046 -1.6736952
-0.4583634 -2.519482
-1.8613808 -2.5524354
-3.5234377 -2.0790572
-2.3069694 -2.6340349
-1.2703435 -2.93573
-2.3761992 -2.0170496
-1.5408124 -3.3677595
-3.1374857 -1.7753761
-2.9367929 -1.706793
-3.6554036 -2.2086892
-2.6868446 -3.4839277
-2.7633708 -2.0531795
-2.9468606 -3.084011
-3.410067 -2.816485
-2.0903912 -2.0996697
-1.8400769 -1.5666165
-1.1242608 -2.6334927
-2.9413278 -3.5995016
-2.1099453 -3.0506358
-1.2117242 -2.512987
-2.6920247 -2.4579892
-2.1175563 -2.5710728
-3.1627917 -2.7260242
-2.0141249 -3.6451583
-2.2976534 -3.2494197
-1.6948038 -1.5821744
-2.0981262 -2.7517
-1.9666774 -1.7037456
-4.4223056 -1.6222022
-2.0102565 -2.705498
-1.3553638 -2.1754038
-2.3409855 -4.4824877
-2.116105 -3.8442023
-1.9404964 -2.9576833
-0.22884747 -2.9246597
-2.7561088 -1.7694966
-2.0655274 -3.6364083
-3.5159729 -2.2091045
-0.5596992 -3.7183297
-2.1038115 -2.546986
-3.1357963 -2.1267118
-1.2647903 -4.414022
-2.2321548 -1.4012966
-3.333572 -1.784917
-3.2037067 -1.2759855
-2.5454261 -1.1615137
-2.5141885 -3.4649985
-3.0242343 -1.372916
-3.5917027 -3.0684135
-2.4271019 -1.7136194
-2.5430784 -1.677583
-1.8308606 -1.2822777
-1.0536649 -2.6705263
-3.1126068 -3.0239935
-1.8049524 -1.6348801
-1.3312906 -3.756608
-4.0398183 -2.9349318
-1.9643836 -4.1958838
-2.4840386 -2.8816051
-3.7366211 -1.2591889
-3.019097 -1.8556374
-2.4839725 -2.279141
-2.7840102 -2.424318
-2.1847787 -2.557023
-2.8261814 -2.6415792
-2.1198964 -2.1149561
-1.6382369 -2.4022732
-2.742679 -2.3048186
-1.4853044 -4.6273255
-2.657305 -2.3399982
-2.6306703 -2.9465895
-1.8043865 -3.146124
-3.7547588 -2.6796606
-1.2726841 -1.5465277
-2.9142237 -3.356177
-3.1504028 -1.9820644
-3.1799853 -1.9323305
-3.8181958 -1.8107908
-2.378886 -2.6924126
-3.0071862 -1.8214521
-3.6289008 -1.7620305
-1.0966921 -2.5402584
-3.524526 -3.3137054
-3.1085718 -1.5290956
-3.3481402 -2.731388
-2.2879603 -1.6052946
-1.6539071 -3.8356526
-1.7329471 -0.6873163
-2.7964993 -2.1557212
-1.537935 -2.6196728
-1.6543627 -2.1372652
-0.97674954 -1.2982715
-2.070554 -2.4131548
-2.244736 -2.5789444
-2.118023 -2.6117654
-2.8692636 -2.5769317
-2.5634177 -4.244957
-3.1979496 -2.2865355
-4.116421 -3.1972902
-2.4031305 -1.910252
-1.7409292 -2.7889948
-3.1679184 -1.4769562
-1.3708727 -1.7021886
-1.0480239 -3.0063198
-2.0450513 -2.7874727
0.12004033 -2.4309163
-1.4890015 -2.7910655
-3.3890054 -2.7217596
-2.3719182 -2.537359
-1.980966 -2.0481725
-2.6160064 -0.84085345
-3.1023262 -1.969713
-1.7233157 -2.9839263
-0.36225474 -3.0344105
-2.0285068 -3.861058
-3.3650444 -3.0102565
-3.8680437 -2.2664807
-1.8358885 -2.9522908
-2.2948532 -2.2461371
-0.7881353 -2.4194036
-2.1983135 -2.350678
-3.8001852 -2.1563225
-1.4108255 -1.927423
-3.003899 -2.6889732
-2.756547 -2.2252111
-2.579735 -3.6239593
-2.2111278 -2.1185656
-3.32328 -3.0635679
-1.8901954 -1.5924093
-1.9780793 -2.7828026
-0.5764439 -3.4948454
-2.364674 -2.7547266
-2.9435122 -1.5532387
-3.4401028 -2.2071648
-2.493627 -2.186837
-2.438292 -1.1979562
-3.2360697 -1.9470712
-3.13327 -1.7888759
-2.1342897 -2.6805506
-1.6713672 -1.9607275
-2.760418 -2.8965476
-3.4617443 -2.516527
-3.1970253 -3.565729
-3.3715355 -2.3954298
-3.1044786 -2.232883
-1.8255302 -2.9308171
-1.4211584 -2.475244
-1.8857745 -2.6875832
-2.1028528 -2.684691
-2.037601 -4.2395353
-2.091501 -1.6694622
-2.2900906 -4.1013002
-2.7461503 -3.3267024
-2.6013489 -1.9765174
-2.2597976 -4.027826
-2.7884848 -3.0421
-0.9408207 -2.638988
-1.9402823 -2.9595888
-1.3757977 -0.94522613
-2.6683483 -2.7736003
-1.500272 -4.084101
-1.5476708 -3.308713
-0.907395 -2.6106076
-1.2203752 -2.3023822
-2.3776608 -1.95204
-2.9560277 -3.2891948
-1.6346925 -2.6657815
-1.0208973 -3.0010934
-2.4698012 -1.7096484
-3.282252 -2.5438945
-2.8821619 -2.7695546
-3.5204585 -2.8361502
-2.5984643 -2.4729269
-2.3352304 -2.2746603
-3.8904831 -1.5977663
-2.491415 -1.9327228
-2.9437754 -2.4210513
-2.087291 -2.1401596
-3.6154735 -1.4251603
-2.8160477 -1.9952855
-2.7556965 -3.5309901
-1.7291213 -1.7185748
-2.4484832 -2.265927
-2.6197724 -2.1494234
-1.9788945 -3.158235
-1.5125709 -1.5763279
-0.8681158 -4.1067133
-1.8910885 -1.9327437
-1.9806918 -3.3908155
-1.7809439 -2.2131233
-2.5297184 -1.6220386
-1.4933838 -3.135382
-3.3318753 -1.5341141
-2.3277419 -2.6547906
-4.2886024 -2.6295576
-0.76621056 -2.9311106
-2.9544547 -2.472697
-1.4995482 -2.4561343
-1.6117562 -3.5050704
-2.4247596 -3.0319996
-3.2140832 -1.7766995
-3.0002222 -1.9970433
-0.92765284 -1.8192031
-2.3142807 -1.7561795
-1.7166997 -1.3490169
-2.0589838 -2.7338605
-2.7221742 -1.80911
-0.21674418 -3.7830927
-1.6674784 -2.8408701
-1.9761499 -3.2210922
-2.9880283 -2.0608962
-1.5938414 -2.709065
-3.4739149 -3.460844
-2.0165608 -2.1508937
-2.6217482 -1.8691068
-3.627038 -2.6383765
-1.2055564 -3.6316316
-1.3736432 -1.6459031
-3.14493 -2.3153322
-1.4863243 -2.7938154
-2.6839774 -2.138766
-2.7489233 -2.8084145
-3.372371 -2.1003869
-2.1768513 -2.1617785
-2.3236957 -1.2061052
-2.8783789 -3.2373793
-1.9957651 -2.9404333
-2.3313296 -2.057172
-1.8252306 -3.5112495
-2.0111141 -3.2366533
-1.223091 -3.4973023
-1.3637248 -3.0423725
-1.5015075 -3.0971987
-3.1423788 -2.500205
-1.6497129 -4.63507
-1.1369944 -3.5013285
-2.7618952 -2.094071
-2.0670764 -1.3400862
-1.305335 -3.6833086
-2.8355803 -3.0588393
-2.2928472 -2.0724273
-1.5238321 -2.680648
-3.6207578 -2.0009518
-1.453287 -3.1018481
-1.9650483 -1.9030026
-1.372824 -2.1133063
-3.0929952 -1.0066097
-2.6824422 -2.5843284
-1.262727 -2.7245202
-2.9253378 -2.0193865
-2.0339015 -2.4985714
-2.0517526 -2.2223375
-1.9991422 -2.8233685
-2.915851 -2.9526045
-2.8134615 -3.34767
-2.587266 -3.0992079
-3.4256625 -1.7943383
-2.1986837 -1.2990284
-3.5027747 -3.5122216
-1.9231677 -2.8705323
-1.6334641 -1.9785392
-1.8159903 -3.0129707
-2.0189013 -1.8839966
-1.2494389 -2.8843489
-0.88687336 -1.5040251
-2.1657715 -1.2908846
-2.3913438 -1.3591795
-1.0511189 -3.379848
-3.2364912 -2.2907317
-1.8367745 -4.385982
-2.698095 -2.3812606
-2.9718297 -2.5793068
-2.3251972 -2.3814137
-2.337176 -2.9204202
-2.9523506 -1.7996298
-1.2556471 -2.9165516
-2.6341012 -3.3364468
-3.1519818 -2.8324516
-0.06704521 -2.8676338
-2.0734951 -2.3195674
-2.6889703 -2.0310504
-3.7008393 -2.6140206
-4.522595 -2.5894122
-1.4535744 -4.1115236
-3.063982 -2.4952264
-2.8462248 -2.5183
-2.4004653 -1.6976998
-3.2670102 -1.4840784
-0.79888 -1.5359735
-1.796133 -1.2017773
-3.5617433 -3.0370998
-1.865202 -2.066246
-2.8119545 -2.2439816
-2.2102623 -1.7832875
-1.4027289 -3.9888597
-2.2403817 -2.759984
-2.0098414 -2.5903952
-2.283674 -1.23673
-1.7040952 -3.8042338
-3.1124067 -2.500943
-1.8703024 -3.6434627
-3.3992682 -1.6931529
-2.2880082 -2.6060648
-3.1461995 -1.9923842
-3.4344118 -1.5279638
-2.1195843 -2.7434032
-3.3041782 -2.6014118
-2.60543 -2.4628785
-1.4218084 -1.8853321
-0.93200064 -3.0112872
-2.036737 -2.8580828
-3.5345104 -2.076802
-0.85210097 -2.6434555
-1.6014065 -2.770282
-0.57642996 -1.1038332
-0.9781319 -1.781075
-1.5490224 -2.917422
-0.17107129 -3.0279322
-2.5760736 -2.4986854
-1.6047629 -2.0572712
-3.840523 -3.2056131
-1.2244759 -3.902919
-2.3237157 -3.3646722
-3.7262635 -2.49001
-0.20092475 -2.611734
-2.6612039 -2.6425605
-2.0358953 -1.5816995
-2.0817645 -2.5108979
-2.6172538 -1.8831229
-1.9736745 -1.7693748
-2.3377724 -1.3334805
-1.1397474 -4.8660107
-2.6894526 -2.8025615
-2.6336212 -2.5682335
-1.3827425 -2.8535812
-1.8743232 -2.085444
-3.544871 -2.692912
-1.1351359 -2.2075512
-2.6111033 -1.5062581
-1.5808821 -2.9730272
-1.0823219 -2.8758547
-2.3689811 -2.897354
-4.1150417 -2.9213893
-1.7890207 -2.5316045
-0.47054696 -2.9533176
-2.873287 -2.0721822
-4.238549 -2.6848261
-3.5469234 -2.5850937
-1.2294691 -3.1030624
-2.34794 -3.2823339
-2.9440858 -1.430837
-0.74584436 -3.9482055
-3.4453151 -2.0130773
-2.7596366 -2.7543354
-2.8371828 -1.7533257
-2.9163985 -1.6797684
-1.770214 -1.807606
-3.4322917 -1.7553644
-3.0992348 -2.752862
-2.4230423 -1.2444686
-3.4619057 -2.5245304
-0.8674371 -3.2719705
-1.8718343 -2.9815257
-2.5326102 -3.1208134
-1.9558998 -1.8879322
-1.8832451 -2.0180078
-1.7249453 -2.8994293
-3.4076397 -2.6223524
-3.3852317 -2.9224014
-1.8449128 -2.4588652
-2.8344579 -2.096934
-2.465709 -1.4926288
-2.8628275 -2.7619007
-1.50386 -1.2012773
-0.3941536 -2.299299
-3.082582 -2.4414868
-1.7429417 -1.5593731
-2.3805883 -1.683918
-2.7520416 -1.9607456
-2.7918222 -2.402966
-2.363933 -2.2343218
-3.0754464 -2.4529438
-3.1581895 -1.33505
-2.0897162 -5.97385
-2.5337493 -3.7954667
-2.0591402 -1.4992838
-2.100257 -3.9554117
-1.4337898 -3.0362527
-3.3613086 -1.0921456
-3.5657248 -2.0795999
-3.780601 -2.847388
-1.213516 -4.034906
-0.91057813 -1.4278253
-2.0065544 -3.5448027
-3.8344393 -2.4590874
-2.679216 -2.4936159
-2.5449972 -2.501479
-3.430133 -2.5925412
-2.5585506 -2.5344388
-2.1152754 -1.4862971
-3.9285722 -2.3763466
-1.6099999 -2.1889498
-0.23919882 -1.7000562
-3.6402776 -1.6541433
-1.336936 -4.2665215
-3.656816 -2.4102538
-3.906273 -1.8715206
-1.0626949 -1.9424388
-1.4580263 -2.3590927
-1.0971073 -4.0229278
-1.0929548 -1.8557457
-3.1702404 -2.575604
-0.77804196 -0.621999
-2.5504103 -2.3461626
-1.3501139 -2.381357
-1.4944522 -2.1232622
-3.4513526 -2.5047696
-2.093919 -2.5866525
-1.5295311 -3.1930614
-1.5530746 -3.0202994
-4.013895 -1.6609913
-3.9444048 -1.6697143
-2.4949865 -1.6436882
-3.1990373 -2.482824
-2.0038476 -1.4679216
-3.0195773 -2.1416311
-2.1450655 -2.013484
-1.699192 -3.2394814
-2.2692668 -2.0732057
-3.1734512 -1.8538398
-3.6912737 -1.5779291
-1.9237831 -2.906886
-4.0293784 -3.0203524
-2.3820772 -2.5991354
-2.3062973 -2.7818868
-2.2498345 -3.2434494
-3.1049411 -1.86406
-3.3345878 -1.6042267
-3.4091797 -1.9346434
-3.868598 -3.0848618
-2.7491646 -1.8779382
-3.3582165 -1.2950399
-2.7699392 -1.9588844
-3.2425237 -1.3131973
-1.8398209 -3.4502075
-2.0298233 -2.2827723
-1.96273 -3.1383789
-2.4620883 -1.6298325
-2.8838441 -4.611336
-2.2985687 -1.20066
-2.813779 -2.2533655
-1.9240316 -2.307631
-1.5653367 -3.1898835
-2.5342662 -2.9459379
-3.679053 -2.4707959
-2.820991 -1.6658599
-2.4439998 -0.904797
-3.8382943 -3.170893
-1.5222795 -2.3957598
-3.0010471 -3.5280993
-2.6172383 -1.466902
-1.9887933 -2.0808733
-2.9277368 -2.3026032
-2.658503 -1.210728
-2.2795212 -2.0653617
-1.7388794 -2.8314767
-0.20113875 -3.2230115
-1.3605841 -3.0042434
-2.9688158 -2.892893
-3.5359035 -1.6027272
-1.6461002 -2.3681529
-0.6212846 -2.531278
-2.3395593 -2.7186553
-3.2212007 -2.8928666
-1.0983895 -1.6514736
-3.9862678 -2.3750472
-2.5228186 -3.6296
-2.327151 -2.9068823
-2.116785 -3.2354567
-1.4491788 -2.2850497
-3.0385566 -3.8511162
-1.3278201 -2.9048626
-4.611498 -3.3290484
-3.0222735 -1.542138
-2.8368297 -1.8098544
-1.6792567 -2.4710636
-2.6758273 -2.0509303
-2.1810875 -2.3207078
-2.3060405 -3.0484798
-0.8683293 -2.1385543
-1.6906285 -1.2029098
-3.2098434 -2.950011
-2.1980147 -1.8027157
-2.8501525 -1.8561876
-1.7498546 -2.492046
-2.936877 -2.94349
-2.7769196 -2.9091113
-3.3095326 -3.3047905
-3.1749053 -2.8243728
-1.7118771 -2.8581197
-0.9469789 -3.8522503
-0.08746302 -3.5354664
-1.8312386 -2.5481758
-3.9908934 -3.289049
-0.76751983 -3.5007644
-3.1515968 -2.8752048
-1.9537395 -1.8725791
-3.7283223 -2.9539773
-2.720562 -2.0146549
-3.338718 -3.0716536
-1.3072915 -3.8996923
-3.5719628 -2.0107253
-0.8362684 -3.4506896
-3.2844071 -1.8358818
-3.1886384 -1.865783
-2.391727 -2.5112212
-4.9388075 -1.7977386
-1.4922886 -1.855045
-2.1486495 -2.736389
-2.6149065 -2.02262
-2.444383 -3.7000704
-1.614057 -3.2893503
-3.308746 -2.8957617
-1.4822501 -2.5962625
-2.2714715 -2.5013707
-1.2082182 -1.4187907
-3.472437 -2.6300821
-0.7025881 -2.3468516
-1.1378815 -2.7991066
-2.2757325 -2.1862566
-2.499487 -1.9325736
-2.3723326 -2.7524643
-3.710552 -2.3006208
-2.801903 -2.9950552
-0.7730528 -3.7693045
-2.2610996 -1.9636337
-2.5515184 -2.5530035
-3.5004637 -1.6927744
-3.0140202 -0.9036826
-3.4483597 -1.5841084
-2.3941157 -1.8726697
-1.910772 -1.9924579
-2.1661005 -1.7849113
-2.1632884 -3.6124883
-1.7197254 -1.9600968
-1.4486271 -2.6044128
-1.1297106 -3.3606963
-2.6919684 -1.9591627
-2.6117823 -2.2128263
-2.1267674 -1.6587088
-2.1549969 -2.6927629
-1.998855 -2.5931358
-2.791951 -2.241722
-2.545291 -2.7229893
-2.5819254 -1.3848672
-2.4569924 -2.4491363
-3.5777004 -1.9794047
-2.5273254 -2.6236222
-0.33425114 -3.7567651
-3.05341 -2.6437268
-2.607117 -3.1157691
-2.576845 -2.341374
-2.4873738 -2.7383792
-1.4352643 -2.3557436
-1.8911461 -3.3500586
-2.6763592 -2.2965932
-2.9905198 -2.342318
-0.9535192 -3.0327141
-2.3148687 -2.9152744
-3.6213572 -1.9526452
-2.975797 -2.511045
-2.2437856 -2.476149
-2.3259852 -2.0953774
-2.9784153 -2.777301
-0.97607064 -2.923841
-2.623294 -0.8474923
-3.000124 -2.2066355
-1.6074293 -1.4036796
-1.9057 -2.9456048
-1.7495497 -2.589394
-2.665335 -2.0620785
-2.0544868 -2.8072436
-2.3712745 -2.091134
-2.6642368 -2.3876693
-3.3411357 -2.371932
-0.8781556 -4.6195626
-3.3253806 -1.8329694
-2.4082985 -2.1787035
-2.847262 -2.9655874
-2.7363424 -2.0152278
-1.3411735 -3.142928
-3.1095817 -2.1892366
-1.5549086 -3.882735
-1.0819486 -2.856578
-2.121733 -1.9535967
-3.494176 -1.9420989
-2.4682286 -1.7547137
-2.4813144 -1.186377
-4.089678 -2.4289365
-2.4566429 -1.9044694
-1.7938936 -3.033053
-1.7253368 -3.0305276
-1.4698992 -2.0742729
-1.3864034 -0.45447755
-3.4836516 -1.923313
-2.8103285 -2.993587
-3.2685688 -2.8346007
-1.8484105 -1.9640026
-2.6243231 -1.5138527
-3.313759 -2.1220295
-2.985503 -1.8000203
-3.3426876 -2.4546459
-2.1844802 -1.5939944
-1.644934 -2.7835588
-1.8112006 -2.5981302
-1.97084 -2.9573596
-1.7669375 -3.1727455
-1.5997496 -3.2156973
-1.9608401 -1.9529155
-2.3166556 -2.323251
-2.2794511 -3.7627654
-1.2009056 -1.7487832
-2.3975039 -2.223838
-2.082371 -2.4927254
-2.8135664 -1.8928546
-1.6425408 -1.9871945
-1.2876669 -3.1796415
-3.4166472 -2.5232065
-1.0292659 -3.309713
-1.2259853 -1.4042056
-3.5262296 -1.9413357
-0.9713576 -2.2327566
-3.2333324 -2.5390375
-1.4869685 -2.1815968
-2.21274 -3.2010243
-2.3700964 -2.5074718
-2.9251819 -2.5920851
-2.5308592 -2.265849
-2.8381436 -1.7779849
-2.364087 -2.892742
-1.8058866 -3.5276518
-3.8236876 -2.632375
-3.0575473 -3.1762474
-2.8084247 -2.7791553
-1.3218192 -1.8047541
-3.509558 -2.6848426
-1.7759887 -2.224453
-3.8302674 -1.8134247
-2.1292872 -2.6872683
-1.6567343 -2.263909
-2.1781774 -3.0570788
-1.5189797 -1.8534633
-1.316636 -1.638175
-2.7961042 -2.0979474
-1.1014752 -2.687451
-3.0187082 -2.2259252
-3.3163028 -2.633228
-2.5318825 -3.3845031
-2.4593947 -2.9017506
-3.251676 -1.2179667
-1.6923745 -2.476748
-1.4588071 -2.1154594
-2.0218196 -1.3110197
-2.4894087 -1.5686134
-2.5400388 -1.9207329
-1.035172 -3.3841035
-3.0844102 -1.7196176
-1.5277253 -2.4477174
-1.6234134 -3.3105652
-2.5110872 -2.5755486
-2.1598277 -4.771828
-2.2939947 -1.5751115
-2.6432843 -1.8156666
-2.9578242 -2.235936
-3.5566647 -3.6990998
-0.8292407 -1.4698211
-2.848307 -3.0048492
-2.2216287 -2.3125648
-2.7139223 -1.4818091
-2.1659234 -4.23395
-0.95542943 -3.2730734
-1.380489 -2.420184
-2.567748 -3.5611358
-2.3356044 -2.736764
-2.6497262 -2.1869233
-2.0906165 -1.4007872
-2.8711002 -1.4910926
-2.4588866 -2.1057065
-2.963415 -2.1282945
-1.6039623 -3.5281103
-2.4792154 -1.2127453
-2.1243196 -3.074753
-2.530873 -3.111844
-3.024098 -1.6186862
-1.9985713 -2.8494296
-1.4371964 -2.9279597
-0.61439806 -3.118124
-1.3585612 -2.2915003
-3.225928 -2.1133375
-2.3481262 -2.0645223
-2.7322738 -3.2503524
-2.0661619 -2.5485847
-0.5726098 -3.244757
-1.9545703 -2.1739738
-1.3992903 -2.439033
-1.9016867 -3.2929587
-0.19347727 -2.2537966
-1.854782 -2.5105891
-1.9187467 -4.5650115
-1.8115991 -3.8088522
-2.8379478 -2.5052018
-2.883547 -2.514455
-3.2120686 -2.7089674
-2.0051315 -3.0904255
-2.2903075 -2.0529542
-2.8490891 -2.5417511
-2.5638099 -3.1632154
-1.9106054 -2.4794092
-3.2800233 -2.023707
-2.5708964 -1.847901
-3.6606638 -2.0161016
-0.24646537 -1.9437352
-1.6612526 -1.5958691
-2.1569133 -3.3955889
-3.6707358 -1.7616866
-1.9085064 -2.762357
-3.7466013 -2.3747735
-1.3689197 -3.1863973
-3.2167606 -1.9412252
-1.7758555 -3.2563515
-1.3205246 -1.7521406
-1.589988 -2.6764886
-3.3769875 -2.4984818
-3.1241834 -1.8654425
-1.0271207 -3.5428789
-2.9407892 -2.284206
-2.105289 -0.905769
-1.7761959 -3.0109372
-2.1337197 -2.8928936
-1.6527989 -3.2232618
-2.1640265 -1.956124
-3.4665182 -2.157648
-3.0185912 -1.4614111
-2.2096605 -2.2904403
-3.0862405 -2.3038726
-3.22827 -1.9200022
-2.227584 -2.4443524
-2.1412723 -3.1656752
-2.7348547 -2.6832843
-4.9701657 -2.6024926
-0.9488162 -2.650713
-2.9649377 -1.7108821
-4.028908 -1.590852
-2.5783691 -2.5071726
-3.6044505 -2.1898708
-2.534859 -2.7374673
-2.0910537 -1.705523
-1.3587584 -1.9622921
-2.6094728 -2.591896
-2.7278702 -1.8574859
-1.5324223 -1.9914818
-3.0697432 -2.6677973
-2.3118396 -1.6245356
-3.2840652 -1.8327485
-1.9711684 -2.292568
-2.750315 -2.0646553
-3.502347 -2.2278826
-3.4826293 -2.5190947
-1.3358358 -1.1654459
-3.4079833 -2.336099
-2.7516992 -2.1415987
-3.2404284 -3.0090141
-2.4362218 -1.4358363
-2.857428 -2.393095
-0.188974 -2.7298484
-2.7782292 -2.463008
-1.9208984 -2.6065962
-3.2632008 -2.81753
-1.6098311 -3.8307664
-2.6486113 -4.2691283
-3.4138966 -2.444622
-2.913091 -1.9910207
-3.3312817 -1.7333499
-2.0296004 -3.312896
-1.7039433 -1.1128644
-3.0953114 -2.0010731
-1.4223187 -2.9151914
-1.7219447 -2.7884781
-1.921135 -2.8007972
-2.1879795 -2.0428596
0.2061604 -2.7976198
-2.2952645 -2.913523
-3.7268686 -2.2576404
-2.9266717 -2.4274974
-3.2844298 -3.0190408
-3.3619406 -2.4009955
-2.8370655 -2.4153001
-1.6413921 -2.9128845
-1.5666776 -4.0221014
-2.4548526 -1.1798548
-2.4881508 -2.818629
-0.5300008 -1.7603053
-2.0473235 -2.610687
-3.982904 -3.5869744
-1.7734351 -3.1047773
-0.8876116 -3.2608016
-2.1798036 -4.016922
-1.7297174 -1.7505187
-2.2822526 -2.7033381
-1.2650018 -1.6470274
-2.5970402 -2.2635334
-1.0362921 -3.4411032
-3.8645926 -2.0945315
-2.8101525 -2.8292973
-2.2238865 -2.4131775
-1.3845226 -4.1856003
-3.0772421 -2.6032064
-2.2221243 -1.2884027
-2.7624328 -1.9202331
-2.8314855 -2.9652643
-3.024551 -2.4740887
-3.3545146 -4.1235433
0.42868575 -2.709907
-1.8951261 -1.5655793
-2.8988254 -1.6510948
-2.301442 -2.2904093
-2.3715913 -1.1884823
-2.4355009 -2.0179555
-1.129874 -2.649066
-1.89066 -2.6209874
-0.0776788 -2.6757965
-1.4911029 -3.8234134
-3.741102 -1.6124697
-2.086653 -1.2305421
-2.6961825 -2.1740983
-1.8303452 -3.3688965
-1.9758904 -0.8222213
-2.5503132 -2.0729284
-3.727119 -2.452524
-0.22645874 -2.5367992
-1.9754074 -1.783667
-3.6710467 -3.1068308
-2.9938898 -3.4856122
-3.4707897 -2.8973074
-1.0168258 -4.2948403
-2.1754587 -3.7944891
-3.1260784 -2.4906538
-3.6498294 -2.1998348
-3.101696 -1.9204302
-0.86447775 -1.848045
-3.5990136 -3.2750921
-1.8632431 -3.5656118
-1.5885953 -2.6051826
-2.253987 -1.7581999
-2.874868 -2.2624912
-1.8339444 -1.9651132
-0.09239973 -3.1835864
-4.004898 -2.7420468
-1.3493019 -1.6003044
-1.8634682 -2.1006062
-3.0069957 -1.8527309
-2.507166 -2.3789265
-2.4127352 -2.152951
-3.6406012 -2.0802474
-1.3582727 -3.0999002
-1.8721597 -2.4582953
-2.6697264 -2.7733793
-1.9150794 -3.3046002
-2.3972936 -2.1611183
-1.0207521 -2.1071455
-2.6441221 -2.672711
-2.8364062 -2.258532
-3.1142 -2.2055588
-2.886109 -2.2003903
-1.7478038 -3.1047864
-1.0813497 -2.4448996
-3.4179645 -2.2779565
-2.9358995 -2.5996294
-2.560948 -2.1514444
-3.2626593 -1.8005139
-1.3264189 -3.4274857
-3.0142624 -1.2903473
-1.2384992 -4.413473
-3.01208 -1.9099655
-1.6770631 -3.7609086
-2.9190943 -2.998699
-0.545351 -4.400516
-2.617462 -1.8167329
-1.9760791 -3.1877427
-2.1168246 -2.2024605
-2.4947176 -1.3063176
-3.3236053 -3.3783572
-2.288092 -3.384049
-4.1159854 -2.3401248
-2.606626 -1.1036835
-3.943054 -2.3949206
-1.5566918 -3.6473112
0.063612014 -2.1228836
-1.4000088 -2.1745143
-3.0522768 -2.0762527
-1.5123698 -3.73307
-1.157857 -3.1146252
-2.5045257 -1.462083
-2.3713198 -2.5699208
-2.5558767 -2.7762682
-1.9334838 -2.1236134
-2.2930999 -1.6549001
-3.002796 -2.5642889
-3.709913 -1.9737954
-2.7451475 -2.456556
-0.6718426 -3.4650517
-2.1542797 -1.4876627
-2.9647686 -2.40066
-4.0555644 -2.8745341
-2.0763 -2.7209473
-2.549518 -1.8571864
-1.6263146 -6.9238524
-3.858514 -2.1905878
-2.1089876 -2.8216686
-3.1450706 -2.547628
-3.5135677 -2.4139109
-2.6201282 -2.1940033
-1.7687572 -1.608819
-1.6864263 -2.7296872
-3.6230865 -1.9653656
-3.0092418 -1.760246
-2.9961243 -1.6841401
-1.0613891 -2.4090638
-2.250987 -2.775309
-2.3989756 -2.579643
-1.2903869 -2.9362755
-2.485701 -3.1720715
-2.1694553 -2.721935
-3.0953631 -2.467506
-3.4985921 -2.6860943
-2.1941676 -2.3745606
-2.8964493 -1.1456223
-0.06460261 -1.2521119
-3.0376594 -1.9821839
-1.8182904 -2.7170436
-1.3208841 -2.0674362
-1.9629056 -3.6523335
-3.1403933 -2.949166
-1.3829728 -4.056775
-3.6483374 -2.375143
-3.486394 -2.6039062
-2.4299898 -1.8124056
-3.1459901 -2.2941759
-3.0097055 -2.529031
-3.1445532 -2.3622782
-1.4453281 -2.4037058
-2.377157 -2.5224288
-2.189515 -2.1069965
-2.017578 -2.810196
-3.6827083 -2.789166
-2.4728172 -1.866554
-2.0090578 -2.3840308
-4.032431 -2.6657822
-3.143451 -1.8872688
-1.0712537 -2.350447
-3.8951523 -3.4143264
-2.962141 -2.4506419
-3.241798 -1.4988921
-1.450408 -3.569838
-1.3775165 -4.2936425
-2.5079477 -2.3431864
-3.644049 -2.4332817
-3.1681764 -1.2995057
-2.8809164 -1.798154
-0.58142936 -2.8301125
-2.5307713 -1.5486567
-2.668427 -3.0037906
-2.2985528 -2.6243896
-2.8714693 -2.131893
-1.2622697 -0.8421705
-1.2451317 -1.4447316
-2.6480856 -3.2283957
-1.5495008 -4.0445676
-1.6674756 -2.5775394
-3.2546062 -2.5135942
-4.279334 -2.770187
-2.2119331 -2.8863816
-1.680486 -2.2122152
-2.6170614 -2.4951055
-2.5707178 -2.7997098
-3.340942 -1.7284089
-2.2024167 -2.0935185
-1.9171654 -2.768294
-4.352805 -2.4973938
-1.3757374 -1.2101139
-2.6213179 -2.0061054
-0.57633805 -3.0228405
-1.1828691 -2.0815792
-1.2489736 -1.3857864
-1.0539241 -1.9751108
-2.7121038 -1.5494574
-2.116827 -2.2965357
-2.5946205 -1.4242446
-3.5715475 -2.44366
-3.1325943 -2.51886
-2.4461873 -2.088483
-3.4024932 -1.7580701
-0.36545384 -3.0430605
-3.4129207 -2.2451568
-1.8556445 -2.8970065
-2.6463773 -2.7636704
-3.139091 -1.5853176
-3.2928 -1.9025387
-2.0732415 -1.6638224
-2.438482 -2.5916023
-3.7714605 -3.2834442
-3.3195941 -1.2274928
-3.4818413 -2.890415
-2.3375442 -2.7335434
-1.2661508 -1.8904313
-1.3925865 -2.2817943
-2.0310135 -1.6511027
-3.0234206 -2.7921343
-2.3720818 -2.102652
-2.3493316 -3.4962726
-1.6857966 -3.484285
-1.4184853 -1.1807165
-1.135701 -1.8765695
-2.8012419 -3.1877508
-2.6177979 -2.3747172
-1.0967674 -3.496471
-3.4000866 -2.8742712
-2.5912635 -1.7530751
-2.0373027 -3.1687999
-2.0875902 -1.7034588
-3.3333232 -2.289164
-1.451454 -3.6137164
-2.546495 -2.4576805
-2.6472054 -2.795402
-4.0691433 -2.0425751
-2.7851446 -1.7439251
-1.8807299 -1.7567153
-3.1176686 -2.1864674
-3.6480408 -1.9701089
-3.3730006 -4.334828
-2.4684494 -2.470888
-2.3893232 -1.904403
-2.3745928 -3.0926757
-2.6824594 -1.2862929
-2.949479 -0.6913479
-3.097545 -3.0703058
-3.3080947 -1.9610062
-2.1758485 -3.941192
-2.0844538 -4.1534767
-2.561348 -2.6639233
-1.2525005 -2.1135247
-1.2941821 -3.1615496
-3.180736 -1.4426376
-1.6593251 -3.0837927
-3.9161468 -3.1504097
-2.1754818 -3.1225305
-1.2157596 -1.9889907
-2.3785686 -1.7027375
-1.2732897 -1.9952699
-1.1804879 -3.4857728
-1.9863017 -2.0350442
-3.227255 -1.5095129
-2.1447275 -3.2459254
-2.1088936 -4.974041
-3.0304613 -2.2448506
-3.4053576 -2.7766547
-1.9116423 -2.40332
-2.5010307 -3.59757
-3.8333068 -4.443188
-2.1855452 -2.4755986
0.06267783 -1.4099694
-3.8377862 -2.7378821
-3.7830527 -2.6790652
-0.8264997 -2.239987
-2.8079064 -1.879711
-2.5570633 -3.0799067
-3.2620966 -2.7458222
-2.7022653 -2.8741453
-1.2890376 -2.2038774
-3.0541558 -2.3080347
-2.441242 -2.2333307
-2.8873382 -2.911676
-3.859716 -1.3468629
-2.4139254 -3.1324859
-3.0539942 -1.4677587
-1.7923728 -2.5207438
-3.2702074 -1.7470479
-2.1384163 -3.5652456
-0.22420597 -2.6408873
-1.4658332 -2.1460888
-1.3370655 -2.7814603
-1.3217676 -2.7728336
-1.5254017 -3.5479856
-2.5414488 -1.970385
-1.0443158 -2.7759323
-0.4451563 -2.7566674
-2.7300134 -2.5393412
-2.533719 -2.6943798
-2.7174306 -1.970729
-2.7184412 -2.1879222
-1.5020527 -2.2966342
-1.2828323 -3.4048727
-1.9059666 -2.3046093
-1.5437297 -1.4415534
-3.517217 -2.125629
-2.3164403 -1.3822175
-2.698129 -1.493001
-3.2136295 -2.3525186
-2.6526475 -1.873726
-2.0120485 -2.4662006
-2.7821023 -2.9320009
-3.1472294 -1.6106746
-1.7574073 -1.3756472
-2.7303784 -2.0949414
-0.15419275 -1.9099549
-1.7267326 -3.1321244
-3.5839696 -0.93964744
-3.2492683 -2.2378047
-0.9159217 -4.130094
-1.9559373 -2.4629586
-2.100036 -1.9253069
-3.1636055 -1.9616345
-1.9388227 -2.4298723
-2.9416213 -2.1413112
-2.5567844 -2.7772534
-3.4153743 -1.3997428
-2.212376 -3.1457574
-2.7771192 -2.8619177
-2.1064036 -2.7001095
-2.8064563 -3.2942955
-3.1522107 -1.6196383
-3.3054702 -2.498563
-2.1598597 -3.6168187
-2.0593262 -1.9291433
-2.8436577 -2.5056152
-3.6583514 -1.8832588
-3.5720642 -2.2296472
-1.6302053 -2.5203192
-1.2381883 -1.7520624
-1.932054 -2.0168262
-3.1074328 -3.730209
-3.788773 -2.5331016
-1.6890912 -2.561089
-3.0775375 -1.9481264
-1.6881421 -4.564839
-3.44519 -1.7803456
-2.4724233 -2.127546
-1.048237 -1.5103929
-2.9476838 -2.2052274
-1.3797092 -2.9266112
-3.2986524 -2.666303
-1.2203054 -2.0734825
-2.2977805 -2.252844
-2.9597173 -2.431703
-3.695864 -1.5790169
-3.1316805 -2.0376499
-1.7167636 -2.0788524
-2.3977253 -1.8471582
-2.5664425 -1.5575684
-3.412724 -2.883943
-3.697858 -2.6143088
-1.607163 -3.3793116
-3.4186957 -3.6679404
-3.5889323 -3.1845975
-2.9524066 -1.7527097
-2.7753043 -2.980661
-3.5135849 -1.11591
-1.1681532 -3.3417788
-1.7224301 -2.8559177
-3.269453 -2.7317214
-2.3856595 -1.8038205
-0.63337874 -3.153996
-1.0187379 -1.9943144
-3.5940356 -2.2858958
-3.3847923 -1.4434702
-3.9565518 -1.8535205
-1.7035646 -1.8022008
-1.9576511 -2.3469558
-4.0763416 -2.050759
-0.2727357 -3.1741104
-4.0828114 -2.5169702
-1.2690164 -3.2226448
-1.4553227 -2.5556896
-2.3267808 -2.0272436
-1.747158 -2.2707872
-4.0115957 -1.8676574
-2.2183578 -1.2489468
-2.0657938 -2.8343656
-2.8288023 -2.1717536
-3.1398764 -3.46298
-1.7832241 -2.4707468
-1.9211051 -2.6282697
-1.0140557 -3.5007434
-1.8500562 -3.1332161
-3.1219995 -2.8223228
-1.4649518 -2.5779018
-2.3621874 -2.7040968
-2.9290836 -2.8602276
-2.369407 -3.4469602
-0.77012634 -2.371788
-2.0171363 -2.2031002
-2.8324049 -1.4258287
-3.253138 -2.0438774
-2.751095 -2.8949993
-2.5751812 -1.6775366
-3.7346385 -1.7256277
-3.147624 -1.8885478
-2.0001795 -2.0174947
-1.5089351 -1.8957635
-2.8768694 -1.8490491
-2.7503679 -2.1628811
-2.6267817 -1.8954384
-2.9027956 -1.991687
-1.4467275 -2.108775
-1.715098 -3.3646407
-0.6634291 -3.6481428
-3.0555322 -2.4398735
-1.1291031 -2.3366919
-2.220287 -2.853446
-2.5027404 -2.1635215
-1.7980322 -2.3396513
-2.0787187 -1.4576236
-3.314775 -1.9488295
-2.3915138 -2.6595857
-2.8954763 -2.1063368
-2.286299 -2.383462
-2.688836 -2.509638
-3.307759 -3.37924
-2.8783154 -2.9881284
-1.4745449 -3.244315
-1.2874961 -2.5508947
-3.4695992 -2.3816235
-2.2553773 -1.5082418
-1.233548 -2.2869906
-2.3321412 -1.6465976
-2.5281067 -2.7738366
-3.0457792 -2.9146852
-2.145555 -2.9642642
-2.0596993 -3.198675
-1.6474023 -3.0988953
-2.6993105 -3.250661
-1.5336206 -3.0897095
-3.2045257 -3.0694187
-1.999097 -2.8986797
-3.4704604 -2.6867256
-1.6147156 -3.335067
-2.2216947 -1.3772932
-1.1572824 -5.0426793
-2.0269682 -1.539958
-0.4839629 -3.6911025
-3.6448815 -2.5460238
-1.9447249 -2.7064726
-3.2356076 -2.4385457
-2.8711958 -2.2259302
-2.2494185 -2.4225645
-3.6296272 -2.5895097
-1.8649603 -3.7405763
-1.9855931 -3.2921655
-2.0064507 -2.0028014
-3.4692981 -1.9385514
-2.4354553 -2.9771373
-2.675169 -2.169815
-1.7583451 -2.061644
-3.092261 -1.8575811
-3.0938349 -2.7540743
-2.4185042 -2.0652544
-0.9818491 -3.6365585
-1.7026068 -3.373801
-3.1635623 -3.9470491
-3.5616639 -3.1651256
-2.982468 -1.8987086
-1.3359082 -3.2482388
-3.0161374 -2.9026594
-1.9954821 -2.4257941
-2.4253888 -2.4630997
-2.9310815 -3.2259147
-1.9893452 -2.0001729
-1.2569458 -2.6071086
-3.162105 -2.7697933
-1.4083798 -1.6902623
-2.8545072 -2.822961
-2.6687949 -2.2623286
-1.9276406 -2.6855497
-2.5110507 -2.2049146
-0.6967621 -3.8203237
0.13398644 -3.7136378
-3.5839877 -2.903995
-2.9912996 -2.4177787
-1.0591829 -2.3119822
-3.5882514 -2.733071
-1.4396309 -2.12158
-2.1484702 -1.6706765
-3.8518636 -2.1991704
-1.952892 -2.696639
-2.9871814 -1.7188162
-1.3374056 -2.9028153
-2.87908 -2.950824
-1.3282125 -2.903349
-1.92246 -2.8636754
-2.8984184 -2.5758026
-1.1723638 -2.201691
-2.791071 -2.399672
-3.4858835 -2.6872272
-2.2763424 -1.9411819
-2.7547867 -2.5238502
-0.49295717 -2.949569
-2.3540587 -1.8916798
-1.2915032 -3.063873
-2.4226022 -2.7081149
-0.7447299 -2.4184282
-0.9374814 -3.3060782
-2.4957454 -2.1260507
-2.6230125 -2.2095797
-2.7994816 -2.04196
-2.964674 -1.9863402
-2.7116168 -3.280925
-0.30527225 -4.0555406
-2.5502193 -2.1609678
-1.3829069 -2.9433353
-2.11121 -2.4282596
-1.1453696 -1.1184981
-3.765905 -2.4408677
-1.8013033 -2.2782414
-2.114644 -3.1929884
-1.449615 -1.7933342
-1.8076711 -2.4635713
-2.4358737 -1.7119038
-2.2187574 -2.748883
-2.7095644 -2.1221876
-1.0852318 -3.28071
-2.3810074 -2.2049077
-1.1491318 -3.8627825
-1.6461103 -2.3740032
-3.177926 -2.2451046
-1.6932435 -1.8112323
-1.4204804 -2.5475132
-0.8387915 -2.4387028
-1.6617422 -1.537024
-2.304368 -3.4204957
-3.6300843 -1.1195562
-1.8336103 -2.4153173
-1.3331312 -2.1293824
-3.115142 -2.666748
-2.3525472 -1.0089318
-4.2539697 -3.2821195
-2.4682806 -2.5860665
-1.8630282 -3.7221105
-1.2815541 -3.4548848
-2.3490345 -3.216259
-1.676647 -1.6848586
-2.9317255 -2.061723
-1.7962275 -3.326407
-1.4367663 -3.2574687
-2.8499088 -1.7481513
-1.368968 -3.868906
-4.119849 -2.750792
-2.7625833 -3.6452284
-2.2179966 -3.5701184
-3.5541723 -2.1481247
-2.529824 -1.4820575
0.06473833 -3.0801182
-3.4048645 -2.2255726
-2.7046206 -2.5482278
-2.3728752 -2.457798
-2.84464 -2.7827423
-2.2520998 -2.7858021
-2.7299776 -2.1974864
-2.776725 -1.0702374
-3.24043 -1.9524717
-1.955349 -2.0627937
-3.591251 -3.1224787
-2.5755825 -2.2613816
-2.0716393 -2.9868462
-2.6915538 -2.219223
-1.972629 -1.4404889
-2.3888493 -2.2768543
-1.4099082 -3.1788607
-2.2294047 -2.9972825
-1.5333232 -4.4216
-2.0514748 -3.061061
-1.972153 -2.299764
-0.6437162 -2.6156564
-3.4465492 -1.8815042
-2.746852 -2.576114
-2.0162432 -2.8012457
-2.9031708 -2.7380214
-0.5192169 -1.9707829
-3.3198454 -2.3391724
-3.0743122 -2.7950964
-0.8193903 -3.686549
-2.7515724 -1.5930339
-2.7016687 -1.8533401
-3.8744218 -3.0856674
-1.8163475 -3.405081
-2.8390794 -3.1271343
-3.2305696 -1.7544128
-2.3445978 -1.66329
-1.3616221 -2.8071768
-1.9498842 -3.4396648
-2.6998208 -2.2647178
-1.8999131 -1.6193949
-1.6888299 -2.5816798
-1.9090419 -4.4718795
-3.8755171 -2.2498899
-1.7476679 -2.8372786
-0.79379976 -2.3327465
-2.7586162 -4.297692
-1.8629737 -2.7515202
-1.5268408 -1.5453728
-1.7821614 -2.723132
-2.8844876 -1.4515406
-1.5431416 -1.7152578
-3.2610333 -1.6866102
-3.704525 -3.653357
-1.0043217 -2.1632886
-2.3538556 -2.2973785
-1.6533693 -3.780556
-2.6167705 -2.8895395
-2.181078 -2.5483599
-1.9047064 -1.6570324
-3.0578578 -1.0000938
-3.6237142 -2.2952726
-1.389178 -2.7141247
-3.172767 -3.074622
-3.9276123 -2.6237593
-2.3174245 -2.808846
-2.127127 -1.3732753
-3.9482567 -3.0154626
-2.292509 -1.7858343
0.3866422 -2.4200814
-3.1283963 -2.3694754
-2.8570075 -1.736964
-1.2962974 -3.133007
-3.8778095 -3.220361
-2.9051988 -2.3715699
-3.547119 -1.7958885
-3.509998 -1.5318646
-1.798929 -2.4473221
-2.479675 -2.8470955
-2.9308872 -2.8618681
-3.1963122 -2.873707
-2.579341 -2.3634894
-2.9966805 -1.4158368
-1.6676272 -2.596131
-2.6542444 -2.3358674
-1.8626399 -2.0827382
-1.7950933 -2.4413247
-2.3362696 -2.6412814
-1.386721 -2.7281268
-3.3297818 -3.1386015
-2.3354015 -2.3458104
-3.297927 -2.1553955
-3.8864005 -2.7349534
-3.5505009 -2.6583967
-2.2445557 -1.6712254
-2.668451 -3.0925624
-2.6650462 -1.8067946
-3.3976104 -2.4231484
0.06942636 -2.843554
-2.9337378 -2.2288878
-1.7924298 -2.7541869
-3.56811 -1.9077151
-1.9966528 -1.2446992
-1.5876915 -2.0223684
-1.8343557 -2.66034
-1.2032243 -2.4060128
-2.76361 -1.1332197
-2.8561158 -2.1339753
-4.292031 -2.296843
-1.5832431 -2.8107157
-3.1467652 -1.4868621
-2.1568685 -2.432392
-3.869157 -2.631717
-1.4303325 -1.9574413
-2.8579235 -2.009895
-2.8167105 -1.595523
-2.368728 -3.6250231
-4.216096 -3.1996734
-1.6902741 -2.4727564
-2.5446398 -2.1856716
-2.879266 -2.4392526
-1.7108139 -2.479411
-2.996014 -1.2339438
-2.9262776 -4.832909
-1.1440451 -3.7336154
-3.25063 -2.4963832
-3.2267287 -5.120091
-3.4752507 -2.645849
-2.3936486 -2.0164254
-3.2011302 -1.9248797
-2.4552057 -1.6773756
-1.010571 -3.3436472
-2.324842 -3.4658344
-2.575138 -3.2510426
-1.9444343 -1.9632045
-1.6659119 -1.3201543
-0.80720866 -3.2078035
-1.8525537 -1.8698746
-2.1069744 -1.5233637
-3.4469476 -2.4653187
-1.8999217 -1.295315
0.1166749 -2.0130138
-2.7260237 -1.637005
-2.0186327 -2.7284133
-0.5506654 -1.8446974
-3.974456 -2.8353956
-2.117388 -1.6603875
-2.4175386 -2.945923
-1.7636702 -1.2318677
-0.88479245 -1.8982308
-3.1353536 -1.8974404
-3.5218 -2.2552865
-1.0106514 -2.3410823
-1.6581583 -1.9744709
-1.7476956 -2.11477
-1.4498596 -1.7548454
-2.4451783 -2.274585
-1.8676894 -2.0009444
-3.2169712 -2.9366596
-3.4690163 -2.225937
-1.7129964 -2.1306014
-1.9610809 -1.9398606
-3.1023014 -2.3221939
0.32546327 -2.233566
-0.6249943 -3.573147
-2.9662175 -3.0148764
-2.1281219 -3.219053
-3.253067 -2.9958065
-1.3561045 -3.1300004
-0.9604908 -3.5032492
-3.8210566 -2.129125
-3.8468819 -1.8017347
-1.8858893 -2.6837497
-1.7445143 -2.123065
-1.1355819 -2.209511
-1.475029 -3.8763733
-0.6208217 -3.0910583
-2.5602753 -2.1578624
-2.9984486 -1.1533848
-2.2101424 -1.8012264
-1.7829139 -3.3966727
-2.5010712 -1.6325358
-2.322644 -1.9486068
-1.2236849 -2.1461756
-2.0530376 -2.877392
-1.9266484 -2.2925742
-2.85188 -2.0812511
-2.4744632 -3.1492891
-3.4719603 -2.3385515
-2.5219662 -2.5977695
-3.3563538 -2.1451402
-3.260549 -3.1586862
-3.6023545 -2.8941293
-3.6420388 -1.809421
-3.43916 -1.2913709
-2.6075292 -2.0317297
-3.5040655 -2.5107915
-1.6341509 -3.4821157
-2.9569757 -2.574965
-3.0119202 -3.1029968
-1.4045972 -3.8978217
-2.9117184 -1.6611114
-2.9052365 -2.4167452
-2.2783303 -1.8242253
-3.4225044 -2.1291907
-2.6767967 -2.1028798
-2.7310736 -2.6350827
-3.962866 -2.3154273
-2.3896232 -2.2692857
-2.8616433 -2.0988991
-1.9693012 -2.6511798
-1.842311 -2.9355981
-3.0951166 -2.7998412
-2.5025504 -1.8109816
-2.492582 -1.6980786
-3.4017518 -2.450359
-0.72061956 -2.9600487
-2.5704095 -1.5347561
-3.0250492 -2.3734446
-1.5112578 -3.8614779
-3.2788672 -2.2722821
-3.0062108 -2.483591
-1.2619858 -2.598578
-2.0803585 -2.2421865
-3.339894 -2.7969503
-2.0998046 -2.1429386
-2.5241535 -3.2668693
-2.686049 -2.5341787
-4.0969973 -2.6478312
-1.2559123 -3.0212245
-3.7213948 -2.466995
-4.453188 -2.5898304
-4.199613 -2.831583
-2.702048 -1.4361817
-2.5378985 -2.4558694
-1.4018743 -3.68456
-3.613816 -2.1401348
-2.1822186 -3.9280024
-1.6851008 -2.0421803
-4.165953 -2.0496278
0.04123801 -1.6524895
-2.5860682 -3.2945201
-2.7109199 -2.5329733
-2.820192 -1.5201104
-0.50218475 -3.4079201
-3.3246784 -2.0340123
-3.8786314 -3.671592
-2.376581 -1.8042729
-2.0538976 -1.7936441
-3.2721813 -2.6612685
-2.7034178 -2.4058256
-0.64192057 -3.9201758
-1.851687 -3.0712147
-2.3180945 -1.7477661
-2.0201242 -2.880069
-2.3886435 -2.8532295
-2.33574 -3.0245907
-3.2237043 -3.9387405
-2.2355428 -2.0986927
-2.7563224 -2.416801
-2.3182402 -1.8236381
-2.1801386 -3.2935302
-2.70783 -2.4890196
-2.5996933 -1.9699563
-3.4865055 -2.0376685
-0.94752693 -3.3301015
-0.841532 -3.0062559
-1.5672171 -1.4512299
-3.5213387 -1.9555238
-1.8248022 -3.3184679
-1.0646776 -2.8053472
-2.4680357 -1.5135772
-1.3864105 -2.262645
-2.0296493 -3.2104785
-3.0161343 -1.9766318
-3.2172146 -2.5145829
-1.7333584 -2.9833577
-2.639232 -4.8621025
-2.8508914 -3.2086465
-0.73283005 -3.2257593
-0.0641458 -2.9140627
-0.6838975 -3.3761404
-1.5625129 -2.2135587
-2.4653075 -1.9028037
-1.9842228 -3.6575835
-1.7800925 -2.44293
-3.4771621 -2.1173704
-1.625379 -2.3689568
-3.50035 -2.146485
-2.1231527 -3.0501637
-2.5165389 -2.3199658
-1.8180277 -1.0222088
-2.7720106 -2.184337
-1.8612323 -2.5089371
-2.8326118 -2.2557065
-2.996639 -0.99716634
-2.0518157 -2.4538455
-1.6511235 -2.1570644
-1.393744 -2.094561
-0.7346547 -3.087864
-1.6935107 -2.987379
-1.4053082 -3.6145277
-2.861626 -2.2224483
-1.3967383 -2.257998
-3.0359669 -3.0065475
-1.8465081 -3.0465777
-4.3639474 -4.7972493
-4.769409 -2.683581
-0.38667452 -1.4227414
-1.6375431 -2.3116052
-0.87064385 -1.7639496
-2.3412368 -2.6653316
-2.869241 -4.0829263
-2.2827463 -2.5674345
-1.6524031 -2.1030703
-1.9386908 -1.5656254
-3.7085896 -1.7942805
-3.9728863 -2.673144
-0.97453964 -3.0417593
-0.4273634 -3.1814477
-2.4779148 -2.7520437
-3.037866 -2.5273314
-3.2403996 -1.4344647
-1.6065228 -2.7168772
-1.2424848 -1.4006275
-3.0333276 -1.5129647
-3.410345 -3.9360228
-3.1338997 -1.9471484
-2.4697073 -2.704486
-1.516252 -1.5549866
-2.7528706 -2.0160608
-2.4157429 -3.2259042
-1.7903714 -3.6624193
-0.6891031 -3.092046
-0.43169796 -3.1446433
-3.1299558 -2.0054219
-3.8534117 -1.6239542
-1.9694892 -3.1711822
-2.0208397 -2.5915034
-3.168924 -1.884095
-0.79613495 -1.700057
-2.4820197 -2.2849064
-1.5999819 -2.2700639
-3.1101413 -2.177026
-2.4556274 -1.1456832
-2.8657484 -2.098965
-2.8965662 -1.6886613
-1.1742127 -3.3456051
-0.8308475 -1.9979703
-3.185684 -1.9089683
-3.3317637 -3.910006
-2.572322 -1.6295741
-1.4661754 -4.0780296
-1.6155632 -1.5983593
-0.5940421 -5.5386057
-0.85556304 -4.2277813
-2.989019 -2.5652378
-2.9122646 -2.959056
-2.5996146 -3.1165926
-1.907511 -2.9623458
-3.8308144 -1.9684942
-3.601789 -2.291493
-2.922718 -2.395351
-3.5171244 -2.5187013
-2.179623 -1.9210428
-2.991496 -2.5402498
-1.0159328 -3.640086
-1.3991323 -0.6944927
-3.6396244 -2.8206844
-0.9361576 -2.3060312
-2.507993 -1.4974371
-2.4841468 -1.4932564
0.45783737 -0.8603012
-2.73539 -1.1664889
-1.9481374 -1.4260861
-2.411226 -1.9767342
-2.0068748 -2.897584
-3.3094268 -2.2420502
-0.1772197 -3.5802863
-3.2726345 -2.4708555
-2.84677 -3.530798
-2.979256 -2.041731
0.2502356 -2.8810067
-3.360653 -2.022944
-2.5692978 -1.8483404
-3.5397542 -2.3936622
-2.074882 -3.3623247
-2.6488905 -1.4263101
-1.60309 -5.195122
-1.6093372 -2.2995398
-2.8608863 -2.1210306
-3.2276278 -3.212638
-3.411231 -2.3190029
-2.2461715 -2.7177749
-1.0467213 -1.5830492
-2.004358 -3.7177124
-1.7351876 -1.1350768
-2.0594313 -3.1791663
-3.0095146 -3.53199
-3.2167106 -2.3426929
-2.3254895 -1.6030247
-2.6365502 -2.2745423
-2.4594367 -1.488326
-0.7550409 -3.218978
-1.0826249 -3.136109
-2.3164718 -1.7164981
-1.0376289 -2.8244712
-2.345953 -2.3577192
-2.246083 -3.4820242
-1.9290458 -2.252619
-3.2301898 -3.2046795
-4.2938824 -2.3951948
-2.307595 -2.305706
-2.078113 -3.444228
-2.2559788 -2.949487
-2.292788 -1.9474266
-2.6039758 -2.0451686
-2.8272514 -2.2928839
-2.648868 -1.840926
-3.8538392 -2.5429168
-2.381342 -4.0611086
-1.3883556 -3.190566
-1.3539053 -2.8887684
-3.4571266 -2.0438447
-3.1962392 -3.1306357
-2.2445652 -1.9992054
-1.9240558 -2.299738
-2.036121 -1.7215862
-2.4299731 -3.3248854
-1.889331 -2.4378855
-0.49197543 -3.1071143
-3.1308873 -2.7744138
-1.5231564 -1.8323693
-0.931625 -2.0010478
-2.711995 -2.3386488
-2.2905264 -3.535077
-2.8847225 -1.0435764
-0.29741427 -2.0884256
-2.0860965 -2.8462062
-1.8858 -2.6987207
-2.079104 -1.9596448
-2.6891592 -2.9725347
-3.2125516 -2.5653737
-2.5465739 -3.2458947
-1.9342691 -3.3097093
-2.240729 -2.7491927
-1.418607 -2.344233
-1.3660736 -4.3206625
-1.4416163 -2.9245884
-2.711897 -1.8770103
-3.5086272 -3.0268164
-0.80775666 -2.2959578
-3.1112795 -2.22273
-3.0177655 -2.3391442
-2.742079 -3.065428
-3.176001 -2.6842077
-1.4652375 -1.897214
-3.9729285 -2.8543923
-0.3852078 -3.8268917
-3.2339303 -1.9049426
-0.8016869 -2.4547234
-2.8913615 -1.9530523
-2.8453755 -1.5966089
-2.7366004 -1.3895209
-3.3301816 -2.2036748
-1.7869114 -1.0203633
-3.2763157 -2.3823934
-2.7019718 -1.0608232
-2.3538802 -0.77706987
-3.5898829 -1.585389
-3.2490213 -1.2923796
-0.43722147 -0.8598478
-3.1634045 -3.2323577
-2.0267866 -2.5603175
-2.607925 -2.0422237
-1.1160059 -3.0079849
-1.9523997 -2.1299026
-2.5767357 -3.2922297
-3.6121163 -2.146447
-2.616408 -2.017434
-3.264186 -2.8295245
-3.517349 -1.5567956
-2.2051296 -2.0265353
-2.103552 -1.6220126
-1.9936754 -2.645829
-3.6210659 -1.3981818
-2.6077712 -3.0167599
-0.9956323 -2.3199134
-3.7136793 -2.1839037
-3.3491626 -2.428626
-1.8155825 -1.445385
-2.4258287 -1.9130651
-2.3943834 -1.782435
-2.3972206 -1.3148708
-2.615005 -1.6173575
-2.6508555 -2.1233711
-3.8146274 -1.8155605
-2.6270292 -1.952992
-2.2064354 -1.4446754
-2.0964568 -2.0896285
-3.2733097 -1.9877352
-1.4961847 -1.4963287
-1.1560224 -1.7512501
-2.8062387 -2.3870382
-1.929351 -2.5689294
-1.6716297 -3.0402572
-3.5989125 -2.090895
-0.925509 -2.792795
-2.9467142 -2.0141768
-1.802772 -2.0659156
-2.1434698 -2.678932
0.53893924 -2.6327536
-2.978509 -3.446605
-2.2833588 -2.5705698
-0.54238456 -3.1364028
-1.0754143 -2.5861902
-1.2219677 -2.7573233
-2.9605353 -2.6175373
-1.8267251 -2.0155056
-2.8357508 -2.9788408
-0.8211558 -3.5944092
-4.005021 -1.711175
-2.7236009 -2.7462952
-1.9742233 -3.350822
-2.125737 -1.8707747
-3.4805002 -2.0136468
-2.9281554 -1.6941661
-2.402469 -2.372619
-4.021614 -1.8058356
-4.055532 -2.0956552
-2.5291092 -2.6487036
-2.6031768 -2.432529
-1.553075 -3.574201
-2.7023618 -2.485837
-3.3989053 -3.1913152
-1.8090631 -2.2110133
-1.6117613 -1.9095217
-2.5308075 -1.558587
-3.7972345 -3.0022874
-1.2064964 -3.3114524
-1.5724609 -1.6943371
-1.6047261 -2.2409623
-0.8178364 -5.295774
-2.8878171 -3.4628863
-4.2056646 -2.7617774
-1.2500497 -1.5711783
-1.276467 -2.4844832
-2.7482078 -2.0742638
-0.90041566 -4.1022873
-0.5430361 -3.097322
-2.6739213 -2.108515
-2.0676987 -2.146208
-0.98098195 -1.5021995
-1.8111224 -2.853354
-1.3011702 -2.7930195
-2.9989808 -2.010092
-2.322841 -3.266132
-2.6228187 -3.299997
-1.7625389 -3.550473
-2.5657015 -3.1739569
-2.2195656 -2.0912423
-0.1753502 -0.63522094
-2.1605008 -2.2891254
-2.5839937 -2.7147837
-3.2541928 -2.389645
-2.3789306 -2.884674
-2.741343 -2.4442039
-3.963414 -1.9516573
-4.0285215 -1.9551721
-3.0651176 -2.5231602
-1.7730818 -2.0819902
-1.3614715 -4.1098485
-1.4430331 -3.398308
-2.9760334 -2.084203
-0.61142904 -3.1811125
-2.9837816 -3.1305602
-1.7451712 -3.5193853
-1.6539773 -1.887455
-2.894469 -1.923056
-2.3907986 -2.624282
-2.3703177 -1.9049443
-2.2670288 -3.1450682
-1.4056598 -1.3680528
-3.2992196 -2.823126
-1.506784 -3.1295364
-2.3976092 -3.5230896
-2.1511264 -2.675467
-3.1570852 -2.725624
-1.673892 -3.0728154
-3.0137148 -2.4710717
-2.3853445 -1.7955722
-1.6871384 -2.8414192
-3.0283444 -1.9398183
-3.1464987 -2.7203891
-3.4130054 -2.0536625
-3.8191 -2.294384
-1.9348954 -2.9554403
-0.87149096 -1.4512864
-1.6566767 -2.3394208
-3.595279 -1.7738473
-2.2899485 -2.697603
-1.8916761 -1.6958766
-2.0012903 -1.3930352
-0.68477833 -4.4421487
-1.9826815 -2.563391
-2.3854911 -2.3735845
-3.0461755 -2.3056421
-1.0208383 -0.7970746
-3.9507396 -1.7647872
-2.4262817 -2.0164442
-2.1909182 -2.3340616
-1.8452994 -3.3889399
-3.3034873 -1.5835986
-1.0355355 -3.532021
-1.8109545 -2.832818
-2.611559 -2.7838867
-1.8798182 -1.9832841
-2.3172624 -2.316526
-1.3369305 -2.5585086
-3.6072793 -2.092842
-2.8314884 -1.4327987
-2.3995867 -2.892798
-1.7976407 -2.185162
-3.2499363 -3.1675038
-2.2474809 -3.2387652
-3.074008 -2.1030219
-2.6456394 -3.1725655
-2.1243255 -3.5714216
-2.5266933 -2.1544747
-3.7898703 -3.3074825
-2.2188327 -3.2692935
-0.8141109 -3.246208
-0.24066679 -3.337812
-2.9137437 -0.8311371
-3.3508747 -2.0407455
-3.2819614 -2.67548
-3.151388 -3.3405125
-3.2308936 -1.5522373
-2.9120092 -1.6449745
-3.698273 -3.4881885
-2.551746 -2.5035405
-2.1990497 -1.9190724
-3.1131556 -2.6482542
-1.4185976 -4.200397
-2.1222427 -1.399611
-2.0952027 -2.5008082
-2.6587708 -1.3275187
-4.296963 -2.3576708
-1.5092213 -2.8971145
-2.338679 -2.1587844
-3.3418083 -2.619886
-2.8808448 -2.6757782
-2.896779 -2.0542266
-2.8864648 -2.111544
-1.38801 -2.3397808
-3.280585 -1.8729687
-0.08746302 -3.5354664
-1.7167721 -2.6909108
-3.0469258 -2.2619247
-1.086529 -3.9638002
-3.1607707 -1.7640648
-1.0236348 -3.7146955
-3.4605184 -3.8870394
-0.41125184 -4.4330006
-2.0995462 -2.7155378
-2.300794 -1.6911211
-2.5641398 -3.264673
-2.9391408 -3.1025069
-3.5369759 -1.0276517
-3.7377248 -2.2465358
-2.6362693 -2.6361675
-2.104519 -2.3329122
-1.7034974 -2.1237636
-2.7498407 -2.2794387
-2.6801443 -2.5731814
-0.736843 -4.030042
-1.4652008 -2.822111
-3.0258875 -3.6426418
-2.0747423 -2.1476226
-2.396461 -2.0419729
-3.0664527 -1.7024014
-2.9707408 -2.3066318
-3.1835716 -2.865866
-1.4386119 -2.9674304
-4.083734 -2.350817
-1.8981467 -2.6155438
-3.4746547 -2.3657053
-0.66069543 -2.8731625
-2.1392572 -4.6942563
-1.5942533 -2.449118
-3.4137795 -1.803911
-2.3720357 -1.4558886
-1.9300369 -1.6981026
-1.3017197 -3.2176669
-1.8459959 -2.505116
-3.4716702 -3.2431886
-3.2850325 -3.3287492
-3.4196675 -1.4423859
-2.7405226 -1.5959034
-2.798027 -2.6581352
-1.7805378 -3.3983028
-1.9152571 -1.4659474
-2.60219 -3.5329921
-2.617462 -1.8167329
-1.1291212 -1.7727618
-1.2781792 -2.7990263
-2.4738033 -1.2638695
-2.2918103 -2.0461783
-2.747428 -2.360583
-0.6883085 -1.7936608
-3.41902 -2.3289945
-2.7646875 -1.4989414
-2.4030168 -3.4865358
-2.3372843 -2.9042783
-3.3405356 -2.7845242
-4.0579333 -1.4333496
-0.70252955 -1.429745
-2.1730638 -2.97287
-1.0626193 -3.0505047
-1.880657 -2.1066158
-2.5167174 -1.4375709
-0.45558518 -1.1988885
-2.7677596 -3.5251334
-3.2224116 -2.702432
-1.5717709 -2.2571611
-2.9392176 -1.3946791
-3.0689986 -2.1122708
-3.1064281 -2.8051984
-1.5357219 -2.1690688
-1.6483964 -2.437638
-3.0708568 -1.9078003
-1.9921367 -1.6855576
-1.90004 -3.7137442
-1.9134891 -1.7010518
-3.5022547 -1.8215811
-1.8800666 -2.2403798
-2.654187 -2.3913724
-1.9142609 -3.1429503
-2.8092346 -1.9179627
-2.8630836 -3.7226024
-2.2811859 -3.1521187
-2.937671 -2.1310034
-1.0669802 -3.2446063
-2.3667436 -3.1919909
-1.9702467 -2.4311714
-2.6910772 -2.9662626
-2.350071 -2.2074947
-1.2249624 -2.111136
-2.4122634 -2.6750143
-2.7460275 -1.3263925
-3.9299903 -2.5308375
-2.1464827 -2.8544939
-2.6583967 -1.9983602
-2.003625 -1.7609093
-1.7425534 -2.9270492
-1.8964384 -1.8846563
-2.7577143 -1.019372
-1.7386584 -3.4752715
-2.2290123 -2.661797
-2.1752899 -3.9582875
-3.8305998 -3.4621809
-1.8007891 -3.669531
-1.5129966 -4.6604276
-1.820311 -2.512433
-2.2233875 -2.0179
-1.4940468 -3.6261787
-4.07431 -2.8959794
-3.3797135 -1.8203907
-2.2001255 -2.4386368
-2.8508883 -2.50156
-1.6872897 -3.6414773
-3.162689 -3.4006658
-3.5231316 -3.224294
-3.5311162 -2.183861
-1.5318477 -3.7636523
-0.6919053 -3.005284
-2.491623 -1.9700992
-3.6236255 -1.9715737
-2.1587934 -2.3667917
-3.2646518 -2.1013803
-3.4167645 -2.9269981
-1.7615746 -2.445383
-1.5628444 -1.6418905
-2.103 -2.2317562
-2.5026553 -2.0027556
-2.1924627 -2.62917
-1.3648624 -1.8663763
-3.6246455 -2.7833748
-1.9250181 -2.7457402
-3.5596383 -2.6230173
-1.1229314 -1.5632265
-0.8696642 -2.8948767
-3.3862898 -2.0474975
-0.95793295 -1.4762455
-1.2477347 -3.018546
-3.2018695 -3.425482
-2.5958827 -3.2828276
-3.6338906 -2.0592568
-2.9326332 -3.0476027
-1.0124958 -2.7100658
-1.7933942 -2.5234756
-2.4963427 -2.59979
-2.1832316 -1.5557986
-2.7147396 -1.1000501
-2.1823254 -2.643425
-3.1609678 -1.8027134
-3.7526171 -1.9833556
-2.9093168 -1.8525028
-3.6307251 -1.3872924
-1.6731415 -2.1759517
-2.4610927 -2.843512
-1.3098508 -2.9308124
-2.7339807 -1.8219892
-1.2591074 -1.4509898
-2.6793869 -1.542652
-1.6180984 -2.783673
-3.4729264 -2.3111444
-3.0303006 -1.6263702
-2.4115255 -1.7356415
-3.4439402 -2.0187838
-2.4485629 -3.681038
-3.531497 -2.209026
-3.1070478 -1.6728843
-1.1361219 -3.8129349
-3.4366846 -2.4246793
-2.6624806 -2.101673
-2.6255052 -2.284981
-2.3867645 -1.8038017
-2.8938067 -2.241488
-1.7780133 -2.6250021
-1.8948791 -1.5060798
-2.9452724 -3.096955
-2.0304816 -2.2231724
-2.299978 -1.6337694
-2.254413 -1.8393939
-2.0712352 -3.5297973
-2.7346988 -1.3811895
-2.5590105 -2.7513921
-2.5186448 -1.8435575
-1.2555926 -1.2723385
-3.4149048 -2.2129014
-0.9722686 -2.0788634
-0.9164443 -3.0478196
-1.6818223 -2.5777009
-2.244659 -2.9732943
-3.2962875 -2.7027624
-0.5592842 -2.9660046
-2.8272772 -3.057607
-1.1035651 -0.7455354
-2.6739745 -2.1259995
-2.5790272 -2.031165
-2.059328 -3.096825
-2.4956505 -2.189088
-3.2642753 -2.856237
-3.2339513 -1.5629197
-2.323041 -1.4754157
-3.721858 -2.7051084
-3.2137733 -2.5089004
-2.567473 -1.9485602
-2.275414 -2.4423933
-2.6813579 -2.9449809
-3.0232105 -3.1469817
-2.3000898 -2.0332155
-2.8504257 -0.97275203
-2.3962321 -2.6696022
-4.660079 -3.1074545
-2.1392446 -2.4166415
-2.6765065 -2.705085
-1.6280326 -1.8714621
-2.6527638 -1.2000513
-2.8197196 -2.7000155
-4.081572 -2.7863052
-2.592958 -2.8072054
-3.0164747 -2.3653116
-1.2841308 -3.5631976
-3.5155358 -2.4815419
-1.4878575 -3.545713
-3.4449358 -1.1322861
-3.3337822 -1.779618
-3.2969892 -1.7859076
-2.3780293 -1.9862893
-3.3007162 -2.0987768
-2.1428986 -2.863798
-2.6061459 -2.8327968
-3.4262092 -3.3814123
-1.8199446 -2.3409684
-1.5673282 -3.2443628
-1.4431543 -2.10354
-3.60371 -2.1541767
-2.573445 -2.399718
-3.3130655 -2.0961943
-1.3912443 -2.9861329
-2.7853456 -1.5909709
-2.5440493 -3.111718
-0.25645855 -3.1247873
-2.4640982 -2.5499337
-2.4840624 -3.041301
-2.99138 -2.9925957
-1.7408227 -2.612005
-1.946782 -1.763988
-0.9313005 -3.8209605
-2.856964 -2.6036794
-3.5552492 -2.3263962
-1.8953944 -1.3481086
-2.3438885 -2.0469532
-2.9383314 -3.3908815
-1.6528003 -2.3116107
-3.0777366 -2.7151954
-2.0492797 -3.69168
-3.888465 -2.6376495
-2.4741876 -2.5761333
-3.1258795 -2.2163117
-3.1680048 -3.0172324
-1.6514502 -2.5454688
-2.5896673 -2.5819252
-3.1445336 -3.1676965
-3.6555939 -1.9204737
-1.9350376 -2.9468212
-2.857941 -1.7019264
-2.9637818 -1.8145725
-3.313429 -1.8653253
-2.1195827 -3.4599214
-2.7949107 -1.9679432
-1.507293 -3.4087713
-1.9772153 -2.3725264
-3.0115747 -1.3724813
-3.5834336 -1.9339672
-4.111547 -2.2629247
-2.7057498 -2.6484916
-2.308476 -2.934471
-2.1264217 -2.8535311
-3.0831738 -1.775938
-3.7909112 -4.0158024
-2.6330116 -2.6771858
-2.6337981 -1.8617758
-2.2608163 -1.5452834
-2.3909385 -1.2499917
-2.3752565 -1.7258912
-2.608798 -1.4191899
-1.6339878 -3.906896
-2.3079777 -2.6225932
-2.6214488 -1.6089042
-4.088189 -2.1339839
-2.3126078 -2.3477864
-1.2090877 -3.5808568
-2.919956 -3.1316204
-3.2427862 -1.6828867
-2.6990626 -3.3238084
-2.2426972 -2.8729603
-3.2234094 -2.1773944
-1.7172109 -1.4736409
-2.7587514 -1.911871
-3.431558 -2.0536878
-1.3950423 -3.6664157
-2.3146594 -0.76769567
-0.5985644 -1.8457985
-3.2864525 -2.4484212
-2.9279077 -1.8791549
-2.8230882 -2.1904104
-1.575571 -2.591942
-2.5709102 -2.5821414
-2.291928 -2.2210543
-2.045887 -3.457905
-3.7732131 -2.8677952
-1.9089671 -1.5500857
-2.1174788 -2.3382974
-3.1367128 -2.0568135
-2.7315156 -2.8699355
-2.9685035 -2.7268178
-1.3229958 -1.7708414
-2.10143 -1.4123503
-2.7446358 -2.0669246
-1.5974151 -2.612274
-1.2121075 -3.3055835
-3.7642639 -2.6540246
-3.455357 -1.7494152
-2.8352041 -2.4843073
-3.2504041 -2.4109836
-1.6987412 -3.4252067
-2.4777422 -1.7798842
-2.2391508 -2.3975863
-2.043603 -2.9571316
-1.2937424 -2.2977653
-1.6142685 -3.3247972
-3.6777446 -1.8945348
-1.7240002 -1.4388403
-2.7882378 -1.3386743
-1.6984593 -2.6297166
-2.2164812 -2.1256535
-1.4617081 -3.2159784
-1.2283207 -1.5722511
-3.4603975 -2.2964277
-2.631365 -2.8733625
-4.5822396 -2.2231417
-3.3494067 -1.7573197
-2.4258199 -1.4745836
-1.6387167 -3.8638835
-2.2074428 -3.3509939
-2.2410984 -2.2976131
-1.8459733 -0.990174
-1.8317406 -1.7842772
-2.5317264 -2.4098308
-2.503002 -1.9747254
-3.289412 -1.9588249
-3.045176 -2.3834078
-2.047986 -2.2936053
-2.9347327 -3.3112946
-1.8269588 -1.3851898
-3.5772069 -1.8623463
-1.7038108 -2.7217505
-2.839885 -2.6136904
-2.7681673 -1.7990148
-1.841168 -2.08608
-1.7110112 -2.3829598
-2.8547335 -3.1425343
-1.3198231 -2.1867108
-3.7352564 -3.6777995
-2.2408533 -0.9766527
-2.9918377 -4.0343175
-3.316232 -1.7298827
-3.2418127 -2.0189352
-2.7482834 -2.1753457
-1.5056794 -2.8539956
-4.193863 -2.508773
-3.1025922 -2.33227
-1.5052888 -2.9500093
-2.940225 -2.2299917
-3.7530396 -2.519154
-3.648593 -3.1712158
-1.4393312 -1.9973601
-3.6614852 -3.7582676
-2.0672247 -2.7414737
-2.5105011 -2.828175
-3.266498 -2.0598211
-3.1085954 -1.8533415
-1.0754547 -4.183394
-3.0933561 -2.5458376
-3.421414 -3.0125728
-0.9350132 -3.2570553
-2.7973666 -1.9928216
-2.3531117 -2.2048903
-3.0230844 -2.738046
-0.894825 -1.9542801
-1.614429 -2.3353682
-4.0476165 -2.327581
-2.4916272 -2.5674777
-2.1797256 -2.3123639
-2.981396 -2.3261127
-2.2731175 -2.379008
-3.106898 -3.018806
-1.9262536 -2.0143292
-2.8145998 -2.8398285
-1.1163635 -2.770289
-3.219761 -1.5625176
-2.6386786 -1.7230513
-3.3200133 -2.5983825
-1.6232563 -1.6698848
-0.9414823 -2.948402
-0.4827016 -2.2842402
-3.0544162 -2.3272245
-2.7313302 -1.3921126
-1.325516 -1.2735318
-2.6825135 -2.8787858
-1.5244135 -2.4717474
-1.6568316 -2.516677
-3.6454568 -2.0916283
-4.203295 -2.6146915
-1.193944 -3.7090538
-1.7868011 -2.4498618
-3.6006074 -2.1196606
-3.0619628 -1.5980552
-2.725022 -1.9247
-1.6083708 -2.587834
-2.856245 -1.539132
-2.5903866 -2.083309
-2.7173073 -2.519003
-1.9879557 -1.5312185
-0.6887747 -2.9591281
-2.248583 -3.1449063
-0.6500571 -1.3204468
-1.3633101 -2.4434795
-2.582269 -1.5044808
-3.3953338 -2.883952
-0.2333455 -2.3826168
-1.8157609 -2.9193463
-3.5995371 -2.9597003
-1.00659 -3.984449
-0.55123293 -2.2845442
-3.2222784 -2.568283
-3.1408553 -1.5164156
-2.4983037 -2.0121627
-3.817507 -2.8510327
-3.2056894 -3.0875533
-2.3728595 -2.7686307
-3.022825 -3.741781
-1.6877503 -2.7041955
-3.4212167 -2.774407
-3.5288746 -2.2351613
-1.3588063 -3.095309
-2.84984 -3.65848
-2.6893694 -2.8498638
-2.6738653 -1.1844562
-2.2593272 -2.598118
-1.5578859 -1.150747
-2.5644245 -1.5922545
-3.1258492 -2.6273925
-2.4687788 -2.369435
-1.6292555 -1.70455
-0.777166 -2.9916813
-1.329059 -3.54991
-2.4402714 -1.4631988
-3.4079063 -2.6862216
-3.1870556 -2.2228327
-1.2161026 -1.6215298
-1.5671369 -2.8184333
-2.4950712 -2.5935838
-2.0114741 -3.0273
-0.51596206 -3.3151562
-0.6079814 -2.7998164
-1.6158035 -1.3058169
-2.7653327 -2.5191643
-3.3008618 -2.4455035
-2.1149602 -2.29157
-3.509466 -2.6599362
-2.4038427 -3.0607998
-2.116639 -1.9940922
-1.5162805 -1.8782915
-2.2491393 -2.0346146
-3.554285 -3.4582865
-2.6248517 -2.501082
-1.036337 -4.2762146
-2.584912 -1.9770981
-2.237765 -2.0527546
-1.1681476 -2.5563712
-0.69493264 -2.5993676
-2.3636737 -2.6903234
-3.5004401 -2.448326
-2.541121 -2.240356
-0.8906609 -3.6267123
-2.1534905 -3.7001615
-1.8086892 -3.0589643
-1.1473688 -3.3099997
-2.8239129 -2.8690698
-3.311594 -2.0289154
-2.7414966 -2.639601
-2.548314 -3.0182993
-3.5022988 -2.2526014
-3.423467 -1.9198087
0.7046143 -2.4830225
-3.9145637 -2.5266922
-2.983665 -3.029396
-2.5840247 -3.1183734
-2.5245335 -2.5546267
-2.0382416 -1.7789291
-2.1754405 -1.360274
-1.7065113 -1.8410695
-3.705463 -2.7890615
-2.3599918 -3.7026184
-3.3664563 -2.5489528
-2.0087008 -2.8726735
-2.527123 -1.6656505
-2.917659 -2.0235486
-3.8609324 -2.28025
-1.2059675 -2.8241878
-1.5480605 -1.8749555
-2.763813 -2.9375188
-2.531327 -2.1282842
-4.134203 -1.9419848
-3.339814 -3.520907
-3.568982 -2.1412075
-3.275145 -1.8831531
-0.67625356 -3.9001222
-1.770123 -3.0118089
-1.0317223 -2.9527323
-1.7593668 -3.6317816
-1.812996 -2.5128646
-2.5999591 -2.2196226
-0.46584612 -1.6594998
-3.4544868 -3.6275685
-2.8754878 -2.4256048
-0.21348314 -3.0623183
-3.506146 -2.5437376
-2.5768418 -4.720596
-2.2768059 -2.0095143
-1.1415738 -3.1346223
-2.293615 -2.5772812
-1.6478076 -1.7001181
-1.5623584 -2.7818284
-1.574104 -3.8166113
-1.5343931 -1.9409384
-3.0683358 -2.555652
-1.7832242 -3.6799154
-2.809859 -1.9135851
-1.4350845 -2.196281
-1.7807885 -2.820274
-2.5143218 -0.9359376
-3.2675307 -2.4904234
-1.8930666 -3.453748
-2.950587 -3.1230702
-3.2906823 -4.3436418
-1.9546463 -3.33571
-1.6782347 -3.5190394
-2.999416 -2.239781
-2.3688824 -1.5817275
-2.9946525 -2.469913
-0.99339366 -3.186111
-3.4373312 -1.6141691
-3.942751 -1.9277993
-2.9982185 -2.3501701
-3.1159074 -2.6622968
-3.2544618 -1.7914364
-3.925764 -1.6547874
-0.89038754 -3.428058
-0.9059664 -2.8353968
-3.3379207 -1.2418802
-1.5858101 -2.2184105
-4.031259 -2.562319
-2.3025522 -2.5175846
-2.7467248 -2.7673993
-0.37417245 -2.3703907
-0.6912326 -1.6810304
-2.3647525 -2.9517899
-2.7885401 -2.0481622
-2.0219834 -2.582361
-3.0698557 -1.9178354
-1.8196614 -2.588018
-2.8370526 -2.2835393
-2.0933292 -2.688156
-2.8007998 -3.8639352
-2.7624407 -1.4355396
-1.9978507 -1.7624341
-2.8832576 -2.766511
-2.2044475 -1.777966
-1.8987442 -1.9025362
-1.6684194 -2.6817672
-2.2870994 -1.0496807
-2.4385314 -3.3680558
-3.5750296 -3.1063576
-2.5860052 -1.7022344
-1.8553592 -3.1508622
-1.9022797 -2.3176498
-2.7407725 -1.4391181
-2.4034534 -3.782895
-2.089428 -1.9461813
-3.8726373 -2.3618019
-0.49535012 -2.825288
-3.3006794 -1.63738
-2.872092 -1.9395021
-1.5906136 -1.761389
-0.9122149 -3.7416458
-3.0605173 -1.847707
-1.0108944 -1.9414757
-1.5799139 -2.3066168
-3.1947691 -1.606659
-1.9085573 -2.3357923
-2.3190424 -2.1638005
-1.2921599 -2.9424992
-1.395571 -1.5417235
-2.3931692 -2.4453163
-0.8191569 -2.5751796
-0.61547804 -2.0839958
-2.7698648 -1.7274026
-2.2325969 -3.0130825
-2.5910964 -3.2836444
-2.6254482 -2.6919603
-1.579566 -2.6288676
-1.8973987 -2.8464656
-3.9318972 -2.6370776
-3.3041887 -2.2568078
-3.8770154 -2.837744
-0.70575523 -4.0420904
-1.6041406 -2.2637348
-3.5563674 -2.437745
-0.7704625 -1.8290219
-2.2298045 -2.6980426
-2.7189906 -1.8521914
-2.2742777 -2.5553038
-1.4709004 -4.078743
-2.2169578 -2.4629705
-1.9780272 -3.2147853
-2.4128582 -1.7060366
-2.819543 -1.7106737
-2.2320487 -1.4180722
0.40761325 -2.549777
-1.8919721 -3.0313394
-2.2084866 -2.0727243
-2.9398007 -1.5574851
-2.9031117 -2.1284842
-0.31036386 -1.9933447
-1.1447487 -2.659246
-1.465445 -1.6517725
-2.4112098 -2.835163
-1.1577636 -2.5916839
-1.4406626 -2.1421394
-2.7427056 -3.549913
-3.8287156 -1.6590791
-0.33635202 -2.5367303
-3.1998687 -2.2363498
-2.8575222 -1.8727479
-2.9247143 -2.3583715
-1.5252994 -3.4617224
-2.3247414 -3.1760454
-0.7643428 -3.780339
-2.6678014 -1.3675178
-2.4859602 -1.531132
-4.7777987 -2.7015111
-4.1545596 -2.6087935
-2.9552045 -2.279103
-2.1963882 -2.627825
-2.4952822 -2.1020622
-1.4891355 -2.1460392
-2.0326064 -3.3012776
-2.3687518 -3.479586
-1.9850917 -3.061228
-0.2830504 -3.8192155
-2.168309 -2.182092
-1.1506054 -3.151953
-2.444745 -1.9779834
-1.1949129 -2.3154428
-2.1358364 -1.5606532
-1.9228479 -2.9734368
-2.5026424 -1.5977379
-2.8325284 -1.4406666
-2.719775 -2.432853
-3.2756684 -2.7312458
-2.1486778 -2.5882785
-3.982233 -1.5433947
-3.8956733 -3.8583739
-2.3253071 -2.4280682
-1.9086108 -2.6538846
-3.0473576 -2.029598
-3.0215778 -1.6475202
-0.92749846 -1.9543979
-2.262325 -2.3570204
-2.030529 -3.8138638
-1.6575199 -2.6449661
-2.7497358 -1.9784886
-0.78692925 -2.6988964
-1.9737033 -3.1128354
-1.5505476 -3.4127352
-1.7223938 -3.558275
-3.6696792 -2.8958292
-2.5994956 -2.9252555
-2.1461382 -2.1796238
-2.2636902 -2.6055708
-2.8045752 -2.7286475
-3.2945511 -2.4657147
-0.83961904 -2.9230738
-1.6291195 -2.4391322
-1.3677758 -2.063026
-2.274648 -1.2427531
-3.823916 -2.088154
-2.9946976 -2.0484903
-2.8818526 -2.7541203
-1.9670135 -2.0144415
-2.4035532 -2.7792618
-1.546176 -1.7780385
-2.397087 -2.095163
-2.7307937 -1.7432781
-1.7846117 -2.9681823
-1.184789 -3.3789093
-3.8592894 -2.0478334
-1.5262063 -0.8907016
-0.8965373 -2.8797238
-2.1379416 -2.239766
-2.483582 -2.506745
-1.2907944 -1.5515268
