-1.2605424 0.24058476
1.6170397 -0.44769597
-0.21483873 0.16061237
-0.30590376 -0.41079915
0.4493714 -0.11961854
-0.63725096 -0.08202541
0.15121059 -0.35619617
0.38556945 -0.13619545
-0.23662053 0.030021727
0.6190069 0.08699164
1.8502092 -0.09582822
-0.36381018 0.82853496
0.8902628 -1.407152
0.4691608 -1.0658484
-0.4503559 0.9394814
-1.9295695 0.2531295
0.6802749 0.22280237
1.2702423 -1.2620585
-1.6579652 -1.0515265
1.1250566 0.50134575
-0.18196815 -1.5190189
-0.4641741 -0.5530033
-0.48341352 -1.2000237
1.7099226 -0.37407768
-0.8947832 0.2692925
-0.0146228075 -0.16877255
-1.9425952 0.3656012
0.08539112 0.16115734
-0.8830683 0.76051986
-0.717048 -0.035677254
-1.102299 -0.44885862
0.5871027 -0.06949833
1.592695 -1.8901467
-0.8517407 0.22547218
-0.4011307 0.20234391
0.6866547 0.5158448
0.10559012 0.32333598
-1.6591274 -0.2814252
-1.0721639 -0.31224224
-1.050919 0.008148536
-0.38773113 1.2516165
0.39183027 -0.37963676
1.1574305 0.53800917
-1.325483 -0.39275223
-1.0330747 0.728088
-1.0928044 -1.0728488
-1.0243131 0.7974863
-0.8001225 -0.48348996
-1.4202343 -0.11863129
-1.2183555 -0.12108884
-0.51373845 0.00070917606
-0.57588595 -0.67341805
0.51723677 -1.0799915
1.1069587 0.1355297
-0.33224955 0.044253826
-0.17432715 -1.4506692
1.1293669 -0.17373872
-1.6572776 -0.61996984
-0.80735505 0.19754082
-1.156504 -0.4948338
-0.9489444 -0.10691947
-1.1696093 0.17030597
0.06948681 0.17464945
-1.5039991 -0.28383812
0.019268349 0.031525463
-0.4527693 -0.19315654
0.9340001 -0.29263365
-0.4120142 1.3217247
-0.36277887 0.15540847
2.2613084 -1.9625801
-0.15454729 -0.12624194
0.5414948 -1.7088772
-0.8598315 -1.7521691
-1.8023763 -0.5525522
0.29083174 0.8626627
-0.14800408 0.69285405
0.7767661 -0.15729746
0.14817725 -1.4256234
0.09575729 0.123588204
-1.3115541 -0.5216812
0.54075015 0.41168395
-0.3977347 0.33930084
1.9980583 -0.5896733
-1.0957065 -0.3567638
-1.247952 -0.9662442
-0.8302046 -0.31481045
-0.7044973 0.2396279
-0.51174974 1.6185362
-1.5451277 -0.5923283
0.63461626 -0.54074216
0.7965912 -0.06935775
1.0861819 -0.27845764
0.09265332 -0.84075665
0.71064264 -0.046669424
-0.7626532 -0.88584995
-0.8409184 0.11336532
0.970836 -1.4075327
-1.6948613 -0.68818676
0.6579133 0.22841486
-1.1884015 -0.24429733
-0.9072169 -1.1534568
-1.0250721 0.52109325
-0.91503394 1.1992545
-0.3658768 0.90066826
-0.777416 1.0525601
-0.79076695 -1.492741
-1.4827179 -0.15293658
0.95509535 -0.25245756
0.17756079 0.02268064
-0.19021037 -0.10363799
-1.8475399 -1.300977
0.4018721 0.44191757
0.5402446 -0.21425122
-1.390181 1.0500727
-1.3339245 0.042435884
0.11588676 -0.55036914
-0.85852677 -0.6715251
-1.0957114 -0.93270075
0.49129677 -0.840678
-0.12873858 -1.2455809
-1.3309251 -0.117575705
0.9386416 -0.45623356
-1.5608753 -0.59521306
0.7263846 0.32207385
1.3598279 -0.037038922
-0.5056363 0.4950522
1.0678699 0.3639777
-1.4115673 -0.6329856
0.5512908 0.28714135
0.028780833 -0.08152616
0.7371805 0.70667183
0.3600502 -1.8529009
-0.9823345 0.7342943
0.48134154 -0.4645711
-1.0180967 -0.56211996
0.48803097 -0.42378592
-0.840829 -1.2246094
-1.9458796 -0.6778219
0.052249387 -0.4895836
-0.5303043 -1.308645
1.0233381 0.26383373
0.3513298 0.41569397
-0.65352297 0.051460803
0.08607851 1.2643944
0.76149696 -0.023478195
0.6940381 -1.6136825
-0.13715598 -0.7701644
0.101515695 -0.049661487
0.3621233 -0.24888957
0.47049403 -0.45316058
-0.016954184 0.801054
1.0395627 -0.34544134
-0.8547114 1.1237568
0.39272642 0.16174403
0.023072377 -0.04442458
0.8547625 0.4191195
0.4151358 -0.3903725
-1.1130433 0.49821988
-0.9240949 0.4797342
-0.79225236 -0.38320765
1.773777 -0.70904124
-1.7633642 -0.589236
-0.46138108 -0.58723986
-0.19402662 -0.8835627
-0.88301796 0.06476593
1.1097564 -0.72124326
-1.7849518 -0.2914381
-1.6813235 0.14539307
0.21001203 -0.3615911
2.7136726 -0.6071454
-0.35209322 0.024959922
-0.79484665 -0.9292103
0.47047955 -0.007514909
-0.06486201 -0.24259159
-0.20473306 0.86089575
-0.92047083 0.40132132
1.0131733 -0.14163157
-0.6567782 0.8350935
0.3853392 -0.12034179
-0.5532783 -0.13655615
0.16217323 0.41929975
0.075923726 0.8342037
-1.0709999 -0.43592367
0.25870246 -0.41566372
0.3814249 -0.42042035
-1.2540889 0.84583247
0.6367593 1.1152182
-1.0164794 -0.72838193
0.041029736 -0.012774304
0.41861445 -0.8845357
-0.83133906 -1.210023
-0.14460681 -0.475853
-0.9326749 -0.68980867
-0.75840724 -0.3081597
-0.006702751 0.18034032
-0.71180576 0.30521813
-1.5576824 0.38162908
-0.9608112 0.6873226
1.264758 -1.3376317
0.07980414 0.7567922
-0.19461249 0.7127372
0.530645 -0.30462277
-0.010538891 0.40092197
-0.07580568 0.5917336
-0.35204166 -0.89615107
0.40324914 -1.1339221
-1.0689051 0.7220545
0.77085763 -0.47874743
0.070568725 -1.7401114
2.2934947 0.5124546
0.32051778 -0.47327363
-0.2312103 0.33911267
0.54355264 -2.0901048
0.44454873 -1.2894132
-0.8125724 -1.9945469
-1.6016533 -0.6042531
0.699973 -0.4965422
-0.9037765 0.14197984
-0.6385719 -1.3936951
-0.57266873 0.22022444
-0.7670936 1.0741581
2.0020785 -0.5142125
0.86373407 0.10874638
-0.055470854 -0.59473085
-0.13176063 -0.07783675
1.573696 0.29023495
-1.4715791 0.33263287
-0.41182008 -1.0446184
1.0789005 -0.33794475
-0.21054369 -0.11488345
-1.2462338 0.23704371
-1.466048 -1.0944438
0.6532075 0.50380194
-1.0249269 0.51538897
1.1623353 0.08239287
0.4511336 -0.69835603
0.024321958 0.07971999
-0.15398172 -0.82767975
0.8955489 -0.70168054
-0.44224906 0.8959943
-1.2463679 0.31061444
0.09858821 -0.8271959
-0.5043893 -0.123773284
0.075138226 -0.5140275
0.13972412 -1.6502042
-0.8314395 0.33555248
-0.739063 -1.0156568
-0.2521493 -0.2785474
-0.27280736 -0.43480086
-1.845565 -1.5847584
-0.69539875 -0.047737673
-1.2125934 0.906499
-0.6237021 0.9701716
-0.7759068 -0.1894829
-1.298234 -0.45379308
-0.9202598 -0.22735003
-0.45498422 0.67269444
0.03481303 0.86403406
-1.3986979 0.7517618
1.4485451 -0.89233804
-1.3427128 -0.16420436
-1.217814 -0.91298425
0.16575466 0.32595202
0.42715144 0.14121953
-1.2794925 -0.5050732
-1.5701792 -0.9186958
-0.08568518 -0.8982822
0.35943043 0.10082546
0.5293488 -1.2154746
-0.45339817 -0.5976825
-1.0143794 0.03126487
0.46725315 -0.06475109
0.092682436 0.18713176
-0.505277 -0.9609289
-1.1042378 -0.9862064
-0.9884658 0.15986928
0.7396481 0.38180748
0.41740316 0.07613203
-1.435599 -0.46366134
-0.069026425 -0.37370786
-0.6385832 -0.77921486
0.51723456 0.49748656
0.3917511 0.76019657
1.0718955 -1.0645194
0.6137403 1.3060763
-0.4881906 -0.4919426
-1.5504689 0.19521835
0.5862633 -0.9115261
-0.7308014 0.31405106
0.23757656 0.18957561
-0.64601445 -0.3960496
0.19193722 0.42866984
-0.26883653 -0.18830645
-1.674105 -1.3700402
-0.8115135 1.0930828
-0.9963768 0.65514135
-0.8421446 0.0044439137
1.0804065 -1.1554784
-0.32334843 -1.6000347
0.2503649 0.3776069
-0.15419257 -0.9978379
0.17471702 0.29303172
0.49230993 -1.3836645
1.011385 -0.12193484
-0.7353301 -0.5653857
-0.07652068 0.5183232
-0.2663097 -0.42131135
-0.17939052 -1.6525908
0.33991134 -1.0944178
-1.3732488 0.33490977
0.1747124 0.6018659
-0.0076001883 -0.8583926
0.17949726 -0.11770329
-0.2386613 -1.6153976
-2.0910552 0.06806901
-1.2045721 -1.3923922
-0.50759536 0.18699512
-0.7735022 0.121494114
-0.20654094 0.31505796
-0.6442681 -0.03553994
-1.0769771 -1.0742877
1.0621548 -1.3243203
1.3855201 0.1960682
-0.77884454 -0.87099063
-0.46058506 -1.1194223
0.41961986 -2.6677332
1.0806808 1.5556855
-0.04434426 -0.20446838
-1.9082545 -0.5054768
-0.12882538 0.5876857
-0.38029492 -0.5026413
0.6101575 -2.4227786
-0.5518113 0.23961163
1.0835052 -2.0132685
-0.6773194 -0.33289587
-0.7978583 0.8448565
-0.5083742 0.4005017
-0.75511926 0.47542468
-1.3898913 -0.68465114
-0.6718721 0.048100322
1.1530209 -0.44906116
-0.4370349 -0.2501641
-1.1302743 -0.59528494
-0.9576683 0.44048092
1.6203562 0.62631285
0.92690974 -0.47564596
0.32893628 -0.3376341
-1.5930039 -0.0604804
-1.2282102 0.2446985
-0.25570303 -1.1804479
0.28241163 -1.1546198
1.0436361 -1.3621291
0.25933748 0.33661488
-1.4757428 -0.31019646
1.1627216 -0.86472213
-0.78681767 -0.23665564
2.3459172 1.311279
0.1678841 -0.7225881
-1.3601434 -1.0979258
2.663946 -1.1531864
0.20705669 -0.45774478
-0.9704155 -0.50369805
0.08282672 0.507753
1.4970356 -1.2023655
-0.5024518 -0.26913568
-1.0076247 0.20070347
-0.79456776 -0.9216193
-0.22024944 -1.3635716
0.42281103 -0.6407928
-0.844474 -0.46131366
0.15560998 -0.3879022
0.32353824 0.95737195
-0.5406559 -1.1126605
-1.4598544 -1.9178988
-1.0069354 -0.051003307
-1.2058871 -0.41418612
-1.2559274 -0.62741566
-1.0370847 -0.4290034
1.9423835 -0.23675568
0.017377868 -0.8402579
1.9015849 -1.1198632
0.51671326 -2.5805347
1.3915892 -0.27417797
-0.27434707 0.453613
-0.98601377 -0.5911416
0.8682526 0.41179147
-0.43393713 -0.7670479
0.9664734 -1.9978346
-0.020421997 -0.16622654
1.163555 -0.14384529
-1.0177692 -1.5548682
0.26762533 0.8339623
0.09561844 -0.24426965
-2.143363 -0.4852141
0.6724664 0.102060884
-1.1477066 -0.31999278
-0.5325841 -1.3046061
0.20671712 0.008583799
-1.8494612 0.09363681
-2.04902 -0.22751749
0.10277717 0.20982832
-0.6489602 0.26956376
-0.5049465 0.12135646
0.75583035 -0.36539888
-1.2476236 -1.4597673
-0.09832379 0.18011501
-2.9567664 -1.8020428
-2.2681806 -1.1952415
1.0677383 -1.0973006
-1.0797241 0.24222392
-0.7120231 0.13711268
-0.3188449 -0.5001745
0.10224001 0.22322112
-0.6383195 0.09042129
-0.537009 -0.47227138
-0.8163402 0.06339055
-1.3025854 0.49553004
-1.300452 -0.6243315
-0.451977 -0.031182364
-1.088272 0.3968177
1.3274891 -1.1326896
-1.3421853 -0.8608012
-0.41584343 -0.8126689
-0.21543682 -1.9706839
0.9766533 1.6743771
0.2969736 0.15126571
0.87333924 0.40440288
1.0838618 0.55120575
0.7749687 -1.2773699
1.4261831 -0.4893859
1.7754562 0.23505276
-1.5164266 -0.78540254
0.108509436 0.30772474
-0.42674536 -0.24229911
3.0798128 -1.1488205
0.024970368 -0.72073793
0.04030107 -1.319655
1.5362688 -0.5471567
-0.9479819 0.5624467
1.0022082 0.13354027
-0.23380765 -1.3511025
-0.6571022 0.41475466
0.29963994 0.3983688
-0.39956415 -1.5564567
0.0019014329 -1.4107441
-0.327234 0.04695338
-1.293972 -0.76239645
1.0295012 0.044635445
-0.75595623 0.47896668
-1.0649929 0.55919766
-1.7648876 -0.8472595
0.57609236 0.5899558
-0.45720702 0.37597016
-0.613672 0.35357377
-1.3311892 -0.8001245
-1.1044109 -0.7040007
-1.7136022 0.4852759
-1.4467745 -0.43916285
-1.0180776 0.03173676
0.75611335 -1.8631732
0.19627745 0.356998
-1.6604378 0.9875417
-1.4430143 -0.39240268
-1.3639143 -0.21464214
-0.5630197 0.36080053
0.9520492 -0.13099873
0.5938696 -0.5838764
-0.26571363 -0.52402663
0.08051522 0.25644475
1.710034 -0.7520335
-0.95007706 -0.08266707
-0.1716573 -0.41887832
-3.9471176 -2.4609334
0.08473469 0.07082319
1.8871849 -0.83939064
-1.393605 -0.29758266
1.426136 -1.7562305
2.508948 0.02880314
-1.712009 0.017383814
0.9841855 -1.0055777
0.46065754 -0.6098386
0.8023527 0.6473048
0.0069917887 0.0054045916
0.6077092 -1.5797096
-0.5960045 0.2688566
0.9221211 -0.3675559
1.754206 -0.9267696
-0.5147252 0.6438376
-1.1887213 0.8584044
0.6295025 -0.41222742
1.1334306 -0.76686597
-1.6465476 0.093248904
-0.36882696 0.42575946
-0.27138343 0.26904193
0.4731123 0.44718435
-0.5830289 -0.8356433
-0.8342738 -0.04515408
-0.86657333 0.6899551
-0.4445706 0.8571825
1.0408292 -0.74344575
1.4488761 -0.100910544
-0.14582616 -1.3978909
-0.27538398 0.24632826
-0.28402334 0.17289504
1.3632042 -0.8379319
0.7841763 -1.0098251
0.7861524 0.70264125
0.60724 -0.04781437
0.79669994 -1.2536124
0.6166014 0.7128279
-0.7126204 0.8261777
0.29038775 0.30403593
-0.87512505 0.49882695
-0.73556125 0.49339327
-0.3220608 -0.8004961
-0.101096034 -0.51688707
0.4980862 -0.67007244
0.49363548 -0.6711392
-0.461146 0.9404446
-0.22181161 0.6693176
-0.7276354 -0.028961793
-1.4783841 -2.2502403
-0.733653 -0.71474206
-0.70906425 -0.52540225
1.3719722 -0.8549745
-0.85754186 0.04651594
-1.0959129 -0.27637532
0.92296296 0.5964289
0.9429459 0.3839459
-0.74395555 -0.39398733
1.7147627 -0.88198924
-1.6314738 -1.5267277
-1.3149501 -0.48553103
-1.038067 0.4499108
-0.010859102 -0.12932739
-0.19466372 0.63866854
-0.6986979 0.7587724
1.384096 0.35415867
0.42187035 0.054591417
0.3940851 0.066881
-0.47041985 -0.40946817
0.888817 -0.26920608
0.29268777 -0.32607
-1.4529412 0.05070156
0.0764436 0.89197946
0.8001382 0.6068535
-1.2638586 -0.34079453
-1.1148133 0.76342905
-0.29949892 1.0700312
0.6720004 0.20027906
-0.41086066 -0.2619862
-0.075314954 0.63507104
2.402771 -0.84505343
0.00576289 0.8491421
-0.034551382 0.5787507
0.47945374 -0.2697698
1.2538958 -1.0115627
-0.6990506 0.328149
-0.86354244 0.34434697
0.39080662 -0.14593606
0.28966892 0.53904665
-0.67127764 0.4349858
0.039978072 0.46744946
-1.0729932 -1.3639745
-0.50397223 -0.3572816
0.42599678 -0.6319102
-0.17362095 -0.23174147
-1.0849802 0.3869001
0.35020417 -0.68736804
-0.6680853 -0.6219399
-0.56326395 -0.63272506
0.83173126 0.9187708
-0.26689714 0.47853944
0.8348989 -0.3730623
-0.7454489 -0.44120723
-0.49283615 0.078998744
0.7502243 -0.24640086
-0.20395142 -0.8303083
-1.7502265 -0.96335256
0.1289639 -0.9326968
0.3000154 0.7601993
0.071428195 0.031172514
-1.9568304 -1.0131557
-1.3253312 -0.53209835
-0.6519791 -1.1373218
-0.95185757 0.20004609
0.08709459 -0.9453535
0.07137917 0.041956037
1.4104693 -2.3642578
-0.75570494 0.33713523
-0.45535934 0.45245954
0.70428437 -0.47014704
0.35220438 -1.552423
-0.8902509 -0.2568157
0.18039812 0.27558658
-0.15097769 0.23397681
0.8348544 -1.5886041
-0.53947425 -0.44992462
-0.35374504 0.6572598
0.035617277 -0.25863075
-0.057165712 -0.35306412
1.4947841 -0.36612713
-0.46154734 0.34505203
1.4909228 -0.16656768
0.9668636 0.36611876
-0.7086749 -1.0539668
0.22240923 0.08257896
2.3933043 -0.6800197
-0.1186135 0.98667586
-0.004631251 -0.47328287
0.10627566 0.77000546
-0.6687796 0.24046648
0.4068581 -0.48583114
-0.6123782 -0.21530277
-1.0346861 -0.13017625
0.3836307 0.015054435
-0.188637 0.7568476
0.6284677 -0.92723906
1.0020837 -0.062006757
-1.0958952 -1.5271446
-0.16566573 -0.75622225
-0.25637788 -0.7567688
-0.7406461 0.6643146
-0.27972755 -0.9654683
0.104243234 -0.28763753
-0.635685 0.62551594
-0.7204563 0.48678008
-1.244631 0.6012068
-1.0560327 0.41049674
0.96475273 -0.35257584
1.129227 -1.6041114
-0.017319143 0.072663605
0.45416725 1.151193
-0.014206782 -0.34385723
0.24680449 0.15678781
1.1262316 -0.81383955
0.27279347 1.7434918
-1.151397 -0.21623683
0.33494318 0.5764879
-1.1749552 -0.13814291
-1.3965901 0.01275897
-0.7826362 0.13319466
-0.8987481 -0.31367886
-1.9928786 -0.5356762
-0.8577382 0.076197624
-1.1984397 -0.3468635
2.6499887 -1.0717009
-0.71891 -0.09050152
0.6703661 -1.0873499
-1.5900432 0.7601373
0.2109213 1.0849451
-1.5856949 -1.3662314
-0.29498708 0.16604915
-0.7158737 -1.4013962
-0.10354599 -0.05523391
0.5910239 0.3203933
0.124374434 0.80462754
-0.6346637 -0.15978867
-0.0050581396 -0.7703726
0.95452315 -0.7886331
0.9986034 -0.013964981
-0.23435514 -0.05271463
1.2447675 -1.4962544
-0.5372626 0.7138109
0.16675909 -0.24105726
-0.24341634 -0.72095
-0.863815 0.8979384
0.6544707 0.25714192
0.40944082 0.034845084
-1.9906621 -0.37234017
0.05861537 -0.48396084
-0.24202418 -0.03686513
0.6908937 -0.26409099
-1.3723539 0.3996533
0.06606333 0.4529862
-0.19310963 -0.82029223
-0.8525377 0.48304734
1.1558726 -1.1347473
1.1331395 -0.05943291
1.5221745 -0.33958375
2.044035 -0.36973923
-0.11804731 0.2183651
-1.0804816 -0.64669293
-1.195555 -0.31695217
0.76512176 0.33773616
-0.074522376 -0.69022214
0.2144417 0.4940668
0.9898496 -0.56739485
0.21335207 0.018158197
-0.24190165 -0.40434852
0.8068318 -0.24638265
-0.43265808 0.5142236
-1.437223 0.19814104
-1.8157582 -0.8739939
-0.8751577 -0.028444216
-1.2362573 -0.06525372
-3.406279 -2.1835804
-0.7848688 -0.30412826
0.6175916 0.7694645
1.0667696 -0.8817353
0.08292492 -0.3163694
0.13069452 0.6043415
-1.9235806 0.06319988
-0.5534428 -0.005196959
-0.5265087 -0.9195893
-0.9153106 -1.2572813
0.33668792 -1.0506588
0.70146596 -0.59410506
-1.2463967 -0.5533909
0.26443124 0.6697345
-0.3631352 -0.55423915
-1.4115137 -0.5838472
0.34411848 -0.5174578
-0.90775406 -0.46494615
-0.6718492 -0.7941294
-0.35340092 0.6643748
-0.70171344 0.7176182
-0.40947622 0.070471704
-1.0812702 -0.7420752
0.48002493 1.1064881
0.42177558 -1.2333581
0.9268814 -0.9008914
-0.34372196 0.5988828
1.3247415 -0.26614815
0.35736936 0.47822466
-0.6011909 0.86163116
-0.7946155 0.6005968
0.22728781 -0.6873395
0.370005 -0.6250566
-1.0549575 0.42283008
0.056662723 -0.9953197
-1.0849057 -1.4235991
1.1534605 -0.8238604
-2.164938 -0.040059313
1.3706017 -0.055265054
0.59774584 0.106425375
1.3048007 0.060043663
-0.6198985 -0.24898542
-1.1647904 -0.94439507
0.99926156 -0.5043121
-0.41130292 -0.0018769801
-0.4377182 0.290383
-1.06146 0.65943575
2.7454455 -1.9490631
0.5406483 0.38459465
-1.9189739 -0.3829558
-1.0107387 0.7290517
-2.184498 0.09289044
1.4293135 -0.07163982
0.118358806 -0.74404883
-0.25524193 -0.3151811
-0.072546735 -0.49568415
0.15588312 0.9768417
-1.4171606 -0.5361509
-0.19549364 0.1889553
-0.99263847 -0.04096389
0.55228513 0.7531216
0.20240621 0.37557456
-1.5822854 0.62118053
-0.6455257 0.32113674
-0.4350767 -0.275213
1.1698124 -0.97453713
-1.1760894 0.21399954
-1.0200051 0.6025318
0.32257438 -1.5963969
-0.5333598 -1.2387636
0.68650174 0.39626703
-0.34342748 0.28766158
-1.4211867 -0.2961731
-0.91666794 0.9678303
-0.41460234 -1.20932
-1.0289116 0.25019515
0.27845997 0.24738508
0.15064476 -0.19281186
0.72259223 -1.2682433
0.10448818 -1.5012816
-0.29514062 -1.1828786
-1.7502112 -1.4616228
0.75050133 0.5167726
-0.59067225 0.5112463
-0.49534863 -0.6820812
-1.432163 0.32519117
1.4830188 -0.057916313
-1.9115862 -1.316939
0.35329616 -0.35497916
1.2932668 -1.254366
1.9203529 -0.66665244
1.1435999 -0.92236924
-1.0168959 -0.33408955
-0.4369531 0.86176896
0.41625732 -0.42715478
-1.0423706 -0.66145945
-0.75303376 -1.0746332
-1.7521602 0.50552475
-0.9840062 -0.39664525
-0.28785866 0.5875087
-1.6191914 -1.5564837
0.55834746 0.8614938
-0.6763248 -0.90469456
0.6740809 -1.3844786
-0.48450637 0.09959683
-2.2631762 -0.009439141
-0.97162837 -0.77457
-0.9092733 -0.45019573
1.2798384 -1.7086537
-0.24611686 0.36285594
-1.5209644 -0.8852817
-1.4211574 0.043198705
-0.056309626 1.5269021
-0.6957634 0.4869115
-1.4024068 -0.8741448
0.12069906 0.2613037
0.049371317 0.44988045
-0.37569427 0.5468813
-1.5490625 -0.11154358
0.13284011 -1.8379568
-0.45999533 0.12537995
-1.7982218 0.75113
-0.48419982 0.5122758
-1.2144153 0.60273135
-0.2835821 0.10978514
-0.547361 0.37364748
-1.304287 -0.2861866
0.42433208 -0.8132032
0.27812487 -0.5533966
1.1978356 -0.70523643
0.7617 -0.6686206
1.067034 0.14245158
2.0244596 -1.6281009
-0.5848563 0.07448611
0.65289897 -0.019045815
-1.1714274 0.18606755
-0.9016713 -0.42083687
-1.3443984 -0.53837305
1.1225214 -0.4595305
-0.28373456 -0.07791436
-1.1133269 -0.5737729
0.8224078 0.3236188
1.3301548 -0.0020964295
-1.2913011 0.10123959
0.7703567 -1.3972032
0.5713617 0.430261
1.0156214 0.9281175
1.3604007 -0.90251434
0.039751753 -0.6809257
-1.5978867 -0.63045895
-1.442 -0.007809475
-1.3080195 0.16604513
0.80408436 -1.1715866
-1.3758131 -1.039475
-0.55600315 -0.38299924
0.6329403 -0.27546257
2.1490633 0.12751251
-0.20946275 -0.8301245
-0.41152215 -0.99020827
-1.0367652 -1.8601139
-0.76815444 -0.45257938
-0.110673845 -0.013878897
0.033484533 -0.18625174
0.037506625 -0.5614914
-0.8455274 0.47099194
-1.4831803 -0.12668435
-0.701238 -0.25487378
0.82456285 0.40204248
0.29468173 -1.1933593
-0.19481277 -1.13821
-0.71543413 -0.43515602
0.40890056 -0.0008966923
1.4317216 -0.42200077
-0.69457155 -1.2981744
0.3226611 0.03745264
0.39002395 -0.10960725
-0.6819433 -0.3350929
0.045959666 0.35194865
-2.0867405 0.32370344
-0.26239076 0.90197635
-1.1938856 -0.2838195
0.040959165 0.8781791
2.5164788 -1.3128457
0.9203903 0.8392538
-0.004784286 -0.08018248
-1.2298834 -0.9743577
-0.11855511 -0.22827408
-1.111353 0.12708235
-0.16592786 0.38697812
-0.74800783 -0.6377879
-3.056834 -2.1255682
-1.402066 0.035537362
1.2382373 -0.5902339
-0.2535167 -1.5098877
2.558092 -1.9040921
0.845617 -0.5949613
0.8694839 -1.6487052
1.4155691 -0.4217003
3.5569034 -0.39533263
-0.669845 0.00516057
-0.057153925 1.2978787
-0.10683404 -0.623018
-0.022910789 0.082742065
-1.0276868 0.4501125
-1.084104 0.760834
0.13304381 -0.34636983
0.39478594 0.3749909
1.5780956 0.2702866
-1.331641 0.009661451
-0.8394442 -0.62345934
-0.39402503 -0.45200068
-1.2050213 -0.4037375
0.67838115 -0.08889617
-0.18036088 0.042681456
-0.23018259 -0.36178544
-1.1027101 -0.8081033
1.0105686 0.062543064
-1.228443 -0.12666677
-0.74334013 -1.5012155
-1.3272002 0.23714888
-0.2898401 1.0612003
0.67686456 0.94679177
-0.30118513 -0.34411466
-0.072643355 0.36491767
0.24097322 0.5384023
-0.13396469 -0.56484807
0.15488268 0.33276674
-1.9107147 0.11288658
-0.75707203 -0.41928428
-1.0387633 -0.37096092
-1.9384397 -0.08550799
-1.7275851 -0.5452646
-0.39149898 -0.45233518
0.6959783 -1.0275822
-0.3993424 0.0051026344
0.7388345 -0.13263418
-1.0294713 -1.128328
-0.6880633 -1.0065341
-1.0622145 -0.2704312
0.118380085 1.4396056
1.834228 0.031388164
-0.3646664 0.9808712
0.8524167 -0.45476735
-0.75439763 -0.06946634
-0.7478186 -1.1004609
-0.59095937 0.1993756
0.5424295 0.20117685
-1.397399 0.7013575
-1.1176411 -1.2750134
-0.46812165 0.5919272
0.9036291 -1.2360892
-0.051677793 -0.327196
1.0826766 0.21785513
-0.74225295 0.3691015
-0.8513303 -1.2304313
-0.108482674 -1.4447564
1.217299 -2.578243
-1.0963215 -0.24413028
-1.1947912 -0.608166
-1.5703499 0.5284921
-0.9809907 -1.4504287
0.08764131 -0.24932352
-0.33311144 -1.734765
-0.007966265 0.084729135
1.598482 -1.1790507
-1.2774274 -1.1328807
-1.421452 -0.35972106
-1.00111 1.1105665
-0.008661881 -1.6657683
-1.2501527 -0.0796119
0.71505845 0.44308034
0.5507045 0.46748725
-0.40298158 -0.31716663
0.0942858 0.7637663
-0.65006167 0.2237952
2.7173693 -1.4143509
2.183518 -0.63729036
-1.1184444 -0.32276636
-0.14989814 -0.6650412
-0.4422774 0.5536834
0.7609655 -1.5534337
-0.99134517 -0.11900531
0.14895566 0.80643845
-1.2199872 -0.3993258
-0.31498832 0.21188724
0.33563977 -1.5753776
-0.6665923 0.5474466
-0.108442694 -0.22012971
0.90320116 -0.76131237
-1.0000592 -0.29746574
0.30034524 -0.21636932
-0.8306274 0.044033855
0.206612 0.17451286
-1.2242593 1.1771857
2.2207165 0.41966882
-0.0405498 -0.59757394
-0.38325882 -0.26204467
-0.3065775 -0.65752137
0.48455423 0.7466767
-0.12802365 -0.775905
0.6646336 -0.6840513
-0.25292864 0.557044
2.9978063 -1.4802945
1.4956012 -1.4207466
0.40542692 0.47764894
2.359833 -0.3705594
-1.6020498 -0.9873595
0.2716956 -0.93368375
1.0968451 -0.8538524
-0.6744779 -0.96235144
0.5041762 -1.3132952
-0.8807096 -0.037049934
0.07710396 -0.8616841
0.7702957 -0.76457596
1.4024981 -0.33763224
0.1842605 0.164054
-0.09832871 -0.24479102
1.0109346 -1.4417377
-0.16694817 -1.706384
1.2331965 -1.6400329
0.26078188 0.43697795
0.047449395 -0.79065657
0.8750934 -1.0399818
1.2362407 -0.5975398
-0.4800583 -0.708616
-0.48274451 0.36026904
1.0383989 -0.9167789
0.5774619 0.40649542
1.2250594 -0.7356324
-0.5068686 0.32357833
1.0218532 -0.29155225
-0.6733408 -0.16951868
-0.07514636 0.08864111
1.1089344 -0.39608467
2.3448834 -0.27396247
-0.92920226 -0.6486709
1.1016709 -0.08348736
-1.489542 -0.1189862
-1.1350576 0.7873105
-0.34940898 0.38936064
0.7558337 -0.5988162
-0.6573145 0.43901536
1.1048272 -0.8453387
0.31970412 -0.28882185
-1.7355181 -0.30692297
-0.04839769 0.2760413
0.9352272 -0.52088714
0.5853229 -0.23278102
0.79694515 0.2421321
0.08333744 0.657565
0.44913244 -0.8098285
-0.21231525 -0.604025
0.28842658 0.14998883
0.22836791 -1.8181504
0.09736444 1.208283
0.34604973 0.9878986
1.9265132 -0.4803906
0.8040109 -0.9652654
1.8775542 -0.1597893
-0.60281 0.3477473
-1.115686 0.2944148
-0.24652058 -0.6462734
-0.64280367 -0.964304
-1.9126152 -0.14822727
2.9910634 -0.76430714
-0.21169937 -0.32278955
0.37980664 -1.1611351
1.0982326 -0.3371451
-0.30673587 0.22838324
2.1857083 -0.35362154
2.2602744 -0.26483312
0.6816569 -0.3159453
-0.14166471 -2.0939047
-0.25721487 -0.39182135
0.42712706 -1.2670475
0.6306921 -1.2460005
-0.39203656 -1.1418518
-1.2268481 0.7482679
-1.8442659 -1.7500458
-2.3326392 -1.5415978
0.5564966 -1.3490304
0.58802104 -0.044674918
0.05877523 -0.0863374
-0.7457914 0.3883359
0.34510684 -0.54784775
-0.32659197 0.4250379
0.0479327 -1.018087
-0.6096249 -0.21634127
-0.77852046 0.15296328
-1.1545112 -0.9412346
-1.4879788 -0.4633522
0.09031294 -0.59304804
-1.4420183 -0.34308407
-0.92856544 0.347896
0.34147412 0.11076394
-1.9660705 0.11927077
0.7268606 -0.4641503
-0.12310028 -1.4171996
-0.7961137 0.13214391
-1.9888377 -0.31008896
1.2803457 -0.6836094
0.6755322 -0.8570678
0.1295542 -0.41224608
-1.506455 -0.32507107
-0.42704177 -0.3105043
-0.34529024 0.52907705
1.1870401 -0.6462394
-0.38171378 -1.5309117
0.44645828 -1.3363931
0.6205019 -0.09534599
-0.7204158 0.35093352
-0.87710655 0.5071827
0.0664971 -0.43699113
1.7503273 -0.9699812
0.0790955 0.35770425
1.4185321 -1.2429577
-1.3674436 -1.0370903
-1.8289341 -0.56427443
-0.3898705 -0.09543501
0.8648434 0.858598
-1.0051231 -1.008535
-0.6253902 -0.45080006
0.66310173 0.31670657
-0.2547774 -0.6331034
-0.14209574 0.064873815
-0.36230305 0.4102523
0.055322096 0.53479636
-0.6017536 -0.060066774
-0.73712677 0.003364578
3.0587356 -0.51184124
1.0074295 -1.4301078
1.6674547 -0.15509263
-0.023370028 0.704139
1.4723693 -1.185528
0.20545457 -0.81327236
-1.9901505 -0.044439733
-0.702561 -0.48194742
1.2048745 0.7017695
-1.5147659 -0.8157623
1.2856975 -0.74983644
-0.54092765 0.6973138
-0.07735714 0.9175023
-0.7304873 -0.019291058
-0.7862522 -1.2929319
0.13204391 0.6375836
-0.84808356 -0.54722714
-0.57467365 -0.31917927
-0.08517997 0.012482971
-0.83735585 -0.541769
1.2888501 -0.1142835
-0.5393046 -1.6708595
-0.10124259 -0.6809003
0.8117189 -0.44786316
-0.5274009 -0.6660687
-0.66721886 -0.9951986
-0.9526189 -0.73346794
0.76562995 -0.71123683
0.6986992 -1.3546315
-0.38123167 -0.035014763
0.37868375 -0.23616205
-0.06405033 0.36749485
-1.9388117 0.1274482
0.24127473 -1.1188855
1.046996 -0.07053588
0.95929056 -0.48455775
0.226083 -1.527768
0.4725315 -0.36232018
2.4224591 -0.50407004
-0.018663943 1.3278968
0.44916928 -1.3215389
-1.4414978 -0.005289674
1.748129 -1.1875426
0.010247931 -0.48939735
-0.9530854 0.21387649
2.4468057 -1.1586514
-0.44788957 0.58014095
-0.9534181 0.58115685
-0.5335328 1.0252744
0.06718229 1.4975307
0.13413309 -0.61307967
-0.7735101 1.4571009
-1.9245762 -1.3532498
0.060645774 1.05296
-1.227526 0.1936799
0.052332953 -0.18766251
0.78337425 -0.48898488
0.1476831 0.7066189
-0.9917651 0.87325335
1.4302797 -0.8498055
-1.6216943 -0.37444353
0.8121436 -1.6701643
-0.08452542 -0.519359
-1.3733114 0.7336422
-0.29814288 0.74156713
-0.45712367 -0.47620755
-1.3196566 -0.8891301
-1.0098634 -1.1742624
-0.81930655 -0.579695
-0.724165 -0.2727161
0.36763 0.11372021
-0.59603274 0.25121185
0.93333036 -2.608739
0.0138588995 0.3895038
-1.3472234 -1.2577454
0.40214056 -0.89932716
-1.1737959 -0.09738737
1.0426092 0.53107655
-0.27358878 -1.19686
-1.534224 -0.110666156
-1.647007 -0.1298832
-1.629888 0.0065867305
-0.51370555 -0.74149
-1.5638603 0.08508119
-0.44676477 0.84400773
0.7400076 -0.72749114
-0.59613264 -0.5644334
-1.0400231 0.30189565
-0.4242979 0.12425357
-1.039708 0.16178387
0.7464774 -1.5649227
-0.5214403 0.26347944
-0.19161794 0.6236764
1.5809926 -0.18457943
-0.3632722 -0.6017636
0.8629746 0.8266524
-0.6649457 -0.9294617
0.05380793 -0.2885568
0.30008703 -0.31024987
-0.48841017 0.6505631
0.53864753 -0.9209186
-1.080849 -0.8732377
-1.2332078 0.14031959
-0.5952087 -0.5560856
0.13460635 -1.0256773
-1.6702945 -0.39573002
0.055183336 0.45940444
1.2358956 -0.20938985
0.3743742 -0.07465564
2.0701118 -0.106092274
-0.22919159 -1.4071215
-0.764909 0.13490456
-0.37734535 -0.75598514
0.11643575 -0.26516977
-0.36395943 1.0542365
-0.12013771 0.29204968
0.17990096 -0.39142773
1.4268876 -0.622236
0.5521312 -1.2199214
-0.59111524 0.12036675
-1.4420124 0.019366056
0.6591228 -0.2796219
-0.7002539 -0.33662188
1.2150099 -0.6542127
0.5793293 0.31317016
-1.4573727 0.8227502
0.49132258 0.07291889
-0.5275196 -0.111921996
-0.72349286 0.48549178
-0.03028895 -0.55974245
-0.4446891 -0.20704156
-0.9680301 -1.421427
-0.03305447 0.6762686
0.5007911 -0.7020898
1.4679637 -1.0057464
-0.3578385 -0.08564535
-0.58582187 1.1065011
-1.2294745 0.30542216
-0.43531048 -0.22966212
-0.037845865 0.8306302
-0.72668713 0.07761228
-1.1253244 0.7421386
-0.18123473 -0.6160215
0.20532517 0.006584555
-1.2433726 -1.0319773
-0.9764726 -0.17800662
-1.0309764 -1.6475949
-1.3806275 -0.22267532
-1.0278827 0.45762977
0.57939845 -0.9652028
0.7217124 0.31702748
0.14875911 -0.9230257
0.12632228 -0.38538897
0.82679135 -1.2067158
-0.6078041 -0.3658049
1.2763835 -0.81205
-0.42722803 -0.9424505
-1.0908113 -0.37085405
0.037037537 -1.6971734
-1.2851765 -2.2667918
0.455177 -2.2170918
0.008200899 -1.6016604
0.20749168 0.35680464
-0.56882006 -0.6849623
1.7139864 -1.1509405
0.70452666 -1.0921519
1.9750388 -0.0824952
0.8149772 -0.051160276
-0.079291 0.23978597
0.29270512 -0.5343311
-0.5703508 -1.5435785
0.81178993 -1.2538195
-0.3115943 0.6591536
-2.20853 -1.1480962
-0.37169576 -0.28663152
-0.5958651 -0.15186125
-0.60331714 0.028779984
0.19820444 0.0077851266
-1.5912939 0.4457812
-0.10307138 0.035678357
-0.14548907 1.1119685
-0.61742306 -0.6265795
-1.5034379 0.92278886
-0.46238783 0.1786845
-0.7016521 -1.7415137
-0.012603015 0.41583142
-0.19173977 -0.16271847
-1.0351629 0.06767297
0.83124775 -0.78440905
0.53468406 0.7461779
0.6948355 -2.2973511
-0.6055688 -1.3479208
0.54795796 -1.1523669
0.7094686 0.3985959
-0.45498633 0.68226135
0.93505365 -0.8698679
-2.0302134 -0.44863403
0.10693137 -0.16034138
-0.7752924 0.3832018
0.76387054 -1.0476283
-0.014113486 -0.62464356
0.6538868 0.04349792
1.166467 -1.3356054
-0.43688828 -0.7385156
-0.73312604 0.10719225
-0.969668 0.6554737
0.75701314 -0.15433675
-0.5193686 0.7833899
0.7310728 -0.0036931634
-0.25250244 -0.07107934
0.60056996 0.6528882
1.7935152 -1.2735646
0.11269684 -1.0438309
1.3193078 -0.60534316
-1.0686777 -0.20764413
-0.8441124 -0.94445705
-1.196745 0.1717878
0.9566906 -0.16127878
-0.3008564 0.6432282
-2.134941 -1.3666377
0.3109637 -1.9914138
0.41219503 1.2292285
-0.62617683 0.4192578
1.4192319 -0.4275899
-0.17617723 0.5795187
-0.64835054 -0.94596887
-0.96711195 0.29522714
-0.6605961 0.1393424
-0.11325818 0.714864
-1.3611705 -1.5858489
-0.869054 -1.7723783
0.26616323 0.6931577
1.0561835 -0.7977184
-0.5602473 -1.0102626
0.0064483434 -1.7446883
1.2038784 -0.6389905
0.65665495 -0.88006794
-1.4778236 -1.2497536
0.6648573 0.5398567
0.9869613 -0.9697207
-0.7536626 0.4797922
0.08454953 1.5122461
0.5879957 -1.6068115
-0.62325096 -0.78747785
0.1776043 0.6578511
0.9930242 -0.28195915
-1.255374 0.6089448
0.4537158 -0.31960797
0.23061474 0.3086129
0.16682442 -0.1463953
-1.0210885 1.670133
-0.7591503 0.12110919
1.08016 -0.49150813
-0.8057903 0.88391757
-0.77068883 -1.6309204
-0.121239185 0.5264387
0.6945092 -0.81791997
-0.33989704 -0.094420135
-0.2923877 -0.3383892
-0.87563884 -1.9313532
-0.85636884 0.4391406
-0.08027379 0.76622665
-0.583436 -0.59921813
-0.15865149 -0.5840816
-0.09494923 0.325335
-0.8991648 -1.1377411
-1.5028731 -0.33507475
1.0523181 -1.2065426
1.6493645 1.1890293
-0.3519083 0.30327722
-0.7883561 -0.012326643
1.4633173 -0.813035
-1.4750915 -0.47725087
1.6558616 -1.7675512
-0.83550173 -0.20419608
-1.4570806 -1.2592988
0.20148973 0.39083764
-0.45566568 -1.3763123
-1.6631329 -0.18761407
1.1974202 -0.4016679
-0.4813922 -0.71351403
-0.14055334 -0.7529017
1.0163425 -1.2167455
0.65834385 0.031160593
-0.6748251 0.09698984
-1.0087961 0.24300253
-2.3998885 0.2557705
-0.13634816 -2.505001
-1.384532 0.12868431
-0.5709441 0.32973662
0.13680802 0.19952786
-0.85572904 -0.09337656
1.4064656 0.8136239
-0.40408286 0.57395244
-1.6888975 -0.76169217
0.70452654 -0.48972082
-0.7850984 0.6562526
0.14730503 0.50112164
1.8416035 -1.4586849
0.4667371 -0.56537724
-0.10971409 -0.3915972
-1.0336877 -0.03657952
0.6740845 -1.0028747
-0.80026865 -0.12033926
0.87178665 -0.75224984
-0.83919066 0.34628984
0.32835084 -0.26520035
-0.43308192 0.57642543
-1.4187806 0.7141657
0.31013095 -0.7000698
-1.1443905 -0.24453104
-0.7041379 -0.60625035
2.0256643 0.480584
1.7307141 -0.7643056
0.03056465 -0.9297055
-0.87298554 0.6005074
1.0185573 -0.47183457
0.4531803 -0.11607668
0.8769917 1.0941656
0.85684377 0.55206466
0.32017314 -0.6089047
3.1602397 -0.862831
-0.31026953 -0.42659968
1.0296726 0.44115445
-1.9530287 -1.5590013
1.5152967 -1.2501899
0.35784513 -1.5046586
-1.9808917 -0.9186728
2.2153451 -0.9389663
-0.69728124 0.9201392
0.3539142 0.50524485
0.09628008 -0.6885692
-0.6719372 0.9115244
-0.07704218 0.5039387
-1.2197644 0.42750505
1.6226815 -2.1509042
-0.25675115 -0.24807894
-0.29253468 -0.4866896
0.98019737 -0.94921577
0.037136987 0.49455902
-1.6533592 0.7437638
0.51781243 -0.78760695
-0.0120174885 0.44595364
1.4481689 -0.027722046
0.9609031 -0.7573421
-0.29612517 -0.78284264
-1.8605477 0.08229986
0.71351445 -0.12939051
2.1261418 -0.41228506
-0.9862236 -0.08710198
-2.2939606 -0.025020704
-1.977646 -0.7484778
1.2800401 -0.36654913
0.27880812 -0.82440186
-1.4650298 0.68229425
2.4481986 -1.3832746
-0.0726181 0.48432097
-0.06337863 0.008179143
-0.7198728 1.3278018
-0.8310626 0.42995068
0.2083302 0.63504434
-0.8483156 0.5715828
-1.1421779 -1.3308111
0.27501267 1.0530453
-1.4421078 -0.6694944
1.8717179 -0.8708644
0.6538918 -0.52320015
-0.3545024 -0.7108296
-0.24598582 -0.21587126
-0.77747864 -0.55774444
0.4645614 -1.0704285
-1.1282532 0.072734416
-1.0827097 -0.12184708
0.43853414 -0.19469297
-1.1310022 -0.29008865
-0.050177082 0.5313262
-0.8638525 -0.6529008
-0.4830588 -0.30359915
1.3081098 -0.96565664
-1.0789841 -0.71540534
0.2372889 0.29487124
-0.3570022 0.09031233
0.06491627 0.45434782
-0.41376477 0.58194864
-0.33777818 0.0740037
-1.1375858 -0.7153523
-0.6945242 0.21817464
-0.06763463 0.4471319
0.6411095 -1.255648
-0.3603286 0.22347817
0.8816548 -0.57045376
1.6504749 0.706308
-1.5643691 0.6609864
-1.5697016 0.41317764
-1.122035 -1.3010556
2.0672693 -0.83527195
0.5074278 -0.11128797
1.2938694 -1.6714473
0.3490796 0.21710542
-0.7350858 -0.39235675
-0.9800457 0.28006002
-1.003125 -0.4278082
-1.3581966 -1.2531189
0.103095636 0.5879121
-1.7859752 -0.1381894
0.17631088 0.13683209
2.6065342 0.7658241
-1.2573787 0.28014418
1.3496964 -1.7544316
-1.0164132 0.20875734
-0.7197638 0.5886625
0.30982482 -0.366869
0.69640064 0.16029349
1.8461688 -1.782032
0.77782696 0.2437925
-0.72404647 -0.5447934
0.27525038 0.7096666
-0.62579805 -0.5019295
0.37333465 -0.6664814
0.19613789 -0.38863087
-1.3703169 -0.24967285
-0.30138934 -0.17622417
1.6134009 -0.64881134
0.83153266 -1.0672499
-1.8586224 1.6616707
-1.3843553 0.6971959
-0.18669292 0.037241757
-0.6645373 -0.87791324
-0.60259086 0.5281515
-0.48072827 0.23611373
-0.11038543 -0.4061185
0.8245496 -0.71049696
0.42232728 0.97651994
-1.3776256 0.14822313
-1.1490932 0.71834934
0.39735866 -0.85584235
-1.9607056 -0.72637534
-0.495804 -0.39477652
0.45482498 -0.2418278
0.7583441 -0.45241374
-0.42331326 0.5563308
-0.5686383 1.2796823
-0.7544797 0.59749794
-1.7005295 -0.67055714
-0.21671928 0.24074045
-0.57811666 1.1794544
-0.42046607 0.5133771
-0.67086726 0.5097188
0.61222905 -0.5246093
0.29298067 0.23469889
0.26989806 -1.7244623
-0.48911744 -0.26498637
-1.0796545 -1.2281065
-0.31996173 0.83626306
-1.0788186 -0.19491409
-0.73144865 -0.42829877
1.224311 -0.59483016
-1.3572218 -2.1086931
-1.7050632 -0.2475934
-0.76585865 0.8117442
0.37553948 1.6917018
-0.4833078 -0.2747776
0.27004653 -0.8024249
-0.22162302 -1.3756902
-1.0709949 1.0417578
0.6315545 0.17799366
-1.4429228 -0.3679232
-1.0493126 0.12266484
-0.11450021 0.3825235
0.6299036 -0.16602057
1.6627457 -1.4334495
1.512937 -0.47937432
-0.89928854 -0.4349893
-0.9932411 1.2690817
-1.3632282 -1.0257641
1.1813443 -0.46065852
0.380323 0.13350338
-0.46851033 -0.5880234
0.9941111 0.56222427
-1.1209208 0.122229874
0.3002311 -1.0488063
-0.59897333 -1.1667277
-0.28450337 -1.4150622
1.2105367 0.31779268
-1.1558291 -1.9943122
1.13236 -0.3959878
-2.1626692 -0.19808035
-0.618981 0.6809894
-1.0677533 -0.33736023
-0.09553605 -1.1741655
-0.23634006 0.22256708
0.40115565 0.0320141
-0.24253863 -0.58623934
1.1686133 -0.8144138
-0.05267833 0.9517299
-1.539528 -0.37555945
-0.35265884 -0.26787323
-0.3773356 0.8093766
-0.15431999 -1.1724097
-0.34566778 -0.63522625
-0.10845372 -0.6448389
-0.29705277 -0.27161855
-0.882363 -0.79241633
0.45553243 -0.8753799
1.8479676 -0.82998586
2.402316 -1.2635729
-0.12490066 -0.42249668
-1.6820915 -0.42036188
1.6756321 -0.9739239
-1.0077745 -1.7789514
0.5189587 0.6730058
-2.0609543 -0.78041387
-0.21682125 0.22265047
-0.633026 0.31453165
0.7703578 -1.3519713
-1.5265801 0.6005173
2.0443192 -0.40188828
-1.5462694 -0.5675514
-1.1945454 0.5199851
-0.6710397 -0.48787117
-1.2311028 0.9861666
0.79968303 0.2540056
0.13949053 -0.44101912
-1.1914355 -0.61883736
0.64362454 -0.5032915
1.0296458 -0.42460275
-1.2079959 -1.0926843
0.6186962 -0.36882263
-0.45005298 -0.97273934
-0.45478302 0.08994472
-1.817242 -1.0375354
1.41269 -0.7596129
1.6491352 -0.5971067
-0.3204046 -0.4136874
-0.3491294 -0.06546667
-0.3175376 -0.87833345
-1.2453657 0.17516363
-0.58344537 -0.08601652
1.1513144 -1.204527
-0.84168637 -0.023481756
-0.5071107 -0.010711521
-1.3202457 0.3387272
-1.1334293 0.8490869
-0.42342377 0.926903
-0.6670816 -0.3354236
0.17890318 -0.34108195
0.44965976 0.59316516
0.23008488 -1.8826227
0.1885192 -0.3379731
0.31294906 -0.59372437
2.1452672 -0.68062055
-0.10948652 0.17946416
-0.5913592 -0.39363763
-0.5484402 0.2687228
-1.3831037 -1.6046747
-0.35802495 -0.5706518
-0.8044997 0.37739882
-1.0168035 -0.8627008
-0.61660403 0.81141555
0.013789639 0.09111917
-0.5471699 0.03751284
0.053194 -0.18331002
2.5689418 -1.1618291
-0.16723014 -0.80471396
-0.0038478076 -1.3082364
-0.6732615 -0.78530574
0.24463128 -0.45359355
0.35087192 -0.29681742
0.8645124 -1.3224524
-0.8549094 0.045561284
-0.2446536 0.8104198
0.85452694 -1.2629328
1.1014916 -0.5630528
-1.968349 -0.25996825
-0.8556311 -0.3512742
-0.13658896 -0.6459758
-0.056218535 0.29943183
-0.5974079 0.27822277
0.90926844 -0.90135
-1.0553993 1.048918
-0.36109808 0.6318182
0.97925526 0.478471
0.6294572 -0.30157784
0.597757 -0.8358073
-0.8193601 0.061821043
0.0017760545 -0.8861052
-0.29725066 0.50262296
-0.10833953 -0.31417096
-1.4225801 -0.56820905
1.4624422 -2.1166992
-0.9353112 0.8927336
-0.87717223 -0.60164285
0.50266117 -1.0570349
-0.3995363 0.04992816
0.80864877 -0.66761196
-0.7574018 0.05525914
1.0959028 -1.2558421
0.96960205 -0.79596484
0.5265598 -0.17423558
-1.212477 0.7941997
-0.2608337 0.2546572
-0.42280447 1.0176518
-1.1849618 -0.34993166
0.015260473 0.77232015
0.9840713 0.06261721
0.032199338 -1.4255743
-0.09347761 -0.2293184
0.5933695 0.96059537
-1.9404632 -0.6666895
-1.0354509 -0.56025094
-0.7147505 -0.8514124
-0.099624366 0.47551164
-0.36886957 1.2350591
-1.0578544 0.20730379
-2.0317142 -0.02609557
-1.0883985 0.28984568
-0.13600023 1.189583
0.8684924 -0.63297
-0.40492487 -0.63487387
0.26477104 -0.6758676
0.7134335 -1.2460681
1.1698123 0.46850005
-0.2738823 -0.1119789
-0.31144416 -0.06574318
-0.1722895 -1.8046559
0.715422 -0.49308378
-0.3545546 -1.2172756
-0.33562893 -0.7279297
-0.37816247 0.3790368
-0.6752744 -0.6391453
0.7429643 -1.5578576
-1.178675 -0.69592357
1.1936272 -1.0694674
1.234441 1.2646204
-1.2789196 0.80872536
0.71564454 -0.091055825
-0.44051987 -0.3228265
1.0343568 0.072594464
-0.106152624 -0.91565084
0.040896937 -0.08299227
-0.2613683 0.030574441
0.7678327 0.019583017
-0.042484626 0.084745884
0.29561687 -1.1109025
1.3210533 -0.6209103
-1.6200922 -0.55488396
-0.6235725 -0.69461834
-0.88669837 -0.42010307
-0.43281615 -0.54490566
-1.4317871 -0.43888962
0.5582508 0.15330142
-2.431532 -0.44484043
0.9650242 0.09661862
-0.2599651 -0.5299476
0.35656077 -0.5765017
0.5229662 0.7241237
0.9382003 0.579227
-0.21762012 0.60207784
0.9654966 -0.10476692
-0.28524664 -0.08073369
-1.989659 0.49832985
0.09108375 -0.78442883
0.288495 -0.69599324
-1.6404922 -0.06124559
-0.13109168 -0.80293596
1.2145095 0.27290657
-0.123689085 -0.02037415
-1.309518 -0.48257607
-0.37135288 0.10147107
1.8143361 -0.82050574
-0.55980206 1.0543025
0.19850804 -0.49758542
1.2732964 -0.52458954
-0.24009748 -0.22900312
0.830339 -1.5952183
-0.13758555 0.32702246
-0.20041968 0.46722105
-0.62492657 -0.23122782
-0.455464 -0.61906505
1.3275415 0.029136151
-0.47779796 -1.4248896
-0.47601283 -0.28050214
-0.6646956 -0.30225694
0.95806867 -1.5802897
1.0641723 -0.9279461
-0.3126992 -1.0364381
0.47518688 -1.0880994
-0.5059133 -0.21636286
-2.1265235 -2.0128906
-0.5806135 0.36898324
-1.095413 0.35797593
0.36257982 0.69994116
-0.70188594 0.028111756
1.1197597 -1.1446191
-0.011014119 0.9229568
0.48780358 -0.36689478
-0.14374456 -0.7520647
-0.7654572 1.3121331
0.22932298 -0.340655
0.3909058 -0.8259437
1.373105 -0.2928005
0.56461036 -0.22290598
-1.0559188 -0.030973345
-0.50608146 0.05440992
-0.3122246 -0.9230453
0.3710903 -0.43825483
1.4549621 -0.88130534
0.30895776 0.22198749
0.72328687 -0.08692746
0.26464152 -1.268076
2.6268804 -0.66887486
-0.15816835 -0.3777148
1.1599585 -1.7533503
1.4610972 -0.35182086
-0.42018503 -0.006281525
-0.76872045 -0.14774513
-0.85059154 -0.6788015
0.4549961 -0.51186603
0.39979386 0.9577693
-0.12806329 0.35538492
-1.3149145 -1.5470078
0.62991047 -0.2758669
-0.96994144 -0.25748968
-0.6842596 0.3925226
-1.0524112 0.26903084
1.0648279 -0.7122401
0.0012298673 0.12716284
-0.8789238 -1.6224844
-0.14531502 0.7880833
-0.17537457 0.22161928
-1.1717669 0.40523198
2.0153234 -0.35021985
-0.6886875 0.23620588
0.58652246 -1.0377928
-0.0025927126 0.3704482
0.118627384 -0.86033344
-1.8967096 -1.3930299
-0.6770157 0.6460278
0.36948037 -1.6784819
-0.875773 -0.5998939
-0.3074785 0.68059504
0.07779686 -1.2165544
0.98634607 -0.20257047
0.06565355 -1.8437548
-0.10458426 0.15468714
-1.3472599 -0.19151981
-0.9306548 0.34768203
0.5417621 0.28901652
-1.5837456 -0.58571434
-1.1530826 -0.1186733
-0.33652884 -0.12274797
0.06764226 -0.7741326
-0.67634827 -0.752754
-2.5540836 -0.44967186
1.5664672 -0.29831234
-0.8060631 0.16245052
-1.2610852 0.5044149
-1.0728294 -1.2094485
-0.76320964 0.36310264
-1.0687902 -1.1944402
-0.45589945 1.4113715
0.7183813 0.15449074
-1.2295647 -0.81718576
-0.50626856 0.3883945
0.75280815 -0.19330159
-0.14334825 0.13752532
0.058040902 0.18516427
-1.0739368 0.4991068
0.36223215 0.083823115
-0.48780254 0.14646897
-1.3660427 -0.6734309
-1.155335 -0.15261826
0.6126204 1.5123078
-0.65491015 -0.30847117
-1.3099909 0.15587384
-1.6703557 -0.82935584
0.24108149 1.6677983
-0.5933608 0.29078516
1.781182 -0.7554848
-1.2096213 -0.9237528
0.24860932 -0.76545405
-0.7990238 -0.4761871
0.2054625 -0.9917587
0.09073357 -1.5797482
-1.183259 -0.24131991
-1.0706987 -0.5032342
-0.8861608 1.1090287
0.72306365 -0.5312706
0.047604933 1.0882394
-1.017559 0.26995942
1.0433823 -0.34360248
0.46271122 -0.20745803
0.9633526 -0.29374558
-0.76849663 -0.45177418
2.1603532 -0.8459667
-0.28527635 -0.58290565
-1.3884878 0.22277418
-0.75640094 -0.58089346
0.214554 -0.64949685
-1.4322705 -0.21890181
-0.84070843 -0.613484
0.5754572 -0.9019189
0.44655472 -1.4471987
-0.60407966 0.5222131
0.3345182 0.28456572
1.0403677 0.039880008
0.63925004 -0.58790106
-1.4721106 -0.6671561
0.77076095 -0.33195868
2.2651918 -1.044497
0.32166845 -2.3106813
-0.40861195 -0.5360844
-0.8498768 -1.0431522
0.72547114 0.038729995
-0.26373813 0.7097219
-0.2655766 -2.1370523
-1.6412725 -0.07625806
-1.367451 -1.6222924
0.244226 0.07555306
0.55988044 -1.3915128
-0.24564426 -0.6146816
-0.56801814 0.2448655
-0.97013915 0.2173737
-1.1758839 -0.9195136
-1.7608048 -1.2205882
-0.38622677 -0.97897685
3.0157497 -0.29158705
0.4804629 0.57046497
-0.63436043 0.476302
0.25007373 0.060566902
-0.90796316 -0.37431994
-0.4405762 0.17892045
0.95638317 -0.074507624
1.8404031 0.62574923
2.888439 -0.9034258
0.7971881 -1.2929064
-1.5469745 0.46760443
0.072499976 1.022709
-0.75502336 0.06861937
0.28603882 -0.9561206
0.5841281 1.2147156
-0.91365916 0.4470382
-1.4324027 0.105143845
1.4101603 -1.0264803
0.42392445 0.092626244
-2.041842 -0.81812644
-0.002427742 -0.64699036
-1.1007144 -0.6859939
1.3927124 -1.9566504
0.09201752 -1.0073562
-0.1730155 0.6012682
-1.5982878 -0.3663525
-0.41656882 0.6347878
1.6705065 0.23969823
-0.6148358 0.7130835
0.78105336 -0.88975286
0.34393913 0.37749317
-0.2154505 0.64193285
-0.20204052 0.5132631
0.43419743 0.34664032
2.6925585 -0.73149276
-1.975442 -0.9413192
0.9130005 0.69368875
0.12984692 0.18726838
-0.68563604 0.12125048
-0.05051616 -0.90719974
0.26513267 -0.113328755
-1.635513 0.29064205
0.41336524 -0.9348216
-0.8779984 -1.0984957
-0.65796125 -0.6299529
0.55605376 -1.415619
-0.87830347 -0.16629037
0.71791613 -0.37900168
0.14339407 -0.67953503
-0.35422423 -0.086371526
-0.63515234 0.5102912
0.37341595 0.8100295
1.1404378 -0.84296215
1.5927 -0.026437297
-1.338746 0.029007077
-0.39870566 -0.02572988
-0.3535997 0.12314072
-0.59815973 0.52263486
0.80067414 -1.1716374
-0.7817618 0.48417976
0.99230415 -1.6265182
-0.38418797 1.272763
1.3891832 -0.8967707
-0.1699655 -1.5511156
1.4053394 -2.0375378
-0.6241035 0.9239987
0.35330427 -0.87209404
-0.34313944 -0.12760133
-0.7598388 0.46068695
-1.1417345 -1.464235
0.12628375 -0.7575133
-2.3181567 -0.5444132
-0.6263176 1.5061939
-1.7808489 -0.4201575
-0.006060764 -2.0177927
1.6524544 -0.20922408
0.94181174 0.37991294
-0.91988164 -0.36239076
0.49580848 -2.0937421
1.8253651 -0.13094287
-1.1673446 0.28684333
0.16386132 0.20422688
-0.25204882 -0.2550311
-0.39408666 -0.4173954
0.4412558 1.0427318
-1.5113127 -0.09595208
-0.842955 0.51695347
-1.4677372 -0.90066445
2.5471292 -0.3427075
-0.50309587 0.32763627
-1.3720515 -0.04602404
-1.7625523 -0.33959457
0.7852822 -0.7068298
0.16469698 0.81981826
1.3341197 0.65942466
-0.95950496 0.17851275
0.39783782 -0.66279835
0.47199863 1.4305352
-1.2556536 -0.93697715
-0.3354913 -0.015895784
0.29709232 0.38159737
0.57882893 -0.157204
-1.3894469 0.113619715
-0.8922931 0.18255454
-1.1429614 0.1105496
1.5158685 0.23784605
-0.19591199 -0.9069121
0.08469586 0.41201863
1.5455695 -0.33283985
-0.30700105 -0.9402245
0.60899395 -0.07517888
-0.91920877 -0.13143265
-1.2007945 -0.36877096
0.13998862 -0.050595254
-0.5658776 1.0583831
0.5649603 0.28429213
-0.82327807 0.07395741
0.050841942 -0.55178964
-0.14379352 -0.4052189
1.1312865 -0.8387847
-1.2950194 -1.5733399
1.0185935 -1.2876236
-1.0587971 -0.37698942
-1.1454057 0.12924567
-0.7384482 0.7273506
-1.1696395 -1.2293301
-0.2971168 -0.57241285
-1.4085206 -0.16610181
0.9569461 0.11276728
-0.256331 -0.031960934
0.3346218 0.32320425
0.08373688 -0.5240624
-1.096638 -1.0022398
-0.24316616 0.8059033
-0.22678265 -0.029739618
-1.9308826 -0.1863995
-0.6638165 0.63168645
0.50826776 0.39336833
-1.5923673 -1.0230846
-0.6902248 -0.15455389
-1.4275572 0.5237608
1.0535053 -0.9174644
1.584757 -0.89347136
-0.30986345 -0.20048755
-0.8178805 0.45751008
-0.8169855 0.8129121
-1.2023019 0.2240322
0.18397774 -1.3473619
-1.1301187 -0.54511106
0.14428703 0.107100755
-0.91741246 -1.2034146
-1.1117318 0.31067106
0.69343036 0.5918038
0.9504164 1.2538352
0.6010616 0.39233246
0.40038037 -1.7334998
-0.0752244 -0.3408131
-0.93269056 -0.56117404
-1.5558293 -0.49083918
-0.117005646 -0.16081956
0.46792364 0.0059752166
-0.83523446 -1.0820546
-0.050172463 -0.3481967
-0.09539387 1.3113976
0.95744795 0.14319691
0.0832317 -0.4129625
-1.2165052 1.1088278
0.8666199 0.6358371
-1.2330788 -0.660156
1.7108179 -0.6926707
0.7780898 -0.16862671
0.61163086 0.71098125
-0.37318712 -0.81299925
-0.37553495 1.1426349
0.1786678 -0.02459322
-1.1641498 0.008223861
-1.442957 -0.03167911
-0.6696237 0.0777556
-0.609343 -0.38213557
-0.90906674 0.42311224
1.6704366 -1.4368715
-1.1851242 -0.37795734
0.69247913 -0.15493879
0.02133365 -0.07768583
-1.080617 0.3175322
-0.88953525 0.580235
-0.49983007 0.09995526
-0.6386988 -0.42340893
-1.3711859 -0.27490097
-0.35597092 1.2776514
-1.2114333 -0.7826332
0.72186214 -0.15664157
0.89447266 0.669865
0.025762245 -1.0727178
-0.8650537 -0.67336184
-1.097344 -0.34174746
0.34343833 0.9456599
-0.96537197 -1.8067048
1.709564 -0.092797175
0.102753684 0.3946649
0.8828736 -0.22370084
-0.10140738 -0.64416224
0.5017358 0.8126253
1.8180172 -0.85617316
-0.80224013 -0.6722862
0.23552035 0.012714177
-0.06269397 -1.5082033
0.13577224 0.8553964
-1.0818601 0.11644593
0.7308711 -1.1419795
0.72293544 0.05419004
0.005133018 -0.52913845
-2.0954087 0.26048574
0.13721262 1.4508
0.048296228 0.44589952
-0.7627429 -0.4387164
-0.9442771 0.4992465
-0.21205758 -1.3893011
0.4062866 -0.119066015
-0.6837871 -0.07413982
-0.48701784 -1.0044013
-0.20528156 1.0691699
-0.9335398 0.9160701
-0.63474196 -0.59861803
-2.0417862 0.06637797
0.6560301 -0.7981218
0.71743387 -0.7951857
-0.83368176 -0.6592623
1.4121048 0.31397626
1.3922256 -0.8652146
-1.0617008 1.1591405
0.95093554 -1.0558583
-2.1781886 -1.4285718
0.14059447 -0.44792327
0.63749355 0.06395364
-0.84237516 -0.445236
1.2680804 -0.27736425
0.7196501 -1.2403234
-0.6459171 -0.5817934
-0.43855125 1.2765995
0.007809058 -0.80492055
0.6238747 -2.3243911
-1.0389762 0.035793245
-0.14631179 -0.8315574
-0.96057415 -1.1308887
-0.089588314 -1.032937
-0.07145551 -0.55017745
-0.055348188 -0.85666037
1.3231757 -0.32952577
-1.698605 0.01410979
-0.49275225 0.036013573
1.78705 0.180545
-0.13073772 0.92555773
-0.59319997 -0.48402557
-1.1254896 -0.2568499
0.469248 0.2018489
1.5391358 0.505916
-0.9014949 -0.2729153
-1.1203142 -1.1405097
0.34270394 -1.0975904
-0.5839686 1.2588902
-0.243578 -1.7142482
-0.854386 0.17076707
0.7157217 -0.33349916
-0.8416887 0.4017549
0.37444025 -0.9745859
1.6149113 -0.44300786
0.57547635 0.17466494
0.20495541 -0.9200033
0.83862716 -0.002185747
0.6913218 -0.84997225
0.43748707 1.28175
1.5313874 0.43909088
1.439097 -0.74485767
-0.23054042 -0.25753546
0.08878462 -0.3799438
-0.8427326 0.12364176
-0.27397293 -0.31812853
0.7377775 -0.14049758
1.0046508 -1.1312732
-0.7716929 -0.59252155
-0.3203882 0.34984162
-0.9521213 1.0306479
-0.4312694 0.115642965
-1.3237895 0.47006217
-0.9061019 -0.10582732
0.42013478 0.8222381
-0.35085285 -0.107405186
-1.2089655 -1.0151836
-2.09072 0.23894534
-0.24593642 1.2525103
-0.11409199 0.42175367
1.4086219 -0.17669779
1.4276358 0.15450594
-0.49906087 0.07020086
-0.97247756 0.16920674
2.5313609 -0.9260329
0.31541836 0.5944724
0.6152598 0.23995653
-0.4477468 0.8378327
1.0559511 0.21992901
-0.9747088 0.086343765
-0.492234 -0.60436594
-1.7986546 1.0415506
0.3593592 -0.40066946
-1.1309472 -1.4359
-0.7164171 -0.53278077
-0.23075871 -0.3871981
-0.6294868 0.7283976
-1.3904322 0.26600924
-0.19482636 -1.5510333
0.9090294 0.66684186
-1.7808169 -0.8674053
-0.59029716 0.9755846
-0.54146755 -0.21217129
-0.69714427 -0.6806748
0.5731775 0.18033579
-0.21783271 0.107473016
-0.7640771 -0.95813787
-2.3766365 0.039417982
0.7825361 0.100806296
-1.4700569 -0.49791348
1.664314 -1.5030713
-0.258877 0.72655964
-0.2916897 -0.4557619
0.44881278 -0.09081477
-1.2563655 -0.47819906
0.95636755 -0.15634358
-1.4574289 -0.04081072
0.26552063 -0.6387112
-0.00970149 -0.404611
-0.9924509 -0.29858366
-1.4119945 0.30378476
-0.92683446 0.4635227
-0.037979737 0.7657044
-1.0277838 -0.15903372
-0.07895036 1.1719236
0.19683908 0.5439739
-1.5458217 -0.2980893
1.246516 -0.5882547
0.32955718 0.4081687
-0.6387648 -0.05587247
-0.29228345 0.4039093
-0.4364819 -0.46303007
-2.674684 -1.3962041
0.8834191 -1.0609066
0.2899049 -0.8222488
-1.0757344 -0.52635324
-0.47581983 -0.32522234
1.0333004 -1.2391865
1.7500714 0.49544993
-1.1470605 -0.13974963
-1.5198429 0.20481682
-1.4588295 -0.12259468
0.60925 0.5209788
0.09050967 -0.5098264
-2.1959355 -0.21273978
2.560716 -0.8148372
-1.650523 -0.34774017
1.5340428 -0.48325813
0.73055196 -0.23544152
0.4914335 0.7054938
0.316864 -0.21096477
-1.8020066 0.40954092
0.12731932 0.4224172
0.75609106 -0.16735923
-0.24390216 0.04057607
-0.6545559 -0.5123127
0.35061002 0.18962473
-0.386358 -0.6297604
0.8420524 -1.6597185
0.11014812 -0.7836013
-1.6799263 -0.25092867
0.8056769 -1.0361832
-0.024777636 -0.394226
-0.16229951 0.1762082
0.011634871 -1.360259
1.4405296 -0.45469707
0.2813204 0.3675975
-0.09459554 1.0514145
-0.8859448 -0.19978012
-0.14259508 -0.9233984
-1.5421354 -0.28430042
-0.81738174 0.715219
-0.5918404 0.7214341
-0.05835627 0.20180774
1.2951784 0.57987523
-0.62745136 0.36205325
-1.02175 -1.2433717
-0.3354355 0.5912293
-0.45951813 0.8526342
0.47307813 -0.33445507
-0.14231113 -1.3217478
1.1830292 -0.87442756
-0.68655163 -0.18118715
-0.413572 -1.4941981
-0.24253012 -0.3751054
0.57901126 0.26178595
0.3349201 0.2306835
0.3515287 1.0165942
-1.4070755 -0.42815056
0.06714867 -0.279875
0.14056323 0.4728882
-0.5702777 -0.4932622
-0.0106304735 0.033266425
0.12079416 0.06166768
-0.88534814 -0.7527838
0.44965416 -0.71392804
1.1447674 0.008058727
-1.4268131 -0.36063847
0.11072518 0.56149924
0.4200148 -0.10628322
0.007905439 0.12931827
-0.27727705 -0.5659033
-1.6255157 -1.6137654
-0.24896024 -0.16391924
0.67470706 -0.66049325
1.5047592 -0.0026136935
0.52294815 -0.41550398
0.32202786 -0.8504406
-0.41338634 -0.05360663
0.944755 -0.536731
-0.84952265 0.20121023
0.73011416 -0.96696615
-0.15705746 0.7302526
1.276665 -1.601584
0.20415787 0.15593812
2.613298 -1.1273564
-0.8603367 0.57231975
-0.16009405 -1.0742328
-0.94716173 0.13175792
-1.0384773 0.77008104
0.324445 0.39024225
-1.736021 -0.7405788
0.1469713 -1.4107147
0.7535642 -0.67143625
0.663572 0.5091171
-1.1846925 0.20674971
-0.14177376 -0.65935564
-1.310015 -0.92823255
0.83326036 0.4952183
-0.42162117 0.2769281
-1.1697308 -0.33895296
0.2613802 0.4387888
0.42717117 -1.2696825
0.5322039 -1.1897926
-0.86907125 -1.6799664
-0.26371363 0.0367274
-0.53551865 -0.26716623
1.4298697 -0.7592946
-0.861508 -1.5613352
-0.78110373 -0.95819795
-0.18849993 -1.1671736
-1.7892588 -1.6020149
-0.24675457 -0.5877043
1.172165 0.0689103
-1.1018453 -0.41514385
0.7675069 0.51839876
-0.4115759 -0.4639334
-0.016720638 0.2322622
0.5882567 -0.48160744
-1.1770414 -0.36933646
1.7481681 -1.392964
1.9160185 -1.1830587
-0.48562866 -0.8718028
-0.6562948 -0.8680037
1.3132917 0.37939575
-0.7700332 0.14394441
-0.05487667 -0.6466701
-0.037892565 0.1178993
-1.3857113 0.17784923
0.76170343 0.5404109
-2.1059585 -0.7401298
1.076673 -0.85430074
-0.04686223 -0.9781158
0.8207366 -0.736766
0.19239949 -0.3588392
-0.30308142 -0.4598926
1.5047557 -0.2819717
-0.58998305 -0.22733913
-1.5111047 -0.4595654
-0.25405473 -0.123069026
-0.5154055 -0.5258719
0.9827035 -1.5619757
-0.31331044 -0.36463594
0.39262336 -1.2201256
-0.06417622 -0.6503
1.4472866 -0.62738353
1.1708351 -0.86274624
0.073493466 -0.034408763
-0.7785601 -0.7336414
-1.534353 -0.26668456
-1.1043646 -0.35748163
-0.14437848 -0.19560511
2.3392901 -1.0611587
-0.30354616 0.034510314
1.5730443 -0.82489216
-0.36732242 0.0069663227
1.0916342 0.8301562
-1.7548175 -0.14952531
0.48646528 0.10803813
-0.65044177 -0.4822147
0.44316828 0.052566916
0.11148764 -0.1059403
-0.26506162 -0.16473326
1.2415278 0.55941236
-0.3815799 -0.30509967
1.9821839 0.015278697
-0.42706537 -0.27934867
0.66430444 -1.728989
0.32085013 -0.40967983
-1.2706499 -0.26734158
0.89703315 0.28405365
1.0281923 0.035586685
1.282815 -0.60410345
0.17397381 0.42232814
0.6684046 -0.6690148
-1.2249789 0.7538096
0.5441203 -0.13972725
0.81424826 0.35191712
-0.52638286 0.24109232
-0.7050601 0.35496798
-1.846245 0.13479364
0.058254406 0.22347194
0.56236404 -1.5656044
1.8731759 -0.7072111
0.62777567 -0.787707
0.032787398 -0.0999746
-0.606605 -0.11643427
0.55446863 -0.9676961
0.6348223 -0.72976744
-1.4583954 -0.8866197
0.95047826 -1.2758007
-1.556043 -0.48396456
-0.38314718 -2.393505
0.5127125 -1.0541103
-0.9541243 0.2625129
-0.7873121 0.11971378
0.8594256 -0.87501943
-0.63818413 0.65687287
-0.49303687 0.013006508
0.34342933 -0.16224286
0.2176231 0.30912265
0.13533427 -0.3005754
-1.0747173 -0.25806132
-0.36689934 1.1368833
-1.6339735 0.76626265
-0.1823492 -0.27144766
-0.72834134 -0.31587362
-0.52991825 -0.09792514
0.22337721 -0.5828924
-1.2387 -0.81439054
0.95414764 0.91441643
-0.27826488 -0.6805703
0.52422917 -1.430211
0.68495977 0.04613176
1.4583753 -0.9582881
0.38287222 -0.8357357
-0.23224875 -0.63938725
1.388071 -0.59609985
-0.8537613 0.30958602
-0.615443 -0.09028594
0.18427427 -0.113373786
-0.8328449 -1.2409438
0.78110975 -0.5950308
-0.85527384 -0.6693692
-0.37066907 -0.57145345
1.3991216 -1.187575
0.16027798 0.30893394
-0.44945252 0.012672573
-1.3267019 -0.39937508
1.5419658 -0.54121053
-0.77964133 -1.0056423
-0.40161675 0.99497724
-0.8038199 -0.6206859
0.6107829 -0.5641512
1.3703278 -0.82620454
-0.63995975 -0.19902033
-0.05827281 0.01817751
0.47043985 -0.25231522
1.1752925 -1.9317608
-1.2889415 -0.34837264
0.71419597 -1.3186938
0.970584 -0.70842445
0.40742463 -0.8949889
0.09281461 -0.9952059
1.06345 0.7465967
-0.08409102 -0.32968527
-1.8747637 -0.5009476
0.45236993 0.47338244
-0.6034916 0.7433634
-1.0266744 -0.8569375
0.5226728 -0.23263583
-0.08374657 0.040711403
-0.51965326 -1.6421514
-0.27433404 -0.183469
0.049482897 -0.86100006
-0.29344213 0.7031195
-0.78188205 1.2728846
-1.6720896 0.07604197
0.94389325 0.4038773
-0.30885524 0.17959034
-1.7123933 0.18763006
-0.65060264 -1.0857843
0.4401518 1.34936
-1.8067595 -1.0023456
0.62435013 0.5871272
1.3608862 -1.2975092
-0.62012815 0.67081916
-0.4363346 0.45959976
0.69776297 -0.07620637
-1.743285 -0.97016764
-0.41073686 0.77273667
-1.1897676 0.934
-1.7822129 0.038503915
0.38356674 -0.2107329
0.1233999 -0.66956425
-0.6609789 -0.038672194
-0.06049034 0.2064538
-0.28229794 -0.19429296
-1.1251874 1.0200368
0.07738848 -0.7119372
0.098794594 0.7018696
0.19747059 -0.1431482
0.80476576 -0.0050294697
0.61570406 -0.26396912
0.21321525 -0.104186475
-1.456191 -0.65876645
0.00090397894 -0.32886136
-1.6526027 -0.36665934
-1.9058999 0.103280306
-1.2426968 -0.18125142
0.15466838 0.4667386
0.24551259 -0.27063152
-0.773239 0.43169364
-1.8588686 -0.9080826
2.968067 -0.62461686
-1.0579213 0.015521169
0.33470356 -0.4236445
-0.65511864 0.39701548
-0.31886172 0.25975734
0.18426166 0.53752565
0.08314754 -0.26757252
0.62451553 -0.24446748
-0.6865557 1.0201203
0.11371757 -0.2835443
-2.226462 -0.15026708
0.34665138 -0.65626884
-1.6987835 0.08062911
0.20635335 -0.5369264
-1.3985972 -0.263059
0.20336802 0.39376178
-0.6068953 0.34771112
-0.7749313 0.45782813
-0.19021013 -1.3875222
-1.6731104 -0.66158664
0.12358095 -0.3199332
-1.1875201 -0.5482377
-0.40519968 -0.025007203
0.040579543 -0.1498065
0.15406291 1.2278532
0.38600838 -0.7361609
1.266424 -0.82675385
-2.1700544 -0.7018355
0.21647508 -2.656408
-1.3657223 -0.3019087
0.034378156 0.15245369
-1.0076787 0.9085591
-0.39876378 -0.03877431
1.7028689 -0.93239367
0.61711913 -0.56169176
-0.744909 -1.7894504
-0.22337241 -0.11959923
-1.0553006 -0.895187
1.7522118 -0.43170872
0.24990343 0.28606156
-0.08396545 1.0095131
-1.2946138 0.18451002
-0.28642428 0.25509602
0.98242694 -0.74241984
-0.48026827 0.56207716
0.3737507 -0.4836808
0.7305663 -0.29443592
-1.2248094 -0.5731683
-0.72638017 -0.06539376
-0.17624086 -0.5491445
0.1561961 1.1549947
0.66734767 -0.21958518
-1.1626804 -0.08484243
-1.5614747 -0.52300906
0.3081112 -0.7122284
0.7698619 0.43608323
-0.16507903 -0.6830324
1.3829558 0.44172522
0.18975551 0.28348503
0.013880983 -0.29084927
-1.2639037 -1.1701429
-0.54636586 0.2482489
0.32894725 0.14455467
-0.7749357 -0.76309144
0.18342228 0.47977617
3.0804322 -0.4044001
1.7033199 -0.91648793
-0.746269 -0.5725738
0.4488327 -0.42502254
-1.1685438 -1.4660687
0.8260676 -1.1865222
0.7909613 -1.3794
-1.3653724 0.04325673
-1.7341657 -0.038877457
0.34823072 -0.0028953403
0.6100404 -0.059001118
0.840076 -0.3368287
1.44243 -0.65425515
1.503412 -1.0809634
-0.84335506 -0.23666665
-0.7962704 1.5892675
-0.17532504 1.0083776
0.916598 -0.5993179
-0.35023078 0.30800632
0.024188295 0.7063967
0.9718264 -0.43145525
1.2039073 0.076862186
-0.09404789 -0.13198674
-0.37388265 0.34780732
1.0475192 -0.35600403
-0.9889447 0.32448027
-0.20851658 0.6938242
-0.7968546 -0.10547222
-0.6456605 -1.8937731
-1.3530562 0.037882358
-1.7063212 0.15480301
-1.1432241 1.1111869
-0.057094827 0.2719324
-0.8884519 -0.102740735
0.85972553 -1.1342622
-0.62244797 -0.41536412
-0.5164304 -0.5475526
1.4311162 -0.7567626
-1.0325587 0.1426301
-1.1886147 -0.37841058
0.44151372 0.57582915
-1.6227344 0.44130114
0.12556364 0.24947849
0.092723384 -0.056856066
-1.6261278 -0.094963014
-1.0718001 -1.098873
-0.9036019 -0.4340895
-0.84290874 -1.2182978
0.52649224 -0.4938911
-0.37247497 0.21154079
-0.6561413 0.691082
-0.38501784 0.08900741
-1.2333122 -0.7524551
0.65467393 -1.1453468
-0.45023516 0.6203643
-1.4571742 -0.44996947
0.5722931 -1.3930373
-0.6891263 0.13030913
-0.7092048 -0.7788594
0.57240516 0.35195115
-0.18216266 -0.6522804
-0.39562505 0.147932
0.6450515 0.2925481
0.245782 -0.84206724
-0.60992104 -0.8827591
-1.8209145 -0.24089682
0.5056296 -0.7830756
-1.498913 -0.33353353
-2.8377054 -1.2325627
-2.5092924 -0.36291897
-0.55934 0.51484823
-0.41462982 0.3301933
1.5346383 -1.410779
-0.28877863 0.41727737
0.3721168 -1.8018134
1.0707357 0.58360016
-1.8465185 0.43796995
1.753901 -0.044926256
-1.6871846 -1.5580057
-0.4972136 0.32167706
-0.7229233 0.60499024
1.4308689 -1.8332082
-1.6875416 0.1237652
-2.3941224 -1.8670665
-0.6955936 0.38010237
1.1592547 0.6625185
-0.93732035 -0.7567998
-0.5321578 -0.05153595
1.8269126 -1.5012739
0.48661256 -0.033979833
0.6623376 0.56432927
0.98594016 0.58180845
0.11260818 -0.65960157
-1.5287929 -0.75688994
0.2505222 -0.5377523
-0.59245765 0.17238897
0.2091171 0.10037291
0.2754243 0.29244515
0.4259144 -0.569169
-0.5172534 0.03553918
0.10314663 0.4787868
-0.7151034 0.17233053
1.5587425 -0.7589661
0.56622297 -1.6253299
0.34376806 0.627483
-1.1394192 0.7455083
0.06218867 -0.18442436
1.6513386 0.059423834
-0.50377554 0.23071241
0.055689856 -0.9208516
-0.6521876 -2.4967005
-0.31713337 -0.046583652
-2.0289748 -0.37985742
1.5695596 -0.54360145
0.21732922 -0.20054142
0.043609962 -0.7759447
0.8447313 -0.04964024
2.7734728 -1.0318477
1.3327444 -0.8653964
0.18162839 -0.5054877
-0.5203134 0.4391398
0.11190553 -1.4371341
1.2383705 0.41690478
-0.4644194 -0.21171449
0.5886767 0.015566647
-0.58213735 0.81508255
1.6992412 -0.06083688
0.25518054 0.4178067
0.2310443 0.8667488
-0.86425525 -0.10826999
0.059451595 -0.5844139
-0.321217 0.513834
-0.28239265 1.1412324
0.7809184 0.39332953
0.7373592 0.363232
0.8770638 -0.079375654
0.9610954 -1.2127426
-0.99805826 -1.6251061
0.102958634 -2.1962745
-1.428829 -0.9293196
-0.039839774 -1.162233
-0.4343357 -0.31162074
0.36666852 -0.7877004
0.3261509 -0.29444626
-1.4275823 0.39633462
0.44492364 0.10220608
0.06124924 -0.13740247
0.7456069 -0.027858153
0.25671005 -0.2197438
0.71295696 -0.6720394
-0.6868641 -0.37251937
0.49352396 0.022903383
0.44016504 0.37534347
-1.4550704 0.81897426
-1.5545269 -0.45738912
1.6626573 0.6593945
3.0971797 -0.5683566
-0.19987585 -0.8950045
-0.5204671 -0.22041282
-1.3098294 0.09037697
-0.20914131 -0.8446734
-0.09474254 0.562287
-0.2034395 0.6565026
-0.9480313 -2.2377493
-0.93727785 0.17401871
0.34053975 0.07502636
0.33131772 0.7138728
-0.8510863 0.29389992
-0.55257875 -1.7125721
0.57328415 -0.7427211
2.5196223 -0.9323813
2.0706022 -0.7111235
-1.0561248 0.8991604
-1.6102692 0.89149344
-0.1733228 -1.5594697
-0.051444888 -0.4428525
-1.3403878 -0.46661413
0.9980363 0.26781353
-0.2374286 -0.21177898
-0.10491757 -0.51453435
-0.48323858 0.5049722
-0.79475003 0.52311945
-0.1334795 -0.21390852
-1.9931201 -0.46036506
1.0163553 -0.44240278
0.8880618 -0.63746655
-1.7635876 0.01890117
0.048714027 -0.65780306
-0.0757658 0.563807
1.2473156 -1.0392393
0.07123862 -0.25942233
2.517282 -2.1508286
0.609098 -1.9337537
-0.28511786 0.335888
-0.35368952 -0.7199043
0.20296921 0.029299974
0.39133078 -1.1134822
-0.7763093 0.58269167
-1.2731537 0.28031537
-0.6620913 0.6755904
-1.5794066 -1.0592755
-0.51235247 -0.1944297
-0.8345918 0.23936841
1.5952036 -0.60027
-0.12570512 -0.01158531
-1.4155654 -0.17456913
0.7885054 -0.52661526
-1.7024498 -0.05366002
-0.29324827 0.63173103
0.33200836 -0.072897166
-0.51039624 0.6838645
-0.051609635 0.80571496
0.30067348 1.0671446
0.15446256 -0.7312944
-0.44320515 0.7567221
1.9618092 -1.0741234
-1.3150846 -0.17466028
-0.2730244 -0.8397814
-0.12527514 0.41922775
1.5841752 -0.5570365
-0.8418528 0.3343024
0.15808325 0.17787787
-1.5659496 0.590956
1.3176177 -0.23317993
-0.6463725 0.60245764
0.54739934 -0.6681949
0.6156366 0.62359345
-1.2355248 0.2844092
-0.026478618 0.47385815
-0.32354513 -0.09775457
0.11473574 -0.8386209
1.3502555 0.35887536
0.73857343 -0.72023845
-0.035923406 0.36430857
0.14363576 -1.1324208
-0.033693135 -0.85138047
-0.3480627 0.19572407
-0.85967857 -0.2131857
-0.20394394 -0.45118374
0.24269871 1.2485739
1.1091455 -1.2537624
1.0894685 -1.385215
-0.6094891 -0.2676989
0.7792484 -1.1843879
-0.023773238 0.33547178
0.8630118 -0.30587268
0.3585714 -0.19934192
-0.2514887 -0.79077744
-1.8016716 0.18971702
-0.26951364 0.7109617
-1.0432669 -1.4388623
0.37509912 -0.56751716
-0.52543813 -0.014764145
0.09315072 0.6875514
-0.35466844 0.4678547
-0.23758763 0.4266247
-1.5672401 0.8324832
0.90150076 -0.3942151
1.0355184 -1.1409271
0.755974 -0.50517565
-1.4299303 0.2987258
-0.52122486 -0.38688028
0.15972723 0.38422105
-0.7707277 -0.7910836
-0.12445466 0.6196219
0.55691254 -0.12120107
-0.33204004 0.06986639
1.9032991 0.052344263
-1.0573266 -1.0531826
-0.060443297 0.20734423
1.7389656 0.05509588
0.02154623 0.2766514
-0.26276776 -0.9031625
-0.23942676 1.2874358
2.2140973 0.2897958
-0.8363343 -1.6777298
-0.09684707 -0.7705169
1.0359478 0.58146024
-0.6339998 -1.1610743
-0.63362205 -0.26346064
-0.50472164 -1.1703408
1.0770175 -1.0112222
-0.46714196 -0.8544172
0.4071825 -0.30251944
0.5736485 -2.2806084
0.7999347 0.055399716
-0.30928937 0.6094284
-1.4310366 -1.1329308
-0.14194818 1.3988863
-0.9993864 -0.08550231
0.14907499 0.47945467
-0.035825044 -0.22557676
-0.44248515 -0.38492417
0.52039146 0.031301647
-2.494987 -0.73783445
1.2355738 -1.2952555
-0.17048518 0.574504
-0.25395626 -1.109111
-1.0118603 -0.30709502
-1.1287733 -0.6864698
-0.17524987 0.7539654
-1.7727845 -0.43576586
-0.13368508 1.031974
-0.38336378 0.5466474
-0.22874482 1.0853386
0.009861723 1.7202439
-1.406589 0.5857215
-0.47959808 1.0443709
1.5800425 0.7024077
-1.6718031 -1.1928188
-0.3692032 -0.9014032
-0.18003036 0.49457964
1.8331528 -0.7922642
0.4676708 -0.40265715
-0.30807364 -0.55133927
-1.4448229 -0.32816404
-0.07853751 0.080878526
-1.0404696 -0.6874738
-1.1912202 0.48469403
-0.22224703 0.3291687
0.96022433 0.661903
-0.25642017 -0.54814786
-0.65807736 0.9901588
-1.3915526 -0.018803209
1.091342 -0.88074243
-1.3447429 0.33358988
-0.8590067 0.7807765
0.57938766 0.39405164
0.502048 0.4852771
-1.1105292 -0.64379275
-0.27102318 0.43283132
-0.26479977 0.46132675
-0.73868454 -0.17672601
-0.97494143 0.9384643
0.3061862 -0.06635763
-0.85386854 -0.30307314
0.06337349 -0.1829609
-0.8751695 -0.22729176
0.23132654 0.062097937
0.9428907 0.35995486
-0.5876503 -0.3919705
-0.12631461 0.49252346
0.42739356 -0.8455554
-0.6724129 0.9911611
1.5744668 0.28489056
0.2763968 0.5836065
0.358729 -0.24127041
-0.033631697 -0.44772708
1.9669709 -1.0673591
-0.7795572 -1.8002219
0.3068372 0.048012614
1.7763064 -0.1073319
0.47964752 -0.3655203
0.96818966 -0.456566
0.025973812 0.12197614
0.06403966 0.48399797
-0.22405232 -0.63781714
2.3123178 -0.8724799
-0.8381287 0.4174129
0.15940265 0.4171681
1.1368687 -0.4346186
-0.33407104 0.115338326
-1.1413772 0.00017771125
-0.31611133 0.66899467
-0.33185473 -0.55764276
-1.272232 0.65390635
-1.7517872 0.34902707
-0.12426102 -0.118914835
-0.6247958 0.5820683
0.110525385 -1.1632048
-0.9322893 0.22567871
-0.72020215 -0.48439372
0.21860828 -0.24096629
1.2709885 0.36643693
-0.025722831 1.1404965
-1.5849696 -0.21223097
0.9506807 -1.1047255
1.0465767 0.91849005
0.5091552 0.25565806
2.07424 -2.0104911
0.22451837 -1.0913787
-1.4024829 0.34429792
-0.60883313 -0.89642537
0.9851311 0.3778821
-0.659059 0.69807136
1.611249 -1.533516
1.0402963 -1.1545665
-0.19301425 0.083104074
0.04845719 0.8285047
1.3104635 0.7712903
0.24176724 -0.8980485
1.9931517 0.09982246
-0.916694 0.07618734
0.4611619 0.27731314
-1.0680298 -1.7597759
0.8581076 -0.6794578
0.0603164 -0.73926616
-0.065686256 -0.33368444
0.87131053 -0.59731954
-0.33252805 0.24996403
-0.27347112 0.09829521
-0.69686437 0.05426252
-0.9036235 -1.1105005
-0.4232319 -0.336273
-1.4491541 0.31697235
-1.3278203 0.5319129
-0.46061426 0.0659917
1.0784469 0.5673634
1.3771386 -1.1993754
0.2871334 -1.2783872
-1.1329978 -0.7515471
1.7108463 -1.1182851
-0.521573 -0.41487646
0.8263965 -0.96470666
-0.0007247478 -0.25283772
-1.3667058 -0.009045333
0.01498659 0.2614204
-0.32944134 0.6856947
0.07738842 -0.8606571
0.7212777 0.92083716
-0.7441322 -0.2065592
1.2631003 -0.7588737
0.49524736 -0.59052193
0.18727367 -0.31508148
-1.5670713 -0.8495554
0.49444956 -0.5600995
-0.92096364 -0.020651653
-0.14546782 -0.107683614
0.77369934 -0.4152631
-1.0012902 -0.605727
-0.63244456 -0.44043672
-0.90823245 0.840816
-0.8663691 0.9008485
0.9803199 -0.051343724
0.16677274 -0.37543845
1.1713418 0.12325522
-1.4235364 0.15828395
-0.89762497 -1.2981216
0.038215294 -0.039329097
0.132275 0.14115602
2.4441788 -1.3240188
0.32600957 0.19384846
-0.4027277 -0.48992154
-0.995443 -0.8650179
0.039104268 0.034633875
-1.4580656 0.48339924
0.08855106 -0.30214983
-0.14185447 -0.4183028
0.7320126 -0.92840636
-1.1471707 0.56761277
1.015085 -1.6495088
0.2955469 -1.3169779
-0.34240922 0.12465462
0.06936742 0.0785535
-0.900963 0.18163764
0.72720706 -0.95701206
-1.5226847 -0.2174876
-1.017966 0.3943971
0.186763 0.57822967
0.6839572 0.12348881
-0.9858631 -1.0133731
0.48457485 -0.79631615
-1.0228754 0.48029253
-0.75193053 -1.2669573
0.6251044 -0.64666176
-1.1761513 -0.3385124
-1.4145048 -0.18483539
0.3925774 -0.91196
1.6305213 -0.62123835
2.6615212 -1.393675
0.23534526 1.8634247
-0.5832474 0.51184714
-1.1938661 -0.56646967
-0.4127 -0.51365256
-1.8897378 0.1471645
-0.45112544 0.66158617
-2.146647 -1.4290297
-1.3232558 -1.2298304
-0.014502123 0.2604867
-0.100684255 0.26980683
1.5296279 -1.3207688
-1.7055372 -0.6730801
-0.09674917 -0.42628658
-0.4339522 0.993575
-1.740276 -0.28259683
1.323198 -0.06132692
-0.35789454 0.14414087
-2.011418 -1.266107
-0.84650046 -1.1111468
-0.42644966 -0.021131262
0.15642108 0.733752
0.10638167 -0.5530791
-1.0529462 0.6271999
2.402316 -1.2635729
0.097087786 -0.30055797
-0.8323009 -0.10713908
1.3991358 -1.572186
-1.0497483 0.39819404
1.7872207 -0.62940097
-0.6128986 -1.3550781
1.3127476 -1.943517
-0.23818444 -0.5786989
0.1169758 0.66542554
-0.9529849 -1.6178274
-0.018070072 -0.7552737
-1.8898851 0.38587436
-1.6498581 -0.16949612
0.2029698 -0.13142174
0.29086924 0.45113352
0.5246747 0.049729258
-0.75121707 -0.51913714
0.1432514 0.44428977
2.0914218 -1.4133242
1.0941325 -0.19370389
0.77523106 -0.3168011
0.599812 0.044064432
-0.098241135 -0.20181184
-0.75162303 0.2113984
0.3450846 0.09804329
-0.3301087 -0.46549225
0.6124079 -0.85399795
-1.139219 0.6264701
0.103637055 -0.91207075
-1.1064687 -0.44721973
1.8130002 -0.2148226
-0.110195264 1.1741298
-0.14138153 -1.1523104
-1.8899822 -0.32636195
-1.1141258 0.2466614
-0.64082783 -0.23716858
1.0506926 -0.37335902
0.32547492 -0.4331291
-1.4370992 -0.15151009
-0.8704291 -0.7817675
-2.4111607 0.23049882
0.27152872 0.9141855
-0.9911971 -0.7844671
0.16517265 -1.8079575
-0.36950427 0.29535607
0.27181858 -0.48887843
-0.6241035 0.9239987
0.79410464 -0.15607452
1.3560266 -0.8419864
0.22431721 0.6808363
-0.69711983 -0.66919637
0.9058637 0.8537948
1.2721907 0.12000543
-0.4696328 0.35124657
-0.71403867 0.725507
-0.6558207 -0.9935491
-0.39443704 -1.2943344
-0.8149342 -0.34192777
-1.7939214 0.88667476
-0.24066183 -0.65380853
-0.0296444 -0.4578068
1.3800362 -1.0497837
0.1930378 -0.094446406
0.089490876 0.97266686
2.3569489 1.3197631
-0.32844776 0.026302785
-1.6234667 -0.84471655
1.0298803 0.23241833
-0.6068882 0.9512274
-0.32391447 0.11158505
-0.8690516 -0.4502702
1.0107222 0.18318471
0.6971568 -0.409618
-0.6667595 -0.052800596
0.4176215 0.8094219
0.6660717 -1.3534412
0.6188748 0.96233237
-1.3417985 0.26541665
-0.11858262 -0.24665765
-1.0999367 -0.44633275
-0.34454727 -1.467165
-0.4070362 -0.2730372
-0.9062556 -1.1743839
0.7057512 -1.02846
-0.12891999 0.2004224
0.09469198 -1.5059516
-0.24050935 -0.6265967
1.3623005 0.9156296
-0.3805468 -1.1342888
-0.06147498 -0.0077139586
1.3238454 0.1493296
-0.7915451 -0.7852309
-0.5991147 0.49514475
-1.5398922 -0.43898496
0.7061022 -0.013459727
-1.2480915 -0.16331865
0.20213316 0.7792722
0.5050374 -1.3672615
0.38847876 0.40491125
-0.5984637 0.75520384
0.9891755 -0.5090598
-0.46252728 -0.07462862
0.0008507222 -1.5116929
-1.915238 -1.8205965
1.0035924 -0.74873364
1.4293624 -1.8930571
-0.41377264 -0.56799465
0.101238236 0.71909297
0.85889596 -1.2563772
-1.6407136 -0.89369714
-0.6123126 1.3588793
0.020422831 -0.05525343
-0.014971718 0.42838988
0.46111012 -0.9618646
-1.1117705 -0.3684613
-0.6575416 -0.8030069
-1.4189093 -0.07990725
1.2686478 -1.1098394
1.4983466 -0.84281147
-1.2676356 -0.2013744
-0.71691716 0.10768056
-0.20634975 -0.3608486
-0.8256499 -0.20762971
-1.5079165 -1.4321744
0.5193076 -1.3526392
0.10966541 0.6696352
-0.35185364 -0.48123747
0.25941944 0.21049479
0.36317074 -0.0956285
0.9808213 0.70512843
-2.0721614 -0.9425621
0.9215668 -0.0012842417
-0.6831241 0.005877629
0.79194504 0.61913335
1.0721614 -1.0824046
-1.0746495 -0.06424925
1.2897218 0.36997572
0.80493826 -1.1798267
-0.75329745 -0.9612248
-0.09379083 -0.29095218
-1.9243025 -0.494915
-0.3884709 -1.1612729
1.057574 -0.2446906
0.554349 0.19910806
0.029361978 -0.44953957
-0.6216094 0.910781
-1.4449058 -0.20119223
0.404764 -0.29521552
0.007769838 0.3343481
-0.9951871 0.45307478
0.09878953 0.79608786
-1.3161918 1.1021338
0.98278874 0.34530404
-1.0773096 -0.50055337
1.1666431 -0.325723
-1.160949 -0.675349
0.72362465 0.8538008
-0.22420311 1.1700144
0.4114002 -0.29139
-1.5154039 0.28265497
-0.53119373 0.32863036
0.014696732 0.5728437
-0.48722363 0.658636
-0.18656018 -1.337779
-0.83050644 -0.48849866
-1.6182569 -0.08073239
0.8725522 -2.3129559
-1.674805 -0.9573208
-0.6273412 -0.027719855
-0.1433713 -0.20366822
-0.33417976 -0.030324578
-1.1562332 -0.2281657
1.0261264 -0.49382997
0.35283995 0.34491095
-0.448582 -0.33647317
-0.6004177 -0.84337914
-0.96288145 -0.38726223
0.65312195 0.6761638
0.7745592 -0.5842382
-1.1013463 -0.084667355
0.084880635 -0.20758994
-1.0294256 0.14956921
0.6683198 1.0926021
-1.0099373 -0.19096845
1.853771 0.64758945
1.5932117 -0.27825975
-0.14113942 -1.1020266
0.605036 -0.100235745
-1.4650824 -0.26073605
1.7518129 -1.0953366
-1.1216619 -0.6481743
0.6481802 0.35470912
0.21328588 0.6570765
0.10740651 -0.021973506
0.02022998 -1.1715358
-0.55094683 -0.20389195
-0.67416435 -0.72539324
-0.2930089 1.1243458
0.017618552 0.5365584
-2.0010896 -0.84850645
-0.84005946 -0.6393589
-0.5035386 -0.009011701
-0.4790117 0.20039499
-0.74649364 -0.6898973
-1.0977145 -1.0056375
-0.23721136 -0.14709935
-0.31144622 0.853382
-0.21654558 -0.16076413
-2.1174233 -0.6812531
0.23941602 0.024497896
-0.742491 -0.6048287
0.01696466 -0.1447649
-0.8777798 0.61267436
0.10090323 -0.09132859
-1.8352234 0.038924098
-0.024639666 -0.27287212
0.292215 1.0204716
0.013878897 -1.9097706
-1.250817 0.28643498
0.47796822 -0.8681942
-0.44950065 1.9833153
-1.0572195 0.3914238
-0.5883903 0.5774386
-0.30015683 -0.24852209
-1.1275053 0.11409226
0.2443298 0.8730397
-0.4402839 -1.2157042
-1.0973892 -1.1154906
0.5412874 -0.15548661
-0.037592635 -1.5845098
0.24771713 0.33684364
-1.4623245 -0.38628614
-0.26586255 -0.27038273
-1.4713864 -0.32327783
1.4034555 -0.3585967
0.6704668 -0.00892736
-0.6656908 -1.0656221
3.3296604 -0.02636768
0.27204716 0.5670539
-0.22015704 -1.2635801
-0.80201507 -0.41972366
-1.2444831 -1.3316838
0.3703974 -0.10853776
1.9701848 -0.8213967
-0.2329916 -0.2703715
-1.4859171 0.35015675
0.19559388 0.46286932
-0.38989 -0.22958358
-0.87670016 -1.2471691
1.1329968 0.59237087
-1.0069857 -0.48769873
-0.0030296594 -1.4079131
-2.1117406 -1.403109
0.028528795 0.5512687
-0.3561024 0.79660237
-0.15861163 0.44762287
0.96865386 0.34291092
-0.4039849 -0.5095773
-0.33397892 -0.33488494
-1.126334 0.58035946
0.2788329 -0.32511497
-0.15690067 0.30088338
-0.29080465 0.62015676
-1.0748583 0.3507428
0.9583469 -0.86591446
-0.07442698 1.0228829
1.2659234 -0.48854408
0.2647575 -0.6140164
-0.42504627 0.8659824
-1.1019175 0.84229124
-1.5783249 0.44828603
-0.4633636 -0.36400792
-0.48971328 -0.34714377
0.28301412 -0.77905285
-0.6571679 0.586923
-0.8046331 -1.6149316
0.43282115 -0.54587317
0.28300655 -0.6432187
-0.3120452 1.0194529
-0.625721 1.6697757
-0.26883706 0.6538583
-0.75306505 0.9259379
1.1381716 -1.4300941
-0.13627538 -0.3472469
-0.44446462 0.6717529
-1.0907165 0.17510507
0.37962717 0.28474036
1.2785853 -1.1952609
-0.040504545 -0.9701172
-1.4883683 -0.4994092
-0.9603076 -1.5803742
-0.46613753 -0.08388613
-0.39535302 0.73614967
0.3365658 0.18423489
-0.17905998 0.96102023
-1.023018 0.5170164
0.4906236 -2.1771185
-0.8245606 0.8087176
1.2173175 0.3762119
-1.483719 -0.26517883
-0.69059104 0.24229708
-0.33703336 -0.95372605
0.8394651 -0.2132659
0.54514116 0.62915516
-0.7866436 -0.87750554
-0.66763115 -1.2073404
-1.0783939 -0.9483348
-0.39281315 -0.5417403
-0.15926078 0.43591413
-1.0387021 -0.4368449
-0.40745538 -0.9733192
-0.3369655 0.06510723
0.42718065 0.04202923
0.24360313 0.31660935
-0.22976151 0.29873332
0.3022498 -1.2058072
0.91149646 -0.8644308
-1.5073397 -0.6710926
-0.9683799 0.7317021
-0.36315694 0.39878234
-1.5359625 -0.6598096
0.22571422 -1.2452341
-0.0081934035 0.49614283
0.2444203 -0.20291634
0.38097155 -0.16464669
0.97433656 0.02216947
0.39181828 -0.72878414
-1.7110921 0.27957913
-0.28656396 0.10969162
-1.0484595 1.2125994
1.3152217 -0.15178834
-0.431189 -0.43104234
0.81026715 -1.2478176
-0.1946301 -0.34744486
-1.3401825 0.15146303
0.54659843 0.12353763
-1.4314736 0.22674143
-0.22907189 1.05769
-0.29886654 0.6870767
0.45373654 -1.9901952
0.53769445 -1.1851346
0.5680467 -0.13564345
-0.21725518 1.5335664
-0.27679664 -0.2741753
-1.3962437 -0.755262
-0.508023 -0.29032174
-0.8757 0.39250425
-0.41768193 0.28787598
-0.056309074 -0.36061272
-1.7963032 -1.1519542
0.6719256 1.0281819
-1.6092675 0.2410427
0.3057236 0.6047226
-1.1135255 -0.7403635
-0.77736205 -0.083798155
-0.22486725 -0.41339147
0.46350485 0.16238147
-0.033676714 -0.50907016
0.151141 0.022197485
-1.0864441 -0.85382783
0.28324658 1.393415
0.21627437 -1.2655667
-0.8480129 1.1624871
-1.0069572 -0.16279197
-0.444264 0.07569006
0.76470405 -0.18540734
-0.8945645 0.22309974
-1.0048636 0.5456531
1.8051724 -0.38558966
-1.0702333 -0.08000067
-2.2415614 -0.051818207
-0.1852307 1.2170718
0.30455548 -0.79112935
-0.9137007 -1.1390483
-0.21004257 -0.72554636
-0.56849897 -1.0068196
-0.32378864 0.88635516
-0.91390246 0.5540345
1.4864137 -1.4909095
-1.524478 -1.1860198
-0.7720765 -0.8191991
1.7508056 -0.8498355
-1.6656766 -0.32273805
-0.82724816 -0.32705474
-0.65715003 -0.30431545
1.3948302 0.28887758
0.5076424 -0.37749887
-1.9575056 -0.42619914
0.108173415 0.10518357
0.14091213 0.04336688
0.06818996 1.0966115
-0.19996294 -0.611073
-1.1671988 -0.58293355
0.2859158 -0.34968114
-1.8984047 -1.7751749
0.92119557 -1.482492
-1.4286284 0.16834319
-0.62840027 0.4233314
-0.8463903 -0.14970163
0.016239151 0.51446044
0.9925721 -1.519183
1.8169451 -0.14275464
-0.6793976 0.45997402
-0.56705177 1.5477626
0.28423077 0.7990253
-2.421107 -2.8201318
-0.71195763 -1.3379145
0.28409934 -0.15072441
-0.8402365 0.61785316
-0.5485285 0.628441
0.91609067 -1.0581394
0.30524415 0.22672561
-0.5831488 0.26723275
-0.97840625 0.22737718
-0.4094975 0.30488148
1.1809051 0.068598986
0.15029521 1.1268953
0.19236429 0.50163126
-0.25795633 -0.018574491
-0.14927918 0.30882928
1.2112193 -0.7326344
1.3800824 0.5811213
0.43174434 0.11868197
0.75064975 0.055368006
-0.6998363 0.10201582
-0.9663015 0.21720448
2.9136207 0.2554554
1.1026655 -0.3044482
-1.647772 -0.4405707
2.0842805 -1.1005516
2.0134697 -0.58904076
-0.6569952 -0.23258159
-1.0828272 0.136269
-0.8762568 0.23579237
-1.4531137 0.070625216
-0.8420146 -0.21212201
-0.99170613 -1.7582304
-0.1169132 0.6638056
1.4751772 -0.02084054
-0.2853833 -0.089868456
-0.44080335 0.74080265
0.8938313 -0.6037619
-0.47507033 -1.3305538
-1.1880853 -1.1896685
-0.93975854 0.305213
-0.22730671 -1.1409894
0.6821819 1.1711639
-0.3399824 0.2559048
-1.3307284 -0.65167224
-0.6776484 -0.17521758
0.31694192 -0.12224629
1.7302006 -0.050649837
0.9501098 -1.7608366
0.057833865 1.3374044
-1.81767 -0.9269347
-1.1275339 -0.32655263
1.0673044 -0.01982537
-0.37562734 -1.1692014
0.11997743 -0.22370987
0.5515553 -0.13174176
1.3405058 -0.47752008
2.4213533 -0.99660647
0.5383117 1.2434152
-1.4730191 -1.048339
-1.2477806 -0.7280437
0.6500689 0.71926427
-1.4408606 -0.30288994
-0.12900019 -0.830614
1.1757178 0.10144895
-0.053662747 -0.37781042
-0.34253374 -0.44373232
-1.130929 -1.5629175
-0.15816358 -0.31712565
0.7462603 -2.4738903
-0.8173055 0.13999009
0.3254028 -0.09136057
1.1910279 0.035597205
0.94969636 -1.1954311
-0.5820021 -1.3613431
-1.3128566 -0.12353979
0.017828986 -0.00019416213
0.86308545 -0.7051598
0.55561036 -1.2886204
0.96043915 -0.5337647
1.7437687 -0.9249184
-0.68254066 -0.7799394
-1.3611766 0.5091294
-0.9597333 -0.18452689
-0.37131774 -0.71158105
-0.9688609 0.33987376
-1.5892863 0.34127012
3.3777432 -0.39261156
-1.5167115 -0.12401623
-1.6555585 -1.7388746
-0.4448715 -1.1679473
0.2407891 -0.02018249
0.65882874 0.5552939
0.19366737 0.5312295
0.71943456 0.32051024
-1.1899034 -1.1465368
0.61796093 -3.305746
-0.85506237 -0.08772747
0.45807314 -0.9635538
-1.0699934 -0.17052898
-0.32570684 0.35903212
-1.1540064 0.0742079
0.8251702 -0.83719444
0.2245598 0.055062234
-0.34985843 -0.7379231
-0.5122782 0.40863106
-0.87233555 0.68124604
-1.4590997 -0.77409005
-0.31368187 0.61467314
-0.5463747 0.6514255
1.1819896 -1.7020905
0.021905765 -0.783309
1.7415516 0.031063825
0.69035286 -0.75488424
-0.15834409 -1.7891282
-0.16633704 0.6882936
0.8067065 -0.20240837
0.7172119 0.7268461
-0.65084183 -0.33854678
1.7533591 -0.8950366
-1.2666483 -0.050868258
0.7899206 -0.8628682
0.27182353 -0.008479491
0.9106913 -1.2834765
0.41377193 -0.09806931
0.7534749 0.48700145
0.98283464 -0.6135086
0.7360379 -1.3649389
0.42514592 0.42813066
-1.353445 -0.80798495
0.5906944 -1.1558416
-1.2453382 0.49154195
0.10880421 -0.25600234
0.3173386 -1.3968086
-0.7375789 0.16603142
-0.5276697 0.26807466
1.1123288 -0.6121185
-1.3528943 -1.6378714
-0.2647302 -1.2095118
0.6148148 0.19416285
1.5515404 -0.5285467
-0.5126174 -0.1602813
-1.2332578 -0.050915837
-0.365389 0.8062457
1.9044669 -0.49354887
-0.7828021 0.14952964
-0.9448855 0.43931553
-0.9791403 -0.14393142
-1.5024801 -0.42987478
-1.0690157 0.3721772
-1.2401931 1.2660252
2.6107686 -0.7049154
1.3987601 -0.41675824
-0.7169363 1.2271973
-0.7021006 -0.98504734
-2.1111333 -1.1761316
0.043646798 0.0026868135
-0.08828646 -0.63506114
1.305709 -0.8001795
1.3998832 0.943298
-0.44238037 -0.1352515
-0.2891732 0.7066046
0.6725978 0.1583901
-1.0255039 -0.470999
0.8379912 -0.41961282
-1.0943543 -0.17436227
-0.31371367 -0.23106381
-0.026387438 -1.3726436
-1.0921639 0.9650868
0.5508311 0.2909805
-0.21772504 -0.365212
-0.14357904 -0.33097005
0.5088527 0.9918709
0.7520246 -0.27713114
0.19491695 1.6816934
0.46981162 -0.7991396
-1.4345999 -1.6910747
-0.2653918 0.63600636
0.29735816 -0.85105157
0.12664534 -0.06154929
-1.2016122 0.17733419
-0.32849857 -2.4921496
-0.3492688 -0.043978915
-1.8892817 -0.7405329
2.009562 -0.38570136
-1.3312593 0.26765665
-0.15586261 0.702302
0.31457883 -0.71903104
1.9814 -0.9426013
-0.9594854 0.6617253
0.120963976 -0.30463365
0.85517496 -0.006332442
-0.28897566 0.8954873
-0.95428777 0.83751297
-0.19823544 0.67745864
0.384063 -0.57790124
0.28194666 -0.12546724
-0.61668205 -0.24552253
1.2010663 -0.55975163
1.9108584 0.11669102
-0.4406042 0.788136
0.40237743 -0.4967215
-0.23234808 -1.4220973
-0.15956925 -0.25087562
1.3184499 0.8107641
0.7524101 -0.0017448813
-0.6989788 0.19426745
-1.9500464 -0.26385692
-1.8291299 -0.2315021
1.3324884 -2.2163668
-0.30887428 -0.9134418
-0.68628687 0.0724774
0.30018318 -0.22069913
0.08212446 -0.76132905
-0.07581474 0.94306827
-0.032705933 -0.5620831
1.8173003 -1.3024937
0.6287127 0.12946782
-0.18652005 -2.1866033
-0.63255733 0.068983465
-0.82499427 0.1938383
-0.5216017 -0.07701273
3.0134444 -0.00079494715
0.43601847 -1.0383463
-0.33729026 0.45321748
-0.94258946 0.6244525
-0.96782714 0.41350922
1.7353028 0.111004174
0.49583852 0.041967005
0.6324172 0.32854733
0.54106224 -0.25725585
1.8262534 -0.7250669
0.040947095 -0.6038903
0.40339231 -0.1238262
-1.4556917 1.1324421
2.4600964 -0.6563462
-1.543089 -0.105642006
0.23872836 0.92993164
-0.49373016 0.24767917
1.0249265 -1.2446032
0.51087886 -0.50779426
2.3789423 -0.6448206
-0.4606173 0.6556493
-0.41714102 0.75225604
-1.9357105 -0.6558341
-1.0804713 -0.16963577
-0.4879852 0.40079996
-0.4906053 -0.74558914
-0.16368873 -0.598605
0.2550758 -0.02219665
-0.006807849 0.14438534
-0.0637673 -1.5185138
0.6252032 -0.72998345
2.3820338 -1.2410573
0.3800909 0.653034
1.4168131 -0.64822817
-0.13488781 0.5315032
0.7602081 -0.21562843
0.21457101 0.95714974
0.50860095 -0.027581364
-0.78097403 0.47505513
-0.73531896 0.41744503
-1.2515234 -0.43060958
-0.43934995 -0.43041262
0.37613648 0.14769226
-1.5759389 0.55672085
0.20611317 -0.1699259
-0.46267742 0.3796374
0.63512266 -0.5844697
-0.34206533 -0.19781524
-0.8956308 0.34422
1.0699135 0.11273107
0.36266768 0.18033352
0.79588014 -0.1601215
0.7411164 -0.37850815
-0.12675124 0.86209977
1.0000412 -0.4296262
0.7900899 -0.4976297
1.0209626 -0.7967799
1.1573577 -0.7260605
-1.4881207 0.17891786
0.34950304 -0.31842405
0.15759428 0.7652714
-0.57699376 -0.4710261
-0.3658832 -0.28885284
-0.89215434 0.2316168
1.3643659 -0.011209622
0.8049229 -0.055748537
0.9387408 -0.24892327
-0.0056124628 1.0164896
-1.4479922 0.52003694
-1.9815426 -0.65657675
-0.14002326 0.26521513
0.06484927 0.36516288
-1.2877593 -1.588957
-0.16010967 -0.9063077
-0.56656337 -0.10260777
0.0325184 0.16233695
0.6967668 0.12627652
1.4090396 -0.65009415
-1.2618198 0.86638117
0.04497288 0.6500051
0.7809418 -0.6259471
-0.15920287 0.027546495
-0.4096963 0.3093169
0.8133746 0.7424642
