-3.428308 -1.7484136
-1.208552 -3.5158699
-3.5936108 -2.9253628
-3.3112607 -2.5914
-2.5149105 -3.3426132
-2.9093785 -2.9872067
-1.9871054 -3.1942735
-2.2573974 -2.9044888
-2.704573 -3.0880995
-2.676323 -3.4459858
-1.6118362 -3.1962848
-3.2105124 -1.8744982
-2.8529513 -3.0803688
-2.3175917 -3.225181
-2.9506729 -1.7501276
-3.641429 -1.7079582
-3.1715567 -2.5355732
-1.2576776 -3.535383
-2.796043 -2.6711
-1.3104644 -2.9986284
-2.3447921 -3.6655054
-2.8481681 -2.3731067
-2.0978158 -3.866242
-1.1616794 -3.472576
-3.7915435 -2.5443165
-2.556084 -3.593327
-3.8995855 -4.052338
-2.533145 -3.4386919
-3.555187 -2.6895869
-2.4377644 -2.0960538
-3.9225287 -2.7443433
-2.518558 -2.235385
-1.4397753 -5.0263224
-3.4703887 -2.0647438
-3.4349594 -2.222658
-2.9124637 -2.7009563
-2.1118045 -2.1084986
-3.8752801 -2.221131
-3.677205 -3.4269152
-2.6692958 -2.44702
-2.87752 -1.8518996
-1.9252957 -2.7264721
-2.0846255 -1.7305814
-3.0363662 -2.3835561
-3.047566 -1.6085633
-3.4445314 -2.535777
-2.6532078 -1.0852121
-2.6006598 -2.844911
-3.5700681 -1.7382746
-3.1388779 -2.7130368
-3.1876497 -3.105372
-2.2422743 -2.6656466
-1.3209704 -4.0803967
-2.3827963 -2.6143246
-2.3686457 -2.8600094
-1.4494369 -3.389601
-2.1217616 -3.0669022
-3.0598547 -2.030618
-3.75523 -2.7797804
-2.276488 -2.2630975
-3.729354 -2.411222
-3.4947112 -1.8758794
-2.8135655 -2.3041914
-4.090513 -2.2606912
-3.1717534 -3.2409465
-2.6164398 -2.628668
-1.4322339 -3.5735657
-2.900781 -1.579553
-2.6557646 -1.6744368
-0.13850772 -3.8343658
-3.0101118 -3.2684972
-1.1562512 -4.0315185
-2.7786613 -4.051599
-4.2976193 -4.0239735
-2.96826 -2.625638
-2.3727617 -2.615543
-1.9441606 -2.9787455
-2.7316616 -3.220383
-2.4468837 -2.7123365
-2.7072573 -2.6443336
-1.8945082 -2.8420882
-3.190053 -1.9764706
-0.697956 -3.4085991
-2.9923558 -2.4175582
-3.2814002 -3.2072985
-2.890149 -2.8325312
-2.572268 -3.3862054
-4.2221847 -1.6835886
-3.1058254 -2.899856
-1.4448324 -3.4688225
-2.710846 -2.482675
-1.7742276 -3.5107594
-2.3454285 -3.4138734
-2.0838628 -3.2384887
-3.6920333 -3.0034344
-3.2673213 -2.0987751
-2.044408 -3.9158108
-3.7577267 -2.4455721
-1.9420786 -2.5153937
-3.1221194 -1.3037006
-3.446593 -3.8375194
-3.6091394 -2.721741
-3.673517 -1.9981238
-2.6613548 -1.9610983
-3.0684617 -1.2606171
-2.8079166 -3.6414917
-3.2964656 -2.1547232
-2.2182148 -2.6844943
-1.9386162 -2.9176905
-2.8297231 -2.2488754
-2.9588678 -2.7958233
-3.0032387 -2.5678184
-1.9050143 -3.6030428
-3.2399666 -2.1743336
-3.6561594 -2.3859076
-3.089488 -3.3305569
-3.2351592 -2.8821542
-2.6361508 -3.233969
-1.6869917 -3.3927402
-1.6280098 -3.358892
-2.8395967 -1.9316607
-0.91986555 -3.0574236
-3.966797 -2.9673114
-2.1148605 -2.8778813
-1.7324982 -2.341851
-2.5909731 -2.506993
-1.7643343 -2.3865132
-3.0767915 -3.028422
-2.1020527 -2.6174862
-2.8168287 -2.9863274
-2.8303177 -2.6215045
-2.0350986 -4.1560893
-3.2914789 -1.778244
-2.5539849 -3.835094
-2.6630287 -3.1079156
-2.45253 -3.3881712
-3.1097605 -4.0371003
-2.7864728 -2.4635155
-2.5745888 -3.407154
-3.1965892 -3.5951695
-1.9453617 -1.9790486
-2.418121 -2.3050315
-2.691672 -2.0868216
-3.012588 -1.0603522
-1.7816422 -2.8711195
-1.8729229 -3.4909663
-3.4609396 -4.2276144
-3.095145 -4.2205358
-3.1990428 -3.9723728
-2.4693656 -3.1944685
-3.4729102 -2.232456
-2.689868 -3.1924415
-2.4859645 -1.9111639
-2.2984421 -3.0027788
-2.8542929 -3.1297898
-1.53883 -2.6023686
-1.9017048 -2.486459
-3.1217752 -1.5066936
-2.871214 -1.6122966
-3.4918272 -2.7053776
-1.4716331 -4.511464
-3.6977935 -2.8246183
-3.1719632 -3.9080577
-2.322349 -3.270865
-4.131379 -2.9056568
-1.3640257 -3.591426
-3.2921627 -2.4827626
-3.9516947 -1.7534623
-2.466712 -2.6996565
-0.935017 -4.1786556
-2.4406822 -2.2773488
-3.0954015 -3.1245735
-2.1091976 -2.3479664
-2.2545738 -3.3223608
-3.471434 -1.8739336
-3.37428 -1.7206837
-2.1864393 -3.25578
-3.1552765 -1.3511704
-2.2415833 -3.5918796
-3.985621 -2.0758486
-1.9243855 -2.42337
-2.9310675 -2.4790642
-3.1017754 -3.0139558
-2.0228498 -3.2381485
-1.7857153 -3.3484683
-2.9108982 -1.7957655
-2.360774 -1.4793293
-2.6960747 -3.1013038
-4.935914 -5.433933
-2.7812192 -3.4393141
-1.8446409 -3.0765843
-2.3496013 -2.3027015
-3.325612 -2.643616
-3.7376964 -1.4883254
-2.2259228 -2.020635
-2.896097 -1.9311359
-3.143965 -2.047445
-3.5823195 -1.9797345
-1.7187469 -4.0010996
-3.9247727 -1.5032377
-3.3611329 -2.685497
-1.9115242 -2.9257522
-2.274593 -1.9161851
-2.3080523 -2.0793586
-2.6109755 -3.4150248
-2.1966434 -4.0395246
-2.6258404 -1.1461569
-2.1532981 -3.7111466
-1.9294192 -3.1781032
-0.6969873 -2.5433605
-1.8912146 -2.7297153
-2.1349523 -2.6486998
-1.5046154 -3.668655
-2.551695 -2.284099
-3.0935314 -3.8400166
-3.5230052 -2.3557758
-1.9017099 -3.4303055
-2.6472833 -2.4888883
-2.4131298 -3.7010727
-2.9208024 -2.458314
-3.8714664 -1.9241022
-1.9836696 -4.06432
-1.5312066 -2.818474
-2.0822344 -3.2378392
-2.863072 -1.9632246
-1.4150436 -2.6831357
-4.1689835 -2.0720751
-2.7048414 -3.7116616
-1.9362607 -3.1362581
-2.2392719 -2.956592
-3.2162232 -2.3132837
-2.4069953 -2.8745263
-2.5512931 -2.5681672
-3.4125009 -2.1863153
-3.0848308 -3.4427664
-2.6564279 -3.6917598
-2.5261254 -3.0308685
-3.20937 -4.0814066
-1.3774884 -3.141883
-3.5901961 -0.5152253
-3.2051759 -2.222062
-2.765447 -3.973767
-3.182808 -2.5896294
-2.1005523 -2.509278
-1.4590381 -4.2000976
-3.231845 -2.5545545
-2.3623912 -3.3148937
-3.1868463 -3.1619885
-2.8522117 -2.8790398
-3.586885 -3.7211332
-2.5604877 -2.223564
-3.5939574 -1.0680093
-3.4781554 -1.6261799
-2.8600729 -2.8333745
-3.0200825 -1.9846393
-2.8952107 -3.1699402
-3.164697 -1.7678206
-2.6122901 -1.6002848
-2.9227285 -1.9258571
-1.4591097 -3.7104757
-3.2490852 -1.8981936
-3.7516198 -3.2427156
-2.4411461 -2.3614042
-3.0507684 -1.9854716
-4.1649947 -3.8877318
-3.2309012 -3.279759
-2.0489857 -3.572553
-2.946792 -2.5860047
-1.2472905 -3.6040132
-3.041269 -2.8456297
-3.6961865 -2.1857276
-2.0916803 -3.5721507
-2.7007992 -2.515307
-2.5305402 -2.8782332
-2.7146626 -3.7420914
-2.557478 -2.8053336
-2.4459994 -2.326829
-3.1831865 -2.9079802
-2.2682052 -3.1417398
-1.8717871 -2.5481904
-3.460489 -4.526047
-2.1471906 -2.5319197
-3.4408057 -2.0979002
-1.3546187 -4.0906496
-2.7136242 -1.516809
-2.5885468 -3.5892777
-3.3198967 -2.8323627
-1.8605722 -3.2567246
-5.4768066 -4.28569
-2.8274744 -1.971875
-3.009652 -3.137936
-3.6650295 -2.0694602
-2.9194357 -2.9000008
-3.5339363 -3.917731
-2.516877 -1.5540727
-3.303917 -2.3163776
-3.056876 -3.1979127
-1.6860019 -4.541364
-1.9794186 -2.7338889
-3.1549091 -2.9586897
-2.5402675 -3.9578924
-2.5006433 -1.9316636
-1.5084925 -4.2522197
-1.5391313 -3.4208386
-3.068804 -2.9096086
-2.2703178 -1.5096415
-3.0469813 -2.1745203
-1.9379746 -3.961342
-1.4463713 -2.708266
-3.8121142 -2.052143
-2.6918867 -2.4147248
-1.5824808 -3.2536314
-2.9757688 -3.49786
-2.176183 -4.0436134
-3.3561063 -3.6009595
-2.6373405 -3.2549992
-2.2044728 -2.415713
-3.4498281 -3.0053034
-3.241371 -2.409969
-2.5412726 -3.1351655
-3.1148114 -3.3258755
-1.2625096 -4.4307137
-1.155513 -2.394154
-2.4192472 -2.9650974
-2.3746297 -2.8835757
-0.9934112 -4.232601
-2.797431 -1.9398794
-2.939982 -2.5982409
-3.6687262 -2.2903798
-2.5657005 -2.1358438
-2.87192 -3.7751198
-2.03907 -3.6980352
-3.622273 -2.808829
-2.0985508 -4.8298426
-4.5295687 -2.55484
-3.3100388 -1.3552563
-3.4801478 -3.0304935
-3.018196 -1.8404498
-3.7827148 -2.65748
-2.0170207 -1.2269723
-2.3154573 -4.0394244
-2.568846 -3.387846
-3.271815 -2.6333125
-3.1629875 -2.2483733
-2.1776094 -3.3217776
-1.4663134 -3.6059186
-2.322369 -3.5528789
-2.9040256 -2.4246926
-3.2080626 -1.8877877
-2.4424157 -3.8400357
-2.0280201 -3.8315077
-1.0639293 -3.5557432
-2.9535463 -2.707556
-2.7980857 -2.504176
-1.6867832 -4.296825
-2.676336 -2.7936099
-2.0989277 -1.8415436
-2.0933766 -2.4725757
-2.5885398 -3.2763793
-0.26370388 -3.1143231
-2.9984365 -3.1781585
-3.1251812 -2.1148655
-1.9263914 -1.3588787
-0.67612875 -2.9323497
-3.9022138 -3.2409205
-3.0889904 -2.3320353
-3.1650362 -3.4191902
-2.46384 -3.2782912
-2.0668323 -3.4303567
-3.6267047 -2.783096
-2.1837564 -2.7598777
-3.2087836 -1.6536595
-3.0731962 -3.1099994
-2.207289 -3.550657
-3.7283783 -2.5143712
-3.1958873 -2.11613
-2.748684 -2.7888527
-2.7977736 -2.1663709
-1.3464937 -3.2878766
-2.6852632 -3.3480678
-0.40420157 -3.553094
-1.1764652 -3.8280587
-0.8791442 -2.6722016
-3.086735 -1.8390466
-2.6057131 -2.5023217
-2.0600586 -2.9448006
-3.11298 -2.9701717
-1.2937175 -4.6840277
-3.0391316 -2.9351323
-1.3457911 -3.2465384
-4.212102 -5.2927256
-2.4616725 -2.5899491
-3.5675569 -3.167754
-3.63167 -3.2288404
-2.1508162 -2.6892133
-3.323704 -2.0872285
-2.181835 -3.7978094
-2.1537938 -3.1874597
-3.1513476 -1.9931422
-3.4464207 -2.5440707
-2.8796916 -2.6764627
-2.9170296 -2.175014
-3.039942 -2.3131788
-1.4910389 -3.4317694
-2.595436 -3.6556258
-2.4807706 -2.3113637
-3.201012 -3.1247146
-4.034666 -2.9664264
-1.3376846 -4.0449147
-2.8025355 -1.7356329
-3.0452983 -1.9668504
-3.907342 -3.1321957
-2.7900834 -2.1936612
-3.1183758 -1.9904013
-2.9152892 -2.444152
-1.8024668 -2.4856207
-3.4004998 -1.2605746
-3.610975 -3.1104133
-2.7424645 -2.0404794
-3.5682964 -2.4259334
-0.8654806 -3.3968875
-3.264262 -2.2475765
-2.0153127 -3.2491167
-2.2367384 -3.9655783
-1.7805746 -1.5093274
-2.3314543 -2.5349395
-1.7945359 -2.4333012
-1.1599605 -1.8793917
-2.3427308 -4.271522
-1.985604 -3.5912726
-0.95634604 -3.2171254
-2.9256587 -2.45063
-2.0080526 -2.8571742
-2.9809604 -2.6985116
-0.5812991 -4.0185738
-2.3811631 -2.8839705
-1.5792986 -3.670698
-1.5471265 -3.8502634
-3.3494408 -1.8679924
-2.4053204 -3.4107456
-2.4212809 -4.0631094
-2.4098666 -2.9640179
-2.7470524 -2.4732969
-2.4182332 -3.4807913
-1.935344 -4.090464
-2.5705364 -1.9827574
-4.4916973 -3.3540823
-1.6556404 -2.987395
-2.9046528 -2.2216947
-3.3451242 -2.5229585
-3.9054859 -2.936943
-3.4959116 -2.7862847
-2.7466388 -2.7783031
-2.9130685 -2.2720535
-3.1908581 -3.1235769
-2.8624856 -3.167174
-3.1833887 -2.0827615
-3.4554648 -3.5407798
-3.5958645 -2.444734
-2.4537594 -3.8827698
-2.697348 -2.4227664
-3.3063786 -1.198997
-3.973436 -2.785512
-3.341801 -3.105251
-3.203096 -2.300614
-2.1080067 -2.22365
-2.175184 -2.6169927
-2.7104723 -3.0734375
-1.8579217 -2.2563686
-0.83233696 -3.6666257
-3.3335435 -2.272999
-3.1967833 -2.8940067
-3.0689452 -2.611796
-3.1053932 -1.8592086
-0.85830486 -3.0980008
-3.659153 -2.4492204
-0.17587857 -4.5985723
-0.5998649 -2.9867744
-2.8827252 -2.224671
-1.5158911 -3.6337042
-2.1924508 -4.00601
-2.3276432 -2.166012
-2.825306 -1.9444038
-0.99454767 -4.44722
-2.4275079 -1.887061
-1.45715 -2.9446056
-4.0907025 -5.7218246
-3.5893126 -1.9489297
-3.820398 -2.2184625
-1.5584244 -3.122626
-2.359084 -4.2708993
-3.9686027 -2.6862454
-3.0866 -2.6716902
-2.345662 -2.095986
-4.117368 -3.1633835
-3.2400267 -3.2698824
-3.3853433 -2.7973824
-3.6348479 -1.909817
-3.709824 -1.6205387
-2.6585534 -4.1870537
-1.4621904 -3.7656941
-2.2646427 -2.8830576
-2.9702702 -2.5806162
-3.591611 -2.9356499
-1.5667222 -3.9055438
-1.583121 -3.683928
-1.2033017 -1.1885086
-1.7100666 -3.0696764
-1.2019873 -3.59658
-2.8495142 -1.9442829
-3.3784037 -1.7088851
-2.0538688 -2.813346
-3.0748558 -1.896679
-2.929389 -2.4924586
-3.036829 -3.3291168
-2.006424 -3.4020722
-2.0902715 -3.3397708
-2.0780892 -3.2606223
-3.0882864 -1.5947882
-2.983757 -1.5530021
-3.1549072 -2.1726787
-2.082788 -3.3266606
-2.711189 -2.9994054
-2.6026723 -2.4235976
-1.6816823 -3.6969614
-2.8739514 -2.6064818
-2.9039707 -2.3350518
-1.8635173 -2.1681309
-2.4834452 -2.5551293
-2.184085 -2.5516672
-1.518351 -3.5116146
-2.4853828 -3.1664357
-3.73468 -2.7836108
-4.27309 -1.7315357
-3.2451286 -1.7623475
-2.5522022 -2.2841895
-2.977427 -1.676619
-1.8759615 -2.6147556
-2.3697767 -3.3530848
-2.484563 -2.1372252
-3.3818386 -2.5491045
-1.5771469 -2.97292
-2.484632 -3.0647235
-3.5815988 -2.5317204
-2.745841 -2.1195414
-2.5542967 -2.9187186
-2.9274993 -2.584632
-3.1447124 -2.6282141
-3.4199047 -2.3657808
-1.4348437 -2.8969944
-3.0012667 -3.0737014
-2.103704 -2.5717728
-0.46515173 -3.5011399
-2.3276014 -2.0468614
-2.605197 -2.3728828
-1.7748398 -3.3490677
-2.1355014 -4.1563497
-3.0624673 -2.4835932
-2.8907692 -2.3108249
-2.429742 -3.3275192
-2.6759615 -3.0387447
-2.2677784 -2.5837543
-2.7938688 -2.398076
-2.374198 -3.3162622
-2.5296133 -3.025814
-2.2363777 -3.9001148
-2.589867 -3.1244528
-3.7334433 -2.335192
-1.7513162 -3.862655
-2.714634 -3.703655
-2.0301719 -2.7606845
-2.648486 -2.9255583
-2.9130056 -1.9764739
-3.0688512 -3.364961
-2.8315656 -2.3284965
-3.1627948 -2.7544367
-2.2885098 -2.7911851
-2.9993958 -3.1414788
-3.3897164 -2.8838491
-2.3016515 -4.1504354
-3.214915 -2.743684
-2.5472984 -2.396215
-3.6142356 -2.8451045
-3.5129023 -2.6336207
-2.2424498 -3.3655953
-3.1154869 -2.1234062
-2.424003 -2.984937
-2.2272935 -2.2588775
-0.8365344 -4.5823674
-2.6764143 -1.1950542
-2.8460164 -2.3783581
-2.2552505 -3.3607812
-2.3157334 -3.8864963
-2.9417746 -2.2297323
-2.8469558 -1.8397554
-3.1173828 -2.0421152
-1.6767852 -3.830454
-3.1199045 -2.9871817
-2.2120225 -2.4805677
-3.3025692 -3.1268485
-2.5584764 -3.5556693
-1.4419478 -2.9583097
-1.5849463 -2.2665427
-1.4785101 -3.551707
-1.8977981 -3.1809602
-3.0707262 -3.5987768
-3.0146132 -2.5443914
-1.248133 -2.9896734
-2.9763913 -1.5624708
-2.1165516 -3.4367602
-2.6761506 -1.5057427
-2.9102113 -1.9261003
-2.6902401 -4.410677
-3.4788742 -3.568459
-2.995719 -2.6356988
-1.9214152 -3.4843333
-2.3304932 -1.7150303
-2.3850887 -3.7147396
-2.1249316 -2.5826306
-3.0152242 -3.4321947
-2.4336958 -3.6808245
-2.229266 -3.000729
-3.4568427 -1.5497737
-1.6419878 -3.6908214
-1.7345958 -2.4880633
-2.574988 -2.1479461
-3.5538125 -1.8766829
-3.459259 -2.240899
-3.253624 -2.270681
-1.6758283 -4.207487
-1.974526 -4.4675293
-2.286805 -2.7892482
-2.752487 -1.8052644
-2.5489688 -3.2466786
-2.3368196 -2.5508432
-1.0105778 -3.8490746
-2.8152688 -1.7874329
-3.1076667 -1.9348224
-1.4144602 -2.6710641
-3.4380867 -2.5649467
-3.0313354 -2.8374448
-3.048109 -2.621396
-4.0762506 -2.7775118
-3.2150223 -2.3689883
-2.505278 -1.929616
-3.3560855 -2.4850383
-0.38474467 -3.7951202
-3.1261795 -3.0898402
-1.4058636 -3.8680608
-3.6337357 -2.151708
-2.8104029 -2.1342592
-3.0891461 -2.656725
-2.5569766 -2.5411012
-2.8841565 -3.9702122
-2.177209 -2.7522402
-2.1642067 -2.1661854
-3.3963811 -2.4524317
-2.633885 -2.8392024
-2.713475 -3.1762812
-2.4196327 -3.6761293
-2.4729116 -2.2516775
-2.6663752 -3.2003465
-1.4671804 -3.8541517
-3.0087776 -1.5191057
-2.4290385 -2.8773665
-2.7626917 -3.3990102
-2.4012458 -1.4575104
-2.431236 -1.8527273
-2.8646877 -2.4482176
-3.2689114 -3.0436687
-3.2108335 -1.808912
-2.5179074 -2.687218
-2.2085915 -3.1752899
-3.6972265 -1.3248883
-3.5593555 -1.8654896
-2.569359 -3.1507874
-2.634992 -2.1272807
-3.7893014 -6.23021
-1.7334943 -2.9305875
-1.7703893 -2.749005
-2.0113661 -5.234612
-2.7725306 -2.1483066
-3.101295 -2.9131708
-3.8411644 -2.251391
-1.0587022 -2.2828782
-2.50466 -3.0090144
-2.4330885 -2.5856888
-1.0646805 -3.265842
-2.517439 -2.1984346
-2.8954132 -2.5727613
-1.1617959 -3.3002992
-2.2576077 -1.3083862
-2.8317754 -2.3482885
-3.5874639 -3.7630584
-3.5555973 -2.8567488
-4.1495695 -2.6094952
-3.3257153 -2.6506934
-3.1825137 -2.445138
-1.3697815 -1.4161913
-1.5261949 -3.1733189
-2.1982555 -3.6949327
-2.6227176 -3.0181508
-3.611105 -2.399959
-3.3511536 -2.3416088
-2.6639702 -2.7522047
-2.929115 -3.3031135
-1.1283025 -3.707315
-2.2841146 -3.4054158
-3.4132364 -3.0967016
-2.1858923 -1.8665413
-2.8162172 -2.8815045
-3.1453874 -2.3436613
-2.1331885 -2.7320368
-2.7593305 -3.1742814
-2.7324624 -3.1191344
-3.7734315 -1.9266895
-3.1115758 -2.0535202
-2.8581564 -2.1656113
-2.854871 -2.8037872
-2.4413009 -1.8065954
-1.834268 -3.3034253
-1.3828781 -3.749701
-2.6243804 -2.6080036
-1.1136806 -2.7747104
-3.1950707 -3.4957764
-3.1145365 -2.384366
-3.7085638 -2.6707616
-1.618705 -3.0904472
-2.0917094 -2.8586016
-3.2660942 -2.117518
-2.688995 -3.3142753
-2.0972388 -3.197503
-1.086584 -3.3362691
-3.7211635 -2.3471246
-1.3464644 -2.9578192
-2.6066628 -2.8865929
-1.5664955 -2.9402242
-3.2143836 -2.788646
-3.358774 -3.3607018
-2.484488 -3.540129
-2.6904244 -2.0307071
-3.0848489 -2.3953216
-3.609472 -2.7745793
-0.7765597 -5.106093
-2.835956 -1.9574807
-3.129829 -2.855641
-3.2588525 -2.0618563
-3.907666 -2.0679178
-2.6443129 -3.959722
-1.90693 -3.3547792
-3.125595 -2.851981
-2.306042 -3.1967952
-3.0403216 -1.9680231
-3.9157658 -2.6932256
-2.3025427 -2.57704
-2.934747 -2.7874026
-2.3833365 -2.057239
-2.2454214 -3.1729746
-3.9012554 -2.0996006
-3.2008176 -1.4436563
-3.0719135 -2.8122978
-2.0126605 -4.211655
-3.1573641 -2.4594085
-3.1844368 -1.8838586
-2.0586703 -4.146917
-2.150653 -2.8972921
-2.192619 -2.7046628
-2.7246828 -2.2035444
-2.986631 -2.4857068
-3.6756108 -1.3324807
-3.2140684 -2.6011503
-3.157165 -1.7589921
-2.3069656 -2.5899816
-2.201581 -2.4739702
-2.0345423 -3.9545937
-1.6128659 -3.5413527
-2.7593582 -2.9687395
-3.2496088 -3.0800664
-2.6315227 -2.503501
-3.0473728 -2.1492796
-2.5661514 -2.2881107
-3.2345762 -2.8702917
-2.3683114 -3.176312
-4.0434103 -3.459896
-2.532864 -3.1253657
-1.1355363 -3.4870782
-1.0522383 -4.196971
-2.2015512 -3.8854263
-3.3267043 -2.2738886
-3.5344648 -2.1211483
-2.4623456 -3.4039829
-2.9911838 -3.053093
-1.9435287 -3.035676
-3.6798913 -2.5685084
-2.8689802 -2.4531431
-3.2004678 -1.8950362
-3.8720605 -2.9474049
-1.7603809 -1.9988893
-2.6562119 -2.9513137
-2.199205 -3.623254
-2.5958202 -2.4967706
-4.56911 -2.2540622
-3.1154864 -2.9959788
-3.3138347 -3.0703747
-1.0380431 -3.433376
-3.3292577 -2.406689
-4.031965 -2.8557935
-4.1024013 -2.6313305
-3.3036487 -2.0592833
-3.54259 -1.458271
-3.8425174 -2.9184937
-2.2004774 -2.236803
-3.4345233 -2.1190376
-3.7338822 -2.104078
-3.8127177 -2.3147435
-1.4994066 -3.6536796
-2.5070794 -2.3675761
-4.1928926 -2.0926857
-2.7219093 -1.8253037
-4.070491 -1.9678411
-2.652019 -2.9758537
-2.2527952 -2.3854318
-3.6576016 -2.7831135
-2.1397913 -3.8205187
-2.520486 -3.8951983
-1.1984892 -2.9283097
-1.7336059 -3.811557
-2.381306 -3.1484294
-1.2039613 -4.977266
-2.2151635 -2.5333707
-2.8687353 -3.336306
-3.4990325 -2.3878012
-3.053142 -2.201121
-3.8525312 -2.224969
-2.1043496 -3.2660477
-2.7298794 -2.8511174
-3.9397924 -2.3616364
-1.4024237 -2.402133
-1.928685 -3.7532742
-3.2746122 -2.0193732
-1.2187217 -4.13678
-1.985859 -2.9011474
-2.0844023 -2.6044965
-0.6559744 -3.2319634
-2.9177208 -3.4123657
-3.7058136 -2.5541782
-3.8664117 -3.0012252
-1.806287 -2.3892636
-1.2004721 -3.254737
-3.0903635 -2.7238994
-2.6273923 -3.1893818
-2.1486266 -3.2747118
-0.8965511 -2.423453
-2.900808 -3.2106004
-2.890123 -3.128516
-3.2510376 -2.954105
-2.8888137 -3.5657823
-3.8007185 -2.089111
-1.6627485 -2.5215936
-2.2317908 -3.179434
-4.1926184 -2.082544
-3.2168968 -2.5375397
-2.6646073 -3.2687976
-2.517559 -2.4860551
-2.084752 -3.960371
-2.5253608 -3.9110081
-3.9307258 -3.0280805
-3.0264409 -2.774533
-1.103647 -3.1707964
-2.671091 -3.924479
-3.127963 -3.4290953
-2.5095594 -2.82765
-2.2415028 -2.5978096
-2.6006505 -2.606847
-3.8080049 -1.8701434
-3.2326422 -2.034447
-3.1162796 -2.4502656
-2.2229905 -1.6004696
-0.44202638 -4.077787
-2.4935656 -2.3447168
-3.4777558 -3.931156
-3.9155955 -2.928835
-2.6053128 -2.354696
-2.8477056 -2.6928813
-3.0451179 -2.06147
-2.5978358 -2.7520392
-3.6873288 -2.9099505
-3.5042267 -2.1954672
-1.5416561 -2.8180475
-1.386963 -3.1330485
-0.526166 -4.9790497
-1.582671 -3.2444136
-1.8381226 -3.4051454
-0.97963876 -2.9920125
-0.23739971 -3.594357
-1.8327178 -1.8471652
-3.1501822 -1.6245087
-2.3259082 -3.9751244
-3.1709077 -3.1735353
-3.7275608 -2.8494174
-3.2388597 -1.5515451
-2.672849 -2.536194
-2.4841664 -2.4914632
-2.8191442 -2.7251046
-3.2345288 -2.7326224
-2.665803 -3.0160725
-1.9087046 -2.3005824
-3.5693378 -3.7030222
-1.764511 -2.6147215
-2.1336005 -2.6919756
-2.760773 -3.0204573
-2.405895 -3.1294131
-1.2345777 -2.8563097
-3.2117043 -3.0723736
-2.8341672 -3.3448873
-3.7482672 -2.6146593
-2.8861842 -1.9931104
-2.4656787 -2.3231027
-2.456659 -3.4337838
-3.5206578 -1.5589821
-3.0470712 -2.9162183
-2.7929451 -3.0727618
-2.9461071 -2.47536
-2.9811964 -2.1042452
-2.7746243 -2.4356523
-2.5382414 -2.5410438
-3.463862 -2.555766
-5.2008953 -3.6798966
-3.5718613 -3.274231
-1.5730536 -3.0001822
-3.4568257 -2.2546992
-1.1215701 -2.6899154
-2.3196657 -3.31111
-3.072173 -2.7769866
-3.2717195 -2.1763175
-3.6163032 -2.261104
-1.1342545 -3.2509127
-2.7882974 -1.4112681
-1.5343225 -2.8978734
-2.908669 -2.5714822
-2.765721 -3.390315
-3.4275303 -3.5646408
-2.2246544 -2.8127499
-3.6866221 -2.5204449
-3.746922 -4.337495
-3.9639094 -2.5012035
-1.238631 -3.2676933
-2.806278 -3.0543933
-2.0131185 -2.8064604
-3.1993997 -1.7255359
-2.9310954 -3.6326804
-1.6035972 -4.0303063
-0.48731333 -4.484306
-2.5927026 -1.759818
-2.504035 -2.2221024
-3.5401304 -1.9219815
-2.7889593 -3.294377
-2.5140607 -2.3417385
-2.0602272 -3.683448
-2.2076604 -1.2667912
-1.4329778 -4.64482
-2.3850996 -2.8574212
-3.1821566 -3.2040315
-2.9331164 -1.0371274
-2.1298187 -4.24889
-3.083016 -2.2862196
-1.5728186 -2.496333
-1.9575204 -2.1493065
-4.1952844 -2.698763
-2.4523659 -2.2389164
-3.497898 -2.3963265
-1.2129593 -5.3671627
-1.2430214 -3.4448063
-3.092884 -3.0847583
-3.7192056 -4.2709074
-2.7505403 -2.732973
-1.3935537 -4.6087666
-4.655529 -3.260499
-3.3018448 -1.9598708
-3.509625 -2.696724
-3.5489123 -1.8551558
-0.6596166 -3.7476273
-2.602143 -1.985311
-1.7188481 -2.3034732
-1.9034789 -3.7107933
-1.9878013 -2.6647816
-1.5831802 -2.6257443
-3.1923223 -2.7386787
-2.554345 -2.0485318
-3.4278703 -1.2194972
-1.455651 -2.9363058
-2.5222847 -3.3143957
-3.8417265 -2.6886227
-2.463844 -2.3597412
-2.2481575 -2.0273044
-2.336634 -3.2119746
-2.5812058 -3.9594786
-2.5439324 -1.5871325
-0.4711389 -4.0337996
-0.10745682 -3.494869
-2.418902 -2.3759105
-0.32594985 -3.0566728
-3.6241193 -3.494896
-2.5454454 -3.6268942
-1.9884964 -3.4214957
-2.4104125 -3.3039644
-2.0561562 -4.6618752
-2.6789672 -2.6350322
-2.584123 -3.641736
-1.7790318 -3.3764918
-1.5594338 -3.8743901
-2.2384224 -2.2866287
-2.2343547 -3.297562
-0.7157641 -3.6742976
-2.2998707 -3.6712794
-0.8588089 -3.8956666
-3.2695222 -2.293522
-1.6685517 -3.4161496
-1.4860429 -3.6212707
-1.629256 -3.9466996
-2.949272 -3.6853063
-3.1397166 -2.0098228
-2.297665 -4.0351863
-1.4108287 -2.232608
-1.6078166 -3.3245177
-2.7377315 -2.3597202
-2.0458596 -3.9200537
-3.4284012 -2.295486
-1.7630764 -2.1911192
-1.4741765 -3.171251
-1.2690089 -3.5817344
-2.4739153 -2.7348905
-1.5802135 -3.257582
-2.7121139 -2.3069077
-3.2804625 -1.7383174
-2.416968 -2.8448858
-1.8869262 -3.2689242
-3.115226 -1.9330361
-1.9642868 -3.2452824
-2.4132397 -2.4038398
-2.5395672 -2.474685
-1.0452863 -2.6148014
-1.7880156 -3.3447747
-3.3423595 -2.7782657
-1.3685889 -3.336682
-2.4266703 -2.6572814
-2.025368 -2.8629696
-2.843049 -3.3107135
-2.2374406 -1.9611048
-2.3293805 -5.081059
-3.1866508 -1.2443342
-2.2563245 -2.5286853
-1.6157722 -3.8397207
-2.3876557 -3.0635054
-0.83289474 -2.867163
-3.4775894 -2.270901
-2.906815 -1.7542311
-1.9887437 -3.5081637
-3.141251 -3.543633
-3.5221148 -2.4378405
0.11339952 -3.7510407
-2.7194386 -4.144686
-1.3438843 -3.9050617
-2.2598026 -3.2375903
-3.338082 -2.5595658
-0.75057495 -4.3325925
-0.40139055 -3.648064
-1.2105922 -2.930207
-2.2178185 -4.6820655
-2.9112918 -4.3631573
-1.8282597 -4.3963284
-2.0730863 -3.3723092
-2.9178917 -4.2509904
-3.075853 -2.0725756
-2.9355893 -2.7634692
-1.7792956 -3.4811645
-2.5405989 -4.506108
-2.2071147 -2.5703697
-3.2820764 -3.6133015
-3.0552056 -2.8678021
-1.8354076 -2.9841466
-2.425424 -2.0584087
-2.1109147 -2.7984774
-3.4398222 -2.8464131
-2.9169319 -2.9513001
-3.4126909 -2.774055
-3.7067404 -2.4862509
-2.525602 -3.1506217
-3.0322871 -3.3892603
-3.1322331 -1.7537855
-2.2136738 -2.2542112
-3.9697776 -1.9773866
-1.0522184 -3.0135496
-1.068668 -3.594544
-3.858207 -2.276545
-3.467881 -2.5417795
-2.0534317 -3.1148498
-0.25143462 -2.7786574
-2.4607964 -2.5134144
-3.4374206 -2.2212927
-3.0408616 -3.2284207
-3.4624336 -2.654864
-1.2240716 -3.5551984
-1.1985141 -3.0105486
-1.8981352 -3.825259
-0.74615955 -2.0007317
-2.572513 -2.7451675
-3.3530967 -2.2500343
-2.1947355 -3.1019614
-2.3488734 -4.829242
-2.905742 -2.5839016
-0.96229184 -3.631815
-3.3486345 -2.3984878
-3.631617 -1.9066535
-3.5475905 -2.0212429
-2.265184 -1.3971201
-2.79191 -3.000029
-2.8940437 -2.8825665
-3.022927 -2.5810719
-1.5512629 -3.830549
-3.4651096 -2.5332277
-3.2922409 -2.6075242
-3.5952895 -2.2367036
-3.804167 -2.3975332
-3.5690212 -2.4470382
-0.7573231 -3.663172
-2.1138732 -4.541673
-1.6799315 -3.808914
-3.1887665 -2.1436124
-1.0979582 -3.2692463
-3.3374326 -2.628912
-3.6105287 -1.9684585
-3.453991 -2.282733
-1.5404351 -2.7122142
-3.195606 -3.3190737
-1.3008823 -4.4314976
-3.4306319 -1.9671121
-3.1413667 -1.6123295
-3.5351343 -2.5904856
-2.4486058 -3.918728
-2.9884481 -1.8162527
-2.24105 -2.9148598
-2.8991091 -2.5001621
-2.6841605 -1.8553708
-2.685095 -2.8715472
-2.5545034 -3.9476972
-2.7599688 -3.2765443
-2.921434 -3.7502317
-2.4309738 -4.2702327
-3.4437506 -3.5645351
-3.8665395 -3.8569584
-2.6578343 -3.3915057
-1.8143439 -3.94978
-2.1495228 -2.7503414
-2.50732 -2.3883812
-2.0538204 -3.1422842
-3.0001326 -2.0592985
-4.0316877 -1.7567387
-3.0265117 -3.2352974
-2.8788183 -2.5759244
-1.2384982 -3.1959634
-1.6406844 -4.0378656
-2.7141957 -2.9962833
-0.35910574 -3.607154
-2.8004234 -1.4364548
-1.5327976 -4.0963
-3.7393477 -2.0081468
-1.4439859 -3.0316603
-2.9356604 -2.7474332
-3.5497642 -1.7695649
-0.30143666 -3.6226737
-2.8506489 -1.696566
-3.5972102 -1.6202002
-4.8827066 -3.1010113
-3.0754926 -1.4941046
-1.9463156 -3.065893
-3.547388 -1.758297
-3.0339437 -2.4330268
-2.3598013 -2.5853267
-2.951074 -2.9210494
-2.9900417 -3.5587082
-1.5804398 -3.833708
-2.701368 -2.564891
-2.9136045 -2.2682886
-1.4869212 -4.628069
-3.198897 -2.9694302
-1.061363 -3.9362912
-1.6348995 -2.3239949
-3.7316303 -1.9612184
-3.1492217 -1.605521
-3.0468569 -2.281611
-2.7116373 -1.9188224
-2.612887 -3.8587043
-2.334886 -2.8291566
-2.5706987 -2.9414682
-2.1317983 -2.5066738
-2.3808599 -2.1974335
-1.3398992 -5.098186
-2.3869588 -3.1203728
-2.7475524 -3.483028
-2.1213462 -3.964481
-3.6169553 -2.8169808
-2.430817 -2.124375
-2.805069 -3.3584657
-3.743432 -2.2619603
-3.3052728 -2.356514
-3.5783908 -2.0327318
-2.3491194 -3.8757577
-2.8477845 -2.148676
-4.4246182 -3.0728188
-1.7463578 -3.6445243
-3.8497252 -3.4773576
-3.6479955 -2.1372824
-3.4974108 -3.3026514
-2.661266 -2.7811785
-2.090423 -4.414815
-3.3346024 -2.338084
-2.7332115 -2.1973143
-1.9438437 -2.280008
-2.2094555 -2.942909
-2.3692436 -1.8674706
-2.133616 -3.6324682
-2.5852306 -3.003826
-2.279758 -3.3951225
-3.3534508 -2.5801747
-2.0451736 -4.275742
-3.7933702 -3.0063026
-3.3659794 -2.3053489
-2.4381735 -3.268295
-1.5412525 -3.557895
-4.7488756 -1.739917
-2.2812433 -2.0626988
-1.077067 -3.1822953
-2.1969326 -3.5272176
-0.51950866 -3.7361958
-2.3335721 -4.0201917
-2.6227555 -2.3382254
-3.013252 -4.0692697
-3.1119103 -2.8482492
-4.0143666 -1.5430473
-3.4685395 -2.1697361
-2.0093048 -2.9786682
-2.1550398 -3.1729476
-2.20175 -4.003794
-2.9412909 -2.60492
-3.3425932 -1.8450984
-1.5221941 -3.4026241
-2.562601 -3.3251736
-1.8278095 -2.6144009
-2.4668598 -2.6171386
-2.7413979 -2.4581199
-2.5506077 -3.1040294
-2.1593559 -2.7752495
-2.7685196 -2.4121695
-2.8423698 -4.2561617
-1.848956 -2.1507394
-2.8107543 -3.6065032
-3.3729827 -2.646841
-1.7267903 -3.334505
-1.1556839 -3.9617276
-3.2362483 -2.413667
-2.7689173 -2.2930539
-3.9197743 -1.7540973
-3.357757 -2.9516108
-2.9635792 -1.3235399
-3.3866317 -1.7819232
-3.2530801 -2.365837
-2.7681954 -2.8884869
-2.1857011 -2.5085776
-3.4395795 -3.5011437
-3.4875655 -2.8702543
-2.7899168 -3.6265824
-3.3499563 -2.1502411
-3.7757661 -1.541739
-2.8780477 -3.7809958
-2.0754569 -1.9596257
-2.4224114 -3.5037496
-2.1337364 -2.895737
-1.8047011 -3.8544652
-2.7862294 -2.5950563
-2.116236 -4.011715
-2.2973697 -2.870096
-3.1216416 -2.596176
-2.0046482 -3.71837
-2.4339507 -2.9635441
-1.7291242 -4.680459
-2.1464112 -3.6160538
-2.3860214 -2.1399958
-3.0927184 -3.2857473
-0.7312352 -4.153322
-1.0789367 -3.0687056
-2.0739985 -2.426188
-2.0289702 -3.5325868
-3.036668 -1.886947
-2.6362314 -3.285722
-2.0812118 -3.7184334
-1.6162231 -3.4923263
-2.807436 -1.9184952
-3.830672 -2.7823386
-2.556853 -2.8872573
-3.307575 -2.1398818
-2.9662256 -3.0217977
-2.4973147 -2.7914526
-4.2263575 -2.2580144
-2.876762 -1.5244613
-3.0371559 -1.6381794
-2.510741 -3.2180388
-4.1191516 -1.5441978
-3.7937002 -3.0800393
-2.6613224 -3.2810154
-2.827359 -3.2350311
-3.2815917 -3.49843
-2.6676078 -2.4298441
-1.7156584 -3.5588214
-1.457883 -2.13516
-1.2794946 -3.8972063
-3.0930169 -2.1310136
-1.7415267 -3.8054824
-1.7948937 -2.5948248
-2.7302876 -1.4186456
-1.6109145 -3.951538
-3.4443185 -1.7447848
-2.7896273 -3.3232353
-2.5729563 -2.5692644
-0.71042806 -3.8281891
-2.1904275 -3.0688996
-1.8273174 -2.5999348
-2.0060751 -4.0117197
-2.3806016 -2.8746376
-3.577891 -1.8191805
-3.6622434 -1.7831877
-1.6368392 -1.9834901
-2.545409 -2.1300247
-3.6132784 -2.5700142
-1.9094782 -3.0202217
-2.8019316 -2.3585873
-1.0304891 -3.434049
-2.2070878 -2.8870857
-1.5181723 -4.339159
-3.2824874 -2.8077428
-1.7382019 -2.6731093
-2.9495347 -2.459905
-2.1512601 -2.9651608
-2.9242485 -2.0695877
-3.436867 -2.336593
-1.6761789 -3.7276924
-2.505466 -1.5786889
-2.5650628 -2.3508525
-1.7805994 -3.0185413
-3.145086 -2.6981957
-2.549729 -2.7600138
-3.2940218 -2.0817263
-2.9208267 -2.0933812
-2.0262768 -1.1020819
-3.170993 -4.013342
-1.9898014 -3.2422063
-2.8460197 -2.1483223
-2.1956446 -2.980161
-2.5536072 -3.3066945
-1.4928434 -3.2110562
-1.5312017 -2.9504812
-1.8977968 -3.6595314
-2.9131775 -2.8343842
-1.8904468 -1.9048896
-1.3544257 -3.206813
-3.0306692 -2.1803384
-2.525971 -1.3672514
-1.6966575 -3.3996074
-2.6007733 -2.4374356
-2.7774625 -1.3386705
-2.3116124 -2.8019876
-3.5624046 -1.8890972
-1.6359426 -3.0246892
-2.425277 -3.12329
-1.6032462 -3.292836
-3.7443242 -0.8396146
-1.9028549 -2.1107264
-1.6117251 -3.0997124
-2.7852678 -1.6399007
-3.008785 -3.494797
-2.4441113 -1.8761636
-1.7183714 -3.167484
-2.6557555 -4.1899967
-2.6112375 -3.1458278
-2.7097461 -3.13266
-3.3147624 -2.7003438
-2.818163 -2.3700485
-3.4610329 -3.1174812
-2.8691304 -3.3448033
-1.1558734 -1.7052693
-1.456915 -3.0889854
-2.835786 -2.1027443
-1.9016906 -3.6489427
-1.6361492 -2.1545784
-2.7944725 -1.609869
-3.002742 -2.47898
-1.2942916 -3.9315636
-2.9875264 -2.3913453
-1.8458279 -4.8096976
-2.2118497 -2.3986773
-2.424997 -2.5868554
-2.1351614 -3.217311
-2.6652448 -3.791126
-4.398354 -2.8224313
-1.2694277 -2.7297013
-2.7939794 -3.6788259
-2.600575 -2.8377178
0.072233066 -4.06882
-2.0831842 -3.0414062
-2.9062407 -2.111699
-3.709114 -2.9084592
-3.955626 -2.0820153
-1.8718839 -4.893043
-2.7183673 -2.6375694
-3.030969 -2.689066
-2.3422494 -1.9483033
-4.592974 -2.2928326
-1.9426537 -2.7022254
-3.4579968 -2.3758867
-3.826584 -3.1970112
-2.477353 -3.2000647
-2.6479626 -1.4677002
-3.173064 -2.9469833
-0.5826994 -3.9720545
-2.3188472 -4.095505
-2.2653356 -3.11993
-2.8631365 -2.0490608
-1.3856584 -4.267008
-2.9208524 -3.2380285
-2.10918 -4.38128
-3.3474889 -2.4678183
-2.2504902 -3.4462821
-3.195607 -1.8029472
-3.2840595 -2.0907044
-2.0631685 -3.4682338
-2.7809737 -2.5573778
-3.007552 -3.590819
-1.7884516 -2.286732
-1.56074 -3.5401464
-2.5195086 -4.0493226
-3.4170449 -1.7580345
-0.72309023 -3.0986092
-2.1421309 -3.272421
-2.2112103 -1.8965752
-2.3654923 -2.4132214
-2.171248 -3.71737
-0.9095755 -4.31051
-3.4350777 -2.5893674
-1.8151209 -2.2791011
-2.7221944 -3.1578305
-1.0136063 -4.128489
-0.8941941 -3.854222
-3.4537077 -2.269193
-0.9034991 -3.8234873
-2.350213 -2.6236773
-2.6664674 -2.0630236
-2.7239628 -4.046296
-2.4053266 -1.4289649
-2.187406 -1.6484054
-2.9893599 -1.5427389
-1.9076282 -5.5733685
-2.2876456 -2.8053076
-2.8142362 -2.2012734
-3.0097632 -3.9925208
-2.299567 -2.4196007
-3.18321 -2.3135502
-1.1716796 -3.4224916
-3.896514 -2.5872605
-2.6191773 -3.0621238
-1.2303948 -3.4064977
-2.8786407 -3.2784646
-3.4206781 -2.2606413
-2.2126276 -2.794233
-0.46187294 -3.9158723
-2.9713435 -2.1809685
-4.3243647 -2.1888754
-3.4228497 -2.4459395
-1.6827077 -3.6477976
-2.2851088 -2.988751
-3.493442 -1.68372
-1.0581017 -4.7126694
-2.92062 -1.8548844
-3.1196039 -3.0198684
-3.235339 -1.7497252
-3.18362 -2.5744736
-2.1266813 -1.9664686
-3.536965 -2.8693914
-2.6438658 -2.7447333
-2.1962993 -1.2510529
-3.1751335 -2.611727
-0.18357854 -3.8203034
-1.9576732 -4.0532804
-2.421407 -3.4412274
-2.6181319 -3.159882
-2.7228165 -3.7959557
-2.0875943 -3.370587
-3.249117 -1.9698349
-2.6110647 -2.6636593
-1.8286734 -2.7382913
-3.352414 -1.9954276
-2.6535008 -1.8196454
-2.6300094 -2.8151069
-2.5002117 -2.7071915
-0.97339475 -3.475118
-3.125698 -2.8481243
-2.7215364 -3.0303962
-3.0674362 -2.200839
-2.3254685 -1.9598386
-3.0182965 -1.9111744
-3.0081282 -3.8802578
-3.0072196 -2.9690156
-3.3363674 -1.500749
-2.296234 -1.7509946
-3.3813999 -3.7963552
-2.043502 -2.2939076
-2.5837717 -4.6539373
-1.0532545 -2.4556608
-4.113377 -1.3909497
-3.587271 -1.960373
-2.6912503 -2.9010105
-1.0623976 -3.7735524
-2.0513637 -3.057615
-1.2247742 -4.0269766
-3.4389374 -3.5532074
-2.4012 -2.5860033
-2.9930043 -1.8566194
-4.0050764 -2.5738032
-2.8401642 -3.0320442
-2.2918625 -1.7899449
-4.1829777 -2.3267596
-2.0221226 -2.7657444
-2.244193 -3.5182393
-4.1943502 -2.4448164
-1.5161494 -4.5169463
-3.038726 -2.3938656
-3.3973203 -2.18705
-1.6812817 -2.6474328
-1.3330644 -2.3395524
-0.87847096 -4.6980305
-1.6255674 -2.8207836
-2.4553468 -2.819397
-1.8214918 -1.419234
-2.7207525 -2.402261
-2.771792 -3.569389
-2.037063 -2.4278321
-2.8703063 -2.532097
-2.387932 -2.7119281
-1.1506058 -3.4292257
-1.8085885 -3.5490413
-4.3190117 -1.6212418
-3.3060424 -1.1339159
-3.6312945 -2.5607677
-3.0634449 -3.049169
-2.590316 -1.8407241
-3.4534647 -2.5695271
-2.5471528 -3.2536929
-2.0269194 -3.725039
-2.3582628 -1.5900975
-3.6725538 -1.8559324
-4.188939 -2.514538
-1.3531903 -3.746729
-3.5193639 -3.0156949
-2.4948502 -2.6435077
-2.083627 -2.970134
-1.6175684 -3.6469457
-3.040068 -2.755262
-3.3016331 -1.44178
-3.6595645 -1.6875162
-3.2061992 -2.673666
-2.3473468 -2.5820272
-3.2464488 -1.7023038
-2.576297 -1.7631127
-3.8360581 -1.9845458
-1.7574198 -3.2098734
-2.9693093 -3.0659497
-1.5688405 -3.4384844
-3.6815526 -2.4769247
-2.6850677 -3.0821936
-2.9926565 -2.0629354
-2.9132268 -3.10366
-1.7119544 -2.301405
-1.2875748 -3.5925875
-2.6101594 -3.3781369
-4.218776 -2.8477664
-3.874609 -2.3821313
-3.486134 -1.3855953
-3.1970572 -3.9610248
-2.0487735 -3.9629357
-1.8921114 -3.524169
-3.2372391 -1.0614592
-1.9367995 -2.6762629
-3.2874446 -2.641211
-3.4965737 -2.7921386
-2.4888868 -2.8309236
-1.4418986 -2.9296606
-0.9642414 -4.5008903
-0.7469326 -3.1891782
-3.1348531 -2.993127
-3.695914 -1.5567236
-3.471248 -2.7944732
-2.2336543 -3.6918287
-2.4902477 -2.9033763
-3.1269555 -3.1018982
-2.235181 -2.2636747
-3.3774228 -2.194264
-2.915944 -3.244127
-2.1292691 -3.5140803
-2.8989282 -4.0118475
-2.3066428 -1.9990195
-2.4288607 -4.0878863
-1.6747887 -2.91244
-3.1101305 -2.4891949
-2.744171 -2.6106117
-3.8314657 -2.3547244
-1.5907785 -3.091082
-3.0842488 -2.2554147
-1.8309468 -2.5554018
-1.8181386 -3.6349838
-0.62527907 -2.161134
-2.3467505 -1.9093587
-3.55168 -3.1047153
-2.6498873 -2.5188663
-2.576001 -2.2456098
-2.2288015 -4.2082925
-2.1941633 -2.9780853
-5.0090218 -5.7108617
-1.9876404 -3.2260375
-3.0006034 -2.6318274
-2.0337903 -4.1316934
-1.5493869 -4.2761474
-0.77689666 -3.547652
-2.5129774 -3.6113484
-2.879369 -2.4871635
-1.0490485 -3.6803582
-3.611979 -3.4385362
-2.0017133 -1.7426814
-3.3306653 -2.3846407
-3.6007712 -2.076219
-2.6376898 -2.4740026
-1.9014664 -4.541715
-4.237967 -2.5484893
-1.9545498 -4.272881
-3.4452956 -2.54291
-3.4507568 -2.0402987
-2.109886 -2.8807547
-3.4151127 -2.4556155
-2.2825165 -2.3605416
-2.5240896 -2.8418617
-3.235505 -2.9190593
-1.3812633 -3.109944
-2.1890802 -3.395003
-3.7271926 -2.973289
-2.2777514 -3.3907146
-2.1067023 -3.2211983
-1.8140304 -2.3714392
-3.0199068 -2.8614333
-1.0511591 -2.246167
-2.0143654 -3.3294027
-2.9124205 -2.8434927
-2.2575977 -2.1766217
-2.3698192 -3.4700875
-3.3314226 -2.4125783
-2.9409084 -3.5810513
-0.17507572 -4.054895
-2.330364 -2.7813106
-2.6328773 -2.74233
-3.1972008 -1.5195367
-3.2640004 -1.4002429
-3.305661 -1.1280276
-2.975819 -2.836245
-2.6511037 -2.5135517
-1.8761517 -1.8112875
-1.974561 -3.1385715
-1.9074332 -2.7719498
-2.5161269 -3.164399
-1.4372048 -3.6655543
-3.1794167 -2.6466415
-3.0061393 -2.2825406
-3.2322774 -2.45685
-2.7290986 -3.9627857
-2.9782858 -3.472807
-2.709559 -2.5933661
-3.1130338 -3.587644
-2.8443828 -1.4178034
-2.0172355 -2.8494055
-3.2678382 -2.7665145
-2.0297198 -2.2663627
-0.39245048 -3.8532474
-2.495643 -3.5460844
-2.1959312 -3.0313072
-2.790103 -3.2641065
-2.612642 -3.4815373
-1.959832 -2.4456801
-2.5108078 -3.6703203
-2.603012 -2.5943449
-3.1514452 -1.6983994
-1.2646147 -3.6945188
-2.0196261 -3.2500417
-3.6696563 -2.1540601
-2.7644958 -2.4169018
-4.2145944 -3.7288098
-2.2360005 -1.8990781
-2.9054022 -2.8482723
-1.3064103 -3.6125946
-3.013156 -1.4026885
-2.4548419 -2.4723527
-2.3216186 -2.860343
-1.9293991 -4.4100223
-2.8143442 -3.1615207
-2.9195573 -2.0322976
-1.8090624 -3.119788
-2.3055768 -2.81183
-2.383658 -2.437855
-3.1046453 -2.5894518
-1.1187053 -4.374351
-3.1955438 -2.3097198
-2.7412305 -3.109499
-2.3480086 -3.6989722
-3.4855392 -2.9290366
-2.277942 -4.3828354
-3.36645 -2.9034948
-1.3130773 -4.1169987
-1.5027761 -3.495052
-3.326493 -2.738487
-3.2949455 -1.7128093
-2.617656 -3.0104017
-3.179744 -1.8991783
-4.0408363 -2.8856745
-2.8656242 -2.4998064
-2.3452885 -2.9617052
-1.981057 -4.073329
-2.7697306 -3.0643866
-2.898692 -1.6358979
-4.014828 -2.3639812
-3.360093 -3.6942167
-3.0012074 -3.5954518
-3.0112915 -2.0514514
-2.786545 -1.2368276
-3.6739933 -2.1453395
-3.253656 -1.9325976
-4.093265 -2.545309
-2.1577194 -1.6449825
-1.4044467 -3.2906108
-1.954953 -2.2230382
-2.3243325 -3.176433
-2.477908 -4.482098
-1.8236225 -3.0649388
-1.9590064 -2.2690668
-2.1873996 -2.977826
-1.568881 -4.6056256
-1.4279386 -2.8969479
-2.7190936 -3.2853935
-2.6831157 -3.9089918
-3.2458847 -1.6852922
-2.2570179 -3.8020835
-1.8244845 -3.738027
-3.57493 -2.9034524
-1.4828289 -3.771067
-2.1066506 -1.9777877
-3.708207 -1.8223534
-1.8664699 -3.4497614
-2.9622 -3.1751375
-2.6052349 -2.729806
-2.017483 -2.456737
-1.6009336 -2.8279843
-2.9227343 -2.8455584
-3.0864844 -2.6508818
-3.5976577 -2.761841
-1.9820956 -3.3215208
-1.3895199 -3.530123
-2.8017974 -2.1402218
-2.4223454 -3.2828867
-3.085376 -2.8758285
-2.1959553 -2.6769943
-3.2327425 -3.0941055
-2.3805373 -1.9949658
-3.6429894 -1.967832
-1.5893998 -2.4548156
-3.0398788 -3.5574975
-1.9410866 -3.2662885
-1.5977825 -1.6323155
-2.8631973 -3.294549
-3.2137778 -2.2634776
-2.0576227 -2.7211313
-2.8028548 -2.5158186
-3.420694 -1.9166085
-2.4581635 -3.09576
-1.604029 -3.121088
-3.811023 -2.1029718
-2.5777774 -3.717253
-1.7353284 -2.5644627
-3.201941 -2.6789303
-2.8113127 -1.9659051
-2.5134764 -2.3756084
-1.5807959 -4.1552486
-3.6833408 -1.9901259
-1.8948294 -3.260444
-1.9763342 -4.458094
-2.5173383 -2.3607993
-1.7180865 -4.0677533
-2.9041345 -2.0567276
-2.9239666 -1.8382647
-3.7456806 -2.748512
-3.5581517 -2.7446404
-1.2651683 -2.951878
-2.3070526 -3.3923368
-3.49715 -2.7482078
-2.8206422 -1.6486186
-2.307368 -3.645017
-1.4720613 -4.2056255
-1.1888098 -2.9983559
-2.6677613 -4.690354
-2.539204 -3.494395
-2.7183342 -2.194838
-2.9833617 -2.4472473
-3.3851352 -2.4680011
-2.2815087 -1.8567145
-3.6785908 -2.7101421
-1.4720662 -3.6454608
-2.7563186 -1.601325
-2.452458 -4.167192
-2.2381299 -2.8986242
-3.4641688 -1.470799
-2.3923361 -3.4773278
-2.3845494 -4.0466385
-1.0998932 -3.8570728
-2.1568441 -4.166266
-3.7377279 -3.3395553
-1.974597 -2.32379
-3.2109964 -3.2025723
-2.8790164 -2.9545393
-1.3317829 -4.187752
-1.502924 -2.923681
-1.775502 -2.7396452
-3.0139968 -5.3826933
-0.06438322 -2.6845536
-2.526039 -3.419533
-1.5316525 -4.015113
-1.6417447 -3.714209
-3.4680383 -3.5515678
-3.019066 -2.2412596
-3.1427774 -3.1109345
-2.7333407 -3.9657335
-2.6099737 -2.3340094
-2.9232264 -2.5290995
-3.077507 -3.769869
-2.6950004 -2.9456775
-3.1694167 -2.6015344
-2.5933309 -1.9857669
-4.521663 -1.7184681
-0.8292198 -3.1030772
-1.788731 -1.9938215
-2.858704 -3.882177
-3.1030765 -1.5714768
-1.8741076 -3.0512729
-3.4544055 -2.1569421
-1.4010689 -3.769844
-2.7849846 -1.1718014
-2.2039485 -3.1823134
-1.7565954 -0.73142076
-1.8221816 -3.6424239
-3.448037 -2.8367474
-3.8361294 -1.6401112
-1.5790964 -3.6961641
-2.7821345 -2.8501863
-3.0691607 -1.5572592
-2.27967 -3.7263174
-2.1678097 -2.9245348
-2.0968373 -5.3437595
-2.8511655 -2.7491934
-3.3048732 -2.380905
-3.3052733 -2.1737144
-2.6332328 -2.7996573
-3.1044977 -2.7504344
-4.178285 -2.7919667
-3.1321418 -2.8017738
-2.3051789 -3.6496813
-2.5826623 -3.1212509
-5.1541944 -2.7740307
-1.1547828 -3.3620284
-3.3956194 -1.7343446
-3.3785841 -2.0697348
-2.955629 -3.145302
-3.2802155 -2.1423085
-2.5312502 -2.9265308
-2.7880433 -1.8918406
-2.5119112 -3.1654332
-2.4324386 -2.9233754
-3.3235803 -1.3136503
-2.8153296 -2.907582
-2.9785101 -2.415973
-2.4332266 -1.7586162
-3.366207 -2.3309023
-1.7130758 -1.9872673
-3.189145 -2.2527592
-2.9992938 -2.7656837
-3.7799232 -2.540187
-2.2960563 -1.5957254
-3.2291763 -2.74963
-3.643592 -2.7099302
-3.137539 -3.8083375
-2.580576 -1.6992594
-2.650852 -1.6780459
-1.1954066 -3.5528214
-3.4951322 -3.4270198
-2.9079647 -2.8240616
-2.7289977 -3.2334542
-2.0926006 -4.3769503
-2.2444947 -3.6964881
-3.28958 -2.5328627
-2.9913247 -2.3782258
-3.5936623 -2.8085616
-1.9240232 -3.792568
-2.978005 -1.1763816
-2.7412956 -2.4527142
-1.7729837 -3.2458405
-1.5955522 -3.3018906
-1.7686547 -2.8630908
-2.88023 -2.5675507
-0.79895324 -2.6830137
-2.701927 -3.059181
-4.2574835 -1.6099854
-3.2612505 -2.6195624
-3.9813328 -2.9683053
-3.4607193 -2.8501382
-2.5525506 -2.9487083
-1.138268 -3.145458
-1.6186173 -3.4980178
-3.667362 -2.1336381
-2.108872 -3.2200294
-2.193906 -3.565463
-1.8727808 -3.084101
-3.4345627 -3.362105
-1.2618041 -3.5101938
-1.1028336 -4.2169313
-1.171192 -4.180331
-2.5803978 -2.3606625
-2.9971554 -3.4702888
-2.408356 -2.2818801
-2.8511086 -1.7176772
-0.65789133 -3.3774815
-4.3786283 -2.2591422
-3.0418293 -4.027289
-1.904519 -2.7566173
-1.312679 -3.8288178
-2.9630258 -2.8022408
-2.9544098 -2.5562809
-3.2802904 -2.1240067
-2.7727199 -2.3527322
-2.8413377 -2.890921
-1.9506038 -2.453761
-0.42265102 -3.914063
-2.0602298 -1.6239587
-4.5313177 -2.3580608
-3.1766124 -3.1488237
-3.118769 -2.1965451
-2.4117525 -2.6817446
-1.3817707 -3.4722588
-1.2198355 -2.300261
-0.41765726 -3.273118
-1.7125715 -4.000918
-3.2561173 -1.7891233
-2.5475624 -1.3532931
-2.6386065 -2.9485242
-1.703633 -2.7958477
-2.837651 -1.8089881
-2.4415565 -1.9164768
-3.476074 -2.0952656
-1.3672701 -3.9887805
-3.06646 -2.7973986
-2.811795 -2.559922
-3.1309252 -4.144804
-2.589766 -2.6437929
-0.86572987 -4.3350654
-2.1542134 -4.0478616
-2.2790651 -3.1680746
-3.1683652 -2.4124508
-3.7520995 -2.5233545
-1.1894099 -2.3911288
-2.8699956 -2.0423129
-1.1106004 -3.7950585
-1.620456 -2.7809632
-2.3145428 -2.3169703
-2.8905904 -2.1436126
-2.9980052 -1.8424189
-1.6233956 -3.8979063
-3.820664 -3.6011722
-1.4853603 -1.4163042
-2.6669502 -2.718951
-3.1549153 -2.7294555
-2.2452204 -2.8932745
-1.4246236 -1.1273038
-3.5499487 -1.7938918
-1.1749009 -3.1650527
-2.8428106 -3.0239434
-2.6174235 -2.4443545
-1.5156584 -3.982552
-2.997438 -3.4758613
-2.2684476 -3.5280428
-2.4397056 -1.6882945
-2.8409276 -2.8798642
-3.0019164 -2.4124491
-2.780855 -1.9714302
-1.5812395 -3.2887092
-1.913178 -3.7207553
-3.4521098 -2.3160865
-2.997818 -3.0640247
-2.719835 -2.6300702
-3.4149432 -2.5918698
-1.3956196 -4.440508
-3.906114 -2.0312786
-1.84073 -4.857813
-2.6862679 -1.7557926
-1.4039276 -3.8237152
-2.7299774 -2.7833085
-0.9380019 -5.074283
-2.8612442 -1.3164085
-2.3191674 -3.5262818
-2.2019486 -1.8835462
-3.1842682 -2.2570906
-3.2895665 -3.3485
-1.7325803 -3.187671
-3.8467042 -2.3621569
-3.0584223 -1.2906239
-4.4633293 -2.9996488
-2.3018024 -4.5809884
-1.4454703 -3.1029356
-1.0010164 -2.2271903
-2.583292 -2.7353215
-1.333438 -4.4959087
-1.9167693 -3.4698687
-2.6310208 -2.1921272
-2.9967902 -3.0135114
-2.3149297 -2.2425134
-3.0061188 -3.3374114
-2.8215845 -1.8280638
-3.5586305 -1.8882405
-3.679174 -1.7324315
-3.0071638 -3.1478617
-1.6392268 -3.48656
-2.0137303 -1.3229502
-3.4580345 -2.8041956
-3.3967984 -2.4656558
-3.0845923 -3.5275426
-2.930598 -1.9343235
-1.9043841 -2.6922908
-2.9587312 -1.7822654
-2.6546419 -3.3646991
-2.9743207 -1.9763432
-3.3731384 -2.7285836
-3.2675898 -3.146672
-2.8975997 -3.0833247
-1.635912 -2.6279745
-3.7365396 -1.7604154
-3.4415963 -2.7544327
-3.7685814 -2.6718311
-2.0044785 -3.2173314
-2.0268126 -3.0821135
-1.2466244 -2.6030993
-0.7193809 -3.7107706
-2.2607005 -3.2567577
-2.1807063 -3.3436763
-2.9456801 -2.884595
-2.1876974 -2.351241
-2.6649323 -2.3800006
-3.5732367 -1.5859891
0.39894247 -0.6939986
-2.697356 -2.3591378
-2.0530617 -3.6604128
-2.065194 -2.9221728
-1.5671688 -3.7343397
-2.6337209 -3.2913375
-1.161229 -4.45802
-3.2368329 -2.485019
-3.9970522 -2.2862518
-2.635356 -1.7834785
-3.830882 -2.3517392
-3.6613777 -3.1796567
-3.0679843 -2.3609064
-2.3095622 -2.61402
-2.9180493 -2.717158
-2.0684733 -2.6886885
-1.9425802 -3.444345
-3.4480917 -3.0354466
-3.0081458 -2.066423
-2.6905007 -2.7758062
-3.7171204 -2.0561502
-3.420623 -1.966156
-1.9147272 -2.3971148
-4.5345902 -4.100781
-5.239405 -4.867389
-3.5210772 -1.765632
-1.3204993 -4.0415263
-1.3213443 -3.8246672
-3.800964 -2.7028635
-2.947106 -2.0579653
-3.2071855 -1.5400921
-4.020264 -3.4209387
-1.3697355 -3.017087
-3.072917 -2.4683976
-2.443791 -2.4632807
-2.782807 -3.406255
-3.1507387 -2.1739557
-2.790137 -1.437212
-1.3103087 -1.738582
-2.383714 -2.4023693
-1.0561441 -3.4104152
-2.8940847 -3.7562811
-2.3752894 -2.7350388
-3.4514587 -2.7681344
-2.0736933 -2.970697
-1.531998 -2.4986446
-2.9222493 -3.0866313
-1.9389058 -2.7327824
-3.5832334 -1.9845146
-2.308187 -2.4052644
-2.5099685 -3.4709454
-4.2226276 -1.9648168
-2.4470735 -2.5048068
-3.382584 -2.5857058
-1.1155329 -3.6385486
-2.1064422 -3.1174998
-1.3376772 -1.5103248
-1.741145 -2.8938584
-3.1661716 -1.6224893
-3.179495 -3.4737272
-3.5564432 -2.2726421
-3.6741953 -2.3004246
-2.5707448 -2.267812
-3.0782576 -3.0730848
-3.0133302 -1.9431143
-0.2916082 -3.5148706
-3.2176924 -2.315961
-1.6728821 -2.7074673
-2.1340256 -2.7046282
-3.480405 -1.5900472
-2.7840085 -1.5152209
-3.4176252 -3.2403154
-2.5100713 -2.7185733
-3.918794 -2.9820366
-2.9801636 -1.480689
-2.7434146 -2.8228662
-2.0931282 -2.7698967
-1.9654875 -2.2248602
-1.1649346 -2.6135159
-2.9232004 -3.2245076
-2.5110784 -2.841539
-2.5044563 -3.056254
-1.8606889 -4.095394
-2.264646 -3.5022647
-2.292289 -2.4599326
-1.5341523 -2.7243083
-2.084543 -2.9358435
-2.6709542 -1.8600253
-1.6178042 -3.4985337
-4.050712 -2.7152605
-2.4647527 -2.0320137
-2.165009 -3.7804108
-2.5885873 -1.783364
-4.015155 -2.075736
-1.1847277 -3.5943832
-3.227045 -2.2777328
-2.42833 -3.399124
-3.046412 -2.0793412
-3.3786252 -2.0076108
-2.6412244 -2.395408
-2.9197364 -2.7873406
-3.6694627 -2.271369
-2.3592956 -3.9485402
-3.0486207 -3.5072951
-3.0598795 -2.8867664
-2.5239668 -3.5396602
-4.059181 -2.0472674
-3.6156552 -1.0390332
-2.3772564 -3.7550373
-4.032691 -2.6635394
-1.751496 -4.2112985
-1.807953 -4.6967273
-3.1136706 -1.959835
-1.530265 -2.4474568
-1.378554 -4.448287
-3.1432147 -1.113297
-2.194235 -3.3954487
-3.518588 -2.559274
-2.0388925 -3.0377288
-2.170055 -3.040684
-2.8067627 -2.6310976
-1.6759143 -2.9258525
-2.1903172 -5.006338
-3.0091171 -3.2000508
-3.4865093 -1.6487173
-2.620824 -4.1302953
-2.2867475 -4.1439896
-3.4802485 -2.2091076
-3.0196197 -3.231198
-2.659587 -2.7354338
-2.262467 -3.067477
-3.1387234 -4.212157
-2.5478199 -3.5090146
-0.98937774 -2.5362043
-3.39938 -2.1668565
-3.0359247 -2.546995
-1.8632445 -3.1499586
-3.2621803 -2.0760279
-2.150329 -2.7572389
-3.042479 -2.8988168
-2.7117388 -3.9289737
-1.8622396 -1.9027691
-3.0419722 -2.671328
-2.3967645 -2.9761977
-2.426496 -2.849556
-4.2916446 -1.7031492
-1.937079 -3.1288373
-3.133447 -1.7847116
-1.7630218 -3.1568193
-3.5291936 -1.8348796
-3.2562485 -4.0192466
-0.3851803 -3.9564335
-3.1510391 -3.5576482
-1.2940533 -3.2147887
-1.8576281 -3.5558083
-2.2547345 -3.9716897
-3.0180433 -1.448402
-1.9257239 -3.8608756
-1.7940528 -3.6350205
-3.0006967 -3.1665518
-3.1897993 -2.8889444
-3.801727 -2.3153048
-3.1488786 -2.755466
-2.9407187 -2.4473283
-1.5224096 -4.0221624
-3.1131227 -3.1354213
-2.4063141 -2.286006
-4.613776 -1.4943057
-2.6331732 -1.75833
-3.4811327 -2.2158253
-3.091859 -2.7905228
-2.3461537 -2.243961
-3.1676183 -3.4944847
-3.0070708 -2.7295835
-3.2947958 -2.088798
-2.5831783 -1.7519518
-2.2094316 -1.5844456
-2.6681004 -4.3866267
-2.6342905 -2.7794316
-2.7905712 -2.674075
-3.6769958 -3.343488
-0.9323476 -3.8152096
-1.9700356 -2.4516442
-2.7865658 -2.9552276
-3.0352075 -1.9593976
-2.243925 -3.0283108
-3.1673071 -2.753288
-1.978719 -3.2254796
-3.7053072 -1.2231493
-2.5183606 -3.9415915
-3.586285 -3.673662
-2.4587548 -2.7717626
-2.2159953 -3.5832338
-2.9854965 -1.2865765
-3.2772372 -2.161759
-2.0642433 -3.5644128
-2.8348098 -2.7359924
-3.914828 -2.7526557
-3.879496 -2.0545452
-3.2756984 -2.5516663
-3.1113443 -3.340437
-2.2281938 -3.4600348
-2.2410455 -2.4652429
-2.715442 -3.426272
-4.0032744 -2.2443566
-0.9702164 -3.1820703
-3.4734452 -2.9046528
-1.1049924 -4.7119975
-4.2750535 -2.4323876
-2.9247117 -2.579975
-2.0437639 -2.5510814
-3.7584455 -2.5075524
-2.1463563 -2.7286334
-2.9489784 -2.1277754
-2.0266662 -2.906687
-2.738672 -2.8777452
-3.0206125 -2.2878425
-3.9147284 -1.7076384
-3.1817846 -2.6025922
-2.6167076 -2.764538
-3.5417461 -3.1972232
-2.7874496 -1.8494327
-2.3971143 -2.3248124
-3.392948 -2.1865306
-1.3803626 -3.373607
-2.0057032 -3.4192054
-3.3297899 -3.6672993
-2.691935 -1.695466
-2.8675058 -3.2274673
-3.9060786 -1.3112105
-1.3528284 -4.096933
-1.6339145 -2.6852005
-3.262385 -3.458354
-2.8900664 -2.380758
-1.5334512 -3.5980358
-1.3012196 -3.5229363
-3.4936252 -2.2343664
-3.3005972 -1.7211143
-3.0582504 -1.9667491
-3.311459 -3.5628572
-1.8717388 -2.1459696
-4.0614667 -2.4338014
-0.37509584 -3.542708
-4.3251743 -2.1889427
-1.1773914 -3.1869133
-1.8102745 -2.5621145
-2.9449403 -1.9216857
-2.7116163 -3.3168058
-3.5558188 -1.5660169
-3.0876832 -1.7724367
-1.9290797 -3.2730086
-2.7196872 -2.113789
-2.654706 -2.3682365
-1.3336792 -2.6932797
-2.2570138 -3.323871
-1.080457 -3.787446
-2.092829 -3.4864697
-2.8012235 -2.7177827
-1.5938886 -3.0872884
-1.5096624 -2.9246433
-3.3352418 -1.819623
-2.6258674 -3.6855786
-1.7978194 -4.0699673
-1.6116518 -2.7328367
-3.6621375 -2.000916
-3.0394416 -2.609375
-2.6278515 -3.2974675
-2.5141072 -2.8836138
-3.4345312 -1.6235509
-3.5912244 -1.5123798
-2.0989087 -2.415979
-1.9954307 -2.6641111
-3.5221722 -2.266646
-3.0190787 -3.0321188
-3.3502247 -2.1666334
-3.096701 -1.761127
-1.9607731 -1.905203
-1.5147598 -3.34925
-1.2841948 -4.3533525
-2.9896524 -2.5256124
-2.193061 -3.3228848
-2.5177143 -3.0008724
-2.2047675 -2.5518703
-2.1643248 -2.4624887
-3.24803 -2.1010623
-3.3015444 -1.4717195
-1.8067446 -2.9170206
-3.037675 -2.1538532
-2.5488193 -2.6088886
-3.4906957 -3.1936378
-2.3089602 -2.3542917
-2.928714 -3.1367838
-2.0776038 -3.7721643
-2.2514553 -3.109801
-3.3307602 -2.293495
-2.8335187 -2.1724873
-0.84456956 -2.436846
-2.7917366 -2.1131918
-2.3961277 -3.3843422
-2.5208929 -2.8486602
-3.1479688 -3.756953
-1.7857945 -4.050432
-1.6932263 -3.8709006
-2.4068284 -2.804809
-1.2558472 -3.147877
-3.098105 -3.7818277
-3.5858526 -3.4158363
-3.2277637 -2.5929337
-1.586697 -3.0855787
-3.1559587 -2.4754272
-0.8391552 -4.6441503
-2.5740173 -1.7765524
-0.77140063 -4.888458
-3.3504975 -2.3897233
-2.4063666 -3.4720643
-3.0055032 -2.6900353
-2.944917 -2.1111648
-1.804334 -2.7926798
-3.5571234 -3.0130906
-2.1865654 -4.250734
-1.8557512 -3.0912895
-2.595265 -2.0950327
-4.226809 -2.4969358
-2.033599 -3.108201
-3.417875 -2.7339025
-2.130841 -2.0711594
-2.968003 -1.713235
-2.877149 -1.9397174
-1.808157 -2.0065134
-2.0059187 -4.9415226
-1.8944896 -3.627587
-2.578723 -3.2791715
-3.0237954 -3.2602332
-3.936225 -2.9832993
-2.075797 -3.670093
-3.3619866 -3.179795
-1.9525163 -2.9269965
-2.8414226 -2.8291657
-2.4530256 -3.3257694
-2.3286455 -3.2175534
-0.9267889 -2.4872248
-2.7548683 -2.4054096
-2.9183471 -2.05848
-2.1643722 -2.787276
-2.5576932 -2.1871264
-2.9070876 -3.149384
-2.9837599 -2.90671
-0.60457087 -4.344611
-1.0428178 -3.4931562
-3.2645679 -2.7565148
-4.0685644 -3.4692914
-1.9317118 -2.3610535
-3.4522955 -2.4291
-1.5591236 -2.9715824
-3.4328287 -2.374734
-3.6386147 -2.6861932
-2.2795568 -3.4885995
-3.4339032 -2.7108772
-2.7324724 -2.3715281
-2.9774659 -4.1498566
-0.96001834 -3.4195678
-3.0314572 -3.957596
-3.3768513 -3.4033957
-2.0096157 -3.178058
-3.5908768 -2.9316523
-2.7310948 -2.609388
-2.0815432 -2.4816139
-2.9224787 -2.4639702
-1.0306209 -3.8012927
-2.774965 -2.3493779
-1.8312589 -2.6584933
-2.25281 -2.8507822
-1.4359195 -3.188237
-0.9332623 -3.4797752
-2.2556324 -2.723548
-2.7614667 -2.430758
-3.0927622 -2.079359
-3.2447684 -2.7965403
-2.5425565 -2.8855665
-0.88507116 -4.625803
-2.3054638 -2.4359052
-2.1830237 -4.0901523
-2.8655324 -3.047957
-1.8750407 -2.1187649
-3.6233892 -3.0504556
-1.7942528 -3.1224804
-2.7981212 -2.957105
-1.3055674 -2.3755941
-1.2260779 -2.6107676
-2.2626958 -2.274513
-2.7392428 -2.6851766
-3.2310462 -2.551193
-0.9877432 -3.323715
-2.7418604 -2.767965
-0.29623464 -3.0526428
-1.4995723 -2.5916235
-3.2100513 -2.565724
-2.3727288 -2.6786995
-1.8389151 -3.3049345
-2.1407888 -3.9337163
-2.6692333 -2.907705
-1.8552845 -3.3823922
-3.7508094 -1.8694172
-1.5202786 -3.1111586
-2.374167 -2.702128
-2.6820471 -3.665949
-2.6640818 -1.7339091
-4.3144617 -2.6005983
-2.0338166 -2.6217806
-1.9791629 -3.9539754
-1.312742 -3.444278
-1.9512198 -3.640624
-2.0821521 -2.351787
-2.6410348 -1.8163302
-1.7141658 -3.711364
-0.8757767 -3.2896028
-4.831568 -3.776037
-1.6816894 -4.0947475
-4.7381706 -4.4059744
-2.176359 -3.1818364
-1.0259688 -3.7403271
-4.237988 -1.3673582
-2.947289 -1.8509212
0.031488046 -4.111943
-2.932581 -2.1658418
-2.165222 -3.0997996
-2.8753748 -2.4915426
-2.814051 -2.4991462
-3.2808948 -3.0093598
-2.8490195 -1.8312807
-3.2519975 -2.1261148
-4.035773 -2.207837
-2.381486 -2.0228906
-2.8569088 -2.5862062
-3.1940386 -2.7356355
-2.00302 -3.729612
-2.707393 -2.9533901
-2.2376812 -1.7731419
-2.0351565 -2.2725246
-0.2322753 -2.3433406
-2.1746986 -3.4271567
-2.6672611 -5.42448
-2.1657422 -3.3400705
-2.7324245 -3.1703515
-1.3429002 -2.8572705
-3.8397608 -1.7230263
-2.9187646 -2.8030872
-2.1714668 -2.4735107
-2.3130481 -2.6114302
-1.0933027 -3.5605385
-3.390727 -2.2363393
-2.537473 -2.8209612
-1.2587202 -3.9096014
-2.1790051 -2.3112013
-3.0614455 -2.1033754
-3.7452595 -2.743379
-2.5257251 -3.5613596
-2.6608233 -3.3329496
-3.2056332 -2.0168927
-2.7409825 -3.0350256
-2.3308878 -3.7754617
-2.073802 -3.9825866
-2.7555892 -3.2100801
-2.1732104 -2.2617373
-2.369432 -3.9492044
-1.9258837 -4.2914557
-3.8107862 -1.8190286
-1.9776633 -3.2869294
-1.3794712 -3.477906
-2.5146108 -4.280042
-2.4622836 -2.6565316
-2.619149 -2.662266
-1.883836 -2.8785243
-3.6095197 -2.46447
-2.3466911 -2.75107
-3.4935875 -1.8242984
-2.9681425 -3.3414404
-2.3248515 -3.494571
-2.77538 -2.4851897
-1.6785053 -3.965392
-3.5946527 -2.4500306
-1.4139371 -2.8631084
-2.900353 -2.436389
-3.2606025 -1.1220229
-3.956433 -2.9584677
-2.0773497 -2.7777345
-2.5396008 -2.1086555
-3.4507167 -2.1727142
-1.7622902 -3.1831603
-2.9268608 -2.656484
-2.9790826 -2.272885
-2.354162 -2.2312505
0.4402237 -3.243328
-3.1669052 -1.8342978
-3.1330295 -2.170157
-2.0759985 -2.6767526
-3.3611715 -2.9900928
-2.5852132 -2.0235856
-3.7201817 -1.7203684
-3.621053 -1.4721295
-2.1815114 -3.064829
-2.0255234 -3.2453685
-2.4457612 -3.1262603
-3.086915 -2.576824
-2.6865122 -2.876441
-3.3422928 -1.9980745
-2.049186 -3.1281502
-3.328611 -3.0580354
-1.9005829 -3.1923578
-2.0526998 -3.0806897
-2.1359353 -2.9395852
-1.1118237 -3.1853306
-3.0946765 -2.7597344
-1.9172162 -2.245051
-3.5341835 -3.4519992
-3.3281057 -2.2615173
-3.598837 -2.342981
-3.02725 -2.2758257
-2.547858 -3.922218
-3.5229788 -2.08557
-3.5892901 -2.8389223
-1.4056439 -4.153589
-3.651908 -2.2567909
-2.8252006 -3.7026544
-3.1469562 -2.0242324
-2.8890326 -1.1639503
-2.8375475 -2.8020008
-1.9713237 -3.1428456
-1.320491 -2.5636663
-3.178357 -1.950703
-2.68063 -2.0835137
-3.6567218 -2.0343416
-1.7333257 -3.1929066
-3.5317736 -1.8781362
-2.834589 -2.8823688
-3.4353259 -2.9424498
-2.3335226 -2.5358758
-3.52373 -2.4230804
-2.984539 -2.1952443
-2.3341222 -3.4643397
-3.838987 -2.9425855
-1.8250868 -2.7207844
-3.1372328 -2.2922118
-1.854517 -2.6489975
-2.3833451 -2.9977303
-3.1091046 -1.4626061
-1.6346605 -2.5264435
-1.3959863 -4.0739155
-3.3424678 -2.4556394
-3.5230198 -3.3839185
-3.8615603 -2.29153
-3.2584457 -3.0863104
-3.9298084 -1.7157197
-2.7721953 -2.3367577
-1.3800017 -3.314228
-2.265372 -2.4311833
-2.2819457 -3.4381313
-2.426378 -2.148697
-1.7953713 -2.2041364
-1.0257852 -3.2564218
-2.0749023 -1.7022206
-3.4111326 -1.8978946
-3.0517242 -2.2455335
-2.2153313 -2.1729612
-1.7357702 -3.2666018
-3.275744 -1.8856722
-2.0910845 -3.173999
-1.8422526 -3.4264796
-3.4253657 -2.8949776
-3.1974955 -2.6645024
-1.4434186 -3.5445912
-2.441656 -1.6896911
-2.2552915 -3.3352408
-4.072182 -2.5363405
-3.3223073 -2.5892527
-1.563359 -3.7325168
-1.9106852 -2.4753067
-2.6588147 -3.646024
-2.1253083 -2.9759028
-2.1532393 -1.522978
-2.3534143 -2.8747694
-3.5153751 -2.9048433
-4.170808 -2.9885323
-3.6472867 -2.9944677
-2.031448 -2.6815717
-3.2030046 -2.2009108
-0.28355002 -4.124921
-1.3322519 -3.1021075
-2.9382 -3.4613202
-2.205009 -2.773587
-3.5697575 -2.93699
-1.4220895 -3.1297505
-1.4198173 -4.5959673
-3.7302809 -2.3305824
-4.210239 -2.279298
-2.0541582 -3.615843
-2.6989367 -3.1333756
-2.6305327 -3.5604372
-1.2161216 -4.0699215
-0.9644114 -3.9266984
-2.440847 -2.903294
-2.9311447 -1.6129962
-5.2093325 -4.0497594
-2.0317473 -3.5703812
-3.3485584 -2.8837814
-2.4137385 -2.0800405
-1.3928174 -2.4570892
-2.2196777 -2.9624612
-2.0900867 -1.9043211
-2.8252354 -2.656834
-2.8888204 -4.0238442
-4.123673 -2.4981213
-2.8419871 -2.5363665
-5.3802476 -4.57402
-2.4087365 -3.465827
-2.799181 -2.8115454
-4.352322 -2.2312503
-3.7248163 -1.2090952
-2.9410214 -2.172611
-3.6210523 -2.9432955
-1.496221 -3.1859279
-3.0674407 -2.8708332
-2.935412 -2.9433405
-0.748796 -3.9048185
-2.7558243 -1.8865615
-3.091866 -2.885651
-2.979052 -1.9040136
-3.2305336 -1.5250032
-2.582616 -2.0086944
-3.1867712 -3.1962173
-3.7519796 -1.6759787
-2.353255 -3.4505184
-3.2946444 -2.4546437
-2.2030287 -2.9742515
-2.4153616 -3.0535526
-3.1132617 -2.9302573
-2.545319 -2.1998024
-3.911047 -2.753271
-3.6707861 -3.2083747
-2.2613468 -4.014244
-2.9681897 -2.360666
-3.2889965 -2.825449
-2.6688573 -4.1964707
-3.2016146 -2.9059675
-2.6384196 -3.1297476
-1.6624961 -2.153245
-2.3910172 -3.024386
-2.8851376 -2.434322
-2.612255 -3.1572375
-2.6440668 -3.8428035
-3.1364355 -2.8015752
-3.9317784 -2.5021667
-2.5447738 -4.64172
-3.472042 -2.8627248
-3.5736945 -1.7400304
-4.036325 -2.764775
-3.2232733 -2.1860209
-3.2248092 -2.9210112
-1.4711068 -4.101422
-3.2071538 -2.2734628
-2.111428 -3.9061563
-1.9114243 -2.8425086
-4.049073 -2.2190118
-1.5630046 -3.3892379
-3.267766 -3.3031666
-2.4400027 -3.57446
-3.8778715 -2.3531454
-0.5758816 -4.0449967
-3.3894594 -2.120764
-3.1787484 -3.2403038
-3.246445 -1.699214
-1.9543705 -2.3265193
-3.9439883 -3.051864
-2.9134285 -3.232952
-0.9927815 -4.3724585
-2.546685 -3.3882422
-2.4773808 -1.7827562
-1.8937746 -2.1284537
-3.2309234 -4.1857433
-1.8239895 -2.8456347
-3.005489 -4.1490607
-2.7406743 -2.2367702
-2.5880473 -2.382799
-2.268547 -2.0950465
-2.4571366 -3.734778
-3.0363998 -2.2595584
-2.3110979 -2.4609475
-2.9727452 -2.8548458
-1.6516695 -4.7727103
-1.0368276 -3.3984892
-2.9864442 -2.250898
-3.3206773 -1.7339035
-2.245753 -2.8759954
-1.4132698 -3.3619065
-3.1773193 -2.5278754
-1.8429029 -3.4185843
-2.4509969 -3.4709964
-4.7311583 -3.5549805
-3.2179987 -2.569526
-0.87690556 -3.0684786
-1.8791903 -2.762501
-2.698112 -3.5007906
-1.3222632 -3.678151
-0.7310284 -3.798984
-0.85700476 -4.1685953
-3.6180296 -3.6348526
-2.9678185 -2.7571814
-2.06726 -4.1864266
-2.6411147 -3.2177696
-3.351959 -2.5660121
-1.0769033 -2.3917782
-2.814162 -1.6175507
-3.7399535 -4.201407
-1.8902621 -2.668321
-2.712796 -1.2312497
-2.9535403 -2.0439303
-2.4870243 -2.7801006
-3.1937358 -2.4709828
-3.434338 -2.1571157
-1.6273576 -2.3672316
-1.9865354 -2.863317
-1.9457057 -2.5175035
-0.7572154 -3.3082864
-1.574629 -3.0044725
-1.8601365 -4.4299784
-3.4980052 -3.3615322
-2.0184827 -3.2211132
-2.3061807 -2.420839
-3.3538458 -3.493403
-2.527834 -2.9218395
-3.4590201 -2.1338308
-2.0403385 -2.204571
-1.383193 -2.55003
-1.8155575 -3.058268
-2.623522 -3.9994898
-1.2157309 -3.545747
-2.4510717 -2.6052146
-2.710409 -3.3345096
-2.0766203 -2.064273
-3.6585572 -1.4476892
-3.4422364 -2.5439243
-1.1981908 -1.8646659
-0.49697113 -3.6589923
-3.1964362 -4.2148476
-3.4699388 -2.8253329
-3.0374775 -1.5789099
-1.683677 -3.320619
-2.689553 -1.7843013
-3.526608 -2.0168684
-2.9744751 -4.110882
-3.2573192 -1.9541882
-2.5994778 -2.5772715
-3.343007 -2.6101894
-4.3987956 -3.6481462
-2.300802 -3.4617336
-2.2834334 -4.2620564
-0.8142733 -3.9221158
-1.0848185 -3.3682654
-3.495791 -2.0640123
-3.993629 -2.4115164
-1.3871298 -3.0786476
-2.4267528 -3.4813406
-3.7866561 -2.8035493
-1.5143019 -2.9073186
-2.10364 -2.754072
-2.536003 -3.0982947
-3.2006938 -2.044381
-3.8691523 -2.335047
-3.7702968 -2.617805
-4.0032144 -2.4437246
-1.9248351 -2.9000986
-1.928907 -3.0567918
-2.2867608 -1.2121887
-2.4834983 -3.1254518
-3.4640367 -2.4592547
-1.9653195 -4.3191166
-2.0886133 -2.8897927
-0.40534312 -5.3166103
-1.7901295 -4.8931017
-3.051517 -2.5309901
-2.5446093 -3.2103267
-2.574172 -1.5926261
-3.050936 -4.0877523
-3.332615 -2.0634456
-4.437859 -3.7468035
-3.2016537 -1.9679456
-3.7778108 -2.4122777
-2.8236094 -2.7300525
-4.018442 -3.5752687
-1.1271594 -3.991748
-3.2312527 -2.4634025
-2.4270277 -2.7360249
-2.0833194 -2.9167833
-3.0184877 -1.6015428
-2.9224546 -1.4387168
-1.227301 -1.0507884
-2.660024 -1.3987489
-2.9116163 -2.029492
-2.334616 -2.0300722
-2.6679971 -3.6159909
-3.436187 -2.4737682
-1.0108895 -3.9058661
-3.1142945 -2.597326
-2.1332746 -3.6277342
-2.6555867 -1.8149562
-0.4208579 -3.158834
-3.4836955 -2.1360638
-3.1572163 -3.6277568
-3.6087472 -2.3134153
-2.0951836 -3.6143982
-3.5038805 -1.8393137
-1.7790027 -3.8921936
-1.9588404 -2.0954082
-2.9752674 -1.9921293
-2.3926744 -2.1118145
-2.7833316 -2.4154894
-3.101007 -2.8275065
-2.139044 -3.4807003
-2.1232471 -4.098538
-2.6260023 -2.7619107
-2.0780213 -3.9725673
-2.1884682 -3.3228908
-3.059364 -2.462973
-3.0163164 -2.3162177
-2.8303444 -3.210961
-3.115389 -1.7091126
-0.42327988 -4.3361254
-1.6730438 -4.2495275
-2.9758148 -2.609586
-1.0035318 -3.1959782
-2.1713324 -2.402475
-2.2710848 -3.4133923
-2.483845 -3.3208427
-2.6108625 -3.4740722
-4.9572735 -2.9816456
-2.7959743 -2.8455417
-2.6013072 -3.0365686
-2.273138 -3.5823584
-2.4403377 -2.9090447
-3.0342784 -1.9348315
-2.753377 -2.0919952
-2.4796994 -1.943307
-3.6690814 -2.0432377
-1.5510203 -3.5112605
-1.8308693 -3.2872577
-2.1650307 -2.8186064
-4.17651 -1.9323184
-2.1016343 -3.1433544
-2.5201118 -2.353409
-2.1258914 -2.2352037
-1.9640152 -1.5968076
-2.8548403 -3.9049437
-2.0108829 -3.4469028
-0.89401823 -3.5990696
-3.0734854 -3.118123
-1.8529731 -1.7559091
-2.5377686 -2.723615
-2.0833602 -2.467288
-1.4752922 -3.4873328
-2.979672 -1.7992191
-0.68947107 -2.5379484
-1.9604248 -2.7609594
-2.7165306 -3.0635931
-2.4432318 -2.465913
-2.4634893 -3.5782974
-4.0329995 -2.6722424
-1.9790498 -3.7019315
-1.6608428 -3.5825555
-2.0138175 -3.2666228
-2.1097891 -3.1874962
-1.902025 -4.1168375
-1.4910961 -3.2178736
-2.950266 -2.3372111
-3.1598165 -2.7448335
-2.900889 -1.4275084
-2.7715938 -2.3855479
-4.4657273 -4.6869373
-2.3978062 -3.2885711
-2.134984 -2.7172801
-2.176373 -2.7138076
-3.2371254 -2.7685082
-1.5300506 -4.135406
-3.2501657 -2.446942
-0.31978247 -3.2416446
-3.5241613 -2.7422943
-3.6777298 -2.297522
-2.79909 -1.1396441
-3.1791327 -1.9800365
-2.5352514 -1.7211045
-3.3115866 -3.1003165
-3.5642762 -1.326334
-3.8059666 -1.4577721
-3.8336482 -1.7598051
-2.8833132 -1.866126
-1.1878595 -1.4549834
-2.9518535 -2.539017
-2.5705245 -3.4490223
-2.7616081 -3.5471568
-2.2982602 -3.9372723
-2.451467 -3.3768392
-2.5378408 -2.493825
-2.877271 -2.7711685
-3.2670114 -2.272278
-3.037119 -3.1924422
-3.5395625 -1.8382314
-2.8097255 -2.3354464
-3.2207112 -2.460494
-2.699529 -2.6788597
-3.5652287 -1.3666897
-2.7658236 -2.0574257
-2.0677693 -2.4794133
-4.183221 -1.665613
-2.6679657 -2.5121505
-2.4717245 -3.0751953
-2.187162 -2.6390908
-3.2374573 -2.8597977
-4.1494617 -2.1095982
-3.1754925 -1.8570563
-2.7403016 -3.0509262
-3.7541087 -1.4726111
-3.7189019 -2.3241835
-3.8066523 -2.5281003
-2.9681208 -3.5070317
-3.0363586 -2.0247357
-2.0367193 -2.6094537
-2.0412831 -2.9625993
-2.8127878 -2.6917949
-1.4666609 -2.6202939
-1.8059006 -3.6952293
-3.8093688 -2.3968005
-1.598895 -3.012246
-2.511008 -2.3265831
-2.3907254 -2.6870027
-2.581696 -3.0318878
0.5046091 -3.9655685
-1.9886899 -3.263496
-2.4111526 -2.7212417
-0.38759857 -3.6603146
-1.7812295 -2.7710452
-2.8295562 -3.1068993
-2.5724256 -2.556168
-2.9705622 -2.6468992
-3.6043231 -3.6695867
-2.2637148 -4.207891
-3.706248 -2.0982018
-2.1185179 -2.7541203
-1.9553976 -3.1955466
-2.3194711 -2.5558558
-3.527923 -2.0796971
-3.1260984 -2.1051986
-3.235915 -4.0675488
-3.5038648 -1.5908384
-3.6906104 -1.6928256
-2.3852365 -3.1338668
-2.5294356 -2.5738878
-2.0797534 -3.5501196
-2.2645473 -2.315574
-3.037489 -3.4522917
-2.0765839 -2.6656933
-1.873853 -2.8575628
-3.221501 -2.0110135
-3.2248943 -2.5670402
-1.8906256 -4.0533957
-3.1578565 -3.340088
-1.409964 -2.797854
-0.7193922 -4.488139
-3.5399642 -3.6923094
-3.6872456 -2.2117054
-2.4979508 -3.6415484
-1.024582 -3.5163393
-2.3927813 -1.9390334
-0.9199981 -3.965924
-1.0978783 -4.142699
-2.2559927 -2.1803014
-2.616778 -2.794821
-1.6265634 -1.7429132
-2.1397574 -3.6027918
-1.8432734 -2.6314588
-3.5857115 -2.7640653
-2.9011033 -3.2126565
-2.6583657 -3.2347806
-1.5538439 -3.835844
-1.6305205 -3.6321301
-2.9964697 -1.9048909
-1.9554715 -2.7456837
-1.8307683 -2.4497569
-2.1393802 -3.2919078
-2.9010158 -2.7732291
-3.1150405 -3.6016552
-2.982794 -2.9661925
-3.249885 -1.6728781
-3.9816124 -1.7024906
-2.2516317 -2.4679656
-2.6680057 -2.0326195
-1.5152459 -4.294491
-2.057304 -4.300667
-3.2499123 -3.721012
-0.46976298 -3.2492578
-3.3589218 -3.7868896
-2.0895126 -3.345458
-2.5478406 -2.6736746
-3.4302285 -2.271254
-2.810439 -2.4938216
-2.5374043 -2.0667124
-3.8437414 -3.370957
-2.0311177 -1.7608846
-3.1078238 -2.4528122
-2.103196 -3.5162456
-1.6741639 -3.4887457
-2.9999764 -3.211249
-3.506966 -2.5410888
-2.437151 -4.0886936
-3.2889745 -2.1696718
-3.5385575 -2.6183658
-2.0064967 -3.301515
-2.9284735 -3.160219
-2.4040105 -3.4657114
-3.2190592 -1.6093793
-3.6844401 -2.0439296
-2.1446915 -2.982899
-2.4126987 -2.8535366
-2.602974 -2.5493042
-4.04378 -1.2046999
-2.9456542 -4.541123
-2.6591866 -2.3024595
-3.0199852 -2.985853
-0.6373354 -4.712716
-3.2446234 -3.2759554
-3.0285554 -2.410895
-3.4750307 -2.4750967
-2.443789 -1.850283
-4.3763046 -2.3824084
-2.3884797 -2.9487197
-2.7998037 -3.498362
-2.0848286 -3.9584525
-3.5735283 -1.7201235
-1.9161468 -5.0409293
-2.842175 -3.5972247
-1.8639641 -3.0325544
-2.9504817 -3.0094745
-2.4712126 -2.7764287
-1.7947001 -3.9848628
-3.7393417 -1.9675443
-3.7111335 -2.8477604
-2.964839 -3.0206065
-2.8433402 -3.2631958
-1.9308414 -3.6317372
-1.9293011 -3.4187694
-3.3446681 -2.2507634
-2.9569297 -3.7886503
-1.682815 -3.7811434
-2.9861317 -2.4930162
-3.1377287 -3.032334
-1.5709985 -3.2853045
-1.6345162 -3.7578225
-0.39141583 -4.4080887
-3.5023777 -1.223396
-3.28224 -2.6155348
-2.8037646 -2.4024236
-2.2331128 -3.7590616
-3.3063421 -2.5771792
-2.9471395 -1.8566524
-4.490927 -3.0341427
-2.7322102 -3.20137
-1.7496506 -1.5941415
-2.5485876 -2.527421
-1.0960265 -4.0094404
-3.4105685 -1.8829713
-3.022559 -3.5837977
-2.9154754 -1.6024334
-3.750886 -2.7148416
-1.4278139 -3.34307
-2.9314344 -2.4158707
-4.1926208 -3.7724369
-2.9352787 -3.3523505
-2.3946002 -3.0077717
-2.4930735 -1.8994178
-2.3015838 -2.5642662
-3.6571965 -2.0624952
-0.77689666 -3.547652
-2.740892 -3.5308404
-2.9001613 -2.4597437
-1.8781633 -4.361342
-4.334247 -2.4352703
-1.0685917 -4.1038637
-1.9162076 -3.6191921
-1.5892438 -4.7843294
-2.8664012 -3.8846848
-2.8088386 -1.7111624
-2.5767603 -3.3270142
-2.6207821 -3.7055163
-4.252354 -1.5394456
-3.5610871 -2.4994733
-2.3375385 -2.6281238
-2.3162746 -2.877493
-1.3960847 -1.930439
-2.9558718 -2.3450341
-2.4346545 -2.668377
-0.9025827 -3.4554741
-1.581004 -3.0318217
-2.4151578 -2.734851
-3.3492615 -2.618175
-2.56367 -2.4204292
-2.969873 -2.5097017
-2.4889166 -2.6114204
-3.1869488 -2.7736223
-1.4259388 -3.389244
-3.7114763 -1.7199107
-1.942193 -3.118725
-2.1982746 -2.7174196
-1.0943279 -3.2285297
-2.7224803 -2.1528387
-2.3509626 -3.9381254
-2.9635777 -2.1584663
-3.3269167 -2.0618746
-2.742657 -2.5251014
-1.1556177 -4.086923
-1.5534735 -2.9693248
-2.2000196 -2.2824893
-2.810612 -3.3842645
-3.5287414 -1.6229302
-2.991097 -1.6982312
-2.5524213 -2.8555732
-1.9818056 -5.124676
-2.2000751 -1.6042194
-1.6829985 -3.53597
-2.8612442 -1.3164085
-1.8761306 -2.883985
-1.1927364 -3.3118074
-2.9900956 -1.9728711
-2.8689694 -1.9950244
-2.298293 -2.3083227
-1.6063989 -2.758221
-4.375889 -3.2465682
-2.595109 -1.1379741
-3.0615995 -3.382599
-2.6388474 -3.7443316
-2.983592 -2.566849
-3.9246378 -1.6313647
-0.5205295 -2.3509672
-2.4556558 -3.252823
-2.008905 -4.694512
-1.564962 -2.491054
-3.1813138 -1.7923615
-1.9629171 -2.3136349
-1.6428068 -3.006683
-3.222585 -3.060578
-1.2369816 -2.0951846
-3.6842504 -1.3640684
-4.154401 -2.75498
-2.9249828 -2.689978
-1.5907371 -2.8743727
-2.2689307 -3.1414213
-3.0705342 -2.144607
-2.4606214 -2.0931375
-1.177563 -4.0569034
-2.6679308 -2.6808276
-3.2895005 -2.0519495
-2.2993314 -2.7234118
-2.5759697 -2.972311
-2.131276 -3.9497507
-2.4396293 -2.0373774
-2.5948474 -3.478611
-2.2946112 -3.907664
-2.8196836 -2.0998275
-2.322889 -4.26544
-2.3341517 -3.8951545
-1.4127159 -2.5127046
-1.7495188 -3.5113313
-2.9404252 -2.8182049
-1.971283 -2.8847678
-2.191655 -3.027443
-3.9913836 -1.9529346
-3.357391 -2.9810524
-1.7778945 -2.3844151
-3.7713118 -1.7005696
-1.9596567 -1.9554887
-1.2045152 -3.184928
-2.2610855 -2.3448272
-3.0950074 -1.1493158
-1.966238 -3.2084823
-2.2074285 -3.1303115
-2.4961774 -4.3930755
-3.191838 -3.0841074
-0.42292845 -2.9199195
-1.4494258 -4.563672
-2.3683155 -2.902196
-2.7711172 -2.064534
-1.5387812 -4.280548
-3.878173 -2.3210597
-2.6193368 -1.7251358
-2.9712875 -2.7198486
-2.8004992 -2.173184
-1.8573833 -3.7267327
-2.998261 -3.5168219
-3.2928698 -4.0720067
-3.6927547 -1.7706894
-1.4397395 -4.0434647
-1.7726936 -3.4070613
-3.4118793 -3.2321482
-3.5799153 -2.0609248
-2.4811037 -2.8159728
-3.780297 -2.7882526
-3.7612867 -3.5986326
-2.0124767 -3.1078136
-3.3359797 -2.2757425
-2.1919637 -2.458833
-2.5941675 -1.8789226
-2.0412114 -2.3849266
-2.1809711 -1.8700392
-3.6007397 -2.8897202
-1.6932968 -2.4392269
-3.4834628 -2.5947728
-1.0383066 -1.8802087
-0.6167924 -3.3263874
-4.119264 -3.203898
-1.3816864 -2.4486532
-2.4127598 -4.073415
-2.7469828 -2.3947222
-2.3632734 -2.7666762
-2.9388015 -2.6107051
-2.3055365 -3.1506782
-1.7927531 -4.802737
-2.2238073 -2.6284273
-3.5145657 -3.2826598
-2.4642348 -2.1036088
-3.5390816 -2.3977096
-2.7319024 -2.6226354
-3.5472243 -1.8415577
-3.866695 -1.8533478
-2.9327266 -1.8537236
-3.568032 -1.6183679
-2.1384268 -2.5971208
-2.8855817 -2.974495
-2.1073618 -3.5552912
-3.2428536 -2.8146365
-2.4642656 -2.328307
-3.56227 -2.25288
-2.935344 -3.5787694
-3.5989978 -2.1376948
-2.6880765 -1.7551783
-2.458706 -1.7318294
-3.0341442 -2.0004394
-2.7465708 -3.721134
-2.8297894 -2.4861765
-3.360575 -2.241572
-1.7439508 -5.3534656
-3.7933753 -3.139193
-2.7132354 -2.2173584
-2.9273946 -2.9462216
-2.4595664 -2.0561697
-2.9824872 -2.7848933
-1.0575048 -3.362368
-3.412821 -2.4049916
-3.904351 -4.26167
-2.6780934 -2.7639847
-2.7071326 -2.6655633
-3.1361191 -1.9653686
-1.5627866 -3.338687
-2.8147979 -1.6191322
-2.238951 -2.486063
-2.6833162 -2.0284896
-2.4914591 -2.0122194
-3.2985332 -1.9250846
-1.5928218 -2.0135968
-1.7386141 -3.8663914
-2.661533 -3.4276252
-2.3629675 -2.6334038
-2.8740337 -2.7325094
-1.2881396 -3.8820019
-3.097724 -2.7910385
-3.197415 -2.66689
-3.0307338 -1.3552042
-3.294531 -2.7714026
-1.9082859 -2.8691921
-4.785973 -3.9971704
-2.8049316 -3.250335
-3.0687516 -0.88203573
-3.0773973 -2.5081875
-2.861099 -2.4340377
-2.670452 -2.9594922
-2.8904474 -2.6945996
-3.3503516 -2.486682
-1.8309515 -2.6074414
-2.113979 -3.0136027
-2.965745 -3.4021134
-2.660488 -1.2454219
-1.8329945 -2.8397107
-5.701519 -5.460805
-3.0489228 -2.147108
-2.945233 -2.9311936
-2.8968453 -3.237282
-3.4000313 -1.9268855
-2.2107668 -2.4066033
-3.418522 -2.385265
-2.2979708 -2.7281668
-3.1510463 -2.2281313
-0.69669217 -3.7287083
-3.0171332 -1.9937432
-1.9259182 -3.798071
-3.3022385 -1.1702566
-3.5269918 -2.4099581
-3.6255708 -1.5957178
-2.812912 -3.1934679
-3.4309616 -2.279427
-3.6417103 -2.1202776
-2.6330645 -3.44134
-4.8681655 -6.078636
-2.2290416 -2.1791053
-1.7122552 -4.1021543
-2.6856341 -2.8543775
-3.001668 -2.5919683
-2.6336179 -3.5630004
-3.7507825 -2.9180906
-1.1096405 -3.1581664
-2.4852982 -2.1789649
-2.5754364 -3.8058467
-0.5722149 -3.5353065
-2.0402112 -3.1453984
-2.7829194 -3.8152118
-2.6621652 -2.681728
-2.2145216 -3.4977717
-3.034051 -2.5298705
-1.2040838 -3.8351345
-3.58096 -2.7858617
-3.2329707 -2.564693
-3.0293484 -2.728661
-2.6185653 -2.413978
-3.0077178 -4.444906
-1.7466564 -2.6643295
-3.8190851 -3.8482676
-2.3709521 -3.723981
-3.8632119 -2.825041
-2.6914926 -2.618157
-2.8095877 -2.3437772
-2.8220723 -2.6036713
-1.6438541 -3.2274113
-2.4433718 -3.0139294
-2.9894917 -3.8725352
-3.7258873 -2.5534785
-1.8568345 -3.594311
-2.4593656 -1.7197126
-3.6794717 -1.7557547
-4.782599 -2.3998828
-1.2644273 -3.8282082
-2.5061707 -2.3924963
-0.9069856 -3.561767
-2.4488766 -2.4560678
-3.1743665 -1.1619751
-3.200095 -1.7161411
-3.9599898 -2.0598507
-2.7895231 -3.692927
-2.1540933 -2.9345448
-2.9912705 -3.9717453
-4.1629663 -1.9189093
-1.32395 -2.5417786
-1.8914081 -3.5152464
-2.3555722 -3.0187938
-2.9971826 -1.6542616
-3.7385938 -1.9053549
-3.3269894 -3.4984841
-3.0011625 -1.9239074
-1.2938582 -3.8552167
-3.2923317 -4.0397973
-3.0800261 -1.8130342
-4.492604 -2.551573
-2.0303426 -3.0935347
-1.1510438 -3.487498
-2.3572922 -3.2850378
-3.0253372 -2.3395264
-2.6562696 -3.8012054
-2.7621558 -3.1380074
-3.4990165 -2.8974526
-2.8179803 -2.4046614
-3.1248379 -1.7434356
-3.1198459 -2.4037554
-1.4610616 -4.5689692
-3.0517874 -1.1743433
-1.7263228 -2.8416958
-3.3597445 -2.862528
-4.045636 -3.161387
-3.520797 -2.7307823
-1.0074698 -2.4144373
-2.6827006 -2.4838037
-3.7588503 -3.0862074
-2.9789648 -3.0816717
-3.858221 -3.3161738
-2.3130789 -3.013374
-2.3535898 -3.042106
-3.3543367 -2.8431213
-2.7853315 -3.3327565
-2.7785974 -2.794779
-2.598329 -2.4977565
-3.6526947 -1.7684003
-2.5635235 -1.9448907
-1.9481431 -2.8006105
-2.2787752 -3.4308138
-3.0623257 -2.6490648
-3.2117016 -1.7094734
-2.1217308 -2.3308947
-3.0496714 -2.7551434
-2.119074 -4.6346145
-3.310546 -2.5036542
-2.1793907 -1.8883332
-1.6601332 -2.6504805
-1.2354214 -2.8613417
-2.6969302 -3.873731
-3.7285187 -1.5421904
-2.7562006 -3.6935022
-3.0264616 -0.53233373
-1.8483528 -2.7717109
-3.0446382 -3.1711206
-1.2789187 -3.873982
-2.3231037 -3.2444084
-4.0205474 -1.9516292
-1.4513237 -2.069062
-3.9278562 -2.4767072
-3.3902369 -1.8602226
-3.60862 -2.0509887
-1.5826383 -3.2991583
-2.1903503 -3.879601
-2.585421 -3.106212
-3.5128663 -2.1057584
-1.8438581 -2.1051114
-3.1429245 -3.051886
-2.4015954 -2.461684
-3.4592886 -2.5629165
-2.639264 -1.5441422
-2.311592 -2.5455394
-2.3634768 -3.0398989
-1.5621649 -1.9655426
-3.6842732 -2.0886936
-2.45425 -2.1291704
-3.363282 -2.9645908
-3.6053028 -3.218698
-2.4690435 -2.7339954
-2.6818597 -2.6015863
-2.9845052 -3.2488697
-2.310389 -3.1505263
-2.4797788 -2.7307909
-3.9168146 -1.6468028
-2.5263557 -3.990447
-3.3316584 -1.2496238
-3.0720224 -2.0103724
-3.062005 -2.015738
-1.4973598 -2.755467
-3.5060575 -2.8947434
-3.7357857 -2.4507592
-1.0363257 -3.093102
-3.290541 -2.2315745
-4.370611 -1.6904767
-2.8812072 -1.3130728
-2.5588834 -3.3265007
-3.5408864 -3.5742328
-2.352747 -2.8461037
-2.4089363 -3.367738
-3.6123183 -2.5384264
-3.5068936 -1.9317871
-2.431108 -4.711143
-3.2834198 -2.5361178
-3.2341733 -2.8779604
-1.2506573 -4.297293
-2.5512228 -2.167361
-2.8880572 -3.0466187
-3.0597596 -2.1980655
-1.9806199 -3.1278431
-2.4630392 -2.5876772
-3.6573212 -1.5725235
-3.3140304 -1.8363507
-1.937105 -2.5510974
-3.0305169 -1.8939952
-2.6706395 -3.5194917
-3.2102842 -2.8173506
-2.277536 -1.4436088
-3.5844803 -4.0052323
-1.5157214 -3.487232
-3.0054607 -2.3834918
-3.414532 -2.516322
-3.2502267 -2.1882238
-2.6972442 -2.796641
-2.312367 -4.4553766
-1.0056655 -2.6471019
-2.5290399 -2.1101434
-3.3956327 -1.2909145
-2.0223732 -2.2010632
-1.7770623 -2.8875616
-3.0687957 -4.072313
-2.0141306 -4.0747466
-3.5906155 -2.4703388
-3.4123502 -2.345662
-1.4857285 -3.9532404
-2.8815098 -4.2026243
-3.7627842 -2.1287014
-3.2802906 -2.183617
-3.0653617 -1.6191232
-2.5268147 -3.6751537
-3.5819178 -2.5886197
-3.360838 -2.8625066
-2.46272 -2.68323
-2.5258358 -1.8850774
-0.7132478 -3.3240795
-1.7420933 -2.0007288
-1.6397123 -2.4766748
-1.8063136 -3.027451
-3.314796 -2.2519588
-3.3608537 -2.4118207
-0.31783053 -2.4297843
-1.3742656 -2.2900772
-3.4074266 -2.75649
-1.1278901 -3.7153773
-0.6088767 -3.0952542
-3.4959998 -3.3795235
-4.1500435 -1.8230507
-2.7358649 -2.7843964
-3.72807 -2.0367978
-2.973075 -3.4260092
-2.971819 -4.2153897
-2.579965 -2.1762133
-2.4408877 -2.5639143
-2.94113 -1.9035144
-2.84026 -1.8747301
-1.5723013 -3.7914534
-2.2705028 -3.7152028
-4.226724 -5.392799
-2.5552301 -2.19867
-2.5599403 -3.4735558
-3.493587 -4.5352426
-2.3495557 -1.0583022
-2.6952925 -2.9447703
-2.9396179 -2.7148454
-2.8782842 -2.6734033
-1.3102348 -3.180161
-2.363889 -3.8399737
-3.0371575 -1.2959065
-3.757072 -2.8513134
-3.3142624 -2.9334652
-1.8126248 -2.6713803
-2.1763265 -3.308503
-2.619231 -3.0158398
-2.0500038 -2.9609287
-1.5018665 -3.9329808
-0.9435235 -4.338301
-2.3229532 -1.5876607
-3.0901551 -2.9181135
-3.317845 -2.683683
-1.6119686 -3.1330543
-2.7359111 -2.617775
-2.1260738 -4.2188478
-1.966881 -2.260498
-2.1243641 -2.9586241
-3.1136284 -2.7328076
-3.9933827 -3.50626
-4.0379295 -3.5260086
-1.3453181 -4.326622
-2.6160314 -2.3332202
-2.5745368 -2.1925807
-2.6102595 -3.771346
-2.4086723 -3.7867265
-2.288958 -2.4847972
-3.0166855 -2.6667101
-2.3626833 -2.595762
-2.025217 -4.2480774
-3.0809333 -4.0549893
-2.075972 -2.9571025
-0.35016567 -3.4585137
-2.2309353 -3.0230818
-2.7636187 -2.0725908
-2.4520757 -3.0183878
-2.4652147 -3.072014
-3.4763005 -1.6335783
-3.2637596 -1.9422268
-0.68740195 -3.5715325
-4.096943 -2.2117805
-2.9462075 -2.979729
-1.9595821 -3.2922158
-3.2378297 -2.4211671
-2.353364 -1.7850791
-2.2953262 -1.8831232
-2.5571635 -2.5321825
-2.5558195 -2.5361607
-1.7744672 -3.2941449
-2.745098 -2.7820556
-2.1987553 -3.5207891
-2.9342859 -2.4182584
-3.3843522 -2.2321754
-3.4445848 -3.1060095
-0.95060754 -3.971981
-1.747896 -2.0999722
-2.5848777 -3.693163
-3.1391594 -2.405912
-3.7735968 -2.6534812
-3.012304 -2.75228
-3.7272933 -1.7058438
-3.1110334 -1.8651452
-1.5053724 -4.4795556
-2.7800047 -3.6823099
-1.5477098 -3.2132766
-2.2190187 -3.3700242
-1.931492 -3.9240155
-2.1756618 -1.8898916
-1.4751998 -3.2277143
-2.2196922 -1.9457977
-2.1608698 -3.2970004
-1.2575953 -3.960136
-3.3106458 -2.7557225
-1.8263533 -4.3036275
-2.4067566 -2.7271354
-1.28133 -2.8718345
-2.7711008 -2.7820828
-2.5547104 -2.710919
-1.8606901 -2.6316266
-1.6176748 -4.70848
-2.345943 -1.9536622
-3.2882028 -2.9937894
-1.5436957 -4.1711044
-3.1263626 -2.0151587
-1.7871627 -2.794662
-3.091893 -3.9941003
-3.5969398 -0.9446659
-3.293353 -2.953618
-2.2620463 -3.3334892
-3.2803144 -3.872403
-2.6400836 -4.2017274
-1.6683508 -3.404861
-2.0855477 -3.126994
-2.5515954 -2.3815928
-3.6524923 -2.780523
-2.3252451 -2.6074517
-0.65669733 -3.5179675
-5.268856 -1.8943864
-2.929572 -2.3049514
-3.2105374 -2.6637368
-3.2788782 -2.5316465
-2.8941903 -2.0028696
-3.1163366 -1.5388077
-0.9638382 -3.7773876
-2.1402946 -2.390677
-3.353307 -0.63306487
-1.8131883 -2.3269067
-4.656816 -3.2805245
-2.5548828 -3.3125877
-2.6972997 -3.4133337
-1.3945221 -4.210416
-2.1622598 -2.86501
-3.0992088 -2.9809704
-3.1886957 -1.7442586
-2.1723788 -2.8625069
-4.40228 -3.1422799
-2.3704786 -3.2787468
-2.9501185 -2.456462
-2.90693 -3.7295535
-2.1302023 -3.482135
-3.6225858 -1.5109462
-2.3157084 -1.579134
-3.0840435 -2.4174154
-2.467275 -2.3852677
-1.3979726 -1.5675828
-1.534718 -2.525207
-3.893986 -1.9749744
-1.6500671 -3.2865703
-3.2683172 -2.9779348
-3.0192811 -2.7053816
-2.2262993 -3.6908538
-2.6969488 -3.3591266
-3.7805953 -1.9472835
-2.5983078 -4.302558
-3.3777146 -3.0574527
-4.4798117 -2.289875
-1.3108908 -3.432441
-3.5182507 -2.0188084
-2.9289558 -2.0304923
-1.344794 -1.922087
-0.5419547 -4.2352753
-3.878791 -2.043031
-2.275848 -3.3528068
-1.4138036 -2.236984
-3.1845386 -1.4211506
-2.1195831 -1.6789114
-2.3567913 -2.3847823
-2.3918908 -3.9427881
-2.4746754 -3.6214497
-2.5205877 -3.0458279
-1.0618068 -2.75529
-0.79696137 -2.9106066
-3.0264661 -1.2451296
-2.5466843 -2.6534512
-2.3796215 -3.6978085
-2.3082826 -2.5320628
-2.3621647 -2.916612
-3.0140777 -3.6871178
-3.2610228 -2.0400758
-2.9126024 -2.0457091
-3.833467 -2.737291
-1.0994012 -4.980129
-2.7387931 -3.3353558
-3.0573034 -2.3649302
-1.6101359 -3.2738564
-2.3798096 -2.856081
-2.884237 -1.282174
-2.2346795 -3.064486
-1.9561666 -4.35281
-2.4127767 -3.730534
-2.4325523 -4.951902
-2.700343 -2.060083
-3.574814 -2.8312774
-3.2718492 -2.2729168
-0.39417788 -2.804712
-2.253739 -3.7304106
-3.0862246 -2.605291
-3.466364 -1.9792434
-3.3138182 -2.5453112
-0.7347546 -2.1911538
-1.9080535 -3.539122
-3.017948 -2.9190238
-2.1334321 -3.5446858
-2.3111975 -3.277372
-1.0817941 -2.372164
-2.0082457 -3.9040504
-3.7670743 -1.4426956
-1.2073739 -3.9241586
-3.150846 -2.097194
-2.7064378 -2.2282927
-3.632527 -3.1257658
-3.5709343 -4.487035
-2.0962856 -2.4132206
-0.8804514 -4.19187
-3.2708247 -2.6917856
-3.2523842 -2.0222068
-3.0977712 -2.7184272
-3.0178728 -1.9923598
-2.7388186 -2.610253
-1.941477 -3.4239938
-2.6201289 -2.61664
-2.4022171 -2.652742
-2.0893922 -3.458315
-2.2300065 -3.7849576
-1.4858357 -3.8901682
-1.0792903 -3.964004
-3.258339 -2.1273668
-1.076438 -3.3918512
-3.2569666 -2.4812415
-2.061639 -3.344749
-2.9346347 -1.8266319
-2.2555566 -3.4142947
-2.5341332 -1.6146
-3.025424 -1.375819
-3.2484586 -3.154138
-2.7185435 -3.4354486
-1.986866 -3.4833739
-3.6626017 -1.5724766
-2.3504238 -2.832452
-2.6017466 -2.5239558
-2.827222 -3.087697
-3.2191179 -2.1025846
-3.436156 -3.1158912
-1.8985395 -2.3840473
-2.2136123 -2.3677127
-1.7821491 -4.1039977
-1.415828 -3.218509
-2.28667 -2.119441
-1.9688798 -4.983592
-2.3681655 -3.5248966
-1.421136 -4.1741967
-1.8446715 -4.155971
-3.0765598 -2.103569
-2.6539676 -3.154965
-2.259748 -2.2666914
-2.2398615 -3.2651992
-2.7096984 -2.9187493
-3.0872445 -2.5341716
-1.4273866 -3.169131
-1.4924128 -2.7887342
-3.0108242 -2.9200203
-2.0268734 -1.3297284
-2.8127797 -2.3877094
-4.171918 -2.8033028
-2.761595 -3.2449548
-2.1714365 -2.0389936
-3.8710294 -4.732104
-2.6087604 -3.3478105
-2.386107 -2.47506
-2.566187 -2.9352474
-1.9850483 -3.6670673
-1.9224323 -3.7624676
-4.098737 -1.9684154
-1.8945295 -1.7206343
-1.9431859 -3.6994343
-2.583524 -2.8801277
-2.3463962 -2.3213868
-2.02894 -1.3237543
