-2.5523772 -1.4827596
-1.1415678 -2.6555235
-1.6258854 -1.6794068
-1.4813601 -1.2218229
-1.0103292 -1.7475208
-2.2442708 -2.194003
-1.6707156 -2.687717
-1.5561078 -2.006968
-1.896637 -1.8989494
-0.78543943 -2.5150094
-0.49775326 -2.1288507
-2.4328191 -1.0839859
-1.0665461 -2.95549
-1.6591302 -2.797365
-3.1695342 -1.6081508
-2.7331252 -1.4297873
-1.5760844 -1.9825616
-0.671636 -3.7011218
-2.3270545 -1.9525748
-0.9139878 -2.1363444
-1.5720917 -3.1307292
-2.6595192 -1.9862012
-1.3177638 -2.8820608
-0.83760965 -3.5010161
-3.404991 -2.555238
-1.4248595 -1.9566982
-3.2322054 -1.6037519
-0.9574274 -1.6403824
-2.9690454 -1.2647341
-2.5348058 -2.198203
-2.9208126 -2.4342568
-1.3915671 -2.3781543
-0.5069765 -4.1648774
-2.0856726 -1.0734503
-1.2460129 -1.5213863
-1.0850968 -1.4553978
-1.5348692 -5.268393
-3.470025 -2.0395105
-3.0748322 -2.7391858
-3.354051 -1.8259337
-2.757529 -1.4275172
-0.5588983 -1.5461866
-1.7305545 -1.1203536
-3.2607765 -3.133292
-2.836119 -1.040575
-2.4614615 -1.649312
-2.686446 -1.931121
-2.6891656 -2.7536676
-3.333011 -1.3078938
-2.6537216 -2.2287278
-1.9933164 -2.375416
-2.0024722 -2.1916895
-0.8166332 -2.7359567
-0.9362356 -2.1934934
-2.2082238 -1.5168128
-1.4866601 -4.0784173
-1.130771 -2.6331747
-3.1048267 -1.9104477
-2.4062011 -1.287378
-2.2102184 -1.6847042
-2.6716342 -1.5804143
-3.4331107 -1.9156001
-3.1967387 -2.922405
-3.6491039 -1.997673
-1.2555735 -1.9305446
-1.7448287 -1.4979702
-1.3678644 -2.7761738
-2.73988 -1.9373481
-2.1094918 -1.4618465
-0.29083782 -4.615255
-1.644671 -1.6450841
-1.8326861 -4.1046414
-1.6840935 -2.9512253
-3.2379322 -1.6254742
-2.5641947 -2.0231864
-2.3238704 -1.7554479
-1.7399228 -2.1113029
-2.9243073 -3.1199815
-1.5741692 -1.4516346
-1.6881703 -1.7105637
-1.39022 -1.8659493
-2.673354 -1.7337729
-0.74029577 -3.4496155
-2.2890692 -2.0655906
-1.9319037 -1.9298089
-1.3616228 -1.6554642
-1.3784837 -1.7908037
-3.0382442 -0.78564
-3.5396905 -2.2956982
-1.2522341 -2.668603
-1.5128881 -2.4488773
-0.736048 -2.2093146
-0.9419036 -1.8460541
-1.8896886 -3.0015478
-2.3740427 -2.4291272
-3.7241914 -2.8108315
-1.7542772 -3.5218232
-3.6361783 -2.204196
-0.8373092 -1.611935
-2.8318558 -1.493971
-2.1221786 -2.6881208
-2.4555862 -1.6765398
-2.8092191 -0.90290546
-2.2333958 -1.871921
-3.4244325 -1.2589502
-3.5975697 -3.5851288
-2.8498228 -1.6230128
-1.0040884 -2.161476
-0.2058466 -1.505012
-1.7831041 -1.0293118
-2.9812837 -2.8105032
-1.5056806 -1.9357514
-1.2461778 -1.9879662
-3.285133 -1.3662926
-3.1043723 -2.0773356
-1.8954855 -2.4669511
-2.228697 -2.1870046
-2.468824 -2.3129854
-1.2711488 -2.305324
-2.6011722 -3.3079123
-2.591052 -1.9825373
-0.3435368 -2.2380033
-2.825399 -1.5321966
-1.1920916 -2.0986712
-0.3180638 -1.9680518
-2.0816574 -1.5191579
-0.44473028 -1.4242284
-3.3762155 -2.4409344
-0.9000456 -1.9494
-1.2907461 -1.7340614
-1.5600122 -1.3389089
-1.1759062 -3.122658
-2.9590433 -1.1497474
-1.5458821 -2.6570938
-1.7394804 -1.5995872
-1.1579784 -2.2804582
-1.9925538 -3.0972562
-3.7473683 -2.2733223
-1.708287 -2.194541
-1.2169853 -2.7697303
-0.9731366 -1.8372068
-2.618992 -2.4187496
-2.6448748 -2.2479498
-2.1938448 -1.3675938
-0.66138405 -1.500929
-1.4130844 -3.6189644
-3.7840652 -3.9727533
-1.9213065 -2.5829504
-1.7850462 -2.2722738
-1.6118385 -2.381112
-2.0482862 -1.4887753
-0.5060762 -2.0028658
-2.9141157 -1.480095
-0.61826956 -0.9830811
-1.5253965 -2.1812062
-1.6176752 -2.30021
-1.5095264 -1.8733566
-2.8052967 -0.95051646
-3.0309215 -0.9433396
-1.7834258 -1.2419521
-0.4365934 -4.0590816
-3.2733557 -1.7379489
-1.4762456 -2.4249625
-2.8989704 -3.0343094
-3.0685303 -2.1322448
-0.43278426 -2.6771984
-2.9722064 -1.9074745
-3.625194 -1.550577
-1.5309525 -1.9907104
0.09516223 -3.1846025
-2.5468225 -1.7742068
-1.7576131 -2.3861039
-1.5475545 -1.5620812
-1.8505024 -2.335882
-2.3885548 -1.4524591
-3.515517 -1.782442
-1.281609 -2.638763
-3.0918853 -1.2224926
-2.1019177 -2.449181
-1.7890018 -1.2231436
-1.9016331 -1.4726053
-2.2722082 -1.7790955
-2.9167068 -2.473345
-0.21564785 -1.5312735
-0.9324682 -2.7088468
-3.5236573 -1.4810593
-2.0098524 -1.5102156
-3.2537484 -2.7237098
-2.856056 -2.4163997
-1.1005347 -2.380663
-2.2644005 -3.550615
-2.206135 -2.9770355
-3.1867025 -2.5462167
-2.6531606 -1.5693223
-2.1739635 -2.1942337
-2.643633 -1.5882778
-3.868117 -1.9472378
-2.8519952 -1.5543375
-1.0798646 -3.625685
-3.0994184 -1.717631
-1.4511188 -1.4095837
-0.88355607 -1.3701347
-1.6344159 -1.1195129
-2.8225267 -2.5756705
-1.5948244 -2.6023421
-0.31883135 -2.6048899
-2.7224598 -0.96258044
-0.97171116 -2.3220198
-2.3485122 -3.6883957
0.012981489 -1.9346014
-1.3813531 -2.6446638
-2.7840607 -2.4560883
-1.7676218 -4.115959
-1.8189951 -3.6823766
-2.2379212 -2.9676778
-3.215218 -2.0682852
-0.40666008 -2.1903858
-3.2140157 -1.5099188
-2.1123636 -3.263019
-2.3371086 -1.9393426
-3.718953 -1.3611887
-0.603954 -3.497391
-0.63780415 -2.1689065
-1.5254167 -2.7120535
-2.738871 -1.9392748
-0.84943616 -2.0158534
-3.700061 -1.6628438
-0.91291165 -2.1277094
-0.36552083 -2.3483574
-1.8992985 -1.5335503
-2.1333842 -0.7919271
-2.3085916 -1.9137855
-1.3521476 -1.5684785
-3.217815 -1.2876321
-1.7591472 -2.8062282
-1.007737 -2.4709249
-1.8645829 -2.284759
-1.5541466 -2.1107128
-0.8126444 -2.6004436
-2.316106 -0.39000028
-3.4185147 -1.8279996
-3.6719935 -3.4792094
-2.8762698 -2.4348538
-2.0504198 -2.3911543
-1.7700291 -4.414805
-3.053127 -1.8298682
-2.9104996 -3.6077693
-1.2836545 -1.8085147
-0.80503154 -1.785799
-2.8937538 -2.6356153
-3.1186373 -2.6979172
-3.3072796 -1.1605616
-3.1670442 -1.6762309
-3.2551126 -2.3080292
-2.683882 -1.7845094
-2.3591697 -2.2354996
-3.274982 -1.6954683
-1.7779952 -1.3524338
-3.3387277 -2.1639457
-1.4725606 -4.030348
-3.3769872 -1.5346249
-1.7458146 -2.4596813
-1.7871804 -1.2340283
-1.4022158 -2.015755
-1.9757868 -1.6971157
-2.8081193 -1.8280402
-1.2859026 -2.604383
-1.6854892 -2.1233997
-1.125114 -3.5900426
-3.059692 -2.6606808
-2.1097412 -1.5132136
-1.5683776 -2.5125163
-1.654784 -1.1561713
-2.3823571 -3.6414764
-2.7874808 -3.1572566
-2.9700596 -2.3872654
-1.9280576 -2.529387
-0.9700115 -1.9155539
-3.1800318 -2.3077188
-2.2236583 -3.0392184
-1.8799055 -2.6969478
-0.8124994 -1.239606
-1.683845 -0.73824394
-0.56305236 -3.384438
-1.7387313 -0.5063845
-1.3706816 -2.7069902
-3.1043599 -2.3815172
-2.5147636 -3.8356707
-2.7069569 -0.6261753
-0.71985304 -0.8989146
-2.0836015 -2.1105986
-1.7637103 -1.0213087
-2.6370718 -2.0177667
-3.5469134 -3.0607772
-2.550595 -1.3137305
-3.1273744 -1.5622444
-1.9474479 -1.5638919
-1.2373775 -4.2088017
-1.7037082 -3.100301
-1.3312801 -1.863634
-2.4423807 -3.7270274
-1.3658824 -1.2183824
-2.232066 -3.7673805
-2.1294894 -2.9264047
-2.761886 -2.3616266
-1.6946483 -1.3927052
-2.7473357 -2.2540185
-0.85106564 -3.025988
-1.787488 -3.4634128
-2.2449543 -1.078179
-2.434175 -2.1886275
-0.6856901 -2.2003608
-1.2705674 -2.1542833
-1.4635043 -3.2398255
-3.5597935 -2.4664588
-2.485994 -2.4538856
-1.7766479 -1.4524274
-2.3506145 -1.9057026
-2.1560204 -2.132271
-2.8380282 -2.8843439
-2.6284945 -2.3864622
-0.579569 -2.8639438
-0.8576235 -1.8267744
-1.6837817 -2.1674685
-1.6361597 -1.8453201
-0.86251634 -3.8648615
-1.9716938 -1.1272423
-2.0041668 -1.8455338
-3.5495095 -2.2040608
-2.5315745 -1.7983016
-1.9873617 -2.8422678
-2.189674 -3.3944798
-2.187748 -1.7112476
-0.857241 -4.26921
-2.8063216 -1.955117
-2.6647835 -1.2747759
-2.086413 -1.2746134
-3.2112942 -2.3926687
-3.412056 -2.453267
-3.0420809 -2.385264
-1.1832819 -2.860104
-1.7568934 -2.0477936
-2.5457523 -1.6910987
-3.408303 -1.8933338
-1.1840429 -1.602894
0.15568782 -2.4732237
-2.1749387 -2.0775952
-3.480456 -2.4104464
-2.111494 -1.1957179
-1.6944511 -3.458839
-1.5589523 -3.4635546
-1.1572264 -4.4659753
-1.2871928 -1.601445
-3.4242377 -2.9019017
-0.29824203 -3.3382964
-2.6472213 -2.2983928
-1.8452345 -2.2262669
-1.3048543 -2.190829
-2.4638176 -2.2649236
0.56058216 -3.5981548
-1.3574336 -2.0431025
-2.1526506 -1.5412531
-2.259949 -1.851143
-0.65335476 -2.9310594
-2.3381793 -1.8946257
-2.585581 -1.6853695
-1.4384875 -2.110579
-2.6011312 -3.2696793
-1.0948368 -2.028084
-2.5636387 -1.9620358
-2.2937975 -1.8603973
-0.7235535 -1.1620666
-2.4385855 -2.858872
-2.323527 -2.3228843
-3.9383917 -2.293701
-2.4957352 -1.5895212
-2.501745 -1.8936872
-2.5632873 -2.1151824
-0.4388709 -3.2067518
-2.7155483 -3.1121864
-0.60898036 -3.9504452
-1.1039182 -4.656335
-0.91360176 -2.4582436
-2.1605537 -1.6835185
-2.6706233 -2.3608856
-5.166724 -4.0617623
-1.546591 -2.263476
-1.2031835 -4.1068306
-1.5278724 -2.2995389
-1.1822677 -2.558157
-1.7607329 -2.5781107
-1.8140036 -1.8158559
-1.3667337 -2.0198853
-3.94178 -2.6550255
-1.3298727 -1.5886246
-3.1303294 -1.9461342
-0.66851425 -2.8098352
-1.4598782 -2.8663054
-3.4426508 -2.736104
-3.8522694 -2.5644846
-1.3363677 -1.3660054
-3.3198614 -2.3601987
-3.3556595 -2.40336
-1.5089618 -2.4984195
-3.103143 -3.0867577
-1.2067761 -1.5244502
-2.3698425 -1.9691528
-3.9080648 -2.6860745
-1.1302012 -3.629857
-2.6075518 -1.283563
-2.1721077 -1.1121638
-1.9230736 -2.415274
-2.3034284 -2.2763884
-2.6726665 -1.8551143
-3.0579724 -2.5280583
-3.269444 -2.7214787
-2.681491 -1.5617452
-3.639988 -2.5672226
-2.1137807 -1.7646409
-3.34276 -1.6494058
-0.99650013 -3.872794
-3.3865688 -2.7479267
-1.688293 -2.1357508
-1.1301686 -3.4432504
-1.1451789 -0.7129269
-2.069603 -2.6188948
-0.6166854 -1.4073
-0.5637021 -0.9699917
-1.4047377 -2.8870351
-0.7840965 -3.9294307
-2.7039263 -3.8211288
-3.407342 -2.6211376
-2.3207743 -2.1100917
-3.27826 -2.8693402
0.22816892 -3.9197385
-1.4264106 -2.0949025
-1.4495367 -3.0905082
-0.20678875 -2.675073
-2.540155 -1.4007121
-1.3947065 -2.3328314
-1.3061107 -3.1168041
-1.7524183 -1.7065763
-1.2649812 -1.1167209
-1.7925427 -2.3904266
-0.7699204 -3.0459979
-2.0232167 -1.4731995
-1.9396279 -1.9068484
-0.78355795 -1.2333447
-2.5344965 -0.98724806
-3.1809893 -1.8253486
-2.6380231 -2.2813864
-1.2580421 -1.563549
-2.022788 -0.69948137
-2.516729 -1.6639582
-2.2083335 -1.7853341
-3.3786569 -2.5196126
-3.0616791 -1.9015726
-3.2540972 -2.7957745
-3.4065082 -2.0853262
-1.0883893 -3.1006467
-1.8553035 -1.7374586
-3.563897 -1.2235594
-3.49609 -1.8743699
-3.128462 -2.7485766
-3.0188453 -1.7713659
-3.9077504 -4.197874
-1.9649382 -3.3184032
-1.7118013 -2.3510218
-1.5635619 -2.3452995
-0.841386 -2.9937367
-3.3219087 -2.397703
-1.7248089 -1.933526
-3.6501005 -2.4352162
-1.2795266 -1.706349
-0.22648528 -3.325127
-3.125434 -1.9758114
-0.5667436 -4.614683
-0.7952587 -3.4275768
-3.15659 -1.8436946
-1.0357171 -3.0935595
-1.9669192 -2.5935082
-2.274436 -1.6228861
-1.6936237 -1.0796353
-0.92485994 -4.0942965
-2.431422 -2.1084805
-1.4434625 -1.7368022
-1.0175518 -3.1879141
-3.0269475 -1.6233793
-3.0343993 -1.5932981
-0.8049974 -2.815102
-1.3908627 -3.2445652
-2.5664291 -1.8375728
-3.8482032 -2.6030312
-2.965376 -2.0189896
-1.4567319 -1.7325015
-2.074527 -2.1764233
-3.0421524 -2.3447983
-2.8447406 -1.209386
-2.5480292 -0.94651437
-1.2834332 -3.4188097
-0.7749842 -2.823133
-2.9233737 -3.8909984
-2.1469362 -1.7329537
-2.0340343 -1.319147
-0.91317254 -3.6094391
-0.9710721 -2.3906813
-1.4379227 -2.3550608
-1.1312711 -2.2684345
-1.4578296 -3.4592714
-1.235259 -1.1224873
-2.4395561 -1.1554728
-1.4561795 -2.0111597
-2.9071672 -1.4499539
-2.842804 -1.9237895
-1.3497969 -2.260083
-1.2837988 -2.683023
-1.3697864 -2.5933714
-2.892882 -4.1677403
-3.2008514 -1.8512124
-2.1152117 -0.81229055
-2.074269 -1.3426331
-2.9688056 -3.9590783
-2.4875758 -3.2260432
-1.9254967 -1.5946743
-1.2947708 -3.95278
-1.3471936 -1.3162724
-2.515334 -1.7715108
-1.4863706 -1.4491915
-1.1294951 -3.0015588
-2.244673 -2.1287887
-0.9991107 -3.6949193
-2.067223 -2.994347
-3.104283 -1.9250482
-3.0368803 -2.0527396
-1.2331288 -1.469395
-2.073476 -1.635509
-2.8034406 -1.6108791
-1.4522216 -1.7546216
-2.1708379 -2.5633109
-0.77315676 -0.91975486
-2.0391989 -1.6920993
-0.7024718 -1.788587
-1.6576374 -3.294484
-2.980932 -2.2042449
-2.0777802 -1.2969155
-0.625009 -1.9857367
-3.3598778 -1.9289052
-2.2012596 -1.1468478
-1.7809722 -1.4345617
-0.9625126 -1.8703095
-2.1503575 -2.3079638
-2.6070497 -1.8934149
-0.15082651 -2.9657063
-2.167584 -1.4438834
-1.3604453 -1.1098856
-1.3081635 -2.2107813
-0.58159095 -3.0926425
-2.004716 -1.0214274
-2.0909057 -1.5421382
-1.0397384 -2.2323413
-1.5841824 -1.561423
-2.548219 -1.7440535
-1.4812775 -1.388266
-2.8272376 -3.1601999
-2.278628 -2.4956014
-2.1664581 -2.985323
-2.3679695 -2.7138438
-2.1441748 -1.038295
-1.3434504 -2.7787004
-1.7768492 -2.529898
-1.859683 -1.7803093
-1.2190751 -1.440054
-3.0506368 -1.9267079
-1.1028757 -2.1141698
-2.103234 -1.763018
-2.2905362 -1.9333448
-1.4626969 -1.9040906
-1.5731452 -2.1886327
-1.9322016 -2.1732829
-1.9182588 -2.8148303
-1.8380113 -1.8591582
-1.173603 -2.0361042
-3.563666 -2.1379972
-3.5282722 -3.0713108
-1.9668921 -2.2119749
-3.0703762 -1.941249
-2.1928463 -2.7492418
-1.1691663 -1.65307
-1.5139315 -5.372893
-2.4073691 -1.8299161
-3.1870887 -1.9201068
-0.8450984 -2.2941294
-2.374696 -3.7870784
-2.050358 -1.2668475
-1.7626011 -1.6371194
-1.8338894 -1.4589912
-0.7772749 -3.1372178
-1.4225771 -2.261605
-2.920277 -2.659303
-1.9767392 -1.8240097
-1.0850564 -1.9720877
-1.7246528 -2.640761
-2.615738 -2.1695778
0.13991804 -2.239784
-0.2988829 -1.6250327
-2.1658897 -2.4710116
-3.0965672 -3.0762951
-0.42994502 -2.864262
-2.3058343 -1.0252633
-2.5424845 -2.8848488
-1.9383256 -1.6176729
-3.1524394 -2.0304759
-1.3916426 -2.9651608
-1.7430032 -2.6116438
-3.117695 -2.5088773
-1.6184504 -3.0713017
-2.0673563 -1.4936163
-0.11178237 -2.8096488
-1.3340976 -2.909565
-1.8966619 -2.7042155
-1.4583269 -2.1938982
-1.4827595 -2.005937
-2.5574296 -0.82805693
-1.9756671 -2.8505566
-0.74029016 -1.6992046
-2.630366 -2.2942624
-3.2784524 -1.6284565
-2.2095983 -0.99432206
-2.8557954 -1.3620956
-1.2792672 -2.9203227
-0.59663224 -3.4894135
-1.435979 -1.7669084
-2.1425653 -1.2931082
-1.2406564 -2.216981
-1.7585284 -2.1200416
-1.1346207 -2.4839544
-2.6410582 -1.3645232
-3.2586348 -1.9098519
-1.3721583 -1.9035256
-2.1990337 -1.9594549
-2.705791 -1.8647096
-3.1294632 -2.206474
-2.2441628 -1.6455954
-3.9427347 -2.2860353
-3.105239 -2.2953537
-3.6044977 -2.8505428
0.063231006 -4.2505517
-1.9507065 -1.8684701
-1.2579235 -3.1241436
-3.6706562 -2.0521996
-1.9435993 -1.299417
-2.6694324 -2.6316028
-2.5502863 -2.4832466
-1.1293876 -2.953482
-2.2094822 -2.2518473
-2.3489313 -3.344861
-2.694815 -1.9288019
-2.0450964 -1.9026027
-1.9271742 -2.5064352
-0.46498632 -3.2364638
-1.5780598 -1.7160455
-1.4553579 -1.2780925
-0.78369474 -3.5390174
-2.4866338 -1.1072898
-2.872356 -3.1591654
-2.1730225 -3.0213494
-2.8579001 -2.0814114
-2.259159 -2.071843
-0.9667513 -1.4711065
-3.1649258 -2.4207585
-2.4032826 -2.8120816
-3.0007071 -3.2652142
-1.2503183 -1.5260313
-3.0076296 -1.5338961
-1.7238506 -1.5440655
-1.176675 -1.8545065
-2.9582539 -1.6058427
-1.419686 -2.6770258
-1.1378725 -2.276439
-0.5267477 -1.7655381
-0.7629976 -3.723609
-2.3206315 -1.7564971
-2.2543895 -2.4944413
-2.3592157 -1.3756875
-1.0638852 -1.9747376
-1.7346257 -1.9213746
-2.2757554 -2.519366
-0.73356575 -1.9358463
-1.8432362 -2.30223
-1.6064864 -1.1767813
-0.7349576 -2.477894
-2.2403927 -1.3806678
-2.3445113 -1.5412184
-3.1687167 -3.0867076
-2.8684654 -2.2945845
-3.6440647 -2.1645122
-3.5362136 -2.672639
-3.136394 -1.8368068
-2.1132865 -1.9740615
-0.84954447 -3.3362637
-1.7724603 -2.4538274
-2.3754234 -2.0161564
-3.906463 -2.256445
-2.2394161 -1.0538132
-2.1987805 -2.5109823
-1.9460171 -2.5468204
-0.91789955 -2.5761933
-1.6314151 -2.9512312
-2.1798828 -1.5316603
-1.3831512 -0.81672144
-2.1398277 -2.1013687
-3.1197662 -2.354924
-2.0106993 -3.215583
-3.3137412 -2.715485
-2.3273087 -2.6283154
-3.0592618 -1.9318998
-3.0519922 -1.339381
-2.2697966 -1.6130681
-2.6734736 -2.492416
-1.3006327 -0.7533058
-1.4406154 -3.4107525
-1.6095538 -3.223948
-2.047829 -1.5007339
-0.76292866 -2.2267742
-1.2169211 -1.8920505
-2.5160344 -1.19114
-2.2595406 -1.4637604
-0.5210315 -2.3608775
-1.5861082 -2.2999845
-3.4455266 -2.242284
-1.6131399 -2.604411
-2.5163999 -3.0826821
-0.7022719 -2.9270406
-3.2173274 -1.1300268
-0.7656935 -2.268021
-0.9000827 -2.4184146
-0.3503198 -2.7231379
-1.9049475 -1.8426251
-3.413121 -3.7739778
-1.1122369 -3.2161198
-2.1960118 -1.4927557
-2.2809894 -1.6602801
-3.2616284 -1.377985
-0.61996996 -5.654196
-2.673402 -2.8597376
-2.9003837 -1.7305839
-2.5706723 -1.6919038
-3.834991 -2.214268
-0.8795287 -2.458635
-1.3159015 -2.552267
-2.2892537 -1.591769
-1.2023776 -2.0367932
-2.1851933 -1.0839612
-3.1276758 -2.1411695
-3.172911 -2.706871
-2.1910663 -1.6775001
-1.0636775 -0.91759384
-2.8019602 -2.6514015
-3.7379744 -1.9444174
-2.863366 -1.2242385
-2.3447154 -2.5035534
-1.254677 -4.134109
-3.2563808 -2.166123
-2.6733463 -1.6327412
-0.8960264 -2.76253
-1.4049417 -2.330366
-1.8648473 -2.369132
-2.0396426 -1.3865154
-3.196493 -1.9211472
-3.0987341 -0.8966906
-1.7583123 -1.5416214
-2.4773164 -0.74272346
-1.8341353 -2.0114028
-1.195441 -1.5611285
-1.2489694 -3.4968145
-1.7184412 -3.160994
-2.3907616 -3.4354692
-3.4232244 -3.2910929
-2.2586112 -2.372551
-2.4875767 -1.5553794
-2.305406 -1.4430383
-3.0767536 -1.9398133
-1.2090056 -2.1088533
-3.0183895 -2.3763738
-0.580831 -2.1775377
-0.7530775 -3.246225
-0.21142185 -2.9131258
-0.949005 -2.99904
-3.1172538 -1.8566785
-3.299859 -1.7827345
-0.9929309 -1.9053353
-2.492938 -2.0067823
-2.8948 -2.7410264
-3.3534498 -1.759635
-3.3160043 -2.6712363
-1.6592196 -1.644305
-3.2763243 -2.5049903
-1.262497 -1.6270932
-2.6229365 -2.6157176
-1.6619022 -3.7288501
-2.0850804 -1.7767445
-3.465239 -1.4811826
-2.7425706 -3.1401691
-1.9749358 -1.5872294
-0.2859184 -3.5434139
-1.9068118 -1.7567576
-3.0305834 -1.976013
-3.9367325 -2.5553727
-2.224565 -0.3957354
-2.642873 -1.0824053
-3.6644099 -3.1768653
-2.3778992 -2.1897926
-1.6527666 -0.9957304
-1.9352037 -1.3215747
-3.584238 -2.2128148
-1.8878788 -4.0499616
-1.7516348 -0.75047815
-3.2381132 -1.3898742
-1.300844 -0.96607316
-3.3642871 -1.750692
-3.1454904 -2.1601138
-1.8140793 -1.7592218
-2.2274725 -1.8592818
-0.98405266 -2.6424675
-1.435415 -2.8826754
-1.2942107 -3.4038417
-1.4310764 -3.2916784
-1.1254319 -2.112811
-1.6748238 -4.7553663
-2.9638205 -2.5470212
-1.3067034 -2.198756
-2.3758564 -1.0998261
-3.027798 -2.3393662
-3.5798602 -1.9999669
-0.99202174 -2.8696287
-1.9551883 -1.3861794
-2.8192074 -1.3860909
-1.5980917 -2.35592
-1.2043039 -2.172647
-3.6213868 -1.9878238
-0.53983873 -3.7638671
-1.0415126 -1.821412
-1.136049 -1.1369607
-0.31941283 -3.37025
-2.1548452 -2.8441463
-3.5286388 -2.4697058
-2.777732 -1.9114872
-2.9213238 -2.3972642
-1.7986436 -3.3587945
-2.3868103 -2.3597927
-3.3883061 -2.7509727
-1.1617048 -2.2797606
0.065326765 -2.578644
-1.2725656 -2.0616145
-1.8393929 -2.8335981
-2.4438434 -2.9558737
-3.556223 -2.5977385
-1.3577676 -1.745304
-1.7948673 -2.5211594
-2.461056 -3.4895296
-3.4510405 -1.7490295
-2.8017302 -1.8498958
-3.1339948 -2.3962953
-1.9269625 -2.1308746
-1.6248417 -3.2906773
-2.0139196 -3.638249
-2.9218595 -1.7010393
-2.8523102 -2.641456
-1.0541874 -2.561658
-2.0725045 -2.8299122
-1.6275395 -1.85231
-1.1864707 -2.5942245
-2.1438804 -2.000892
-1.804365 -2.0082424
-3.0079327 -1.397773
-2.383583 -1.1150892
-2.677745 -1.6439533
-2.1329331 -1.3400903
0.4372639 -3.6380873
-2.0893323 -1.7184665
-1.3033116 -2.0206459
-2.8660154 -2.1785402
-2.7994215 -2.7739186
-2.7931464 -1.7935971
-2.714908 -1.7444906
-1.5611459 -1.8180263
-3.9579465 -2.779403
-3.2060013 -1.7033603
-0.43339276 -2.820332
-1.4529471 -3.4524689
-0.36077565 -5.4266634
-1.6745641 -2.956977
-1.8069246 -4.7114496
-1.1949352 -3.0707371
0.65443516 -3.588196
-2.3630924 -2.018736
-2.5373323 -0.8395357
-0.7724138 -2.3069413
-2.0177615 -1.6190035
-2.8285792 -1.4046156
-3.434009 -1.4360808
-2.5050619 -2.0641134
-1.5339229 -1.7487217
-0.10943812 -1.7916902
-3.4441457 -2.5031464
-1.8485852 -1.9066163
-2.191347 -2.3460681
-2.525773 -1.9606518
-1.8220576 -3.4637764
-2.0576262 -2.1846128
-2.2517164 -2.3891006
-3.6787233 -2.932294
-1.5021436 -2.7697654
-2.9245427 -2.4305537
-3.01463 -3.1239862
-3.202707 -1.6982045
-1.8683654 -0.85398257
-1.3577857 -1.2409337
-2.6392856 -2.9023836
-2.2436016 -1.1086154
-0.86350685 -1.3839514
-2.8509624 -1.6598102
-2.1040492 -2.4452033
-3.5980225 -1.742263
-2.090512 -1.8224298
-2.1708431 -1.5699636
-3.7200706 -2.1086216
-3.3332667 -2.524586
-2.2922657 -2.503297
-1.3644373 -3.304651
-2.425408 -1.6297882
-1.9527254 -4.6338105
-2.079199 -3.1489959
-3.2764244 -2.640939
-2.7592382 -1.7717465
-1.8136318 -1.3465219
-0.38563555 -1.763773
-2.2671506 -0.795586
-0.3151157 -1.3699063
-2.7777464 -1.7504735
-1.7442641 -3.082681
-2.876356 -1.8575302
-2.4966872 -2.6020677
-2.6351485 -1.3779933
-2.7975538 -3.4676793
-2.2903407 -0.9156896
-1.5639386 -3.572531
-1.4408935 -2.0544302
-1.8088286 -3.1549616
-2.5908473 -1.4433774
-3.4223316 -4.4977946
-0.9488335 -2.771516
-0.5378382 -4.425654
-2.856229 -1.5622089
-1.7233773 -0.7612231
-3.6838605 -1.7929924
-3.2066247 -3.0723493
-1.8901567 -2.1218488
-2.2313602 -4.143729
-1.4777193 -1.9018744
-0.52270746 -4.203425
-2.70887 -2.5998828
-2.1579921 -1.7837139
-2.7075088 -0.78548086
-0.6365059 -2.6129754
-3.0305848 -1.9251388
-1.3763176 -1.9802494
-2.6142328 -2.7679486
-2.1467469 -1.5900345
-2.2488487 -2.0718875
-2.8789144 -1.5726826
-0.5499301 -5.1328053
-0.47298598 -3.206801
-2.3152637 -2.1519327
-1.4432417 -2.4637814
-2.578202 -2.2948878
-0.27473736 -3.404066
-2.9743714 -2.1047628
-2.5367162 -1.4900103
-2.695539 -1.6382369
-1.884446 -1.0465742
-1.5231168 -3.4080534
-3.3877637 -1.9654349
-1.6949031 -2.3669589
-2.3569477 -3.3824358
-2.5931535 -2.4957674
-2.7155302 -2.6114976
-2.243305 -1.6237369
-3.0859852 -3.2155685
-2.49836 -0.5430182
-0.31680182 -1.5780671
-1.9419684 -2.039336
-1.7375668 -1.2056593
-2.2732668 -2.1413121
-2.4619572 -1.8756015
-2.420961 -3.3012776
-1.7887335 -2.9003143
-2.67308 -1.2279333
-0.007272452 -4.7620654
0.19259329 -3.7662065
-1.131407 -1.2413273
0.17457007 -2.2765996
-2.660667 -2.4676936
-1.3201739 -3.1969879
-1.4001168 -3.0271323
-2.560155 -3.2058222
-1.5076885 -3.4540133
-2.4164174 -2.0890348
-1.2844815 -2.451818
-0.7487921 -2.736397
-0.70858437 -2.9666865
-1.3017095 -1.3721948
-0.84052104 -1.778423
0.05512403 -3.0358334
-2.0994842 -3.8402162
-0.6337283 -3.7362993
-1.5505954 -1.5004637
-4.003879 -3.3282516
-1.1310953 -3.4077475
-0.7089387 -2.6392763
-1.5934944 -2.2375648
-2.8586502 -1.8273829
-1.3856556 -3.4336028
-0.9441501 -1.8538533
-1.4733022 -3.2890797
-3.231844 -2.3640792
-0.94613576 -2.6061904
-3.1824188 -2.2595344
-2.1433082 -1.2415078
-0.774972 -2.726753
-0.07694942 -2.8257284
-2.4967604 -2.8570075
-0.24452595 -1.6262491
-3.5667493 -2.1432967
-3.1380718 -1.7674359
-2.7008004 -2.2508233
-2.0967863 -4.8560915
-2.4643004 -1.3428483
-1.3066835 -3.6561744
-1.944129 -2.780055
-3.5570154 -2.6939654
-2.25707 -2.208025
-2.2248683 -3.7925127
-1.1739832 -1.9388511
-1.2209803 -2.3584716
-2.5777683 -1.9616281
-2.048404 -3.0682342
-2.0500228 -2.5238388
-1.2337785 -1.4883257
-0.9472844 -3.6837358
-2.0805604 -1.0019985
-1.2930578 -0.8495338
-0.4325519 -2.3221629
-1.651555 -3.3478534
-0.39206183 -2.7217014
-3.0872483 -2.0836897
-2.870692 -1.6611096
-1.5971711 -2.7134814
-2.4054003 -2.7052014
-3.8148081 -2.5897994
0.86546934 -3.5782146
-1.7171079 -2.6393545
-0.61387914 -2.9576278
-1.1621498 -2.441933
-2.2510056 -1.3129232
-0.48815122 -3.595947
0.22980575 -2.2912605
-1.1420289 -2.359244
-1.1004977 -3.898235
-1.9557419 -3.0440183
-1.3872854 -3.451191
-1.5298955 -3.2302155
-1.1019651 -2.5332026
-2.200581 -1.2706256
-3.058693 -2.5878391
-1.8311788 -2.5433183
-2.6726692 -4.4145064
-2.0566854 -2.505054
-2.169871 -2.5445628
-1.5223659 -1.1961325
-1.674871 -2.3280942
-2.790637 -1.7485722
-1.7852031 -2.587214
-1.8887907 -1.6108795
-2.2683363 -1.731963
-1.7298135 -1.8904674
-3.7722754 -2.5386295
-1.916592 -2.100518
-3.4055543 -2.6778774
-2.956765 -1.3977449
-2.1985714 -2.1272917
-3.7949934 -1.5711837
-1.962791 -3.370163
-1.2719265 -3.041813
-2.2724948 -1.3878897
-3.4103885 -2.8331923
-1.4700184 -2.725712
-0.31749266 -2.0319445
-1.9456178 -2.2880354
-2.8881724 -1.2896702
-1.8825114 -2.0762792
-2.2145724 -1.4091474
-1.0494754 -3.309993
-1.625243 -2.6838722
-1.550197 -3.3720636
-0.8641569 -1.3373934
-2.007261 -1.3063836
-3.1902843 -1.9728401
-1.7902334 -2.5439224
-1.6038446 -4.4337626
-1.793099 -1.2510254
-1.0200094 -3.6802459
-3.7446318 -3.367483
-3.375017 -2.409977
-2.293298 -1.7487848
-1.942587 -1.6752172
-1.5940834 -2.14392
-1.6018032 -1.8784385
-1.5327073 -1.808445
-2.3751755 -2.8384428
-2.003693 -1.7937168
-2.3277686 -1.6123565
-2.7469254 -1.8325701
-2.523633 -2.2692528
-2.0264485 -1.3867501
0.1245525 -3.3009021
-0.9442234 -3.3302538
-0.4837302 -2.6789367
-2.9068408 -1.6345448
-0.2919686 -3.0159056
-1.3679355 -2.2001224
-3.1404312 -1.5166343
-1.9149667 -2.24771
-1.1185642 -2.8774292
-1.538412 -1.9542075
-1.0714561 -3.0955932
-3.0765316 -1.7169777
-2.7043993 -1.4359248
-2.824696 -1.8257005
-1.987757 -3.1281552
-2.8441646 -2.0366008
-2.8216612 -2.868776
-2.5254679 -2.5047927
-2.421364 -2.0015981
-1.2442608 -1.1970338
-0.31596166 -2.4393241
-2.4743023 -3.3314044
-1.4454588 -2.4355128
-0.6872731 -2.031855
-1.965551 -2.1185813
-1.413902 -2.2218711
-2.428991 -2.564482
-2.1443684 -3.5271966
-1.8057467 -3.1634724
-0.9979772 -1.3361864
-1.4400297 -2.3984964
-2.0481958 -1.1045527
-4.2945614 -1.557435
-1.310629 -2.5164917
-1.1858592 -1.8920093
-2.2178538 -4.489495
-2.187296 -3.7195168
-1.2042899 -2.5518327
-0.36510727 -3.0537271
-2.375746 -1.5196943
-1.3893967 -3.7431357
-3.281285 -1.9003003
-0.2160396 -3.8235965
-1.3297005 -2.0997717
-3.356332 -1.6850059
-0.5841364 -4.329641
-1.9857635 -1.0781983
-3.1074083 -1.4390832
-2.8450685 -0.8763671
-2.184441 -0.70544064
-2.4857917 -3.7085583
-2.6831505 -1.2150407
-3.3462894 -2.9499924
-2.277496 -1.4075147
-1.3299632 -1.1637932
-0.98891824 -1.2749872
-0.5389085 -2.4238226
-3.1273322 -2.5719554
-2.5303009 -1.301935
-0.7469729 -3.6805918
-3.2234988 -2.1827805
-1.0905771 -4.157723
-1.7921319 -2.478323
-2.7094605 -0.6919141
-2.999578 -1.7227255
-2.2525775 -1.9218857
-2.3873687 -2.1609607
-1.3141217 -2.5169501
-2.3982577 -2.5037432
-1.2276353 -1.9533553
-1.5026255 -2.0343797
-2.2899857 -2.0718932
-0.9261352 -3.9962063
-2.2603054 -1.6543007
-1.9841938 -2.4951558
-0.7033355 -3.009776
-3.295078 -2.1155887
-1.0385079 -1.4001321
-2.590053 -3.3115144
-2.518317 -1.4160715
-2.6947725 -1.7786623
-3.17246 -1.4871054
-1.6810085 -2.5943062
-2.9347105 -1.3753636
-3.1651087 -1.6841786
-0.7610349 -2.38752
-3.166302 -3.1460814
-2.3587415 -1.1790231
-2.4035091 -2.168215
-1.2817386 -1.1178087
-0.7989382 -3.4943666
-1.2176013 -0.7001879
-3.0074575 -1.7470096
-0.92304367 -2.1795795
-0.8725407 -2.1007648
-1.2922764 -0.8901659
-1.0912216 -2.2663686
-1.6602725 -2.4259274
-1.7412733 -2.1775715
-2.2632189 -1.9632962
-1.777598 -3.8610234
-2.1870189 -2.0133321
-3.4751158 -2.5316138
-2.5982006 -1.843771
-1.2166053 -2.6648905
-2.484873 -1.0923506
-1.3401384 -1.4690075
-1.1892877 -3.109512
-1.6203516 -2.397639
0.37981915 -2.5964725
-1.1278496 -2.6735747
-3.300553 -2.3271055
-2.1010408 -2.3406336
-1.0547668 -1.5038402
-1.9336195 -0.33750665
-3.0206885 -1.6554346
-1.5090321 -2.6362097
-0.14488304 -2.7641509
-1.480448 -3.429161
-2.9560385 -2.630159
-3.6406558 -1.8011461
-1.2637825 -2.5994537
-1.5365083 -1.9405531
-0.9249826 -2.4269316
-1.4709351 -2.0941098
-3.34041 -1.9958233
-1.2036465 -1.817959
-2.1816187 -2.09121
-2.3182282 -1.6468271
-1.8405423 -3.2213254
-1.9387189 -1.7628895
-2.7511427 -2.9125242
-1.6434265 -1.2848766
-1.6009539 -2.410188
-0.17405076 -3.4579277
-1.8762368 -2.3645685
-2.186275 -0.9337747
-3.2492452 -2.255656
-2.5680192 -1.9547125
-2.2564268 -0.68713325
-2.668501 -1.3224814
-2.8510733 -1.2371286
-1.6460271 -2.3666968
-0.8232753 -1.7775981
-1.8897164 -2.5563152
-2.2773786 -2.0587904
-2.7610717 -3.729983
-3.0554175 -2.1865125
-2.9574852 -1.9491495
-1.10723 -2.7824535
-1.4485066 -2.606198
-1.1406754 -2.0908537
-1.9584373 -2.695264
-1.7703279 -3.877383
-1.2799563 -1.2944591
-1.67581 -3.8702657
-2.4370344 -2.9285111
-2.3246346 -1.5957929
-2.2631583 -4.0561213
-2.4226294 -2.5032191
-2.0037446 -2.6897779
-1.5872492 -3.0572267
-1.0786436 -0.749383
-1.9414537 -2.1246417
-0.8773928 -3.515733
-0.86344373 -2.8578951
-0.96287537 -2.7855237
-0.66770196 -1.9668411
-2.3122683 -1.3024343
-1.9399047 -2.771434
-0.8651323 -2.4705515
-1.0721725 -3.207793
-2.365507 -1.3849386
-3.070512 -2.1150258
-2.2946393 -2.514317
-3.7335112 -2.4430559
-2.2989452 -2.454211
-1.7523177 -1.8253208
-3.1935344 -1.2749071
-2.6006975 -1.8117089
-3.0476947 -2.0976667
-1.4276845 -1.9754173
-3.4513826 -0.8620602
-1.8726737 -1.4617269
-2.3565812 -3.3854663
-1.0578524 -1.3856088
-1.7995265 -1.9066391
-2.0901067 -1.4216224
-1.5072302 -2.6468866
-1.1899827 -1.2689869
-1.0819978 -3.5435503
-1.6702398 -1.7325329
-1.3501146 -2.871577
-1.3526735 -1.9692338
-2.5745685 -1.4094483
-1.0158045 -2.4574387
-2.6831734 -1.1863223
-1.8167418 -2.691476
-3.4618192 -2.0654647
-0.80771166 -3.1259112
-2.3760324 -2.5047712
-1.7676487 -2.7149236
-1.0789713 -3.2444072
-1.9528655 -2.7019796
-3.14728 -1.7000732
-2.658066 -1.386235
-0.847133 -1.8274873
-1.6322172 -1.2256981
-1.0367485 -1.144131
-2.310401 -2.4478428
-2.1468003 -1.3651694
-0.58202976 -3.9931543
-1.6468633 -2.9924052
-1.3755778 -2.7479935
-2.8176463 -1.5846667
-1.8263466 -2.67072
-3.1083374 -2.8313756
-1.4493355 -1.8923892
-2.7237716 -1.8439438
-3.3984802 -2.5451987
-0.92937165 -4.0100546
-0.7356739 -1.1849144
-2.825711 -2.0138266
-1.0952657 -2.2947104
-3.224674 -1.9811445
-1.9195937 -2.5237937
-2.7355256 -1.8971561
-2.4433966 -1.8112617
-1.9355565 -1.0783864
-2.486428 -3.1112669
-1.6530447 -3.272086
-2.2941184 -1.6449999
-1.3824185 -2.848179
-1.5645496 -2.8642423
-1.4862111 -3.9920526
-0.9154782 -2.7490032
-1.20045 -2.743804
-2.6756873 -2.48845
-2.4589574 -4.1522155
-1.0747435 -3.82506
-2.749328 -2.0033143
-2.2739217 -1.1813309
-0.916874 -3.2860796
-2.7340367 -3.4104612
-2.2121058 -1.8229638
-1.2805758 -2.7230506
-3.1416628 -1.6557478
-1.0759755 -2.4765625
-1.2006267 -1.5471742
-0.74002653 -1.791136
-2.9056008 -0.6716533
-2.39812 -2.3828545
-1.1661909 -2.9603384
-3.050763 -1.8042042
-1.1186225 -2.3497353
-2.2932553 -2.148214
-1.7154145 -2.846738
-2.0253804 -2.6414206
-1.7881893 -2.845402
-2.31597 -3.1123056
-2.714816 -1.5127621
-1.648389 -0.68038344
-3.322197 -3.4212813
-1.5355923 -2.5963373
-1.3978069 -1.578922
-2.0069659 -2.8165948
-1.4297882 -1.586108
-0.9328603 -2.6447916
-0.62775636 -1.3521935
-1.8526602 -0.7976475
-2.123494 -1.276697
-0.47087997 -3.1368525
-3.1646256 -1.930189
-1.4020529 -4.1866746
-1.9279467 -2.1442883
-2.649837 -2.2935603
-1.6901945 -1.9456912
-1.4812553 -2.5798173
-1.9807596 -1.6036223
-0.86187 -2.4032905
-1.6537968 -2.9519925
-3.1168513 -3.0790238
-0.16183493 -2.8482835
-1.534676 -1.4822689
-2.4688718 -1.534037
-3.0271702 -2.0755794
-3.990017 -2.008093
-1.025477 -3.704318
-2.910716 -2.1196113
-2.4232683 -2.174755
-2.4315753 -1.7350363
-2.1765776 -1.0780137
-0.27576274 -1.0821048
-1.2349678 -0.9044894
-3.6631672 -2.8775866
-1.365844 -1.7297839
-2.6806698 -1.5041808
-1.5058136 -1.1837827
-1.0120288 -4.1273847
-1.9059283 -2.6616673
-1.9300319 -2.3745377
-1.8561424 -0.62193024
-1.4323574 -3.5654552
-2.6078594 -2.1466563
-1.263771 -3.5381212
-2.523775 -1.4266564
-1.4254038 -2.3060138
-3.201157 -1.9499763
-3.2981682 -1.3016903
-1.3204929 -2.788095
-3.3286116 -2.3056347
-1.7314931 -2.3996198
-1.726844 -1.5644448
-0.9157254 -2.829512
-1.4304655 -2.2434256
-3.447127 -1.7043822
-0.31707796 -2.3429255
-0.84209603 -2.5127234
-0.8537186 -0.93972063
-1.0924671 -1.3252265
-1.6561657 -3.2543492
0.085506365 -3.5217547
-2.136978 -2.1123266
-1.1699826 -1.4980834
-3.6470127 -3.0858657
-0.59958565 -4.230153
-1.5952638 -3.2770722
-3.2375476 -2.148204
-0.12761673 -3.4104304
-2.5099084 -1.9477172
-1.6347345 -1.2404995
-1.0983931 -2.333191
-2.64475 -1.870892
-1.5408481 -1.5262667
-2.1244316 -0.85692275
-1.415613 -5.1304884
-2.7690494 -2.0966055
-2.8726883 -2.8015668
-0.7059738 -2.634092
-1.4363645 -1.916297
-3.425436 -2.4355764
-1.671906 -2.6234348
-1.7969565 -1.039983
-0.95672053 -2.3274474
-1.142718 -2.8900702
-1.7005553 -2.4565122
-3.977771 -2.362711
-0.9977796 -1.9664209
-0.52217835 -3.424839
-2.0836437 -1.4837795
-3.7226553 -2.2324378
-3.3221323 -2.4669447
-0.71834695 -2.8718605
-2.3175805 -3.1924205
-2.9506888 -1.0275478
-0.45284432 -4.326189
-3.4033828 -1.7993394
-2.0865426 -2.1798697
-2.6643634 -1.2635803
-2.2208023 -1.2048213
-1.4600297 -1.5440274
-2.679077 -1.357142
-2.7188673 -2.4047582
-2.303324 -1.0208822
-3.1605046 -2.1017106
-1.0605323 -3.7227314
-0.8362497 -2.6782055
-1.797292 -2.604647
-0.998819 -1.2745986
-1.2186563 -1.7339904
-1.3932518 -3.2300806
-3.4867554 -2.3731694
-3.3758938 -2.5110834
-1.741802 -1.8640282
-2.889687 -2.0633895
-2.1593227 -1.2797515
-2.2083685 -2.0654042
-0.75930315 -1.0069758
-0.6306737 -2.3310769
-2.5611472 -2.0931492
-1.1796194 -1.0574481
-2.533339 -1.6989442
-2.4846728 -1.8458444
-2.9664402 -1.8795228
-1.5827458 -1.7040458
-3.3801198 -2.6214662
-2.8935335 -1.194857
-2.9979985 -5.1727
-1.6450548 -3.5022357
-1.6037842 -1.7664095
-0.8417227 -3.5593603
-1.4056338 -3.1031623
-3.0466108 -0.68899953
-3.0718706 -1.428329
-2.7931464 -2.5565372
-0.62831503 -4.002343
-0.560879 -1.0327637
-1.1863606 -3.7306318
-2.6729531 -2.1195962
-2.0594544 -2.2860034
-2.4777532 -2.109721
-2.8257632 -2.465935
-2.456858 -1.9622926
-1.631019 -1.3272527
-3.7270923 -2.036465
-1.9245143 -1.7579015
-0.12873021 -1.4121768
-2.624908 -1.1000532
-0.7120583 -4.1909623
-3.0618849 -1.9685307
-2.8891642 -1.5242455
-0.9072567 -1.6347191
-1.6445055 -2.1983182
-0.9152988 -4.2071366
-1.444029 -1.4240934
-2.404017 -2.3233566
-1.6789064 -1.1597284
-1.9283215 -1.8167415
-0.54419374 -2.2201219
-0.9261236 -1.8776681
-2.7658534 -2.1408446
-1.4331733 -2.5861547
-0.9743581 -3.2824194
-1.5001134 -2.868344
-3.6272886 -1.0900009
-3.7736733 -1.4020488
-1.6798381 -1.292207
-2.629252 -2.2401507
-2.5806825 -1.3450894
-2.3386006 -1.704637
-1.6215074 -1.813518
-1.8917034 -3.4707544
-2.2334366 -1.9490354
-2.9799345 -1.4049261
-2.5366998 -1.093396
-1.4996904 -2.6926987
-3.8240879 -2.5022938
-2.0210726 -2.1093524
-1.8329632 -2.5043814
-1.1436436 -3.1893132
-2.3897579 -1.6126286
-3.0914526 -1.2525585
-3.3796928 -1.3730655
-3.5549514 -2.433268
-2.075165 -1.9366072
-3.005348 -1.267618
-2.335277 -1.1493951
-2.4919813 -0.6714266
-1.2913467 -3.3720992
-1.7540815 -1.8168088
-1.152493 -2.886022
-1.6460849 -1.6315286
-3.2079458 -4.539496
-1.5166367 -0.80252993
-2.1755834 -1.6288661
-1.5627654 -1.8992575
-0.9781097 -2.8832219
-1.989238 -2.8279996
-3.0797186 -2.190408
-2.1186295 -1.5733374
-1.7521819 -0.45461646
-3.0675464 -2.744045
-0.8026993 -2.0736644
-2.0326612 -3.1252313
-2.8234117 -1.4123508
-1.3693415 -2.084052
-2.6573536 -1.8479117
-1.895759 -1.1030197
-1.4209058 -1.7766521
-1.1129372 -2.964909
0.32157576 -3.4397109
-0.62748957 -3.382513
-2.2504897 -2.328038
-3.2801757 -1.1367712
-1.5256537 -1.9464885
-0.18702215 -2.3367503
-1.9062651 -2.0224783
-2.9663389 -2.9151263
-0.7906582 -1.2991741
-3.6423063 -1.7556007
-1.7257531 -3.4906967
-1.5259451 -2.5397177
-1.4505959 -2.8511746
-1.5008405 -2.3357646
-2.6820424 -3.9188378
-1.3752257 -2.9105844
-4.0352397 -2.7317464
-1.9082859 -1.065592
-2.273115 -1.6231068
-1.3656851 -2.6018512
-2.4950557 -1.9922624
-1.9972379 -2.8272583
-1.8993114 -2.7217193
-0.7280018 -2.1304464
-1.8425044 -0.82740223
-2.3879077 -2.4299653
-1.8662889 -1.715538
-2.8485696 -1.6878958
-0.86276495 -2.5055254
-2.8008041 -2.7665896
-2.0251982 -2.8492432
-3.318188 -2.9775302
-3.3158135 -2.737368
-1.2582583 -2.4328542
-0.6440644 -3.2400186
-0.009312257 -3.9256473
-0.90820724 -2.0456681
-3.298336 -2.8290806
-0.440245 -3.1995735
-2.2508729 -2.7743125
-2.123043 -1.9216652
-3.6952624 -2.650691
-2.1752007 -1.2871531
-3.1486623 -2.846378
-1.0589845 -3.4365807
-2.9843285 -1.4365786
-0.44759017 -3.200499
-2.9005485 -1.5617268
-2.887794 -1.6471274
-2.392191 -2.0585794
-3.7315924 -1.327045
-1.0966991 -1.9161848
-1.603461 -2.6878498
-1.6872985 -1.4549327
-2.0759218 -3.5855691
-1.2242305 -3.2215486
-2.9738955 -2.7287104
-0.7473957 -2.4748645
-1.6674813 -3.0193868
-1.9789431 -1.283009
-2.6104934 -2.214816
-0.5909651 -2.2656527
-0.7910097 -2.5860782
-1.4883742 -1.9129765
-2.1345193 -1.7149569
-2.1064658 -2.3892653
-3.4615319 -1.850385
-2.0854619 -2.8608122
-0.30588678 -3.4270835
-1.5805523 -1.6468617
-2.2955766 -2.177981
-3.2679198 -1.5754691
-2.5061646 -0.69054574
-3.0127316 -1.0706596
-1.6370689 -1.4221218
-1.6498861 -1.9640837
-2.3890722 -1.8734848
-1.9959291 -3.863949
-1.1582798 -1.5821577
-1.4244376 -1.8551563
-0.34149593 -3.3853154
-2.6571403 -1.9423221
-2.4496875 -2.0054214
-1.4331107 -1.2185906
-1.4665036 -2.6850607
-1.5563484 -2.0814085
-2.3651457 -1.7143648
-1.5572987 -2.2556806
-1.5108699 -1.1298393
-2.1760862 -2.059378
-2.6662695 -1.9918137
-2.5576901 -2.900201
-0.44231325 -4.155312
-2.1413646 -2.8308885
-2.0722718 -2.8907623
-2.0862012 -2.0112967
-2.012218 -2.6230133
-2.1773694 -2.0092237
-1.5800868 -3.1391013
-2.4140456 -1.9453989
-2.6477625 -1.6863945
-0.1557852 -2.3958387
-1.497139 -2.7419803
-2.8980823 -1.5929147
-2.509066 -1.9855573
-1.223098 -2.4578547
-2.0827434 -1.8247718
-2.9592702 -2.5093296
-1.040644 -3.022773
-1.9564244 -0.38577124
-2.5164416 -2.1566594
-0.9565974 -1.3458865
-1.088654 -2.7015772
-0.8825189 -2.2732916
-2.758331 -1.7363052
-1.407036 -2.5835056
-1.9983696 -1.6483942
-1.886595 -2.1305497
-2.9205797 -2.0502393
-0.9261827 -5.083865
-2.802791 -1.5100291
-2.0359519 -1.9879191
-2.5219429 -3.1902194
-1.8220367 -1.5793905
-1.0098625 -3.1895554
-1.9592406 -1.5360764
-0.78755826 -3.8084743
-0.582931 -2.8579457
-1.4595675 -1.753023
-3.4252162 -1.5653195
-1.9535816 -1.2158471
-2.5564244 -0.74869597
-3.512472 -2.14933
-2.3315182 -1.6536775
-1.5702709 -3.2712119
-1.2490158 -3.0699725
-1.759527 -1.9639288
-1.5654463 -0.6699373
-2.8189824 -1.4834495
-1.9944098 -2.4100032
-2.1644316 -2.3793616
-1.7907988 -1.5507033
-2.2419136 -1.136137
-3.1767564 -1.4144273
-2.7498443 -1.5500604
-3.4569426 -2.048564
-1.3267452 -1.3104848
-1.0877895 -2.5515134
-1.3715786 -2.4056108
-1.3638092 -2.8713965
-1.3301109 -3.005694
-1.1866716 -2.9151657
-1.4471123 -2.1214337
-1.498198 -2.1517868
-1.5776619 -3.4832084
-0.86343765 -1.6201427
-1.5588534 -2.2996545
-1.067142 -2.04766
-2.984971 -1.961831
-0.7510837 -1.9092528
-0.82338905 -3.4605663
-2.6524634 -2.1991277
-0.9716092 -3.5287333
-1.0320764 -1.2077873
-3.2038174 -1.5287014
-0.30385596 -1.8996918
-2.607988 -2.1514158
-1.3186978 -1.8688009
-2.1138883 -3.2007053
-2.412376 -2.336558
-2.0591993 -2.3070736
-2.2239158 -2.1373448
-1.9078057 -1.7290227
-1.7048116 -2.9404614
-1.1882617 -3.3772235
-3.5069268 -2.1248074
-3.2454534 -2.928815
-2.9048545 -2.3968759
-1.1330739 -1.4921156
-2.8457744 -2.4853778
-1.6319718 -1.9991306
-3.3166587 -1.4976939
-2.5924609 -2.7871008
-1.1630653 -1.834646
-1.9740506 -2.7607288
-1.6288941 -2.2226415
-1.4146084 -1.6796949
-2.5327501 -1.8152658
-1.1584008 -1.965369
-2.3998487 -1.7591118
-3.1870863 -2.110866
-2.441398 -3.6193774
-1.8264828 -2.5619533
-2.8279567 -0.919961
-1.074043 -2.1551092
-0.7530498 -1.970932
-1.1687096 -0.8263352
-2.396624 -1.2793941
-1.9429454 -1.3930815
-0.71164834 -2.9518604
-2.692459 -1.0106074
-0.8023683 -2.2929873
-1.1077211 -3.1707323
-2.5716326 -2.4274611
-2.1041925 -4.2481685
-2.1975684 -1.4301684
-2.86894 -2.1649835
-2.522836 -2.1854005
-3.281023 -3.4295592
-0.18765143 -1.6670583
-2.6584625 -3.0624204
-1.5551796 -2.0680857
-2.6526356 -1.2482753
-2.4267576 -4.739323
-0.7499088 -3.1064138
-1.2953651 -2.5421655
-1.7417129 -3.5608642
-1.8085353 -2.128308
-3.2500725 -1.8454015
-1.5063195 -1.2360314
-2.8768423 -1.120089
-2.559725 -2.2153857
-2.0258687 -1.6400669
-1.3551047 -3.8473973
-2.3634424 -1.0895346
-1.3788767 -2.7530565
-2.4970164 -3.2691703
-2.6546943 -1.1803356
-2.0643303 -2.4475355
-0.7251895 -2.4124823
0.15906505 -2.9154756
-0.6408104 -2.5560553
-2.4767423 -1.5902531
-1.7875298 -1.8245631
-1.8518519 -2.6832645
-1.4505516 -2.228032
-0.12818374 -3.1730785
-1.6487917 -1.8127768
-0.92194295 -2.2109714
-1.2664261 -3.3937154
-0.12642261 -2.3303502
-1.121104 -2.240697
-1.7324079 -4.7109585
-1.3323607 -3.5134594
-2.2668624 -1.9292486
-2.366558 -2.109673
-2.2036688 -2.0968442
-1.298443 -3.0409212
-1.4327807 -1.5070621
-2.5140648 -2.2347214
-2.1440442 -2.6429064
-1.0308355 -1.90899
-3.0100858 -1.5475057
-2.4633718 -1.8539324
-3.461236 -1.7027701
-0.08532801 -1.9713057
-2.250153 -1.7665112
-1.4927382 -2.9824736
-3.1885874 -1.6601336
-1.8125957 -2.2599869
-3.4909723 -1.930287
-0.8690784 -3.0610614
-2.9081197 -1.9631276
-1.2343625 -3.1063337
-1.3616284 -1.6763713
-1.3058785 -2.1563532
-3.0157259 -2.2576253
-2.7956495 -1.1532414
-0.98464805 -3.8309395
-2.2985168 -2.0937116
-2.1046505 -0.34296876
-0.91037685 -2.819939
-2.387277 -2.5623682
-1.1932126 -3.577497
-1.602085 -1.6103218
-3.0269063 -1.8260558
-2.075831 -1.0550746
-1.6249313 -1.8821219
-2.4837017 -1.7421377
-2.7377458 -1.8961374
-2.1252909 -2.1087677
-1.7743127 -3.063039
-2.2594836 -2.782251
-4.5521917 -2.2111084
-0.6357869 -2.4397817
-2.4478967 -1.3222166
-3.5502062 -1.3247038
-2.5278618 -1.9315693
-3.3758605 -1.6209894
-2.5802884 -2.2418373
-1.9584557 -1.4036853
-1.3476735 -1.7435784
-2.1023772 -2.228313
-2.7988799 -2.0264966
-1.5614856 -1.5785755
-2.615723 -2.3484008
-2.2653246 -1.4831423
-2.0805848 -1.2816238
-1.4739318 -2.2162688
-2.0115182 -1.4419444
-3.177432 -2.0935771
-3.3669164 -1.9926653
-1.7416767 -1.0951961
-2.8195837 -2.3042712
-2.843299 -1.7176665
-3.2161374 -2.627375
-1.8011243 -0.96426964
-3.2114124 -1.8781791
0.19495691 -2.3655136
-2.4241982 -2.0195596
-1.366211 -2.1328812
-2.3381534 -2.2506945
-1.4568048 -3.155896
-2.620398 -4.6507125
-3.0434399 -1.7650768
-2.1642494 -1.6002619
-2.7032013 -0.913533
-1.4326429 -3.0058131
-2.160945 -0.85655475
-2.4190214 -1.5799124
-0.81828284 -2.5306728
-1.3935242 -2.3353705
-1.6062906 -2.6938708
-1.7583996 -1.8847816
0.06485002 -3.1076663
-1.6607786 -2.408099
-3.3448195 -1.9087836
-2.2970123 -2.1570606
-2.2960296 -2.717991
-3.4366472 -2.115865
-1.8010529 -2.1300724
-1.9742891 -3.313953
-1.5711732 -4.5605216
-1.7595068 -0.41532853
-2.6494856 -2.58885
0.12291221 -1.4273003
-1.5841024 -2.1106548
-3.8387275 -3.2934628
-1.2425445 -2.5584195
-0.42562604 -3.651653
-1.5567973 -3.9655807
-1.2080604 -1.3905689
-1.5594168 -2.015348
-1.1784776 -1.3137347
-2.5843756 -2.0052998
-1.319215 -3.3151977
-3.4815679 -1.81337
-2.4820147 -2.9515595
-1.6262133 -2.059197
-1.802679 -4.5680246
-2.4912348 -2.620803
-1.3981919 -0.97900987
-1.9960334 -1.5257924
-2.7295055 -2.699095
-2.4439602 -2.0776577
-3.2059968 -3.3437572
-0.16988176 -3.360434
-1.5616294 -1.6841209
-1.892681 -0.8812082
-1.4707788 -2.240473
-1.7787219 -0.62556946
-1.9764726 -1.8102733
-0.72107404 -2.7532973
-0.82493365 -1.1601266
-0.13371469 -3.0309904
-1.0181206 -3.2511036
-3.5067651 -1.3692485
-1.9479095 -1.1864811
-1.8631666 -1.7561513
-2.0298743 -3.345279
-1.0670396 -0.3288285
-2.5855415 -1.9295735
-3.554764 -1.9672915
0.24862118 -2.5553017
-1.0964228 -1.5861819
-3.2076569 -2.6194565
-2.312363 -3.071333
-3.3354363 -2.6314433
-0.6945139 -4.3863587
-1.406625 -3.363458
-2.5276625 -1.8999435
-2.8306396 -1.8955564
-2.554788 -1.5060133
-0.603652 -1.8986402
-2.7954996 -2.8428612
-2.20181 -3.9693499
-1.5390075 -2.4287941
-1.6003845 -1.5794748
-2.9978864 -2.2195284
-1.358486 -1.6493264
-0.4029826 -3.1530726
-3.40774 -2.5199244
-1.5418761 -1.660016
-1.834206 -1.8251866
-2.789179 -1.8325261
-2.4303448 -2.559279
-1.9476854 -2.026021
-3.3391674 -1.6777308
-1.3517733 -3.385151
-1.572249 -2.2234755
-2.653022 -2.5750868
-1.5864984 -3.3102224
-1.7571617 -1.8832631
-0.47398147 -1.9561343
-2.6309671 -2.6645784
-2.4141736 -1.987749
-2.8422887 -1.9410924
-2.6852562 -1.878946
-0.84379566 -2.947089
-0.9948567 -1.8837093
-3.1896422 -1.8284376
-2.8187344 -2.401289
-1.8216733 -1.6015364
-2.4528024 -1.6842949
-0.78195703 -3.5378244
-2.335497 -0.7502322
-0.89728147 -4.244181
-2.9500613 -1.5521184
-1.3025594 -3.5848715
-2.427247 -3.1442478
-0.17500141 -4.45858
-2.577925 -1.5489627
-1.9855988 -2.5128849
-2.2890997 -1.974502
-2.057153 -0.82660294
-2.7707455 -2.8639698
-2.4337718 -3.176265
-3.7822957 -1.9923468
-2.260554 -0.6199964
-3.1885495 -1.9758726
-1.2997481 -3.5309806
0.5129011 -1.9580687
-1.2202986 -1.6658965
-2.7641914 -2.1699026
-1.307715 -3.5614014
-0.6985897 -2.8593106
-2.276148 -1.0486963
-1.6433964 -2.2507513
-2.4160411 -2.772766
-1.5707039 -2.0294442
-2.2226534 -1.507001
-3.1361928 -1.9864752
-3.710185 -1.6435035
-2.1186912 -1.9391649
-0.70314544 -3.2027025
-1.5433223 -1.0556113
-2.3639152 -1.921174
-3.7338548 -2.3671367
-1.0794728 -2.5855618
-1.9474598 -1.7190548
-2.6842499 -4.382564
-3.5927362 -2.027568
-1.3895409 -2.595756
-3.0358849 -2.2853591
-3.2947857 -2.4520419
-1.7802403 -1.9584184
-1.1459525 -1.5267777
-1.8831186 -2.4907677
-3.3163707 -1.6946286
-2.0458493 -1.3362722
-1.9430743 -1.6486648
-1.0008956 -2.338237
-1.6275201 -2.5383584
-2.8527064 -2.4323235
-0.88430846 -2.974093
-1.6580895 -2.6231909
-2.1599164 -2.5562706
-2.5210586 -1.9235387
-2.8911178 -2.6824484
-1.7866001 -2.2249372
-2.4162393 -0.6392274
-0.113268435 -1.1255457
-2.6570451 -1.7515463
-1.5123705 -2.87902
-1.5280564 -1.803746
-1.1872684 -3.067671
-2.268008 -2.6162238
-0.8766463 -3.7571962
-3.282496 -2.0686674
-3.1572957 -2.365879
-1.99654 -1.118052
-2.210158 -2.0909657
-1.9973569 -2.302145
-3.2821116 -2.2492106
-1.4691813 -1.9212712
-2.7696524 -2.5304666
-1.4866046 -1.5993098
-1.7687987 -2.6026888
-2.8990507 -2.17247
-1.89937 -1.4353006
-1.8237731 -2.160922
-3.7924364 -2.009832
-3.0709212 -1.3481724
-0.897324 -2.246007
-2.9353774 -2.8163393
-2.3334453 -2.0155296
-3.357119 -1.4528139
-1.3314966 -3.1851697
-1.2950152 -4.421291
-1.9060737 -1.7616755
-3.8124378 -2.0737972
-2.904265 -0.9171449
-2.2900457 -1.6562611
-0.9950771 -2.9846025
-1.8879507 -1.5667214
-2.7255747 -2.2999487
-1.8083209 -2.012754
-2.5861206 -2.117506
-1.5428346 -0.8649447
-1.0536658 -1.1331205
-2.7975528 -3.2923455
-1.8804383 -4.252447
-1.4854916 -2.3361244
-3.1583328 -2.3282912
-3.6433632 -2.1973708
-1.5095395 -2.6922865
-1.9800934 -2.5688047
-2.312545 -2.0597827
-2.8529143 -2.8996472
-3.201555 -1.5680736
-2.002088 -1.8315831
-1.3953568 -2.1831956
-3.377215 -2.0003657
-0.9481611 -0.84481883
-2.1888788 -1.8976274
-0.5907669 -2.9488752
-0.6473827 -2.1477072
-1.4511206 -1.4310578
-1.4914587 -2.0354264
-2.284135 -1.1600549
-1.4934579 -2.0386174
-2.17559 -0.99312925
-2.8716924 -1.894657
-2.0781546 -2.2397113
-1.4612137 -1.7622169
-2.608754 -1.3628657
-0.6029695 -3.5945733
-3.121923 -1.9688029
-1.6062516 -2.8168037
-2.3988242 -2.1684175
-2.9179823 -0.96619034
-3.066354 -1.7053182
-1.3443774 -1.3390272
-1.9756978 -2.3531642
-3.6680562 -2.7995532
-3.143258 -1.2936143
-2.884943 -2.638891
-1.7711495 -2.6237338
-1.239831 -1.4550402
-0.81705594 -1.760371
-1.0934253 -1.5881444
-2.8493812 -2.561556
-1.6143963 -1.8287214
-1.5997907 -3.2479591
-1.337122 -3.2650697
-0.7347051 -0.7571416
-0.64305335 -1.9678047
-2.254114 -2.5840054
-2.7578614 -2.101393
-0.8120893 -3.706241
-2.406585 -2.6994052
-1.85315 -1.5991126
-1.5570948 -2.8931732
-1.0567095 -1.1003643
-3.1794386 -1.9620267
-1.4202067 -3.6340845
-2.0515697 -2.417075
-2.5749032 -2.37862
-3.302631 -1.7441009
-2.6253295 -1.434508
-1.3930916 -1.1943917
-2.1983426 -1.8236275
-2.975284 -1.6900388
-2.321466 -3.8156865
-1.6867173 -1.9855176
-1.7984431 -2.0733285
-1.9559021 -2.5226214
-1.8711307 -0.7992549
-2.669852 -0.4880468
-1.7255158 -2.8491657
-2.9204125 -1.5789701
-1.6518056 -3.5068157
-1.3575026 -3.7527735
-2.1340334 -2.2270417
-1.1921014 -1.7777913
-0.58437246 -3.0618377
-2.7431548 -1.422123
-1.2553983 -2.6913137
-3.4664493 -2.7314343
-1.7230601 -2.6161547
-0.24290183 -1.5312678
-2.0019982 -1.7140237
-0.7248173 -1.878403
-0.5393359 -3.560685
-1.0798315 -1.6957862
-3.1971009 -1.1103629
-1.399601 -3.0145206
-1.9713023 -4.9988384
-3.0997798 -1.8066555
-2.8696766 -2.8555014
-1.4732059 -2.4859126
-2.5576444 -3.4062994
-3.7472448 -4.2686095
-1.626287 -2.491555
-0.2406335 -1.6318594
-3.7842867 -2.1726735
-3.1930416 -2.606582
-0.8836546 -1.9443544
-2.4172435 -1.2587292
-2.598941 -3.051407
-3.1892786 -2.3311336
-2.2034302 -2.6535747
-1.1996026 -2.000719
-2.4575758 -2.0104482
-1.6429174 -2.0307724
-2.4025917 -2.952216
-3.6919632 -1.0545243
-1.932485 -3.1755536
-2.4251893 -1.0931259
-1.2242738 -2.2200222
-3.2597685 -1.2826251
-1.7242986 -3.6111088
0.10231398 -2.418102
-0.94869405 -1.9585949
-0.98677146 -2.7039204
-0.93908197 -2.2706015
-0.7428284 -3.1777666
-2.6351829 -1.5512388
-0.6025768 -2.7002916
-0.052217677 -2.8269072
-1.842955 -2.3918335
-1.9439483 -2.5200238
-2.5238554 -1.2175474
-1.9808666 -2.0640893
-0.91470075 -1.8151441
-0.5837302 -3.092836
-1.4999448 -2.286165
-1.3015931 -1.2544497
-3.4902346 -1.8945776
-1.7983459 -1.0961976
-2.4441006 -0.94024134
-2.2716615 -1.5925397
-2.1926236 -1.689665
-1.8930213 -2.0805972
-2.7578576 -2.838226
-2.641942 -1.127629
-1.9327543 -1.2509463
-2.644787 -2.0168695
0.20623074 -2.014916
-1.1616665 -3.00123
-2.6245263 -1.0316921
-2.7322943 -2.2645679
-0.5229084 -4.0332584
-1.4040097 -2.274456
-1.7945694 -1.4117347
-2.8665733 -1.702218
-1.1825981 -2.0958233
-2.8418746 -1.9746051
-2.4185655 -2.810573
-3.248909 -1.2606057
-1.7726004 -2.8971114
-1.8843952 -2.208314
-1.3972293 -2.5345497
-2.2794192 -2.9845588
-2.5658402 -1.4323039
-2.784689 -2.1937997
-1.6304414 -3.5590353
-1.5362947 -1.8208452
-2.6529171 -2.3620763
-3.270643 -1.420528
-3.00723 -1.9000765
-0.99345994 -2.179515
-0.8095653 -1.4045272
-1.6880476 -1.9520228
-3.2227833 -3.579556
-3.7325537 -2.2011943
-1.2143402 -2.2401013
-2.3426237 -1.5867237
-1.01603 -4.355965
-2.6982443 -1.3032066
-2.2751384 -2.0276346
-0.61638224 -1.1802553
-2.8984904 -1.870493
-1.3052793 -2.8642669
-2.6565633 -2.1376648
-0.29252422 -1.6268015
-1.4824525 -1.821336
-3.0497994 -2.5114791
-3.345025 -1.098641
-2.3864884 -1.553443
-1.5302738 -1.5698053
-1.9040362 -1.8239962
-2.5133846 -1.2060239
-3.479112 -2.5736387
-3.3883207 -2.293323
-1.5283499 -3.2622542
-3.466833 -3.3044517
-3.355957 -3.0418253
-2.6012666 -1.6285731
-2.7157452 -2.4794815
-3.3479068 -0.53786373
-0.09659408 -2.9763727
-1.6232555 -3.2092888
-2.5356548 -2.3740306
-1.7920387 -1.7729466
-0.28353179 -3.0362427
-0.76495254 -1.2695487
-3.196237 -2.0261238
-3.1020815 -1.1540821
-3.6581893 -1.7689878
-1.195542 -1.4484957
-1.9078504 -2.4194124
-3.6600578 -1.7020175
0.24102019 -3.5574563
-3.27156 -2.040375
-0.9533885 -3.1466355
-1.0580114 -2.0043757
-2.3264136 -1.8128738
-1.0748208 -1.912225
-3.2350342 -1.4428958
-1.4397415 -1.054718
-1.7167076 -2.7191648
-2.657466 -1.9953663
-3.1229372 -3.4376857
-2.4966273 -1.8823278
-2.4473274 -2.0811648
-1.4257761 -3.54905
-2.0271792 -2.8396
-3.0239146 -2.3068912
-0.65647554 -2.3922868
-1.7423875 -2.4257393
-2.837096 -2.774153
-2.0133483 -3.4368954
0.24195923 -1.9248112
-1.2715132 -1.9587147
-2.6719115 -1.0478723
-2.7007756 -1.9189645
-1.894294 -2.4401019
-1.6999897 -1.152698
-2.7718773 -1.7053547
-3.0679142 -1.803433
-1.2021556 -1.7698816
-0.9162692 -1.7400855
-2.5391524 -2.102008
-2.4874265 -1.7189498
-2.1035097 -1.5983392
-3.0261045 -1.8052119
-1.503728 -1.9488975
-2.0284739 -3.4954603
-0.17113611 -3.52983
-2.8767483 -2.0413568
-0.6242814 -2.0958335
-1.4889215 -2.4696102
-2.0393696 -1.8707482
-1.706288 -1.8392241
-1.976584 -1.1981996
-3.4150574 -1.7453275
-1.9172646 -2.0513437
-2.7435937 -1.992926
-2.1014013 -2.4548175
-2.0300665 -2.1370203
-2.592619 -3.140817
-2.4727783 -2.555487
-1.327879 -2.9061458
-0.7657017 -2.0023804
-3.5645955 -2.2580152
-2.127134 -1.474738
-1.4254855 -1.974938
-1.8182429 -1.6443086
-1.8837136 -2.4800653
-2.8454554 -2.7198448
-1.8034273 -2.634739
-1.6429762 -3.2894006
-1.0866066 -2.918592
-2.4089353 -3.2972918
-1.2382791 -3.036845
-2.333216 -2.880152
-1.1543534 -2.6465726
-3.2168634 -2.0036144
-1.0629747 -2.843726
-1.9903412 -0.9030795
-0.7255197 -4.5160546
-2.2461863 -1.4112915
0.15991999 -4.352659
-3.6061761 -2.4284716
-1.3169647 -2.7529662
-2.7055023 -2.0535853
-2.650575 -1.815795
-1.7509924 -2.1232126
-2.7788568 -2.0703108
-1.1992663 -3.4629505
-1.8557034 -3.1770139
-1.4572414 -1.6941453
-2.520224 -1.3031175
-2.0677545 -2.870918
-2.9029171 -2.1510854
-1.6993527 -1.8899293
-2.826392 -1.4572642
-2.915529 -2.6696508
-1.987658 -1.521683
-0.58020604 -3.46076
-1.3772613 -3.6225865
-2.7542517 -4.0163097
-3.39108 -2.918388
-2.168868 -1.6677738
-0.88367885 -3.0218754
-2.9278784 -2.7721658
-1.4782556 -1.9511358
-1.5817327 -2.3357291
-2.5768979 -2.61578
-1.0943189 -1.5342062
-1.6084294 -2.4941008
-2.7421727 -2.6111333
-1.3593618 -1.5631267
-2.7767344 -2.4719265
-2.6027048 -2.0981498
-1.3874184 -2.1376095
-2.5312357 -1.9210926
-0.15247455 -3.2044313
-0.08479066 -3.8220315
-2.8877912 -2.938208
-2.1266222 -2.0255904
-0.9236796 -2.0559113
-3.1704078 -2.2286825
-1.1369735 -1.8934715
-1.7501396 -1.5399946
-3.0255928 -1.8828908
-1.4425052 -2.4180574
-2.2112992 -1.5216565
-0.7651508 -2.680584
-2.238806 -3.2361476
-1.031303 -3.5510774
-1.3153173 -2.6683476
-2.4442725 -2.0422735
-0.8218155 -1.8617911
-2.4670296 -1.813697
-2.8714237 -2.0952315
-2.5049691 -2.0053885
-2.1160548 -2.1706078
-0.014110416 -2.7770126
-1.9488926 -1.3804994
-1.9223882 -2.9947927
-2.2795637 -2.4989731
-0.35730264 -2.0035863
-1.189787 -3.404905
-2.2649496 -1.7468745
-2.0207531 -1.9403781
-2.8515568 -1.6996751
-2.629021 -1.7874514
-2.6110346 -3.2119524
-0.180336 -4.2584143
-2.1984322 -1.7655244
-1.3060368 -2.280611
-1.9287717 -1.961929
-1.4839598 -1.2160592
-2.9138129 -2.083743
-0.8894107 -1.8769276
-2.2418084 -3.3850753
-1.377854 -2.0865939
-1.25001 -2.2587643
-1.7493343 -1.5479312
-1.9419646 -2.6301422
-2.4471009 -2.1441798
-0.8217945 -2.9913607
-1.846538 -1.8348061
-1.2170949 -4.233609
-1.6621317 -2.5049882
-3.0910184 -1.912074
-1.0760572 -1.5830638
-0.9200452 -2.4239194
-0.21738306 -1.9844844
-0.9524187 -1.002455
-1.5287982 -3.0953777
-2.688481 -0.5854374
-1.2136471 -2.0704596
-0.7645282 -2.1318288
-2.5718148 -2.1818266
-1.8580406 -0.59931123
-3.8466918 -2.7463226
-2.1454597 -2.2209444
-1.5673658 -4.128303
-0.91390836 -2.9070408
-1.1659184 -3.1545546
-1.9472165 -1.7219512
-2.5750494 -1.6643413
-1.2555491 -2.9620686
-1.1785076 -3.1069038
-2.3538558 -1.6013973
-1.0127875 -3.3335993
-3.4639475 -2.430038
-2.3358102 -3.7455173
-1.5336204 -3.4195476
-3.4087832 -1.8122673
-2.3598568 -1.3188523
-0.47308993 -3.2245193
-3.3437033 -1.8328366
-2.44229 -2.1621554
-1.922586 -2.0645037
-2.7359605 -2.7863955
-1.6984723 -2.258112
-2.8429055 -2.2257214
-2.3490865 -0.98371375
-3.4089198 -1.4639279
-2.0343463 -1.4583094
-3.584366 -3.0927072
-2.1390648 -1.9188725
-1.2068645 -2.7245476
-2.3533735 -1.7021799
-2.2237363 -1.3374847
-2.5214942 -2.168231
-1.7771205 -3.0577998
-1.590611 -2.8028102
-0.7787576 -4.3893085
-1.682935 -3.154569
-1.9461664 -2.2353632
-0.08741604 -2.7661953
-3.1581945 -1.6372429
-2.2059257 -2.3521383
-1.6197402 -2.5056908
-2.267669 -2.36184
-0.5365603 -1.9809159
-3.0200672 -1.8079098
-2.715227 -2.7294917
-0.9380874 -3.9610372
-1.966687 -1.570363
-2.7119014 -1.4248496
-3.444267 -2.8726985
-1.4433345 -3.2064757
-2.3064497 -3.1237934
-2.7826085 -0.96837986
-1.3308192 -1.3963807
-1.518712 -2.6866996
-1.2277478 -2.9339817
-1.8845543 -1.8225912
-1.865757 -2.046286
-0.9305357 -2.7483299
-1.6323702 -4.616429
-3.5759306 -1.8451279
-1.574347 -2.715884
-0.6276455 -2.2961788
-1.9961009 -3.7275565
-1.6537284 -2.5436697
-0.7843198 -1.555835
-1.7108128 -2.546261
-2.423053 -1.2543412
-1.1083163 -1.3668733
-2.6570592 -1.44384
-3.3900304 -3.5282824
-0.44638026 -2.153845
-2.16683 -2.2494738
-1.8683329 -4.0354185
-2.7463837 -2.929035
-1.6860641 -2.5378475
-1.6204027 -1.0674187
-2.9036648 -0.7833588
-2.7953558 -1.7042793
-2.036261 -2.0803993
-2.892672 -2.906539
-3.551877 -2.3459642
-2.344414 -2.8577673
-1.4320958 -1.0445806
-3.699257 -2.8492692
-1.8018525 -1.7512693
-0.08817661 -2.72423
-3.0689678 -2.2266896
-2.3898697 -1.4044886
-1.175158 -2.7461274
-3.7703834 -3.1320295
-2.7099075 -2.1796832
-3.3930593 -1.5191635
-3.3238943 -1.353998
-1.5894692 -2.6607552
-2.7931402 -3.0859125
-2.5738971 -2.636879
-3.0656128 -3.0248685
-2.0384393 -1.9058248
-2.3671074 -1.0621145
-1.4619522 -2.257733
-1.9127603 -2.095649
-1.549051 -1.8232874
-1.4657637 -2.0994413
-1.6632603 -2.516807
-1.3574339 -2.4064403
-2.8589966 -2.536269
-1.9161154 -2.058962
-2.1494818 -1.8264331
-3.7621086 -2.3961675
-3.3337357 -2.2241373
-1.9852865 -1.0349367
-1.9692934 -3.029502
-2.9305828 -1.5142407
-2.7413619 -2.1991775
-0.0022438765 -3.2339642
-2.4527977 -1.7721243
-1.263072 -2.4404671
-3.0735316 -1.6825008
-1.7907932 -0.90919435
-1.8913915 -1.6943274
-1.4890894 -2.477757
-1.0371374 -2.6224394
-2.140186 -0.64223623
-2.7341313 -2.5370257
-3.883973 -1.7814993
-1.3912945 -2.5507758
-2.7566586 -1.2516952
-1.7662531 -2.2614524
-3.3107915 -2.3541615
-1.2727605 -1.51552
-2.5484562 -1.3377855
-2.5355773 -1.2918811
-2.2222033 -3.7181304
-3.5738904 -2.8811166
-1.3457159 -2.4420934
-2.4825854 -1.9740708
-2.1229527 -1.8345883
-1.1663886 -2.1010532
-2.8785477 -0.87559545
-3.3482869 -3.8037717
-0.4169542 -3.6402018
-3.2352273 -2.1118715
-3.0104542 -4.327886
-3.4723659 -2.3615022
-1.3444473 -1.7153074
-2.7617745 -1.3723954
-1.807249 -1.4087269
-0.8637958 -3.1212847
-2.2335021 -3.85886
-2.4135742 -2.9506571
-1.5451486 -1.5824785
-0.89830184 -1.0184838
-0.13807762 -2.9277112
-1.7085667 -1.6122158
-1.4068786 -0.8087621
-3.1772697 -2.1370976
-2.3352358 -1.1842929
0.15575545 -1.7638085
-2.4822156 -1.2504897
-1.1830876 -2.2904317
0.02978675 -1.4887574
-3.683997 -2.775821
-1.6791028 -1.2736019
-1.7925013 -2.5645273
-1.4207588 -0.85933304
-0.21843988 -1.8425714
-2.9024277 -1.7781229
-3.363662 -2.2798982
-0.49070156 -2.0928645
-1.666844 -1.8971637
-0.6237495 -2.145497
-0.8090815 -1.5025593
-2.7535276 -2.255885
-1.2024933 -1.4821627
-3.127137 -2.847357
-2.396851 -1.496795
-0.99664783 -1.9582953
-1.5327313 -1.5420554
-2.8514767 -1.9227215
0.6701685 -2.604999
-0.5007435 -3.6643844
-2.599601 -2.7217386
-2.2043622 -2.8563247
-2.761961 -3.0003037
-1.0884756 -3.2875102
-0.62522525 -3.3829515
-3.453802 -1.8399342
-3.5852892 -1.4802201
-1.421835 -2.0894556
-0.91726017 -2.3379443
-1.4051163 -1.7490171
-0.9267059 -3.864845
0.10681729 -3.0051787
-1.5931747 -1.6823857
-2.7080019 -0.7549404
-2.5078418 -1.4653357
-1.164835 -3.396517
-1.3948287 -1.5058362
-1.9007416 -1.6289958
-1.3418336 -1.9039272
-2.0054996 -2.9906902
-1.5287504 -1.9722557
-2.3508332 -1.4660612
-1.6341667 -2.754751
-3.36897 -1.9780971
-2.4217236 -2.027281
-2.6308672 -1.7356513
-2.234464 -3.0684235
-3.3896637 -2.9591901
-3.2226815 -1.728311
-3.1126606 -0.8526448
-2.1607523 -1.7615974
-2.6154594 -1.9356189
-1.3144544 -2.90098
-2.2246087 -2.3189976
-2.3617241 -2.6779904
-0.7085309 -3.7040153
-2.3741248 -1.275924
-2.6564453 -2.2454627
-1.3299805 -1.6395868
-3.6496897 -1.7411746
-2.8626862 -1.9084407
-2.1050189 -2.2119951
-4.1449223 -2.1190991
-1.5572051 -2.287149
-2.4802685 -1.7931145
-1.5764394 -2.483724
-1.2210299 -2.4967113
-2.2979352 -2.3975322
-2.633872 -1.6254336
-1.9583782 -1.5394604
-3.3228362 -2.2340055
-0.57831115 -2.7406857
-2.2422698 -1.1171813
-2.71356 -2.4645574
-1.4364954 -3.7205021
-2.905432 -1.8466631
-2.639557 -2.2201047
-0.9886295 -2.187941
-2.2660043 -1.8813086
-2.965395 -2.3393333
-1.9032466 -1.9747279
-1.6462895 -3.207219
-1.7597601 -2.4738314
-4.226681 -2.2328038
-0.4851678 -2.5461607
-3.4101725 -2.2289257
-4.0398483 -2.1891866
-3.5938547 -2.4531763
-2.1450782 -1.2007856
-2.2312162 -2.0742748
-0.89358234 -3.7642972
-3.3933895 -1.7646507
-2.0877233 -3.8082843
-1.7085165 -1.9165734
-3.712755 -1.4146023
0.7420202 -1.8003569
-2.280449 -3.3807898
-1.8385322 -2.234618
-2.2359233 -0.98413193
-0.6277201 -3.543482
-2.9709935 -1.6380618
-3.6742342 -3.1820238
-1.7899039 -1.1561528
-1.8664625 -1.6605659
-2.4413068 -2.4303
-1.9754059 -2.0808363
-0.52247375 -3.5403125
-0.8936927 -2.7629955
-2.4083552 -1.5932839
-2.427645 -2.8196132
-1.8562969 -2.983378
-2.5715735 -2.643439
-3.2996287 -3.860172
-2.2690616 -1.6309178
-2.3917816 -2.2383652
-2.3677301 -1.7420794
-1.6001282 -3.0881872
-3.159376 -2.6109
-2.0546355 -1.6059623
-3.460884 -2.1142418
-0.4940077 -2.8701913
-0.6732473 -3.3179862
-1.5380936 -1.3298593
-3.1522102 -1.1211861
-2.047093 -2.7572908
-0.8814566 -3.0153685
-1.5538061 -0.9580966
-1.1291404 -2.303926
-1.185099 -3.0252757
-2.2951617 -1.4519202
-2.7706006 -1.9848762
-0.8265754 -2.7616282
-3.4860306 -4.008114
-2.818716 -3.2396967
-0.6902798 -2.885712
-0.08239758 -3.5675669
-0.09931533 -3.3283875
-1.3783209 -1.7088451
-1.9540229 -1.748786
-1.546665 -3.4322367
-0.962601 -2.1592777
-2.5427227 -2.1317055
-1.4050528 -1.8035284
-3.5213573 -1.967804
-1.6201142 -2.2836728
-2.0119603 -1.9512404
-1.6325246 -0.9374474
-2.3505561 -1.8570341
-1.7764738 -2.5904074
-2.4415228 -2.1980531
-2.401893 -0.4894537
-1.4590393 -2.465532
-1.2208742 -1.887796
-0.8780136 -1.6213541
-0.7123108 -3.1421883
-1.8541567 -3.0765946
-0.5879451 -3.0876043
-2.2973843 -1.8328499
-0.79408777 -1.9718955
-2.7373154 -2.945696
-1.5251938 -2.3919613
-3.7018402 -4.717523
-4.2672715 -2.4412737
-1.2914195 -0.8637116
-1.693618 -2.2565262
-0.30832276 -1.6651976
-1.4196978 -2.3077643
-2.9317605 -4.118134
-1.8802537 -2.1580927
-1.414321 -2.4755526
-1.6774024 -1.3495169
-3.388931 -1.4774115
-3.5700617 -2.5881023
-1.3690569 -3.262624
-0.42110676 -3.8364372
-1.4262159 -2.5238397
-2.285088 -2.1206248
-3.2051792 -1.1231216
-1.5463667 -2.6743972
-1.4004818 -1.3265324
-2.1802511 -0.999781
-2.853008 -3.5849864
-3.0529938 -1.302875
-2.1709254 -2.277595
-1.5787487 -1.1494
-2.5333107 -1.8106567
-1.7163323 -3.1286244
-1.1308604 -3.5444283
-0.5495983 -3.7206056
-0.038904935 -3.5238323
-2.6998024 -1.6606263
-2.8095465 -1.274608
-1.959931 -2.9010541
-1.1684723 -2.4267642
-2.4422057 -1.8487633
-0.58724004 -1.6900233
-2.00721 -2.077208
-0.8543882 -1.9295475
-3.313816 -1.9012552
-2.085235 -0.5772494
-1.9182544 -1.5717797
-2.8955712 -1.4070456
-0.7850615 -2.9057033
-0.49206042 -1.8108944
-3.0390925 -1.5749193
-2.560585 -3.1447678
-1.721604 -1.1809387
-1.0782273 -3.5991871
-1.6510609 -2.0059457
-0.51072305 -5.887546
-1.070955 -4.2570186
-2.6907263 -2.221455
-2.51702 -2.9102414
-2.4094849 -2.8058991
-1.3073608 -2.9140043
-3.1363072 -1.4981024
-3.0348918 -1.88771
-3.1545167 -2.3621294
-3.32075 -2.5317369
-1.9256729 -1.4720049
-2.894772 -2.0769947
-1.1408755 -3.6272528
-1.4438976 -0.73158014
-3.2932856 -2.3034563
-0.26332986 -2.0405557
-1.9957489 -1.1837586
-2.515951 -1.2903832
-0.2480582 -0.8204813
-2.6628232 -1.2087615
-1.4095075 -0.8053577
-1.990382 -1.5779996
-2.1257436 -2.8531752
-2.4640458 -1.8512038
-0.030505404 -3.7772698
-3.0577946 -2.386339
-2.1460817 -3.321322
-2.5577474 -1.5848668
-0.42370415 -2.9800806
-3.2762198 -1.6146737
-1.7317064 -1.7378387
-3.477979 -2.0015187
-1.3741755 -3.3323145
-2.1080744 -1.064379
-1.333759 -5.033709
-1.1613364 -1.4325229
-2.708594 -1.8414565
-3.0275266 -3.251625
-2.6947658 -1.9683344
-2.4612527 -2.1435452
-0.17695941 -1.8185543
-1.3313084 -3.246687
-1.3036839 -0.7742208
-1.580802 -2.8183196
-2.740677 -3.9286218
-2.5467014 -1.841407
-1.694976 -1.0210669
-2.2547405 -1.9834667
-2.4444911 -1.054569
-1.0811534 -3.4372308
-0.61310816 -2.7795935
-2.6308641 -1.8830978
-1.4802321 -2.9521875
-1.5016984 -2.2359643
-1.6569803 -3.2176676
-1.1468539 -1.893217
-2.751034 -3.1375456
-3.5118403 -1.766858
-1.5791539 -1.9969834
-1.9072431 -3.156741
-1.3786849 -2.3990066
-1.3613278 -1.5881401
-2.477916 -1.8172356
-2.8131077 -2.2566018
-2.3400729 -1.5800343
-3.8348088 -2.191233
-2.1140425 -4.285171
-0.9836023 -3.4472826
-0.8808541 -2.7500834
-3.4246876 -1.883241
-2.8615177 -3.0911233
-1.5051961 -1.8961906
-1.8255303 -2.4207344
-1.9918125 -1.3618094
-1.6575124 -2.9543319
-2.686657 -2.355516
-0.14043903 -2.989838
-2.4691346 -2.7461638
-2.0892167 -1.964951
-0.7705678 -1.7077655
-2.7803056 -2.110492
-1.4773582 -3.3281841
-2.6865306 -1.1409668
-0.7182554 -2.34744
-1.935483 -2.9891355
-1.6504604 -2.281679
-1.0358713 -1.4915081
-1.9767717 -2.6831253
-2.8773694 -2.2737179
-2.4630718 -3.1664164
-1.3859357 -2.9242382
-1.5718064 -2.5176516
-1.6307542 -2.8561301
-1.2343075 -4.542618
-0.9514283 -2.3117065
-2.4702861 -1.3319373
-3.2936428 -2.5440378
-1.8428732 -1.5752672
-2.8584132 -1.9599135
-2.5543048 -1.658718
-2.6125765 -2.645483
-2.687362 -2.2690156
-0.6705215 -1.4521449
-3.4634748 -2.428303
-0.15430129 -4.1251664
-1.9474698 -1.5510288
-0.91860855 -2.609235
-2.2191734 -1.4043777
-1.864777 -0.96209884
-2.8756945 -1.4826586
-3.186665 -1.7389425
-2.109332 -0.7397448
-2.5993521 -2.067331
-2.6000726 -0.9706969
-1.6434214 -0.43436444
-2.7355917 -1.2478883
-2.7816594 -1.0672072
-0.19668868 -0.7253303
-3.0330873 -3.1504533
-1.3873428 -2.216638
-1.7287325 -1.6471484
-0.59528005 -2.5182467
-1.0628027 -1.7929524
-2.4527502 -3.3497095
-3.3743267 -1.9311874
-1.5656962 -1.687141
-2.4671638 -2.4386113
-3.147687 -1.1620708
-2.342813 -1.3803433
-1.3372092 -1.3133212
-2.2876334 -2.500518
-3.3719018 -0.99241924
-2.7033432 -2.659109
-0.9492022 -2.215015
-3.4001932 -1.2361724
-3.0985675 -2.1829748
-0.805505 -1.4736834
-1.9709169 -1.617136
-2.0682344 -1.4374324
-1.6572896 -0.791227
-2.1721296 -1.2257776
-2.2882364 -2.1383991
-3.6327865 -1.4555453
-1.8312764 -1.5953192
-1.3414385 -1.2119213
-1.3288895 -2.1120932
-2.869705 -1.609415
-0.7389428 -1.2199248
-0.73940957 -1.658599
-2.322587 -2.29608
-1.861865 -2.128073
-0.8386736 -2.591424
-3.2077992 -1.6238809
-1.1711197 -2.669455
-2.061851 -1.7140342
-1.3921691 -1.9365681
-1.8965058 -2.176468
-0.035646394 -2.6123025
-2.14012 -3.160999
-1.655418 -2.179822
-0.7452025 -3.095725
-0.74330205 -2.579385
-0.96442986 -2.286668
-3.2093542 -2.4115748
-1.2532506 -1.7295527
-1.9535644 -2.8014922
-0.6898325 -3.349222
-3.3091698 -1.5468587
-2.8004231 -2.335748
-1.16391 -2.852992
-1.9906892 -1.434902
-3.3781443 -1.5385869
-2.54937 -1.2629836
-1.4168718 -2.7247891
-2.9510062 -1.5462546
-3.7996838 -1.4911546
-2.714919 -2.5441551
-2.1706061 -1.9224459
-1.3874398 -3.40263
-2.0890167 -2.0042706
-3.3468683 -3.1059484
-1.407258 -2.1316864
-1.1990469 -2.072673
-2.1057467 -1.0429631
-3.0929775 -2.5415847
-0.8242016 -3.169805
-0.65127313 -1.5937828
-0.78970605 -1.8630493
-0.8105111 -5.343626
-1.8433464 -3.2453785
-4.0952544 -2.510327
-0.7894067 -1.8097452
-0.6336265 -2.2161303
-2.8649147 -1.6003463
-0.68267274 -4.222776
-0.28488702 -2.9545763
-2.2918146 -2.0918448
-1.8564103 -1.5475852
-0.698562 -1.185092
-1.2802864 -2.6354024
-0.64870876 -3.078976
-2.2825096 -1.6482372
-2.071843 -3.0589385
-2.5315268 -3.1455538
-1.0146394 -3.3966775
-1.79015 -2.8964794
-2.3224177 -2.0357282
0.069329634 -0.612671
-2.7301779 -1.8525451
-2.0022862 -2.367815
-2.697762 -1.9455023
-1.927923 -2.490792
-1.7893715 -1.921715
-3.5597975 -1.7277657
-3.6929414 -1.5282553
-2.7078362 -2.4784997
-1.6819968 -1.2236841
-0.9619598 -3.7405684
-0.9081994 -3.5557456
-2.357988 -2.243936
-0.7525731 -3.225385
-1.9189311 -2.678202
-1.5840571 -3.8584685
-1.1085348 -1.5169153
-2.135978 -1.4134016
-2.1096525 -2.291203
-2.4717236 -1.7537193
-1.5978492 -3.1215038
-1.4683572 -1.2963444
-3.3398113 -2.356728
-0.9439793 -2.8416283
-1.9068552 -3.2981899
-1.4545089 -2.6137261
-2.94254 -2.3853214
-0.8305528 -2.952925
-2.7420738 -1.9049978
-1.6130887 -1.7867613
-1.1439658 -2.754554
-2.2609324 -1.6605026
-2.0398464 -2.2242713
-3.3084857 -1.7371104
-3.67177 -2.0009725
-1.3414682 -2.7147968
-0.4053815 -1.2203869
-0.9510952 -2.0918548
-3.6397727 -1.4204769
-1.9492276 -2.6145394
-1.671802 -1.806627
-1.366384 -0.7948855
-0.2119324 -4.6211452
-2.1200924 -1.9255291
-2.4184299 -2.2048254
-3.1769013 -2.4265475
-0.71305496 -0.5996033
-3.1778173 -1.3282938
-1.7523463 -1.7595376
-1.2932341 -1.8879898
-1.3716769 -3.1340172
-3.229908 -1.4655514
-0.7405734 -3.3267362
-1.0159733 -2.4766228
-3.167286 -2.472847
-1.7011778 -1.4831009
-2.36817 -2.0275218
-1.0827941 -2.3640504
-3.4074814 -1.4201156
-2.5314617 -1.5880944
-2.0482635 -2.3037555
-1.0106307 -1.9035431
-3.1551747 -2.9472926
-1.2892362 -2.8878996
-2.3573606 -1.6390618
-2.0139058 -2.7146266
-1.8452897 -3.2231574
-1.8449092 -1.989446
-3.705672 -3.1798778
-1.7772623 -2.9705927
-0.12166929 -3.1204064
-0.16794595 -3.9252336
-2.511329 -0.4190848
-2.618454 -1.3658797
-2.8851693 -2.5148253
-2.3515944 -2.8575423
-2.7041216 -1.1929231
-2.680058 -1.7690037
-3.5143142 -2.8300884
-1.4568628 -2.17505
-2.3049176 -1.541927
-2.9122055 -2.5484533
-0.950069 -4.1871634
-1.951193 -1.1911075
-1.0119461 -2.5076544
-2.5048943 -1.3565785
-3.2533643 -1.9569844
-0.9392297 -2.1198356
-1.7946719 -1.8157511
-2.7128272 -2.100743
-2.4070115 -2.5089746
-2.0336444 -1.8063056
-2.2457774 -1.851059
-1.0856756 -2.4413145
-2.9285781 -1.2473547
-0.009312257 -3.9256473
-1.0056012 -2.5683038
-2.504075 -1.9251361
-0.6050733 -3.7320035
-2.5280166 -1.4912246
-0.48722208 -3.9648268
-3.3571568 -3.7440774
-0.064180925 -4.4883103
-1.3370053 -2.503966
-2.0594504 -1.2987425
-2.1867537 -3.3943431
-1.9786998 -2.806623
-2.9274445 -0.613148
-2.8799255 -1.7860512
-2.6933835 -2.6552317
-1.5662944 -1.8108908
-1.3004823 -2.1730297
-2.532283 -1.913176
-2.3535533 -2.2441158
-0.8584204 -4.4540515
-1.1017009 -2.906678
-3.0727718 -3.5782642
-1.4716042 -1.4572526
-1.5559692 -1.6389744
-2.467076 -1.3869709
-2.080836 -1.7805563
-3.38415 -2.8892643
-1.1736842 -2.684535
-3.7219615 -2.037064
-1.3407903 -2.6475282
-3.2716684 -2.0644014
-1.038879 -3.1797795
-3.0661843 -3.2530909
-0.7777887 -2.7346234
-3.3260586 -1.6824428
-1.9665388 -0.8976816
-1.9719099 -1.1354904
-0.94928986 -3.2126603
-1.5324831 -2.8255436
-3.0190825 -2.7484446
-2.8943021 -3.2467425
-2.7952194 -1.0659132
-2.6239831 -1.7185811
-2.8234322 -2.457753
-1.5050994 -3.8521984
-1.2381366 -1.2388155
-2.1935403 -3.2937317
-2.577925 -1.5489627
-0.76384467 -1.8540714
-0.683041 -2.8299456
-1.8078414 -1.1597921
-2.367483 -1.9472446
-2.2137449 -2.384781
-0.35658586 -1.915085
-2.3919504 -2.0081701
-2.36141 -1.2406192
-1.7723902 -3.2156618
-1.9863743 -2.72973
-3.0653837 -2.8731928
-3.4299495 -1.2497566
-0.19917385 -1.362467
-1.6146809 -2.39513
-0.8779061 -2.8131366
-1.1972299 -1.8211665
-2.3070514 -1.2405138
-0.09495343 -0.92867506
-3.118684 -2.8848119
-2.6549928 -2.2884912
-1.6292 -2.5027559
-2.570523 -1.225727
-3.0359862 -2.1131692
-2.5052228 -2.3593788
-0.71172655 -2.0712805
-1.3537749 -2.255288
-2.8002717 -1.8785133
-1.2275077 -1.2872694
-1.1940967 -3.6088376
-0.9961278 -1.6032127
-3.1215878 -1.6732259
-2.0475297 -2.339722
-1.9377285 -2.191694
-1.2367448 -3.0597289
-2.7094882 -2.136172
-3.0172062 -3.7145014
-1.7555851 -2.8468008
-2.9093797 -2.0442624
-0.7575697 -2.6507204
-1.8920934 -2.7003653
-2.204863 -2.491358
-2.1119847 -3.0820582
-1.7421262 -1.8612183
-1.699676 -2.3434372
-1.845612 -2.319563
-2.272345 -0.7211122
-3.396808 -2.2393036
-2.0003057 -2.85187
-2.2115536 -1.5598336
-2.2302349 -1.8285618
-1.8060789 -2.9792583
-1.2598052 -1.6649008
-2.910011 -0.79396164
-1.5741059 -3.37384
-1.6015886 -2.253309
-1.359369 -3.8606474
-3.709559 -2.9736202
-1.7017666 -3.3243997
-0.8665832 -4.4843597
-1.420675 -1.9808384
-1.9167283 -1.4131364
-1.0335904 -3.3398097
-3.8443959 -2.9340413
-3.1308064 -1.8947059
-1.6420339 -1.7678344
-2.7632399 -2.4942248
-1.3672279 -3.3582652
-3.2188642 -2.8962576
-3.2868965 -3.17869
-3.5393207 -2.2848086
-1.459416 -3.3290465
-0.2619297 -2.9132793
-1.7880746 -1.6496365
-3.5162764 -1.7166702
-1.9132637 -1.8436823
-2.1465461 -1.2913967
-2.8706186 -2.6364193
-1.0632647 -2.2044647
-1.9614152 -0.99902844
-1.5767245 -1.9212486
-2.1680791 -1.9189665
-2.6922295 -2.7375164
-1.197851 -1.6764905
-3.2052767 -2.210217
-1.9330188 -3.0373173
-3.02599 -2.2791293
-0.9663509 -1.357689
-0.49125245 -2.604364
-2.8024154 -1.9451864
-0.61096025 -1.4686731
-1.372558 -3.1592412
-2.9615722 -2.9555683
-2.1647682 -2.9976988
-3.2762072 -1.9310689
-2.4577012 -2.915354
-0.32775426 -2.6925762
-1.5125014 -2.1140416
-1.5914893 -2.3378234
-1.8931475 -0.948611
-2.0222242 -0.4972641
-2.1269407 -1.8376266
-3.151961 -1.6062831
-3.328853 -1.979057
-2.6950738 -1.7633566
-3.3626792 -1.0716441
-1.0391797 -1.8120424
-2.5642033 -2.6957257
-1.1612631 -3.0683296
-2.0641615 -1.4766333
-0.8766144 -1.2817668
-2.7285469 -1.2255275
-1.1248528 -2.2906797
-3.4241595 -1.9384543
-2.9876199 -1.3298186
-2.3868544 -1.6916574
-3.2642877 -2.006774
-2.0410197 -3.4170597
-3.187053 -2.2985847
-2.230723 -1.1707138
-0.4831581 -4.2070055
-3.1494973 -2.4148173
-2.3651686 -1.7742261
-2.4224737 -1.9616851
-2.2044108 -1.610968
-2.4355733 -2.0460405
-1.6743559 -2.6931522
-0.90609074 -0.9249164
-1.914569 -2.4663563
-1.4382324 -1.7813636
-1.6768929 -1.3764431
-2.376096 -1.7285928
-1.4568548 -3.3143666
-2.1772525 -1.3110893
-2.6109202 -2.8809314
-2.4341576 -1.313066
-0.97653776 -0.8975918
-3.5166137 -1.8179979
-0.9652608 -2.1885664
-0.32844833 -2.9618425
-0.6480586 -2.1270356
-2.2681172 -2.7050996
-3.0160556 -2.4326267
-0.14667085 -2.6473036
-3.0396538 -2.9894786
-1.3726034 -0.056842387
-2.9381022 -2.2555614
-2.1874087 -1.5471056
-1.7525204 -3.4154282
-2.2864127 -1.6585108
-2.6863167 -2.487888
-3.4005911 -1.3104459
-1.9741042 -1.128884
-3.4231913 -2.2372897
-2.8367765 -2.3069508
-1.556409 -1.6891357
-2.5731866 -2.1816304
-2.5927596 -3.3385644
-2.4220715 -2.4491904
-1.2210475 -1.7995944
-2.8421779 -1.1659471
-2.7932982 -2.4181914
-4.021219 -2.6000037
-1.6467724 -1.7331644
-2.1345983 -2.732705
-0.9056214 -1.4261702
-2.192673 -0.85219455
-2.3863072 -2.650751
-3.697523 -2.3160121
-1.930852 -2.7634866
-2.8031876 -2.1520643
-1.4892423 -3.8571577
-3.114123 -2.09943
-1.3233434 -3.735675
-3.1473017 -0.57717836
-2.7583961 -1.3887733
-3.2382796 -1.4628333
-1.4048268 -1.6971753
-2.8590565 -1.8222742
-2.1569324 -2.5089943
-1.51155 -2.7748344
-3.1894858 -3.1939466
-1.6340806 -2.1948473
-0.72118026 -2.842717
-1.0534141 -1.8252478
-3.2794561 -1.6605934
-1.2470347 -2.185351
-2.38841 -1.5897906
-1.0474645 -3.0284941
-1.8690366 -1.5347143
-2.1458209 -3.062209
-0.25529927 -3.1840343
-1.9248376 -2.3174548
-1.8740765 -3.2117527
-2.7563937 -2.8104577
-0.98611856 -2.081048
-2.225234 -1.8839992
-1.0293716 -4.1301765
-2.1582892 -2.346629
-3.709578 -1.8818556
-1.2591081 -0.6484654
-1.8818195 -2.0661173
-2.0617194 -3.2093196
-1.1887718 -2.0577524
-2.9241982 -2.3237054
-2.0343294 -3.617882
-3.6377778 -2.3367116
-2.01025 -2.4472272
-3.0451686 -2.2997768
-3.3036773 -2.3226566
-1.385829 -1.8701116
-1.9296708 -2.111512
-1.6818161 -2.0876637
-2.389035 -1.5256265
-1.5926322 -2.8003037
-1.9966942 -1.3082407
-2.5868845 -1.8017812
-2.607707 -1.2724917
-2.0574884 -3.5492098
-1.7917644 -1.5401367
-1.3106455 -3.6664543
-1.4383326 -2.021603
-2.965583 -1.3776441
-3.2867222 -1.4904532
-3.8835049 -2.0849304
-1.9159099 -2.1790497
-2.4803658 -2.3113785
-1.2034372 -2.695093
-2.3837037 -1.1423042
-1.9145825 -3.8865197
-1.8596059 -2.188608
-2.3504791 -1.4884884
-1.9681 -1.1948808
-1.9157687 -0.8242403
-1.8260522 -1.6063546
-2.6165223 -1.0973974
-1.5951663 -4.05858
-1.4820746 -2.3855226
-2.4771767 -1.4045911
-3.6862116 -1.9014553
-1.7290273 -1.8657831
-1.0531982 -3.907487
-2.1189802 -2.7231898
-2.6957674 -2.012477
-2.508177 -3.1762826
-2.4409416 -2.393466
-2.8312798 -1.5342691
-1.9062377 -1.4159697
-2.8677077 -1.8257365
-2.1886811 -1.4987985
-1.0266501 -3.7680502
-2.1229937 -0.39114973
0.032351032 -1.8908428
-2.963577 -2.0445278
-1.9467913 -1.4923385
-2.3799567 -1.8726666
-1.0961508 -2.524204
-2.3860655 -2.5029047
-1.685908 -1.670166
-1.6319569 -2.8185272
-2.830175 -2.252996
-1.330203 -1.6382121
-2.2967846 -1.7735454
-2.1613212 -1.7353176
-1.9467925 -2.4714081
-2.7654688 -2.3538036
-1.3887742 -1.483063
-1.2777205 -1.2093896
-2.5806608 -1.8729879
-1.3391607 -2.8994236
-0.8630363 -2.9820204
-3.3925245 -2.2123926
-2.8497756 -1.4519663
-2.2376301 -2.1460648
-2.611386 -2.0738554
-1.0772898 -3.3015013
-1.6883878 -1.3956959
-2.6355472 -2.449374
-2.0398207 -3.0884662
-1.3543234 -2.7100406
-1.1381848 -3.0081468
-3.2894042 -1.5470389
-0.9935322 -1.4478474
-2.3764021 -1.6252089
-1.0735502 -2.0330818
-1.375221 -1.6514946
-0.6567646 -2.9031794
-0.2930836 -1.3922555
-2.8492744 -1.766473
-2.7112644 -2.6674242
-4.151439 -2.2094035
-3.1210935 -1.762764
-1.3730863 -0.98510635
-1.4694164 -4.08249
-1.3224316 -2.9996161
-1.3339062 -1.9066806
-1.4721751 -0.6122868
-1.6848097 -1.5272268
-2.6919706 -2.1438441
-1.7459636 -2.219132
-2.629406 -1.2282141
-3.026623 -2.093044
-1.6747544 -2.0777245
-2.939448 -3.1181426
-1.5854365 -1.3672415
-3.206406 -1.3523936
-2.0445738 -2.3121727
-2.6468801 -2.89371
-1.8998334 -1.4929138
-1.3729926 -1.9337573
-1.2402223 -2.0544086
-2.229787 -2.951293
-0.94580144 -1.8062518
-3.2081501 -3.4760692
-1.3675866 -0.6533454
-1.7107735 -3.8443062
-3.0309675 -1.6560636
-3.1878216 -1.8695974
-2.7580266 -2.3347821
-1.0740538 -2.6546583
-3.6098092 -2.344013
-2.7622736 -1.470608
-0.7867233 -3.1942587
-2.6602666 -2.0769324
-3.382912 -2.4063065
-2.8583834 -2.4221532
-0.4058833 -1.8580377
-3.1214204 -3.4057631
-1.8008089 -2.6923437
-2.0856545 -2.639355
-2.5346124 -1.555213
-2.798218 -1.3905971
-1.0105981 -3.7731278
-2.9696302 -1.9464881
-3.231763 -2.7029436
-0.15901786 -3.3175287
-3.070102 -1.6659416
-1.8506376 -1.8451177
-2.4904985 -2.2891235
-0.6036125 -1.528063
-1.94623 -2.316243
-3.689389 -1.6103013
-2.4484134 -2.1940608
-2.4340932 -2.1600227
-2.6850944 -1.8313942
-1.6139991 -2.0899441
-2.757825 -2.7111807
-2.3788426 -2.2894588
-2.0194461 -2.8943503
-1.050437 -2.6020284
-2.4982922 -0.89311373
-1.7447002 -1.2125517
-3.153969 -2.457747
-0.6516667 -1.4375771
-0.5072441 -2.6547654
-0.010637313 -1.9317055
-2.8216083 -2.1422637
-2.5882306 -1.3153296
-0.9433153 -0.871616
-1.8037009 -2.7717245
-0.61861163 -2.7059605
-0.98629737 -2.0049858
-3.2557411 -1.4388212
-3.41717 -1.8493749
-0.98898077 -3.3956723
-1.4369828 -1.8759443
-3.4438994 -1.8080442
-2.4747756 -1.285242
-2.5164833 -1.7663741
-1.4886564 -2.2123795
-2.3223863 -1.3165042
-2.0335882 -2.0797477
-1.8347584 -2.3351288
-1.6960869 -1.569447
-0.6987117 -2.825467
-2.591704 -2.7257347
-1.2114639 -1.8305215
-0.78923094 -1.8957087
-1.8759403 -1.3160799
-3.03608 -2.4979105
-0.08628622 -2.8020225
-1.3800188 -2.7069514
-2.761871 -2.5496671
-1.0142447 -4.2748394
-0.5347214 -2.6607828
-2.547677 -2.3638568
-2.5220726 -1.302346
-1.7345856 -1.5999348
-3.937653 -2.5104668
-3.3783998 -2.4574351
-1.851608 -2.6605022
-3.3154833 -3.5714047
-1.4978669 -2.082349
-3.1263542 -2.4147034
-3.1898584 -1.6813524
-0.7545226 -2.9910555
-2.4475524 -3.2747197
-2.4656208 -2.9182441
-1.8709704 -1.1437619
-1.632541 -2.003498
-1.2518045 -0.8306937
-2.1191115 -1.1445955
-3.0225194 -2.6426
-2.0031788 -2.0003521
-1.7969184 -1.4933531
-0.611644 -2.4659066
-0.9599716 -3.2826507
-1.7447475 -1.0371358
-2.7452018 -2.0924182
-2.3468142 -1.8476095
-0.9315024 -1.5175011
-1.5643172 -2.9242136
-1.8563404 -2.4142616
-1.9934169 -2.8007257
-0.16397929 -3.1821904
-0.33150744 -3.2471342
-2.0003183 -1.3600695
-2.6843297 -2.132718
-2.8624897 -2.28961
-2.0470986 -2.0565715
-3.4433184 -2.4715548
-1.7726399 -2.5049932
-1.4783347 -1.9566315
-0.5473211 -1.8367375
-1.4352705 -1.4956981
-2.6707582 -3.0446162
-1.9032725 -2.0898254
-1.162242 -4.5832057
-2.3635976 -1.8108777
-1.4054756 -1.661789
-0.6676606 -2.4700675
-1.2213577 -2.9668596
-1.913314 -2.6350605
-3.2094357 -2.2659862
-2.4712808 -2.1856554
-0.2480244 -3.4893897
-1.4645187 -3.6780221
-1.2003399 -2.5472176
-1.1558998 -3.110352
-1.641567 -2.725246
-3.0448785 -1.6572956
-2.0138688 -2.0983164
-2.5287347 -2.9614227
-2.9213278 -1.9542822
-3.063201 -1.446129
0.54615396 -2.822502
-3.830017 -2.0753806
-2.8838458 -3.4241202
-2.2001085 -2.996768
-2.3356519 -2.4721415
-1.7746508 -1.4697406
-1.7747065 -1.1217854
-1.8549753 -1.7022177
-3.1803672 -2.3007045
-2.059024 -3.3844547
-2.3133473 -2.0086906
-1.7215277 -2.8388069
-2.347902 -1.688866
-2.6160603 -1.8115106
-2.9454021 -1.7336762
-1.5960127 -2.9672284
-1.8625978 -1.9870687
-2.510126 -3.1587048
-2.5681808 -1.9137497
-2.9924366 -1.2654284
-3.4136107 -3.5358045
-3.4059205 -1.7465873
-2.9123726 -1.7825817
-0.5919328 -4.0634313
-1.1604671 -2.777842
-0.654049 -2.641798
-1.7192276 -3.0227213
-0.897083 -2.695068
-2.1123059 -2.1370566
-0.97244364 -1.6155089
-3.0454488 -2.9135063
-2.0781045 -1.9182656
-0.54335946 -3.8815012
-3.1629028 -2.4456294
-2.1738153 -4.277907
-1.6360542 -1.8010519
-0.9156912 -3.3719728
-1.5239931 -2.5620785
-1.771493 -1.1240733
-0.98375845 -2.3205802
-1.1284877 -3.4973915
-1.9243062 -1.774419
-2.6471574 -2.026774
-1.1276686 -3.3702993
-2.505694 -1.4488095
-1.3776758 -2.2080462
-1.1593053 -2.8521326
-1.981934 -0.77597415
-3.0980935 -2.0764854
-2.0407867 -3.6295173
-2.3198328 -2.5956955
-3.1975217 -4.068071
-1.9361932 -3.0431209
-1.4323734 -3.5889776
-2.624463 -2.1392243
-1.9727395 -1.6110988
-3.224207 -1.929823
-0.51602817 -2.8652442
-2.4782515 -1.0282127
-3.0738342 -1.5545994
-2.8981535 -1.792459
-3.378138 -2.4615786
-2.823219 -1.9373976
-3.468138 -1.3792058
-0.58658546 -3.5349019
-0.1928271 -2.7234826
-3.168212 -1.1995534
-1.4934303 -1.6840805
-3.6283092 -2.3820808
-2.263282 -1.9380038
-2.9493656 -2.4675748
-0.0830791 -2.2648814
-0.55766714 -1.4295539
-2.6897218 -2.816592
-2.5398455 -1.646993
-1.9390213 -2.528511
-2.2880938 -1.5894713
-1.1330817 -2.2214112
-2.0911117 -1.9021244
-1.4344636 -2.3624413
-2.5620887 -3.8888159
-2.6794467 -1.367307
-1.7839599 -1.6589805
-2.237879 -2.670588
-1.544452 -1.420326
-1.5859715 -2.0316327
-2.1747067 -2.6207657
-1.502997 -0.6778131
-1.4255904 -3.0423217
-3.034629 -2.7789912
-1.8902009 -1.2115147
-1.5442324 -2.8341718
-1.2020608 -1.9368823
-2.4375439 -0.8124453
-1.8592359 -3.8888597
-1.517837 -1.5426
-3.046405 -1.9652973
-0.3357604 -2.939762
-3.403288 -1.4261609
-2.294054 -1.8661177
-1.1572814 -1.5707023
-0.2572829 -3.8618143
-3.0856895 -1.8208063
-0.36070204 -1.7421038
-1.441529 -2.2577846
-3.0927413 -1.2170414
-2.0470562 -2.1171129
-2.3932061 -1.8112673
-0.5589142 -2.5870562
-0.18525909 -1.6083968
-1.5767127 -2.0008671
-0.34270042 -2.38187
-0.6926536 -2.333381
-2.5858035 -1.477267
-1.6615251 -2.5045114
-2.0805361 -2.9895713
-1.9786826 -2.5561285
-1.2390954 -2.6470609
-1.5647157 -2.3663118
-4.0970907 -1.914491
-3.1248772 -1.7096525
-3.844037 -2.6557074
-0.48754483 -4.0512576
-1.0186046 -2.0278983
-3.142292 -2.4028625
-0.24914674 -1.8032482
-1.522855 -2.4856164
-2.7573142 -1.6232301
-1.4599365 -2.4211195
-1.0806593 -3.7330146
-2.0571191 -2.1400464
-1.2195475 -2.9400694
-2.2759824 -1.0101273
-2.0243456 -1.2066344
-2.059393 -1.2381716
0.4790187 -2.531336
-1.603629 -2.9787323
-1.6766064 -1.5872165
-2.486865 -1.2830933
-2.6788602 -1.50743
-0.039079517 -1.6243764
-0.8910633 -2.5131612
-0.7182403 -1.4167118
-1.8352358 -2.5807483
-0.657514 -2.5924318
-1.2608181 -2.0735745
-2.3270955 -3.3493717
-3.6744924 -1.3067199
-0.10489984 -2.7787468
-3.2306898 -1.9475299
-2.0418124 -1.5151234
-2.0931964 -1.6929939
-0.9846719 -3.0030527
-2.3686113 -3.4600708
-0.10296725 -3.6444705
-2.3134768 -1.144088
-1.6561342 -1.2711267
-3.7826188 -2.4186196
-4.2143116 -2.470029
-2.6548712 -2.297293
-1.5569078 -2.5108533
-2.228157 -2.0353806
-1.2645993 -2.1080852
-2.0368373 -2.9783556
-2.1647282 -3.3482141
-1.5918875 -2.881379
-0.5722153 -3.9754512
-1.5122077 -1.8258299
-1.1473927 -3.45975
-2.302349 -1.8334211
-1.1233763 -2.1771817
-1.6235158 -1.000589
-1.3668973 -2.6158915
-2.3282142 -1.2550416
-2.697814 -1.3455563
-1.5916137 -2.1038675
-2.6985645 -2.393151
-1.36584 -2.3471224
-3.768651 -1.0205487
-3.7488568 -4.112276
-2.1145532 -2.2099538
-1.0218126 -2.7046454
-2.6064904 -1.3757758
-2.1843998 -1.2045475
-0.7343772 -1.7632115
-2.1538374 -2.1726315
-1.5687091 -3.8633835
-1.017186 -2.4120765
-2.3640862 -1.8812916
0.25076365 -2.5578628
-1.4573492 -2.4884746
-0.8541385 -3.274186
-1.2967943 -3.1838026
-3.6916184 -2.7057543
-2.1326103 -2.6866233
-1.8981757 -1.8472807
-2.3450217 -2.506777
-2.1827273 -2.6177845
-3.2023127 -2.2718701
-0.39087495 -2.4624724
-0.9668267 -2.2267523
-0.48191205 -1.7044392
-1.6175585 -0.8350326
-3.164228 -1.5515964
-2.4673207 -1.6182605
-2.2094414 -2.4025028
-1.798136 -1.9298604
-1.7850616 -2.7210553
-0.7582826 -1.6560968
-1.9564078 -1.2205117
-2.2228794 -1.5225081
-1.3710355 -2.2799652
-0.9351882 -3.3750212
-3.7018278 -1.7387453
-1.0522016 -0.5139765
-1.038341 -2.4817822
-1.3285433 -1.8704445
-2.5120153 -2.3356638
-1.1425047 -1.0901614
