0.25006932 1.5315293
2.5609925 0.3753391
1.0170743 0.8617225
0.6487118 0.7424977
1.2542241 0.48651993
0.37142456 0.9409891
0.93525404 0.5606193
1.5999823 1.2730179
0.4605577 0.7393714
1.6960077 0.27488273
2.3009007 0.8140455
0.9532452 2.2920704
1.9530213 0.04843463
1.806325 -0.07668789
0.20580664 1.9146376
-0.47093743 1.3219002
1.1829293 0.645795
2.5630474 0.088666305
0.08405471 0.68989605
1.7734773 0.82566637
0.91694635 -0.069616005
0.49587876 1.1193478
0.6719268 0.10177259
2.6213465 -0.05898133
0.616709 0.87698215
1.0882683 0.33993536
0.21113977 1.3779699
1.3065124 1.0613594
0.22074535 1.6065719
1.3988514 1.0280796
-0.18288837 0.34042925
1.9451439 1.2319773
2.609663 -0.47752008
0.47638255 1.0731655
0.46920085 1.0822405
1.7111771 1.3481892
0.7883883 1.1670507
-0.7084783 1.1483843
0.41373718 1.3915479
0.333147 1.1522899
0.43919617 1.8686814
1.8688872 0.87407607
2.0312965 1.887392
-0.41990447 -0.05378619
0.11354926 1.8084235
0.11671671 -0.18708812
0.70733213 1.7272694
0.48543942 0.898766
0.11740878 1.4500263
0.55424744 1.4955412
0.3414697 0.9553277
0.8295954 0.8003817
1.6889534 -0.256534
2.134021 0.8439409
0.574064 1.6762443
1.301101 -0.029383153
2.4963496 1.4067568
-0.2842036 0.93583876
-0.37481344 0.8486981
0.6733137 1.2093906
0.31340712 0.86085266
0.23136395 1.1262426
0.46547538 -0.14472175
-0.7215885 0.9977259
1.1767609 0.7243209
0.8697434 1.0840844
1.4997985 0.07704516
1.0047553 1.0430751
0.5777397 1.8933733
2.9990258 -1.370501
0.7491207 0.84383327
2.0620186 -1.3819729
0.75996524 -0.25638172
-0.61865175 0.83378476
1.941226 1.6122074
0.84783 2.0758355
1.2318428 0.76652104
0.6496412 -0.5326388
0.790598 0.95073146
0.38908684 0.9354785
1.4240246 1.5248381
0.61952454 1.8831377
3.4256117 0.3005556
-0.06714971 0.5263585
0.37526697 0.11272438
0.3071869 1.0930299
0.9103734 0.9830763
0.01074788 2.6888616
0.3721376 0.6031294
2.627653 0.30717152
1.4897237 1.2402765
2.0335524 0.38963753
0.76522213 -0.468234
1.8540134 0.9174009
-0.003847003 0.016878739
0.72479945 1.6426944
2.081601 -0.22552377
-0.4329235 0.85806996
1.7461085 0.83577245
0.44235408 1.6092522
0.27581733 -0.21488501
0.18886772 1.3884959
-0.13164507 1.7297037
0.63684756 1.9312453
-0.038496196 2.0342913
0.31816792 -0.73404425
-0.1529384 0.9973667
1.8142972 0.5639101
1.7075884 1.1444043
0.2794177 1.8226101
-0.45637113 -0.4345129
1.8427773 1.3989532
1.426655 0.8353296
-0.3680845 2.1073806
-0.52851784 0.92297155
1.2743158 0.68951666
0.7202491 0.8461434
0.3435679 0.5458682
1.3026044 0.04200442
1.1252205 -0.15678787
0.31678134 1.1644537
2.5812747 0.855051
-0.26886845 0.91718906
1.206667 1.0009863
2.580213 1.0440258
0.5264345 1.5930713
2.3239355 1.4727472
-0.7128272 0.6703745
1.9135303 1.5867758
1.0189185 0.3458798
1.2575588 1.8936107
0.9608683 -0.9202253
0.063474715 1.7134959
1.5315661 0.66753626
0.7875857 1.2911155
1.5106974 0.33176178
0.6688034 -0.13270509
-0.42494643 0.4426282
1.0457973 0.33278036
0.48591888 0.12401463
1.9881849 1.3025837
1.7679062 1.4121166
0.40250182 0.9947477
1.0904465 1.814553
1.7792096 1.3201576
2.28441 0.12378107
1.255007 0.026721194
1.8846471 1.2522607
1.1783633 0.33510095
1.4502418 0.9317494
0.70876026 2.1757696
2.285162 1.1528186
0.83595926 1.8482163
1.9184477 1.4923704
1.1661193 0.7333559
2.3145056 1.5978107
1.3591206 1.2473594
0.10724011 1.6872149
0.2034755 1.7448834
0.5437449 0.47893494
2.8915482 -0.008867115
-0.0076339394 0.9950096
0.79800445 0.49533725
0.76976806 -0.09510596
0.5094993 1.0357769
1.6296306 -0.10389909
0.41254646 0.79895264
-0.1779643 1.453501
1.0757651 1.0492299
3.298411 0.39872956
0.34176338 1.0811182
0.6185395 0.50594246
1.9509304 1.3365909
1.3265333 1.0380154
1.2341089 1.5036349
0.29973382 1.0233899
2.395602 0.9737918
0.6172973 2.4108243
0.96529275 0.35884172
0.30295312 0.5354179
0.87752074 1.397658
0.34495068 1.606314
0.40623784 0.85653704
1.383163 0.7024964
1.5882757 0.9550924
-0.18897587 1.9001861
1.2377443 2.2380514
0.4714284 0.7027153
1.1888223 0.99304014
1.7030406 0.07369329
1.5994649 0.08980353
1.1181152 0.6136448
0.6069374 0.6180733
0.08937767 0.8281867
0.80945057 0.82909256
0.6410172 1.2557107
0.053877175 1.1933093
0.5819321 1.5418605
2.5021508 -0.31596375
1.1489434 1.9464207
0.83097166 1.5583329
1.2796528 0.77946395
1.3287172 1.3400853
0.9812978 1.2564981
1.4405704 0.30139554
1.7501392 0.45746624
-0.028034568 2.1729467
1.1867268 0.11513139
1.8424871 -0.77988565
3.60386 1.5173898
2.4059467 0.51824355
1.243947 1.2446111
1.5672736 -1.4512829
1.9369762 -0.22600062
0.91269594 -0.8784273
-0.17372262 1.1292859
1.8990719 0.6544349
0.21166816 1.3461539
0.69018286 -0.20503345
0.6450128 1.6697785
0.047873884 2.0151806
3.0025718 0.019444868
2.2739935 1.0127641
1.3504717 0.50292426
0.66795087 1.3360878
2.9318993 1.3124856
-0.066351 1.4137126
1.0923469 0.20716159
1.7189801 0.45077574
0.67490447 0.9829584
0.33394372 1.5301869
0.8252582 0.2205045
1.5864363 1.6955044
0.17705673 1.2311155
2.0359368 0.69773203
1.4551797 -0.097643375
1.3600719 0.9986866
1.2981765 0.7853047
1.4871109 -0.4152173
0.73017323 2.0387259
0.501102 1.3275164
1.5193293 0.08849166
0.83476955 0.7076984
1.365984 0.640303
1.642782 -1.2830783
0.32410687 1.4906906
0.6195218 -0.3570477
0.8669273 0.4514578
0.8568149 0.104705706
0.1348207 0.03645824
0.062674046 -0.17194569
-0.29015464 1.916116
0.7101201 2.1745825
0.33076525 1.1284164
0.014624 0.6367791
0.40853852 0.42566615
0.68882 1.9621716
1.4043996 1.854214
-0.11985341 1.471015
2.1709223 -0.84329313
-0.886937 1.2301693
0.061825305 0.35641462
0.8826178 1.359542
1.1669948 0.79065675
-0.6715802 0.38495487
-0.30711997 0.41679865
1.0650475 -0.13584769
1.4779003 1.5522503
1.9878149 -0.41601583
0.7399236 0.74544597
0.08045465 0.9036003
1.3639846 0.35162956
1.1976581 1.3953183
0.981471 -0.09642948
0.49228114 -0.2723161
-0.2809046 0.51532286
1.4980037 1.4668932
1.040669 0.41112834
0.13985899 -0.08495054
0.8798297 0.11454411
0.887883 0.4477356
1.1003292 0.8564027
0.83312196 1.5577782
2.1095102 0.21750419
0.8570091 2.4424312
0.5859355 -0.06257619
-0.031023294 1.2000031
1.6825054 -0.13832852
-0.14453995 1.5030351
0.8511551 0.69240326
1.1752343 1.0573705
0.58726144 1.0163541
0.6147669 0.9818482
0.10526872 -0.35667646
0.28616017 2.132561
-0.34055287 1.4658465
0.50719696 0.99750227
2.0580525 -0.6308613
1.1779716 -0.20081359
1.2161517 1.3940618
0.8632918 -0.16973145
0.51264215 1.1036435
1.5615757 -0.65600634
2.3234053 0.4901148
0.3202293 0.7105799
0.93022984 2.0660698
0.38233942 0.8889697
1.2398703 -0.5050729
1.9476511 0.20790552
-0.1985681 1.300512
1.4987366 1.6791564
0.9978493 0.11175491
1.1493742 0.5010788
1.864217 -0.106806025
-0.79592 0.21291848
0.3975569 0.23788793
1.0129738 1.0958339
0.11547598 0.8992694
0.97912985 0.90457827
0.7805571 -0.038940683
-0.0008621216 0.010105863
2.3477972 -0.046751127
2.2755578 0.8214825
0.46011376 0.80614024
0.98458916 0.8197518
2.3982027 -0.67230934
1.5798855 2.7179196
1.1281536 0.9841091
-0.7226534 0.080328
0.7569782 1.4430726
0.63752466 0.1938196
1.2294891 -1.3791953
0.1323305 1.3327496
1.9535942 -1.1013614
0.18052223 0.21207015
0.29766685 2.3445935
0.5123888 1.1138976
0.8045686 1.0276189
0.05376637 0.5357926
0.9546265 1.2106341
1.8343093 0.7039381
0.51414466 1.0219799
0.68595546 0.77191347
0.27017796 1.5922902
2.2898965 1.3176483
1.7407408 0.17323478
1.6348505 0.72116566
-0.39884079 0.60057235
0.07495406 1.114489
0.44141853 -0.29699808
1.2848153 -0.6255966
2.3090484 -0.48968422
1.2461374 0.94771534
-0.2710408 0.914607
2.1122406 -0.11494479
0.72443575 0.14342506
3.3449938 1.7677047
0.5389445 1.1411947
-0.42565453 -0.78427637
4.146696 -0.186947
0.71926326 0.52390385
0.21472633 1.2122023
0.9303302 1.2395642
2.716872 -0.3390151
0.60357916 1.1776046
0.15010515 1.2376058
0.72193205 0.5054601
1.0547032 -0.18489474
1.6214218 0.049953267
0.48102134 0.68077123
0.9033676 0.90506023
1.4630013 1.8427594
1.0919158 0.32569408
0.79188293 -0.32302284
0.1663807 1.3187408
0.5615836 0.93203336
0.40460092 0.6688165
0.5910938 1.0550219
3.1095448 0.67686063
1.2804017 0.64494514
3.2435594 -0.13408822
2.2392485 -1.789418
3.0630147 1.1100833
0.16363537 1.6557975
0.6735109 0.4874308
1.5100911 0.68796635
1.2781477 0.6923086
1.7490339 -1.5091633
0.7156611 0.43662852
2.171181 0.5749137
0.53476787 -0.059474975
1.0224774 0.9093576
1.1156642 0.5952133
-0.6470573 -0.01463455
1.2112148 0.42569435
0.4082951 0.882737
1.2504635 -0.46929103
1.312824 0.9127992
-1.1374881 0.7236122
-0.28678218 0.60983163
0.6659089 0.7899775
-0.03197846 1.4381171
0.87481767 1.1218966
1.1673176 0.26988268
-0.2915716 -0.2718172
0.8943872 0.72142786
-0.6703657 -0.4269758
-0.78011996 0.4888968
1.9062884 -0.5887585
0.13716835 1.5407046
0.8907414 1.8216665
1.294034 0.9602948
1.34163 1.0693265
0.29394156 0.857359
0.35030955 0.63961303
0.90044326 0.7257138
-0.5135009 1.6153201
0.67035687 0.5413433
0.9146095 1.0404426
-0.12492263 1.5418212
2.9318223 -0.11147156
-0.4192899 0.8595014
0.7478807 0.30939597
1.350522 -0.5715983
1.8522539 2.6390529
1.4532733 1.2293589
1.8730671 1.3905197
2.0123615 1.6021014
1.4835944 -0.2500478
2.2234914 0.11369921
2.8897183 0.82653505
-0.28278142 0.3733399
0.72978234 1.3595312
0.428433 0.91817206
3.8343444 -0.33593148
1.6576478 0.67366046
1.5807791 0.08458243
2.6113653 0.6070891
0.46024364 1.9910617
2.2747402 1.3018249
0.99453074 -0.34619784
0.89973456 1.1494807
0.967547 1.0517671
1.3899863 0.28827775
1.8436735 -0.23605378
1.1461987 0.803289
-0.41121095 -0.020301983
1.7336664 0.97862667
0.6672502 1.7194489
-0.11051835 1.2645932
0.51899314 0.49748528
1.1099486 0.7640638
0.17199844 1.2288668
0.56054777 1.3415462
0.050228536 0.17734976
-0.15707093 0.062377885
-0.60312617 1.6016202
-0.26235127 0.5597622
0.3053341 1.4030627
2.0728502 -0.55760825
1.5686915 1.6522859
-0.6968887 1.890708
0.09338382 0.90148467
0.052512407 0.3336348
0.3012423 1.4493005
1.6969635 0.021731183
1.5128942 0.36085832
0.9983466 0.6347897
2.0969408 1.4620669
2.3695233 -0.008492842
0.3478111 0.58160466
0.74878174 0.19515912
-0.5212496 -0.37255412
0.99316674 1.3997787
3.0858595 -0.004819289
0.48119658 1.5250436
2.448343 -1.0755608
3.6985846 0.23442446
-0.02871932 1.1404536
2.145719 0.02815567
1.5409367 0.3581946
1.389354 0.87189585
0.56247526 1.6240933
2.4336472 -0.5151678
1.4793131 1.5865242
1.592263 1.3167288
2.5124836 0.07663016
0.2614202 1.8767848
0.49917817 2.0066123
2.2428298 0.39674574
1.488734 -0.6451964
-0.1347261 1.7469523
0.7803828 0.9123929
0.4728709 1.3332253
1.2174215 1.6445292
-0.08121556 0.06450109
0.31491292 0.9216216
-0.10662745 1.7518054
1.0108953 2.3800921
1.5026109 -0.3875777
1.8278136 0.343683
1.0771534 -0.5104462
1.1930935 1.5567057
1.0090842 1.339045
2.691741 0.046603486
0.7232387 -1.0861136
2.145541 1.3493872
1.5240724 0.67092144
2.588188 -0.40707856
1.0498638 2.01216
0.33808213 1.5942444
1.4940898 1.3821431
0.46354872 1.6551949
0.50230986 1.6834058
1.4963496 0.5443702
1.0464804 -0.046525776
1.843328 0.8553609
1.7505417 -0.26275566
1.1938508 1.8238957
0.09626314 1.7385514
0.33690274 1.3678138
0.15817812 -1.0554343
0.5493543 -0.77747864
0.53327656 1.1086924
2.5683944 -0.34730017
0.028175443 0.515051
0.69567925 0.68834823
1.3569727 1.4054072
2.011741 1.0577112
0.8568812 1.1109549
2.524307 -0.18949941
0.095832884 -0.58096415
0.5275804 1.1175737
0.5452966 1.7613604
1.015157 0.85066086
1.4341516 1.8099825
0.62222415 2.0367556
2.3061028 1.4995054
1.6525435 0.6122884
1.4943306 1.324932
1.0150564 0.3954295
1.9751492 0.43019474
1.916173 0.7598079
0.23658389 1.1431438
1.4254317 2.0416012
1.5642815 1.2542813
0.2102775 1.0712019
0.19227257 1.1334393
0.89431566 1.6738219
1.6872602 0.6646953
0.5941964 0.8726528
1.0290871 1.3543754
3.4465458 -0.036567703
0.771854 1.8256884
0.9549332 1.7321565
1.4358139 0.3313763
2.212266 -0.12692666
0.7975827 1.5938506
0.14273238 1.546105
1.4900732 0.5089272
1.2989602 1.6650705
0.5501844 1.4079301
1.4902773 1.5548285
0.35006994 0.027233705
0.7945263 0.9819513
1.4426069 0.3355738
1.423264 1.1516067
-0.046950325 1.6027495
1.1166353 0.20692982
1.3290849 0.32124144
1.1646104 0.8558677
1.4366789 1.3612452
0.7342944 1.6551535
1.157285 0.44935274
0.8578672 0.98582
0.9288781 1.3233743
1.8499625 1.1462423
0.8223067 -0.13501443
0.14847234 0.61799663
1.1836836 -0.3201254
1.2073767 1.7327774
1.1262825 0.65287447
-0.6893971 0.4333039
-0.0568451 1.2973967
1.2208779 0.20212497
-0.10175651 1.0252609
1.2857141 0.52571493
1.2482173 1.1737279
2.2292113 -1.7344147
0.7229159 1.3349574
0.67810273 1.5199225
1.806442 0.34328568
1.5290415 -0.84055114
0.65830207 1.5523751
0.864152 1.8201659
0.6866474 0.6674077
1.9533043 -0.5517003
0.5261764 0.43996048
0.5342071 1.3961433
0.9383672 0.5276918
1.5505178 0.9748804
2.8686109 0.9873784
1.4975154 0.7380511
2.5637002 0.6811475
1.7022748 1.0607433
0.6735551 0.1004007
1.1150398 0.7410769
3.6877284 0.520475
0.50593066 1.8158214
1.6675293 0.74261147
1.294004 1.8287339
0.8942192 1.0843581
1.4285624 -0.04420057
0.074641496 0.50384474
-0.2360932 0.952905
2.2327285 0.75817037
1.0258715 1.7769358
1.664181 0.054462835
2.0451531 0.5406997
0.28874224 0.06530739
1.3378346 0.20148425
1.7648118 0.88615197
0.10021782 2.1546478
1.5078547 0.120988324
1.4939849 1.29109
0.64734936 1.433184
-0.0002731681 2.3232117
-0.46445748 1.2888186
0.7271678 1.4037826
1.557591 0.023718849
2.3337014 -0.010402158
1.2927575 1.0960997
1.3161724 2.282536
1.2716882 0.40919578
0.7696354 1.4824274
1.8367102 -0.22167328
0.8926988 2.6526644
-0.07522641 1.0793751
1.2132311 1.1512393
0.5582556 0.965414
-0.3903796 0.7019517
0.21136343 1.1753954
-0.055656955 0.518335
0.07659069 0.7791783
-0.08043422 0.6644657
0.37292105 0.3909502
3.703257 -0.2149446
0.5424431 0.14816032
1.9639275 0.19053592
-0.09906249 1.3726183
1.1809502 2.488037
0.49121523 0.7666765
0.8659417 1.3658174
0.68912196 -0.34153712
0.9040418 1.1638834
1.9716454 0.5637425
1.1284096 1.9187431
0.60315114 0.7598814
1.1486523 0.21208961
1.8473356 0.37910932
1.0648072 1.1062604
0.58888805 0.7446393
2.2669063 -0.5287929
0.40237212 1.910095
1.5615299 0.4226091
0.79368263 -0.14268363
0.42856336 2.0822198
1.2588806 1.1409273
0.94896454 0.36752415
-0.9628217 0.30406845
1.0764246 0.2853843
0.82474977 0.09915541
1.4319568 0.9368394
-0.32295683 1.5709667
1.4273162 1.9028327
0.7452615 0.6151203
-0.32563886 1.6069591
2.59961 0.34100932
2.3745944 0.8699098
2.5523643 1.4416455
2.4626627 0.24782003
1.5939488 2.125884
0.30411667 0.10697357
0.7432881 0.8233382
2.651814 1.676759
0.73274755 0.53151375
1.1894758 1.6316403
1.839874 0.52525055
1.4872568 1.6549124
1.0074174 1.796334
1.3072762 0.24235417
0.76906663 1.559889
0.21503887 1.9691517
-0.47419953 -0.45600572
0.82461935 1.1210035
0.21757337 1.0081404
-1.0960362 -0.47346392
0.31859028 0.8580547
1.6079292 1.5198005
2.5781965 0.2728892
1.1391358 0.53392386
1.3447478 1.5302134
-0.3200032 1.0499177
0.72494876 1.1303577
0.48098862 0.84616476
0.12294328 0.46414012
2.0782304 0.047983363
1.8843956 0.8866773
0.30944568 0.72266704
0.9835419 2.2230182
0.21743971 0.7340972
-0.34393033 0.45249188
1.3352563 -0.52148455
0.83547014 0.13591881
0.5230415 -0.094357535
0.7996567 1.6807834
0.48515964 1.6729534
0.8450807 2.0420058
0.41936564 0.50558835
2.0147634 1.8453143
1.3582215 -0.3653943
2.0853794 -0.27277523
0.8447611 1.3184048
3.3449574 1.1526756
1.2310078 1.3390948
0.7280902 1.802505
0.19879088 1.6417829
1.7152841 0.2102985
1.8412015 0.6062402
0.18444404 1.5773699
1.3677261 -0.16857207
0.31204635 -0.68229383
2.2906613 -0.2189478
-0.44194692 1.2979912
2.7825086 1.0938246
1.8265152 1.2382886
2.0514107 0.4674633
0.5490056 0.8407175
0.18652442 0.6325832
1.5575173 0.09073733
0.69049615 1.050353
0.41770196 1.1578656
-0.20183522 1.4807333
3.1819375 -1.4114964
1.515332 0.74989754
-0.12163757 1.4775811
0.41344064 1.7155253
-1.006232 1.2577169
1.544276 0.43755555
1.0741949 -0.123245165
0.03655061 0.6263565
1.0673296 1.3071414
1.18888 1.9519193
-0.87986225 0.6413541
0.95203286 1.2632507
0.117328376 1.0681969
1.1950667 1.7375333
1.3766377 0.9703395
-0.36461547 1.8235159
-0.10605207 1.695162
0.9185999 0.5040193
1.9808383 -0.31907856
-0.2936466 1.4988557
0.11615461 1.6404102
1.3401217 -0.33440202
1.0618603 0.696199
1.6136479 1.2384545
0.9967044 1.1637676
-0.36111146 0.95413715
-0.13133615 1.7175936
0.10224959 0.042166486
-0.29796588 1.5257231
1.098702 1.0267829
2.0796702 1.2479298
1.9260066 -0.4156807
1.6047091 -0.7009241
1.4630334 0.113760814
-0.5754167 -0.3270814
0.71515477 1.1557008
0.74904066 1.9750183
0.96012336 1.2087972
-0.37978613 1.4297785
2.0276504 1.1850516
-0.78232706 0.11346994
1.3298762 0.11673446
2.214415 -0.7368927
3.1766396 0.6199899
1.9773798 -0.18198252
0.301978 0.9116867
0.40678036 2.099396
1.3933394 0.6465319
0.24557972 0.41850752
0.7279559 0.10068031
-0.5402688 1.0832006
-0.0637494 0.09672324
0.612885 1.2769483
0.21183378 0.25105828
2.2248778 1.7433778
0.4979999 0.56293696
1.4549253 -0.7184311
0.35032398 0.6909406
0.039959222 1.4427056
0.38237202 0.38891637
0.27879173 1.4545536
2.4238641 -0.96332675
0.7905218 0.8603464
0.25544292 1.0218041
0.15268591 -0.005968675
0.40235907 2.2481735
0.11485854 1.3658805
-0.81812227 0.38635862
1.6519186 1.5016884
0.31601804 1.3939632
0.58254 1.4428105
-0.4825076 1.1237924
1.0075908 -0.8089891
0.47506082 1.3711495
-0.5790721 1.872839
0.38007367 1.7916939
0.48763222 1.1764387
1.2490001 1.0865041
0.86416763 1.4080052
0.03633818 0.53614336
1.569977 -0.035311
1.4146433 0.0366043
2.230692 -0.0750615
2.0730534 0.30372995
1.499753 0.6123116
2.8716006 -0.6962997
0.67233735 1.2200521
1.5916846 0.13947253
0.32248497 1.3465408
0.4868667 1.0914457
0.29408282 1.3111537
2.1499298 0.33351594
0.7787853 1.22887
0.34304512 1.3143474
2.003311 1.1602832
2.2519593 0.94890875
0.16723487 0.7998596
1.8535893 -0.8294054
1.9685297 1.1707972
1.8275976 1.8623948
3.135371 -0.015755862
1.2820461 0.17548172
-0.23155844 0.79231507
-0.73363096 0.98259395
0.30255502 1.0333201
1.8418605 0.13069616
0.51522386 0.57948786
0.6961376 0.5517998
1.8014545 0.43077767
3.6242495 0.9544503
1.0297654 0.17166243
0.89578456 0.6187966
0.16449305 0.035660908
0.3705892 1.1100973
0.40263838 0.58087337
1.1574843 0.8866926
1.1985011 0.055236742
-0.01991181 1.4627194
-0.13446622 0.9723312
1.0962303 0.668577
1.7909694 0.9117951
1.1910474 -0.5342765
0.99356836 -0.36744058
-0.15374082 0.3878377
1.4491799 1.2128141
2.6229882 0.7043357
0.21604785 -0.011042267
1.4753559 0.40444285
1.3973296 0.46912456
1.1390972 1.3603957
1.2757268 1.0032732
-0.38307923 1.488864
0.82587177 1.927377
-0.2194458 1.171416
0.9521974 1.4678413
3.6253512 -0.7119224
1.8730309 1.6528907
0.78669363 0.29845232
-0.09480521 1.0491719
1.1336243 0.68034565
0.13526356 1.1703575
0.5515152 1.779089
0.71149415 0.911388
-1.6237826 -0.61109465
0.17375451 0.8866814
2.1296363 0.42480224
1.5758264 -0.84789973
3.1765633 -1.361903
2.1422553 0.07262106
2.2140682 -0.8632644
2.4184546 0.1158316
4.518806 0.32587385
1.0561574 1.2395927
0.37054414 2.2527623
1.3337846 0.53851
1.2744052 0.80791825
-0.1204035 1.1927347
-0.06981216 1.9685335
0.4375683 0.15547456
1.0321176 1.7019436
1.9703267 0.8749823
-0.40596575 0.9974546
0.52026755 0.3545853
1.0529156 0.5347819
-0.3846736 0.09030242
2.0446088 0.47393495
1.1637988 1.0057147
1.3908539 0.4599867
0.2431018 0.37308288
1.5536709 0.63988477
0.29643184 0.80400497
0.07731548 -0.008621559
-0.33491343 1.4763185
0.7949502 1.9691544
2.386409 1.9097276
0.984222 0.6225923
0.65476847 1.2159758
0.86734027 0.9596558
0.9311293 0.89068836
1.5277851 1.3156188
-0.28140017 1.2961961
0.38107365 1.0556226
0.8182656 0.59931654
-0.46220672 0.4015345
-0.12751478 0.8180005
0.30039567 0.493501
1.6138856 -0.48871166
0.6911488 0.881807
2.0907578 0.92754513
0.42193943 -0.23120554
0.39232296 0.46217597
0.4303962 1.2263029
0.70728874 1.2135361
3.2545981 1.0733837
0.436087 2.0871787
1.7963679 0.5497276
0.8654167 1.1170697
0.33289117 -0.36933005
0.38371193 1.2169025
1.7574043 0.8336168
-0.42277795 1.8459847
0.70973283 -0.041037127
0.15410689 1.1967489
1.3539519 -0.73523766
0.8926031 0.6168398
2.5038474 0.8864743
1.1336446 1.998949
0.094976634 -1.2052246
1.753386 0.1657442
2.9311273 -0.9419885
0.5028782 0.9259321
0.68007666 1.2433673
-0.16194136 1.3319322
0.6017699 0.27972037
1.8294775 0.7500281
0.9805799 -0.34238115
1.1337411 1.3389627
3.033082 -0.21940626
0.33876944 0.1601256
0.12017104 0.33970237
0.39454848 2.204995
2.1433372 0.31867903
0.64794004 1.0433735
2.3379402 1.2748135
1.7863059 1.3086275
0.24074805 0.2780587
1.5401533 1.8153574
0.613457 1.758101
3.3421288 -0.65953785
3.1824539 -0.18747663
0.8112655 0.8959531
0.89075047 0.51063776
0.6998008 1.2658825
1.9753807 -0.7251105
0.6256296 0.64833707
0.61133343 1.9097943
0.13706875 0.9243135
0.6152402 1.2276227
1.5065575 -0.96689475
0.15048277 1.3955349
1.5887458 1.2613612
1.4301887 0.49747127
0.16386274 0.9798539
0.981957 0.5312801
-0.20533738 0.9051257
1.1583471 1.1690418
0.52652013 2.3840039
3.4543471 1.8759003
0.9754407 0.49975616
-0.086203754 0.6118111
0.94726664 0.62865627
1.3549087 1.9213285
1.2530155 -0.20315573
1.4159963 -0.30345014
0.41508806 1.8200073
3.6814396 -1.2944547
3.152485 -0.16905415
0.9970121 1.6822486
3.074419 0.11725809
0.21003565 0.4118834
1.7663724 0.02228786
2.2600708 0.07484983
1.1551061 0.16600145
1.8357408 0.07088892
-0.19292372 0.92697626
0.90473443 -0.55885947
1.0827405 0.27160835
2.1149848 0.37224334
1.8630462 1.5780851
0.9873751 0.62970537
2.7801895 0.02290459
1.1234546 -0.38271987
2.5135405 -0.6797399
0.8059434 0.8147275
1.2492964 -0.12099031
2.143818 -0.199262
2.4664981 0.8805298
0.4709643 0.15367074
0.7099554 1.749062
2.084434 -0.1828975
1.8321314 1.3111954
1.82849 -0.24966322
0.1032027 1.5197281
2.1682165 0.71931386
1.0582044 1.1909665
1.5813122 1.1238668
2.6706192 0.16960584
3.0091705 0.1375324
1.0517237 0.6142118
2.138084 0.696325
-0.17851193 0.5942745
-0.09795092 1.7409627
0.8253488 0.04829468
1.6970901 0.29915625
0.3103763 1.9703097
2.213605 0.03251578
2.0311904 1.1172084
-0.65096486 0.65694577
0.7509174 1.6770598
2.0917456 -0.2939988
1.5897043 0.9165315
1.6792166 0.38836908
1.2420123 1.3431499
2.2318711 0.7115723
1.11135 0.023451224
1.7525172 1.2634099
0.8722585 -1.2572303
1.029151 2.0420015
1.4196341 1.5751829
3.0053625 0.86897165
1.4704454 -0.4074791
3.303531 0.77940077
0.25663966 1.4651028
0.31366462 1.3433733
1.4062512 -0.076671645
0.40491152 0.16895165
-0.29025978 0.87698096
3.806435 -0.36509216
0.758972 0.31607044
1.9349537 -0.047799453
2.2651286 1.2559693
0.70840126 1.5999354
2.5902927 0.14946355
3.0718932 0.1207106
1.4785275 0.29967862
0.8545148 -1.3011832
0.8834482 0.07084386
1.0235131 -0.355951
2.3307009 -0.20955232
1.0226653 0.07448231
0.11455378 1.5118212
0.14143333 0.17710786
-1.050111 -0.7360539
1.4784725 -0.7808511
1.3735361 1.0797629
0.7872829 0.5821205
0.13985011 1.1324542
1.3415194 0.17628537
1.2063007 1.425937
1.3300781 0.28786403
0.7374366 0.38744384
0.59921634 1.4187043
0.52222675 0.5564336
-0.42813802 0.99018496
1.4482734 1.020027
0.3927027 0.1913832
0.28292078 1.7693055
1.3152385 1.4332061
-0.59577763 1.3218874
1.3938973 -0.011704728
1.20029 -0.3709243
-0.056069165 1.0826505
0.28505445 0.7225511
2.2572687 0.6956444
2.3587878 0.5189225
1.1607988 1.457828
-0.3662561 0.8776124
0.76907104 0.74687463
0.89062005 1.7313571
1.9239802 0.17006399
1.4996319 -0.52867746
1.9154956 -0.35517436
1.1861808 0.65177464
0.36864495 1.1234137
-0.06125869 1.7459414
1.2051945 0.6415477
2.3275094 -0.045306295
0.5015536 1.7045679
2.4823394 -0.666457
-0.29945338 -0.21884005
-0.69155854 0.60050637
0.41105723 0.57461166
2.3126688 1.8884635
0.70435077 0.27535868
0.65938073 0.809611
1.3545148 0.8303166
0.9044123 0.31514764
0.8560019 0.92747515
0.42818165 1.7610893
1.506594 1.6959462
0.5826005 0.5987181
0.10872868 0.50917315
3.725443 0.4488042
1.741987 -0.78017277
1.8346045 -0.026668087
0.13109142 1.7334986
2.5377069 -0.5681087
0.95894665 0.07978012
-0.5079433 1.1096525
0.32551038 1.1868273
2.0021994 0.9239343
0.72018516 0.47591025
2.0204494 -0.14982465
-0.09146787 1.6747814
0.9119026 2.4827743
0.20752671 0.9612505
0.9682905 0.009245709
0.5134768 1.3155162
1.2429357 0.64155966
1.0464616 0.7467911
1.2546253 1.4406158
0.96555036 0.8560192
1.7102599 0.492454
1.0741177 -0.04417385
0.8126444 -0.19404222
2.0366962 0.81055325
0.25202113 0.019337162
0.7221186 0.02709435
0.55185187 0.2900471
1.8635828 -0.18917817
1.597168 -0.45165247
0.96709603 0.7539167
1.508517 0.6350375
0.8131252 1.5623695
-0.508808 1.405471
1.0951126 -0.47084022
1.7092519 1.4579093
1.6785648 0.19688092
1.6667526 -1.2793407
1.214447 0.26962674
3.2198274 -0.23199846
0.5332309 2.132798
1.7072227 -0.49679905
0.14584917 1.1112045
2.702749 -0.008599594
1.2788768 0.24562295
-0.40102643 1.2496984
3.3077881 -0.5009784
0.74736315 2.2049112
-0.15064722 1.9940438
0.4110154 2.0403993
0.47748482 2.5791378
1.2190421 0.115738556
0.014621675 2.2027209
-0.5363972 0.017827943
1.5278995 1.7271422
0.41887248 0.9332854
0.8516591 0.58500004
1.8115287 0.14618708
1.3930066 0.59653115
0.5006714 1.9287877
2.4801166 -0.29137403
0.21752402 0.45943457
2.3460844 -0.75647545
1.7152953 0.89091796
-0.36828077 1.4907973
0.28631753 2.1641078
0.9156355 0.9936599
0.14354667 0.32264638
0.68933535 -0.17705978
1.0855882 0.67438334
1.1161032 0.68046546
0.9799538 1.353946
0.8122292 1.0674332
1.3849616 -1.444366
0.857138 0.9904502
0.21049348 0.23525439
1.4004271 -0.5245674
-0.1176772 1.7012908
1.6312392 2.2044024
1.1243334 -0.09125683
-0.3988782 1.0088303
0.29385364 1.4320812
-0.044136003 1.0851156
1.5740623 0.35270542
-0.10322924 0.5160089
0.57159984 1.7754943
1.5564687 0.20733039
0.6857736 0.0703028
-0.055972874 1.577917
0.38419163 0.4865076
0.3807698 0.5398595
1.7617631 -0.80309504
0.28568423 1.0613396
0.9920848 1.4728984
2.1016111 0.69699866
0.94132 0.23181404
1.3260813 2.275975
1.187221 0.20252143
1.1282933 0.33065337
1.4344616 0.96815866
0.49407333 1.3914527
1.6143603 -0.2640073
0.459741 0.815538
0.09467322 0.6261943
0.3999893 0.31348228
1.5933032 -0.22174624
-0.26882976 0.7117817
1.2914867 1.5390351
2.2593553 -0.27434754
1.7452385 0.46986854
3.1604533 0.7380513
1.7420137 0.19121526
0.084353894 0.9017816
0.83497566 0.57536095
0.5238078 0.37387323
0.22195664 1.5210959
0.42321026 1.3286865
1.6957312 0.8439918
2.358072 0.040690497
1.3724666 -0.77456933
0.26171762 0.4436385
-0.48714077 0.801735
1.2905855 -0.019347057
0.74528766 0.57198703
1.9439325 0.63240814
1.5252547 1.1535182
-0.32292506 1.1151241
1.7135062 1.1276016
1.00562 0.95306486
0.5579778 1.8745227
0.80101997 -0.84984624
0.8452571 1.1929647
0.22773927 -0.41806957
0.77884346 1.8816237
1.7456727 0.7955139
2.4424953 -0.32849663
0.9892747 1.2708988
0.13398767 2.10676
-0.104941174 1.2355292
0.61072665 0.67131704
1.3428197 2.2747264
-0.028815553 1.0584797
-0.2769633 1.582357
1.0838904 0.31934786
1.8677235 1.1688399
0.90711874 0.3008269
0.4579618 1.1714133
0.54357934 -0.4286958
-0.12841158 0.37981778
0.29220998 1.6521755
1.2544446 -0.3524734
1.5617337 1.0150343
1.1806464 0.073384866
1.9325385 0.8937084
1.8138666 -0.26774096
0.7211042 0.49412978
2.3384802 -0.028239638
0.21217766 -0.28653187
-0.0012853593 1.2100403
1.5247748 -1.0407544
-0.02909334 -1.1477318
1.443224 -2.1218002
1.766068 -0.32206562
1.0521202 1.3278748
0.87957364 0.28015023
2.5969222 -0.2618806
1.7942524 -0.53519756
3.1060307 1.2238176
1.3265297 0.9423334
0.8113074 2.0051436
0.99326223 0.36336732
1.0355892 -0.13236968
2.3621013 -0.39648008
1.0605571 1.9214857
-0.61481595 0.06440176
0.95695776 0.5782241
0.46087193 1.3019078
0.7296927 0.8054908
1.0697112 1.1036494
-0.33311296 1.0418041
0.5078752 1.5456564
0.71619886 1.5321658
0.13531533 -0.0687135
-0.3919415 2.1724
0.14781302 0.7268147
0.3123321 -0.48271498
0.44150275 1.0671964
0.60537213 0.6442648
0.36463767 1.4406922
1.945662 0.1562299
1.7134695 1.8642178
1.6230283 -1.5479068
1.1242087 0.051214978
1.4520228 -0.50809854
2.1593728 1.9175069
0.7435067 1.7347518
1.8592103 -0.19890031
-0.6386355 0.641483
0.8933049 0.23367064
0.45518327 1.1122651
2.2627711 -0.22009139
0.93102795 0.60618126
2.3428068 0.9349026
2.0260699 -0.42443222
1.222769 0.26240784
0.89393455 1.2418115
0.12995547 2.0565808
1.9127009 0.9674491
0.10518068 1.2078382
0.82067627 0.8429571
1.2877183 0.9791456
0.82750684 1.5147663
2.6478853 -0.6750109
2.1443543 0.84331936
2.207382 -0.30908686
0.29412168 1.0924851
0.7840393 -0.11788459
0.3213204 0.22610398
1.6912098 0.24160267
0.6293314 1.6463269
-0.6447613 -0.32915825
1.8832936 -0.6447614
1.8473437 1.8030155
0.33626395 1.1221865
2.3866992 0.51904243
0.5190947 1.3411928
1.0435107 0.12475009
0.26572138 1.4049513
0.39124256 1.6049001
0.48293495 1.6879363
0.35045826 0.03792174
1.3692183 -0.25859416
0.81123406 1.8553281
1.5778191 -0.27779067
1.0635455 0.15376289
1.6165276 -0.86125076
2.0076272 0.0034766048
2.4502172 0.5661866
-0.40851402 -0.00016444921
1.0913112 1.2449846
2.5963376 0.19037943
1.318486 1.6521077
0.86692244 2.5157924
1.0719512 -0.88500315
0.16862541 -0.095799536
0.31234902 1.8658473
2.2498484 1.2040088
-0.017912522 1.8127954
1.3634086 -0.010804027
1.5002453 1.674728
1.9644268 1.2127006
-0.18050665 2.533371
1.0541513 1.0837868
2.5322542 1.0724561
-0.15134174 2.2545118
0.46616507 -0.30538583
0.36620253 1.2443987
1.6839828 0.27656484
0.90636104 0.084921494
0.7480292 0.16022341
0.8322198 -0.21542688
0.30138922 1.616066
1.3637631 1.5380995
0.44711924 0.31234133
0.03898871 -0.1928942
0.89961344 1.4449501
-0.0722319 -0.42225403
-0.07064995 0.18632431
2.394038 -0.092493385
2.7535055 2.3054633
0.6640236 1.7278229
0.52967453 1.0220594
2.1520896 -0.08501178
0.43355685 0.42327434
2.4770072 -1.0433862
0.6095723 0.6943641
-0.03518088 0.13227604
1.6227112 1.1684802
0.39653516 -0.97406465
0.20115006 0.5973871
2.1588464 0.63649774
0.58643895 0.3331977
1.327409 0.5228348
2.06259 -0.049990535
1.3893704 0.7053735
0.7323807 1.5681131
0.1501511 1.195575
-0.5055789 1.158227
1.4051754 -0.9384875
-0.24561456 0.95804435
1.4583905 0.9285212
0.7348795 1.5369836
-0.028636962 0.44340557
3.0694866 1.8805532
0.5040936 1.272692
0.08762139 0.73138756
1.8879426 0.7085726
0.6234601 1.7449144
0.7649717 0.8668248
3.1574574 -0.82250255
2.1313584 0.59847
1.2448914 1.1282434
0.5240205 1.7042096
1.8652785 -0.23819433
-0.0979877 0.3678165
1.2988048 -0.3535605
0.23935607 0.989585
0.92172533 0.55780524
0.7474639 1.4907869
0.43695116 2.2005029
1.3094232 0.015412375
-0.16194391 1.0509741
1.0813782 0.115709975
2.820985 0.6571241
2.3813736 0.27155006
1.2291234 0.47411102
0.026283681 1.5929118
1.777133 -0.3359343
0.70128244 0.10547753
1.3897903 2.439448
1.8536394 1.8336742
1.949394 0.07041146
3.942596 0.175745
0.9545354 1.0491534
1.7814078 1.7097569
-0.58253103 -0.15516125
2.8919287 -0.3622197
2.0279505 -0.3298478
0.19287357 0.8905441
2.9453473 0.10874884
0.84490615 1.5028322
1.2667274 1.5960743
0.8662711 -0.29200757
0.9100314 1.8560593
1.1648986 1.5714258
0.3407421 1.2980487
2.121639 -2.0090399
0.6074664 0.91937107
1.0737872 0.5900467
1.8963244 -0.25862426
1.0621638 0.989106
-0.4048022 0.2436562
2.018167 0.08373915
0.14825878 0.7988352
2.0512478 0.32135904
2.2853017 -0.077499285
1.2139659 0.23833875
-0.3008086 0.41817743
1.3897948 0.30562657
3.120084 -0.08561584
-0.33200717 0.5235968
-0.80842113 0.35264778
-0.7231827 0.16733037
2.3046257 0.38664073
1.361357 0.6557561
-0.29793823 2.1230226
3.219573 -0.34509075
0.3084181 1.4903115
0.8248498 0.10148479
0.62932175 2.4178276
0.45239693 1.7844138
1.6484971 1.8253167
0.086143196 1.1066257
0.063717395 -0.027937084
1.3692296 2.5668879
0.09025681 0.868323
2.6348748 -0.4466225
1.70204 0.03669627
0.88383716 -0.08198662
0.7587523 0.64772666
0.4854213 0.29143804
2.1583111 0.045957908
0.46749544 0.8042417
0.81931955 0.48852473
0.745777 1.1002307
-0.07861233 1.2934017
0.5846192 1.6290056
0.39206105 0.8909543
0.3744781 0.5610408
2.0363524 -0.0909946
0.8101159 0.51759475
1.54722 1.1759187
0.23345533 1.5073106
1.1361859 1.6328247
1.1007442 1.3952713
0.796851 0.5309756
0.10315189 0.44968116
0.03782171 1.8252773
0.82509536 2.3940954
0.93555397 -0.9058734
1.7385588 1.6356997
2.2395234 0.07481547
3.312108 1.4445412
-0.2743912 1.9159834
-0.28460732 1.1978028
0.43557864 0.28908634
2.9773078 0.032470748
0.8417917 0.5081688
2.38644 -0.7162642
1.3670385 0.7407398
0.71561205 0.6793328
0.5305835 0.763123
0.9325736 0.750237
0.61963725 0.09055941
1.1386194 1.7682974
0.17009509 1.5880932
1.0704741 1.2532051
3.8009582 1.6657073
-0.27202377 0.86658734
2.8751304 -0.7236216
0.3239277 1.0919261
0.4761619 1.5487378
1.083152 0.52552795
2.562078 0.9672237
2.75952 -1.0333995
1.1933846 0.9617277
0.7808756 0.60479826
2.1382854 1.455118
0.47393608 0.75609136
0.9504306 0.22524075
1.5170214 1.5363585
0.07881233 0.8147047
1.1452384 0.8537026
2.394909 -0.13430622
1.9300833 0.35302424
-0.71392655 2.083712
-0.37784356 2.3360481
0.7054492 0.56363183
0.25914448 0.50045335
0.75425154 1.5089059
0.5908882 1.0447083
0.8847211 0.40073252
1.8611739 -0.29208225
1.4460361 2.5086591
-0.69429755 0.63840663
-0.043837428 1.2692033
1.6501453 -0.40727043
-0.28758594 0.29508615
0.6376539 0.9048769
1.25612 0.43090945
1.75527 0.4460436
0.54365015 1.6158168
-0.234389 1.9917359
0.6090995 1.6731945
-0.32737815 0.2917713
1.2798836 1.6465317
0.35996276 2.6350746
1.3650029 1.4556124
0.3245648 2.1766014
1.7385519 -0.108230904
1.2491956 1.6549954
1.1088066 -0.82401884
0.79396385 0.284181
-0.2465014 -0.6046073
0.37023997 1.3296536
-0.24933095 0.29687732
1.1923726 0.97977537
2.062561 0.08350386
0.71051735 -0.673158
-0.33795896 1.1169854
0.40999913 1.3113623
0.7961307 2.116106
1.1082602 0.6449436
1.0602269 0.097211644
1.1703839 0.21627213
0.07352424 2.252277
2.2651246 1.4006506
0.63957345 1.1909364
0.22324601 0.8361829
0.95587534 0.65872985
2.6205008 0.58132607
2.8414686 0.019967541
3.1272852 0.9192241
0.5993406 0.47611254
-0.22302108 2.4455183
0.010992616 0.6993798
1.9842579 0.13167496
2.08628 1.2431133
0.7464164 0.52825373
1.8644407 1.5216378
-0.18974136 0.94500333
0.9190286 -0.08008003
0.3494131 -0.7405868
1.1106718 -0.10981813
1.6334789 0.8259228
-0.29086202 -1.3686596
2.7715576 0.53807724
-0.19150236 0.5348629
0.16968131 0.8738604
0.18799114 0.62080437
1.2342467 0.08164962
0.63169014 1.7496
2.170507 0.931004
1.0523407 0.33548993
2.242434 0.10607837
0.5513318 2.1982567
0.048565447 0.57227665
0.9306044 0.9422037
1.2136066 1.8553231
1.4056098 -0.06435168
1.3993366 0.9301341
1.1333733 0.5625108
1.0591259 0.66544795
0.60273397 0.6219618
2.0098765 0.588346
2.206813 -0.27068004
3.534183 -0.5292918
1.374816 0.52283454
0.12263158 0.7345651
2.775056 -0.16292894
0.77964085 0.004472986
1.3944798 1.5552387
-0.2613629 0.19557212
0.80751187 1.6272402
0.81598324 0.7832473
1.6184411 -0.8346588
-0.05346863 1.6266857
2.9207861 -0.073467
-0.5408722 0.99413353
-0.4733974 1.3729022
0.8117208 0.9408831
-0.3605409 2.005957
2.0874581 1.400664
1.57674 0.7983342
0.23282892 0.041706428
1.8557065 0.26919073
2.337825 0.45863444
0.308796 0.06764074
1.7706847 0.8089935
1.2339056 0.0108124465
0.28679097 1.7941704
-0.24765602 0.41009676
2.710035 0.48741627
2.728885 0.9568668
1.0999928 0.46878827
0.086974084 1.2774408
0.6817928 0.5071749
0.7077412 0.9148447
0.48178124 0.4553079
1.8387618 -0.5455604
0.3483386 1.0428611
0.56709194 0.9219075
0.2726398 1.7016822
-0.21413898 2.1048768
0.24771297 2.013585
0.72494245 0.4236675
1.1357458 0.69256335
1.3548763 1.1476989
1.492171 -0.8915137
1.4783733 0.6273335
0.67878735 0.28756398
3.1417196 0.2400002
0.8550909 1.8011782
0.95589787 1.1647928
0.6896418 1.1985506
0.73481095 -0.0594638
0.40967256 -0.0033404976
0.09257239 1.2065252
0.99418586 0.73738956
0.6864243 1.5519334
1.3937974 1.0535797
0.8509703 1.8796165
1.6499653 1.1690923
3.548087 -0.006660223
1.1636791 0.32380766
1.4302175 0.3212338
0.3630591 0.58244836
1.1448603 0.6346661
0.8649568 1.2473928
1.7359071 -0.2892354
0.21411312 1.2195038
0.3736437 1.7113062
2.185038 -0.061280742
2.1131916 0.4808668
-0.32150266 1.2892015
-0.07706961 0.56031543
1.0331919 0.07891561
1.4675074 1.4486258
1.1805754 1.0583178
2.5116425 -0.044231147
0.2633564 2.075887
1.2464406 1.6414105
2.3443975 1.0550404
1.7350545 0.26316643
1.1358244 -0.04273437
1.3062236 1.6170794
2.6388838 0.6766291
0.35142303 1.0473921
1.4028401 1.0915277
0.5851832 0.6098112
2.840839 -1.4101421
0.30208957 1.8017516
0.7818261 1.2465754
1.5587125 0.12881605
0.45476723 0.5831448
1.5843375 -0.43299627
0.33639973 0.67282903
2.5172381 -0.3583729
2.3816905 0.07916419
1.5812798 0.7292511
-0.33484247 1.9399323
1.1071157 1.5316787
0.45868784 2.016437
0.00957042 0.79115087
1.4324038 1.4731038
2.1858497 0.7014845
1.6470733 -0.1925158
1.665873 1.7445168
1.6377413 1.6923224
-0.4024532 0.66015136
0.23036033 0.740173
-0.071982294 -0.5236601
1.4022746 1.9869232
1.1544511 2.039895
0.0031348765 1.4962348
0.17765358 1.3135413
0.31088036 1.4786133
1.5755229 2.094637
1.7598066 0.1862141
0.83288497 -0.19128525
1.9228411 0.6779442
1.897248 0.46352178
2.0832465 0.53565145
1.598176 0.721847
1.2947235 0.6240027
0.8870428 -0.9946694
1.3464932 0.5883905
0.85819536 0.23593529
0.56804603 0.10102765
0.47057486 1.5646173
1.0371103 0.2796411
2.177603 -0.743078
-0.06337839 0.16535269
2.2867444 -0.2859215
1.999758 2.3158176
-0.17700568 1.8774822
1.9634883 0.67128
0.57002914 0.51838857
1.8883593 1.3059732
1.6794531 0.30165023
1.5257599 0.9988863
0.7499832 1.3027107
1.8658764 1.3823963
1.1893251 1.8301365
1.9936471 0.5560059
2.512641 -0.098063365
-0.19894324 0.63083744
0.685273 -0.10599436
0.25521588 0.8021932
1.2122676 0.5028355
0.5609238 0.5145027
1.4246473 1.2999525
-0.83385843 1.1923507
1.75457 0.6087865
1.0568798 0.7986993
1.4473958 -0.046666414
1.8392286 1.3074585
2.3659987 1.665982
0.8460246 1.606759
1.8606694 0.94517297
0.21741009 1.3187714
-0.114224136 0.9408906
1.4344766 0.21659578
1.4919717 0.8005509
-0.51160085 1.257925
1.4198549 0.100576416
1.9815974 1.4359256
0.84774274 0.9419655
0.35299832 0.79112273
0.468951 1.1288188
3.1813867 0.61934286
0.74514437 2.4938452
1.1129186 0.4012934
2.5005324 -0.0626481
0.935988 0.8930767
1.1162703 -1.1996326
0.56383896 1.636958
0.40919495 1.1831391
0.3452832 1.0504768
0.84733707 -0.07404658
2.536778 0.97393245
1.0294287 -0.22549921
0.31608897 0.12073149
0.29817128 1.4084103
2.246149 -0.65994114
2.036216 -0.33534318
1.7079167 -0.15909484
1.3970077 -0.6886475
0.3277536 0.48353684
-3.3340466 -1.6619352
0.59928364 0.88840693
0.066490114 1.3496475
0.5632627 0.7313017
0.4560641 0.52048606
2.277991 -0.37319687
1.652894 2.2262666
1.2208071 -0.28405648
1.1880219 0.37493014
0.25736862 2.415978
1.284334 1.2380136
1.5971 -0.21117532
2.3025682 0.5409352
1.8942101 0.52263546
-0.1444177 1.2321228
0.47132665 1.0455201
1.2700226 -0.27066547
1.2033896 0.22509582
2.488095 -0.015567794
1.3345394 1.6662922
2.4515293 0.6951076
1.9830158 -0.21526872
3.1072307 0.3876543
0.4590587 0.039519683
2.2551641 -1.2354459
2.4504728 0.30648863
0.69091374 0.76976925
0.27489293 0.8528978
0.7326512 0.6803229
1.4400554 0.07025553
1.183408 1.7083485
1.465513 1.625277
0.593491 -0.09099881
1.7078905 1.2703094
0.7622073 0.7953282
0.73614055 1.4864564
0.5348965 1.2869931
1.7173333 -0.12854382
1.0412664 1.5690633
0.3518399 -0.6287538
0.24851313 2.2183561
1.4605942 0.88471335
-0.3144346 1.2706256
2.7698014 0.090318546
0.6673215 1.3217611
1.6820858 0.1199749
2.0130906 1.278082
1.2644231 0.5005131
-0.19499114 0.4271422
-0.0756356 2.1860917
2.258363 -0.38299057
0.74844277 0.83075315
0.6662539 1.9225106
1.720788 0.45968896
2.3482456 1.0311753
2.0010262 -0.15034232
0.89311606 1.1591848
-0.26199085 0.9590284
0.38679135 1.1594394
1.3741877 0.92621535
0.10784158 0.9111709
0.80513126 1.1586164
0.5541561 1.3853441
1.8108213 0.4679104
0.6240004 0.48034555
-0.9212231 0.94523746
2.7720838 0.70522255
0.47271246 1.4479218
-0.24655755 1.9394994
0.5058259 0.90892416
0.32697922 1.7491727
0.4879701 0.6374455
0.75864774 2.5222216
1.4112017 1.2206768
-0.23031202 -0.0034334213
0.21896449 1.3885682
1.6125112 1.5938938
1.257801 1.4983759
0.51187545 1.504414
0.17202234 0.9725266
2.31833 1.0327731
0.8993147 1.1590879
-0.4963373 0.5007671
0.23195496 1.3132166
1.470346 2.288262
1.2202284 1.1452073
0.7284566 1.4985582
-0.47572452 0.001258254
1.3842058 1.9740372
0.580401 1.218996
2.6169372 0.27628738
0.41353238 0.2586344
1.4644787 0.19584526
0.2643103 0.5380118
0.73731774 -0.84750247
1.5671666 -0.49026233
-0.37061572 0.9345078
0.49190223 0.5701312
-0.17636341 1.6587332
1.8308008 0.12709941
0.4491169 2.2101147
0.22200125 0.8851964
1.8983464 0.09441112
1.563911 0.25997293
2.1951442 0.372294
0.5798277 0.8587342
3.2704475 0.24049692
0.79728943 0.18796293
0.39328188 1.3927138
0.08297655 0.042123392
1.3875599 0.26723748
-0.61892664 0.9496911
0.76933104 0.602799
1.338973 -0.30534017
2.1963017 -0.7157069
0.18591791 1.569913
1.9881587 1.0183885
1.9017887 0.7113797
1.1904812 0.5375264
-0.17761351 -0.14008477
1.4598002 0.105337426
2.745282 0.04033135
1.7270329 -0.8123531
0.9459843 1.0071995
0.24485388 -0.15567154
1.716924 1.76619
0.49329215 2.0865192
1.5076203 -1.5307851
-0.28353363 1.0166012
0.93160576 -0.111050144
0.9617706 0.64299035
2.0817492 -0.64035267
0.64715 0.8217996
0.67423916 0.79832953
0.3465563 1.2791172
0.2604658 -0.11059049
-0.671052 -0.21680097
0.0014448762 -0.32898837
3.5147998 -0.3209115
1.806397 1.2972345
-0.42211664 0.7142592
1.1684031 0.723843
0.2941311 0.93074447
0.5844806 1.2617105
3.1798873 0.69557756
2.4491851 1.4073175
3.3725715 0.045151755
1.3210323 -0.99245524
-0.1349206 1.6720445
1.5630243 1.7443137
0.4943567 1.3587346
1.5125766 0.20911641
1.0436902 2.2376065
-0.09253882 1.4796264
-0.0356483 1.4333173
2.2585928 0.051007614
1.5350673 0.8523571
-0.95048374 0.03151332
1.0558505 -0.19073948
-0.06382923 0.2314205
2.907409 -0.76527804
0.8440686 -0.617103
0.7151818 1.1174499
0.12316215 1.0195215
0.2822737 1.563243
2.728185 1.1021128
0.65294737 1.7712986
2.0860221 -0.0023509264
1.2560723 0.90273684
0.9693412 1.0787003
0.63562834 1.451323
1.5439281 1.1336169
3.0935287 -0.27355403
-0.24567805 0.46713144
1.6249895 1.7588822
1.4013991 1.0492446
0.39821893 1.5897439
1.1194313 0.11338396
0.7472679 1.4734656
0.19601834 1.9098454
1.7858291 -0.2659023
0.6530758 0.38324314
0.80538446 0.67033833
1.4849992 -0.4302235
0.6895188 0.9017734
1.5579906 0.25480443
1.1852195 0.94573504
0.71468735 1.1380267
0.6727816 1.4744121
1.4781446 1.6085408
2.2588007 0.21165015
1.9377654 1.1087345
0.4742952 1.1415024
1.7660434 1.0179658
0.7343286 0.7702547
1.1665249 1.6772354
1.189636 -0.40710124
-0.17374536 1.1335506
2.28483 -1.0285283
0.20576483 2.1949122
2.0432897 -0.48664045
1.4846208 0.53685427
2.8942409 -0.731771
0.7737135 1.5975913
1.1129537 -0.004379615
0.81206685 1.3002919
0.55502933 1.8449109
0.5757848 0.29895186
0.6991816 -0.44492805
-1.04847 0.8604992
0.50260526 2.4753616
-0.3509409 1.0228262
1.7563331 -0.64802015
2.3852186 0.69286656
2.2260718 1.2117783
0.70200634 0.7727484
0.9372156 -1.5822877
2.1047003 0.4944952
0.4330179 1.5269871
1.738898 1.4531703
0.78936034 0.082721606
1.300945 0.87634903
0.7022298 2.1340334
-0.2961333 1.0978181
0.19918919 1.5469984
0.052762687 0.5097908
3.3105814 0.45202553
0.5836255 1.7795031
0.24331906 0.9070156
-0.6839825 0.6457844
1.9102855 -0.1462492
1.0601342 1.7722316
1.8020325 0.8987847
-0.3600682 1.1160865
0.8608776 0.14793347
1.1918797 1.6462696
0.29394203 0.70806354
0.96675056 0.62899977
1.5811357 1.2968075
1.8550327 0.6211426
-0.18751878 1.3460737
0.8514512 1.0581352
0.06882632 0.841613
2.3830802 0.99431306
1.0407817 0.29932106
1.2833593 1.1498417
2.731833 0.33404654
1.3217797 0.17693259
1.4746985 0.5005176
0.35911393 0.59062487
0.46757436 0.76345605
0.94443244 0.86064225
0.51670283 2.145958
1.9378388 1.1555421
0.7942957 1.4275885
1.546232 0.18001615
1.2844281 0.72531676
1.6242545 -0.032484934
0.776843 -0.16908962
2.0877292 -0.24809533
-0.3215555 1.0957263
0.57906663 0.48393196
0.15445206 1.5226907
-0.20145398 -0.44952953
-0.017092228 -0.12821144
0.15336847 0.79767925
1.3936076 0.8720241
0.78297836 0.7555916
1.1597786 0.9236582
1.5912962 0.7111404
-0.035584524 0.08637492
0.4922455 1.8048174
1.6855669 1.5191597
0.07013345 0.567732
0.29650414 2.1921334
1.53389 1.4550358
0.67461985 0.42512715
-0.07393649 0.812035
0.1914764 1.6202464
2.496846 0.30276936
2.5977786 -0.4188013
0.27129883 0.7739673
0.27807266 1.9448872
0.029714942 1.5837582
0.6263413 1.1510328
1.4922938 -0.7874536
0.4276985 1.066845
1.5660505 0.7586496
0.8013056 0.035142317
0.3066926 1.2190784
1.4139023 2.0024817
2.1858912 1.9511666
1.5169876 0.24863411
1.7420394 -0.8699043
0.9495414 0.19862224
0.46835166 0.26642507
0.054774523 1.0806041
0.9422645 0.019190565
1.59676 0.72864425
0.3897696 0.46543527
1.1734414 0.070341006
0.25646657 2.2056835
1.5645092 1.4780784
1.1591454 0.41149944
-0.19388664 1.2564969
1.9943099 1.3905438
0.47346145 0.87768537
2.6078286 -0.17287976
1.8386011 1.0024523
1.7424655 1.5270613
1.2893996 0.6778891
0.09607965 2.241422
0.69914865 0.27293515
0.2558989 1.0724965
0.53094316 0.94392246
0.6176771 1.3907162
0.9602416 1.0344052
0.35104823 1.4345262
2.3451629 -0.9208382
0.21566269 0.9281016
2.1082642 0.85759467
1.0835435 1.1911328
0.05989349 1.7904425
-0.2030938 1.5102993
0.52625 1.04028
0.728249 0.8572387
0.24808216 0.66011935
0.34487033 2.3809447
0.19856793 0.34427643
1.6643736 0.587095
2.0610049 2.1281877
1.4705117 0.88216895
0.83036906 0.61246747
0.33364594 0.38065308
1.493653 1.8134003
1.1066389 -0.3619517
2.7254822 0.7748882
1.1243744 1.1804161
2.1595023 1.2564411
1.4387391 0.2193497
1.2948725 2.2570608
2.7160263 0.20425673
0.1791459 -0.053834528
1.6932399 1.2334857
1.4593804 -0.022101
0.5699105 1.4576718
0.69397545 1.865583
2.4655359 -0.33997786
1.4731529 1.2019018
1.0341792 0.6078735
-0.068979904 1.0067896
0.2025137 2.3238041
0.8102706 1.1784313
0.19084808 1.1020185
0.12604752 1.4283224
1.5175459 -0.059999436
1.6633067 0.5682169
0.7986838 1.0096115
1.1421742 0.14043288
0.28421366 1.5589534
-0.3498724 2.0050998
0.8089748 0.08312859
-0.4902498 1.2650752
1.7172256 -0.35401452
1.5436597 -0.21589668
0.52962834 0.4332453
2.3745236 0.93116194
2.3480687 -0.048255637
0.65831554 2.0684915
1.6797395 0.0898457
-0.6247669 -0.34354964
0.93325144 0.47621387
1.8434868 1.3529867
0.9400851 1.0207429
1.9620507 0.8680933
2.0538533 -0.3861735
1.1164839 0.3146085
0.42264873 2.554383
1.3938532 0.19903071
1.5540679 -1.6051143
0.1480929 1.469862
1.1164088 0.110392585
0.7069034 0.17204784
1.1115875 0.016444191
1.249891 0.20941435
1.3209715 0.42810297
2.2672703 0.5795974
-0.73288786 1.0526466
0.9902603 1.1759865
2.3034105 1.2091984
0.3201245 2.1945822
0.90781206 0.77889377
0.5995259 0.82417184
1.9068184 1.1309043
2.700389 1.8954384
0.4486481 0.8513109
0.4393655 0.68808055
1.1487708 0.01771827
0.3009476 2.7381074
0.87442964 -0.7900599
0.7710249 1.5711966
1.6118176 0.2340164
0.5583368 1.828382
1.0343704 -0.5794946
2.6417296 0.43202448
1.6773493 0.5691664
1.736306 0.011330083
1.4829612 1.0469542
1.7921307 0.018422589
1.244632 2.2541764
2.1864104 0.359757
2.614126 0.37771636
0.86355287 0.53001153
0.81285757 0.009657398
0.2183103 1.3201915
0.8343753 1.0085517
1.1697788 0.5966511
1.6459899 -0.35820478
0.6274505 0.15749432
1.1766782 1.4738046
0.0008316636 1.7908151
0.60899794 1.5917064
0.016139567 1.488714
0.12317258 0.65650725
0.9565068 1.5164573
1.4261966 0.64309996
0.41207433 0.36767894
-0.86275554 1.4353557
1.097157 1.196441
0.620921 1.6544068
2.6087842 0.948003
2.199161 1.0431993
0.69203126 1.4765909
0.31865448 0.5984849
3.2477114 -0.43499133
1.8841698 1.1979738
0.908019 1.4803355
0.82835585 2.04766
2.0764258 0.7681361
0.3179065 1.3282249
0.08161104 -0.5014928
-0.72761893 2.135782
1.9634807 0.6463594
0.37298107 0.12458484
0.6211596 0.7678663
1.3504732 0.030030146
0.9626451 1.9092355
-0.23326465 1.4098048
1.3480899 -0.2657752
1.6043437 0.7581439
-0.4854439 0.49171513
0.57351935 1.9408135
0.3454867 1.457871
0.55421555 0.25964838
1.9555285 0.8633427
1.3942649 1.7367508
0.4202575 -0.33676726
-0.19043565 1.1622791
1.8085182 0.39253384
0.38414264 1.2470393
2.41344 -0.65784025
0.5757207 1.4565328
1.1002843 1.1633192
1.4122624 0.5842982
-0.03842093 1.5490012
2.277185 0.431646
0.3042034 1.1381246
1.3590252 0.4353882
0.9329509 0.2189623
0.5576557 0.10944317
-1.0474241 1.6352566
-0.0055561364 1.3036095
1.2182672 1.066773
0.84419185 0.82932335
0.43504655 2.1786785
0.72375125 0.9751534
-0.43271065 1.1883311
2.2089748 -0.0647936
1.6991124 1.0953736
0.98249 0.92692477
1.1504812 1.4889392
1.1223834 0.86551243
-0.66645455 1.6223612
2.130359 -0.106346086
1.7412415 -0.31820768
0.52949685 0.35344452
0.8918429 1.4722084
2.3283384 -0.0009829104
1.7494512 0.9706351
-0.11752407 1.1012715
-0.100831136 1.311946
-0.6047922 0.9003187
1.5777869 0.9992567
1.8474085 0.7127732
-0.5810858 0.9413871
3.6519792 0.03804724
-0.20854677 0.71113557
2.964325 0.5890509
1.7542353 1.2013634
0.9326145 2.0760684
1.0721908 0.33961797
-0.79071474 1.1658845
1.1322699 1.273257
1.0637403 0.4948483
1.1306291 1.2132021
0.8108223 0.66568947
1.0418544 0.8146753
0.7520756 1.2085351
2.1532884 -0.6954549
0.6671736 0.024484858
-0.4248246 0.5495861
1.7943985 -0.24001864
1.5131013 0.6757702
0.92038506 1.1849924
1.1919067 -0.07447758
2.211812 0.4861446
1.4290278 1.1622423
0.9779046 2.1386514
0.21037105 1.403233
1.218708 0.26703197
0.4399011 1.1888993
0.37423337 1.4007746
0.20375496 1.8739812
1.7296665 1.4171263
2.1161482 1.1503867
0.72079426 1.5613018
0.5169501 0.17942972
0.94751304 1.5288577
1.0891418 1.5676067
1.5625904 0.81996554
1.6737554 -0.355068
1.6976881 -0.45535344
0.16505963 0.97733396
1.5369608 0.19910593
0.15751478 -0.18276252
1.9578297 0.9357622
1.519172 1.6513243
1.0907474 1.751445
-0.3423598 0.93488187
1.1954551 0.7677223
1.2155826 1.7465856
1.5541961 0.8931977
1.0790863 0.36902308
1.3884044 1.3054882
0.4194243 0.46856892
0.6138484 -0.44699875
1.60759 0.56271887
0.48588544 1.0143721
1.5318115 2.1556754
1.0603225 1.3170861
0.94104797 1.1161854
1.2608566 0.799612
-0.7434634 -0.71297187
0.591798 0.24786748
2.2312965 0.79605836
2.0210319 0.586615
1.7512832 0.38036764
2.377024 0.07521708
0.7908775 0.5997859
1.2697513 0.15582217
0.48744583 1.2618165
1.8539426 0.6196858
0.6772746 1.8270102
1.9690416 -1.1188561
0.7099705 0.93934435
3.5294094 -0.120357834
0.074267924 1.8936899
1.2306206 -0.05815001
0.16414657 0.82043225
-0.5473367 2.090442
1.2418566 1.3226866
0.07928115 0.6013698
0.6834164 -1.2196164
2.258004 0.52655095
1.1332178 1.9088418
0.17004493 1.0676795
1.2020769 0.5847117
0.3132767 0.37646246
1.4911947 1.9713993
0.17557842 1.8791611
-0.023772463 0.7126608
1.4864986 1.6946137
1.2457073 -0.7564178
2.3529754 0.012888029
0.25603122 -0.7781208
0.715864 0.68870455
0.03347677 0.3073696
1.8763139 -0.067136884
0.36331165 0.34917617
0.5702231 0.34572828
1.5555451 0.48038077
-0.3135177 -1.1131278
1.6235883 0.5643968
2.0110605 0.0018979609
0.119323045 0.7127985
1.1845634 1.6617937
1.3893394 0.87462336
1.1604161 1.7169582
0.9224197 0.5409936
0.5278209 1.1944401
2.3910043 -0.5195609
2.8989267 -0.45747238
0.82218486 0.82728463
-0.4152274 -0.7508033
1.5365269 1.905343
0.7282547 1.3188486
1.3013806 0.5875231
1.2998407 1.5343487
-0.2698752 1.0116034
1.4285917 0.6594003
-0.065825626 0.45241314
1.6440628 0.009175345
0.67606366 -0.43741667
2.4038074 -0.111730635
1.0569744 0.48092854
0.6711279 0.7242439
1.9937346 0.6393916
0.65624785 0.6214973
-0.0037422031 0.8126119
0.79693955 1.6235639
0.9707603 0.8208416
2.5362957 0.042679265
0.8921611 0.91804355
1.5671511 -0.5801234
1.3907676 0.42463315
2.0380595 0.061632827
3.1962702 0.34941286
1.0103416 1.1224093
0.7359492 1.137659
0.5541155 0.9778828
0.38314658 1.7607079
1.8682387 1.0279378
2.903643 -0.9682164
0.20242971 1.4796627
1.8164334 0.1552893
0.30445302 0.8257919
2.2708032 2.032122
-0.09171207 0.90233606
1.2854977 0.39538926
1.1173544 0.46677935
2.1713603 1.078476
1.5232584 0.59967744
1.002517 0.8108292
2.2284133 0.6863352
0.82875055 0.95413166
2.6499975 0.8388156
0.50342596 1.1714548
1.9830103 -1.4664476
1.9742134 0.66519225
0.06304526 1.2362258
2.0985415 1.8179486
1.6647458 0.46388882
1.848022 0.42123967
1.2358809 1.1269124
1.5759325 0.27219355
-0.22331259 2.1575248
2.0398347 0.7852146
1.9306839 0.96905416
0.021971732 0.96057993
0.8879631 1.5214067
-0.6395637 0.5013988
1.4761777 0.96786004
1.8364902 -0.36208802
2.7492366 -0.083013
1.9727662 0.33754098
1.2823963 0.87873405
0.53945637 1.283271
2.0341868 -0.06678139
2.4563644 0.43344527
-0.02182345 0.34808618
1.3849201 -1.5238781
-0.21352634 0.41017377
1.17436 -0.57294023
1.7395029 -0.13214758
0.18319196 1.2773112
0.65063864 1.7172619
2.4613328 -0.40246427
0.685841 1.8856342
1.2873831 1.259958
1.2097962 0.7984292
1.2622752 1.2361984
0.8793741 0.21387596
0.74448115 1.3374995
0.7419433 2.5644171
-0.022204965 1.6894476
0.22698465 1.6347915
0.5693692 0.16581436
0.32590032 0.80873114
1.6329141 0.19688119
0.5858022 0.40586877
1.5983691 2.253822
0.90823597 0.95930547
1.8929162 -0.3528691
1.5100713 0.65867937
2.4868112 -0.17625616
1.533195 0.46042973
0.9373217 0.5227647
2.9697683 1.0530525
-0.056450352 1.9129515
0.9536993 0.6946665
1.4654894 0.70663583
0.28795105 -0.24259715
1.9976041 0.9518197
0.34374827 1.1013213
0.94562393 0.5461207
2.1854374 -0.708959
0.9716659 1.3350444
0.766468 1.8598449
-0.17673627 0.032211617
1.9903543 0.2043194
0.46062845 0.3308683
0.14044058 2.0626452
0.17567083 0.18630059
1.6642637 -0.041286692
1.8219914 -0.050084278
0.491849 0.6398475
1.6673934 1.0981832
1.5468102 0.4567628
1.7685885 -0.9991769
-0.24477834 0.6887246
1.437105 -0.5878714
1.9337981 0.15219994
1.4887016 -0.12908915
0.9322242 0.34062576
2.3371017 1.5724759
1.3732288 0.98936635
-0.21572265 0.88766044
1.2326412 0.9503979
0.22894043 1.9595568
0.17137825 -0.4623547
1.4732361 0.25195354
1.4173403 1.2036487
1.4234216 -0.6905487
0.13161364 0.49409133
1.3881559 0.19393976
1.006115 2.0390358
-0.11854632 2.7534297
-0.50366867 0.9090801
1.8273807 1.2000537
0.67188346 1.1146525
-0.7386633 0.942419
0.5496332 -0.30162832
1.4948204 1.6575975
-1.0001607 -0.17145616
1.5878642 1.6151558
2.5850217 -0.85224164
0.06689328 1.0208985
0.91058534 1.8048055
1.7851822 1.4213387
-0.67831326 -0.37125254
0.40978342 1.6137619
0.18228492 2.1231625
-0.53349245 0.90931946
1.4447784 0.8925529
1.2107618 0.3258446
0.77174324 0.36807007
0.6145003 0.9204282
0.8998466 0.55702955
0.12896061 1.9626269
0.9504637 0.22028615
1.4257355 0.9641896
1.1848037 0.7977653
1.6388614 1.0752363
1.6606402 0.658903
2.242713 1.5878174
-0.159726 0.075664535
1.1893165 0.8075157
-0.3521455 0.8348922
-0.5950396 0.6562403
-0.00629887 0.8689011
0.38226938 1.7224559
1.409435 0.12542151
0.34508026 1.4181423
0.010986924 0.6926006
3.375853 -0.23315123
0.07266566 1.0635912
1.0563457 0.4965942
0.5841805 1.5304533
0.02507335 1.4291496
0.8976446 2.0066617
1.4310575 0.70880675
2.346835 0.819354
0.44533515 1.8206587
0.89561933 1.0342976
-0.4762908 1.1316596
0.88417083 -0.23709527
-0.3326202 1.4189696
1.286922 1.203555
-0.1589852 1.0523365
1.4294562 1.2439581
0.6835335 1.5926203
0.308123 1.240538
1.1780028 -0.43887848
-0.09921126 0.4771945
1.6851504 0.7775418
0.80838174 1.4353076
1.1773617 0.8574577
0.8762198 0.41733527
0.53057796 2.1017535
0.56701386 -0.6938592
2.1290474 -0.19995041
-0.8566272 0.5017762
0.35769558 -1.1663162
0.06225747 1.1573615
1.1088958 0.90773994
0.6836014 2.2627656
0.63165236 0.8854502
3.2211466 0.5459665
1.9156795 0.41244686
0.48326576 -0.8196093
0.939236 1.084431
0.7959828 0.1593196
2.5103867 0.14557634
2.2302985 1.5362043
0.3026566 1.2466995
0.28175128 1.2496626
0.039910346 1.036062
1.6847756 0.44054633
0.22708052 1.9754012
1.0541325 0.012563273
1.7585604 1.229403
0.31239426 0.85850793
0.644798 1.2172642
1.4396305 0.4887123
0.7227279 2.02106
1.822263 0.32766426
0.035703212 1.9341886
-0.54761505 0.6961584
1.3940556 0.39531136
1.814527 1.5457267
1.2288947 0.5525886
2.7546358 1.9901712
1.3416526 1.2845036
1.0963416 0.4971472
-0.40096164 -0.096649006
0.27550167 0.968262
1.0399888 0.3761654
0.58037436 0.22689368
0.78038293 1.865787
3.8560333 0.8145831
3.2885466 -0.2857588
0.7690956 0.39470267
1.8086355 0.47687596
0.274961 -0.19236322
1.6008022 -0.7690771
1.9096048 -0.52146167
-0.24969545 1.4973634
-1.0555141 1.7812254
1.5029163 0.24551688
1.2293346 0.38490176
1.547554 1.117214
1.96209 -0.12259518
2.8369834 0.22542594
0.7014467 0.5471361
0.39111763 2.5183227
0.018728644 1.4988408
1.8337221 0.1489581
0.17300582 0.43350673
1.5199852 1.9625335
2.182506 1.0952722
2.4730427 0.54326886
1.0665345 0.8687008
0.51873195 1.674623
1.7610776 0.021952853
0.3671015 1.5897704
1.0382411 1.9040415
-0.17638838 0.88382417
1.0637088 -0.6388378
0.17047662 0.303636
0.21951437 1.7488353
-0.6867417 2.2345545
0.8133299 0.9401218
1.1375277 1.3414428
1.8795156 -0.5672676
0.90242225 0.5233702
0.32642657 0.40076852
2.5618787 -0.11956685
0.1122863 1.155101
0.8346006 1.2417606
1.174932 1.1777498
-0.44933653 1.7089298
0.7391223 1.778157
1.0455856 0.84108347
-1.2599204 0.8465989
0.91100544 0.6070973
0.7392622 1.0826597
0.5218583 0.16843088
1.2038689 0.09664504
0.8350362 1.138627
0.21994227 1.8338392
0.15423483 0.39857298
0.6160876 0.14907841
2.0940459 0.29826403
1.1584415 1.8572981
-0.03577052 0.84865576
2.3793626 -0.28356624
0.54721665 1.419765
0.3460303 0.56760746
1.9610918 1.4474449
1.4923301 0.8050391
1.08232 0.15304051
1.0064783 1.2013757
1.1679604 -0.28870884
1.3950796 0.97599345
-0.08116175 0.79876214
1.9384937 0.28897178
-0.48580435 0.6116782
-1.2822304 -0.7641226
-0.7628244 0.5606773
0.64580905 1.9378407
0.5030695 1.4332741
2.4260314 -0.44291776
1.179929 1.2461586
1.6236014 -0.8967756
1.9522347 1.7721906
0.27359563 1.5076977
2.581172 0.51537675
-0.60897803 -0.42663857
0.8061624 0.9535964
-0.03479156 1.5672721
2.7946587 -1.3576822
-0.08553119 0.8141472
-1.8983536 -1.0552188
0.33922017 1.0614401
1.8559182 1.893826
-0.09680325 -0.2157547
0.7157938 0.69506603
2.7713423 -0.798667
1.7912183 0.6988835
1.6663239 1.8791902
1.634907 0.9149752
1.3469515 0.009331092
0.85104364 0.35662568
1.2967262 0.101479396
0.5427171 1.6089815
1.847646 1.310375
0.9431923 1.4567338
1.5665674 0.1633756
0.396716 0.29276842
1.832262 1.8763843
0.31493717 0.44920957
2.033603 -0.39891094
1.6378148 -0.70779765
1.1975756 2.1365232
-0.24642119 1.4825432
1.034601 -0.042515397
2.7066138 0.6626652
0.5455245 1.3363909
2.328506 0.720993
1.1535878 -0.4492889
0.46005553 0.4914922
-0.2891037 0.6964398
2.7331884 0.4018764
1.3654482 0.5613566
0.56460613 -0.008672655
1.1006083 0.5746476
3.6990178 -0.011413246
1.8971488 -0.7090907
1.1887004 0.9611501
0.51420724 1.325247
0.8805793 -1.0731124
2.5241492 1.3368332
0.8556858 1.014173
1.6723967 0.8643506
0.2421894 1.7569201
2.1222568 0.5896852
1.4153252 1.7342536
1.0761874 1.9265804
1.0255172 1.0801175
1.1404524 1.3844347
0.7360423 1.3175358
0.58311886 1.6888912
1.5808678 1.1643047
1.4856498 0.87615615
2.0130656 1.1776644
2.7784674 0.016130581
0.25089025 -0.47911075
0.94160646 -0.85769624
0.24183214 0.5495297
1.8954942 0.92883784
0.6759801 0.57427496
0.6776182 -0.26446992
1.5436575 0.44377565
0.18391034 1.8538532
1.9141195 1.6002924
1.3571472 0.5581379
2.0795295 0.7722227
0.538354 -0.18427247
1.8175318 -0.13793758
1.3899131 0.7496813
1.4263835 0.58478457
1.7245295 1.7567149
-0.16713864 1.5476738
-0.6853173 0.5828199
2.3488963 0.56301314
3.7760954 0.48233944
0.78275174 -0.060109228
0.48771763 0.41305953
0.03449136 1.4707066
1.6438534 0.2552446
0.70752734 1.8328393
0.2683137 1.3477721
0.2203069 -0.6135065
-0.12631668 1.2698083
1.0268779 0.99050933
1.1697524 1.5017473
0.5780144 1.7752829
1.5627711 0.22726877
1.592711 0.16145544
3.3271885 -0.06352724
3.0988948 0.41915894
0.6661384 1.8735137
-0.4144261 1.6939335
1.239142 -0.60500675
1.6587498 0.5991342
-0.06443632 0.3409279
2.2091868 1.7321566
1.1937313 1.1576115
1.0577917 0.108776346
0.47675526 1.7224365
0.49850196 1.8975754
0.6987476 0.83189553
-0.5577733 0.4623512
2.183632 0.22807314
1.9891138 0.1707875
0.12926656 1.3098828
1.1754861 0.51680326
0.732847 1.1173991
1.5318797 -0.6449431
1.2422404 1.0151792
3.070977 -1.7332469
1.2553549 -1.6270219
0.8439644 0.65541595
0.87027675 0.09368722
0.9694329 0.84056216
1.2895923 -0.11494359
0.39725012 1.8532121
-0.2132744 0.80037147
-0.026513979 1.8185172
0.11918229 0.490434
0.30654937 1.2644492
0.16211575 1.5340027
2.7477336 -0.27552074
0.5709538 1.1210117
0.4552846 1.0329342
1.8325772 0.22838898
0.78321224 1.4928321
0.44800752 1.9941895
1.0686657 1.332207
0.45879543 2.2286794
1.1359348 1.7578458
0.61348385 2.026914
0.9835183 0.42555004
0.6253308 1.894505
3.0424201 -0.29339808
0.5162695 0.96441513
0.79112536 -0.4849389
0.69883716 1.5875224
2.8440547 -0.42140776
0.49536657 1.4856067
1.2759457 0.7733136
0.084365666 1.1230239
2.603929 0.9101451
0.3506766 1.5758581
1.5005019 -0.1521439
2.0090396 1.8192995
0.5233969 1.8902633
0.532847 1.5526848
0.69698614 0.97513396
0.5804243 0.93685967
1.9301279 0.91436
1.5200043 -0.2867789
0.97845036 1.460863
1.526551 0.11333735
0.66330695 -0.5037865
0.6795547 0.90331787
0.44545168 1.1028099
0.8773319 0.81899005
1.0252695 2.763689
2.308797 -0.5259663
1.9500308 -0.2631147
0.662925 0.9770705
2.3121529 -0.3428443
1.4151218 1.3417542
1.4483116 0.30204314
0.9816311 0.3936928
0.83616894 -0.25776547
-0.1417706 1.0926497
0.62591547 1.0707904
0.46090716 0.0013307333
1.3314018 -0.095458224
0.97205883 0.61698234
0.8548464 1.9501243
0.44612986 1.2893851
0.75495094 1.7693117
0.17275682 0.9136879
1.5414567 -0.086130306
2.6369538 -0.2375312
1.4318273 0.48378336
0.11192551 1.4663694
1.1606653 0.47820586
1.3048599 1.5549772
0.9487441 0.84130305
1.1912589 2.2622874
1.1640103 0.42749965
0.6749927 1.0183395
2.764979 0.50625056
-0.21413168 0.034143016
1.5393121 0.96204
2.89678 1.3049223
1.3511803 1.3031524
1.034158 0.22588284
0.30493855 2.5190792
3.2992 0.77442676
0.64531153 -0.37493494
1.2312472 0.18232302
1.6437688 1.3156706
1.2006958 0.56348914
0.8892366 0.61539334
0.29206604 -0.35898703
1.7161703 -0.3090924
0.9807618 0.027074948
1.2047164 0.33064222
2.1871927 -1.473518
1.5849042 0.5082487
0.66031903 1.6663377
0.19475833 0.4590556
0.3596527 2.23417
0.3076967 1.0457871
1.5354407 1.6773541
1.0174456 0.07235448
1.0517595 0.908891
1.6043847 0.45627975
-0.18094493 0.2952072
2.6486394 -0.73506427
0.58199614 1.2913593
1.57852 0.051945284
0.24052486 1.1213095
0.23726013 0.6685781
0.6175828 1.9035947
-0.23819 1.1504973
1.3052723 2.2767572
0.6492524 1.4074314
0.64312077 2.2424173
0.7769038 2.5092926
-0.33431742 1.3951764
0.19909573 2.1029565
2.985062 1.9300492
0.08941764 -0.21297446
1.3044889 0.720136
0.03338501 0.80286664
2.4745188 -0.14067563
1.6947906 0.38967776
1.1200294 0.8030482
-0.6890974 0.9482489
0.8572666 1.1556556
0.60660785 0.5724326
-0.25699818 1.4536505
0.5099855 1.6379535
1.9805119 1.5467311
0.33174688 0.8100628
-0.011449426 2.573113
0.39921737 1.2298394
1.9719908 0.2313896
-0.26231942 1.046291
0.27335334 1.4960515
1.1824198 0.762072
1.5837266 0.9778715
0.4649226 0.6569381
0.09095156 1.165512
0.7932802 1.8032873
0.7702026 0.9888999
-0.16747032 2.231146
0.8852748 0.5300776
0.14091325 1.011861
1.1664238 0.51389503
0.05591461 0.9163496
1.3360307 0.9522554
2.5374713 1.41591
1.1557212 0.6073387
1.1895015 1.800565
1.6792612 0.15659504
-0.10556559 1.7981637
2.217973 1.0040053
1.2245412 1.9716325
1.2974789 0.5207
1.4164755 1.1858029
2.6579928 -0.72493905
1.0307865 -0.42628747
1.6210027 1.1045957
3.410833 0.61985236
1.8313205 0.8914245
1.8018909 0.82932335
0.69148076 0.95189196
1.0264738 0.92755646
0.920276 0.1852419
3.0015864 -0.19257082
0.117275625 1.8663368
1.5579267 1.4563241
2.3118906 0.58935785
1.2846277 0.83618766
-0.1650084 1.7659013
0.6643085 1.9101663
1.1700089 0.32499146
-0.2525751 1.9987581
-0.40878272 1.7671692
0.79137236 1.0488855
0.99855083 2.1161604
1.3293307 -0.050852492
-0.10607937 0.9580454
0.1555664 0.27290392
1.0221725 0.84617907
2.4167752 1.5879077
0.8071539 2.163989
0.02853319 0.17720766
2.3331764 0.14606877
2.52128 1.8743432
1.6831787 0.8007496
2.29875 -1.6844963
1.3484004 -0.3300535
-0.407857 1.4207758
1.3038371 0.41512555
2.2370317 0.9649866
0.68985754 1.72485
2.5240397 -1.1045104
1.89991 -0.44064358
1.0416658 0.7789038
0.5510231 1.2113625
2.2081094 2.3102272
1.3900917 0.50734067
2.7893689 1.2810665
0.5968873 1.1759022
1.4767547 1.3601748
0.8051471 -0.058061764
1.9707084 -0.15360275
1.0481317 -0.12838188
0.3090012 1.1021718
2.0648267 0.59818965
0.8835719 1.2495834
0.9935984 0.8596434
0.48538452 0.6509933
0.23405874 0.034577474
0.4602837 0.81061465
-0.23061983 1.0520519
-0.19808191 1.8220892
1.1839027 0.9169628
1.5354209 0.9741538
2.081023 -0.75910854
1.629921 -0.11907938
0.17903972 0.04542674
2.2491553 -0.82991093
0.6187052 0.0034581572
1.9520738 -0.32140708
1.1213279 0.49828607
0.24788192 0.9174908
1.4047389 0.7565187
0.95270234 1.9406564
0.90645915 -0.19648395
1.6125236 2.063723
0.1739277 1.0700165
2.0565462 0.18277411
1.4207106 0.37930828
1.0037601 0.35465753
0.42606425 0.9661426
1.4619737 0.22503214
0.07053861 0.90264994
0.53689164 0.27593392
1.9749241 0.89316314
-0.221753 -0.11013764
0.47846723 -0.12718518
0.031473786 1.5276226
0.36772352 1.8050647
1.8143134 0.9547475
1.1869876 0.68609273
1.6902804 0.6398672
-0.38954315 1.6257778
0.56822765 -0.027987078
1.599616 1.2859923
1.2917297 1.541175
3.03998 -0.85969687
0.7454076 1.0254447
0.6584986 1.0488614
-0.2208606 0.34096098
1.1694357 1.1291264
0.12800634 1.4326695
1.0216062 0.2636971
1.1722734 0.5206888
1.696435 -0.16552842
-0.91338456 0.80705875
1.8918719 -1.3197148
1.3693275 -0.25546658
0.8428363 0.7494392
0.9668357 1.6725421
0.26319718 1.3377622
1.9222844 0.015595481
-0.033092707 1.3415462
0.42921853 1.1958715
1.1386371 0.9404494
1.1809785 0.5578052
-0.09162776 -0.38617074
1.2910469 0.10200693
0.07643151 1.0248909
0.3093567 -0.14397603
1.3832822 0.16261782
0.20832324 0.505808
-0.41152063 0.4037317
1.8704374 0.56797427
2.3762045 -0.2050242
3.481778 -0.30736184
0.8959456 2.85762
0.043444484 1.2908239
0.325059 0.32858783
0.76599056 -0.17739308
-0.5874113 1.314886
0.55011165 1.6098552
-0.23901153 0.23670162
0.47441542 0.119379595
1.4018633 1.4140272
0.89450854 1.1537975
2.5838664 -0.03505315
-0.6431719 0.399432
1.0435224 0.24124329
0.96017236 1.9787724
0.08044037 1.2104394
2.0225677 0.44310385
0.46749175 0.5522613
0.12535217 0.19547425
0.747493 0.06053768
0.77299815 0.67541105
0.72480476 1.7544746
1.3665829 0.6505234
0.3368835 1.6631889
3.534183 -0.5292918
1.0547512 0.35559207
0.5831667 1.1365715
2.4764302 -0.63381773
-0.042845353 1.3015195
2.6623068 -0.25882304
0.1309917 -0.52474844
2.344782 -1.6994895
0.94721097 0.00872314
0.39598572 2.1751761
0.92192477 -0.28382817
1.0088742 0.23541023
-0.3685641 2.058533
-0.0971556 0.6793576
1.5740488 0.85582894
1.0442159 1.1194355
1.6440706 1.0666695
0.7357574 0.54936135
0.9648481 0.9941873
3.1645486 -0.52809083
2.9259267 0.5977239
1.5141621 0.22859399
1.3579915 1.0318906
0.5709939 0.7358301
0.30055076 1.501356
1.003715 0.8697147
0.7356753 0.6675204
1.7672887 0.29703075
0.17891812 1.5029318
1.8210137 0.36444157
0.18027171 1.0476536
2.77644 0.3341202
1.2639928 1.8625443
1.3312168 0.009360373
-0.54701555 0.9641121
0.31342387 1.3804063
0.656622 0.84691423
2.6032624 0.1849253
2.0663183 0.7947169
0.58658445 0.39190733
0.5777048 0.46714586
-0.38034537 1.494571
1.1169276 2.3213556
0.98034424 0.47352773
2.1912544 -0.62082255
1.2984707 1.3782214
1.9591391 0.29222244
0.7737135 1.5975913
1.7028043 0.5234242
2.6633391 0.3621651
0.97871953 1.2800508
0.31249928 1.1559223
1.8788011 1.385878
3.154447 1.3036109
0.32705027 0.60287094
0.035954 1.3092455
0.5467181 -0.3229296
0.93088573 -0.112639785
0.39955914 0.80165416
-0.7944033 1.8597395
1.2771616 0.64943004
0.74728674 0.024412826
2.046192 -0.73456633
1.9070971 1.1213669
1.3829014 2.425657
3.2800126 2.061028
0.86512583 0.8556649
-0.09737818 0.21750347
2.0937696 0.4069097
0.47353935 2.353321
0.045481205 1.2030249
0.42979282 0.17102371
2.2980366 0.43520266
1.6997957 0.5458213
0.4461677 0.7531023
1.5213239 1.4393162
1.8688815 -0.7753347
1.9561524 1.7746899
-0.512735 1.4488517
1.6337552 1.0057073
0.55910385 0.781915
1.3219819 -0.14094944
0.07865453 0.2767862
0.2906363 -0.69016784
2.0297065 -0.122258574
0.4897843 0.99409467
1.1493018 -0.44540125
0.33359975 -0.15090136
2.1357865 1.1470125
0.7070663 0.29735953
0.9220516 0.6669683
1.6325963 0.15786673
1.0007577 1.0067344
-0.10664363 1.200942
0.1235463 0.7592129
2.3031256 0.7405728
-0.105299905 1.1246053
1.4432855 1.9715884
1.7804406 -0.2887448
0.97855216 0.6823076
0.19867083 2.3909519
2.1470842 0.5381786
1.1620011 0.6568868
1.2978146 -0.7327761
-1.5886993 -0.873707
1.9062877 -0.0024727136
2.3840377 -0.9820029
0.5931189 -0.07234943
1.0875378 1.7515806
1.0249074 -1.0470496
0.10862762 0.54114294
0.39418107 2.1301327
1.2288575 0.46254724
0.9967933 1.4645357
1.1514022 -0.49766868
0.60668504 0.6921714
0.6156579 0.34954172
-0.4762618 1.241083
2.1458604 -0.31901035
2.7857041 0.12360282
-0.66586983 0.3254711
0.20494771 1.264603
1.1114302 1.3642582
0.118368 0.5096206
0.149753 0.16236801
1.4407792 -0.11826372
0.6363215 1.9357638
1.2192931 0.6419452
1.283884 1.5069631
1.1362154 -0.10658087
2.2279332 2.0280359
0.24908549 -0.21692415
1.8120847 0.5710253
0.9284676 0.9241753
2.3724704 1.2766992
2.6893482 -0.032672316
0.50653243 0.94619554
1.8790696 1.3952624
2.1434822 0.13199733
0.72832876 0.37919623
0.85678977 0.9688149
-0.29253605 0.55784655
1.4697893 0.08360581
2.2575834 0.5503389
1.3692026 1.415169
0.35505074 0.110534266
0.14723504 1.6019164
0.294043 1.2746816
1.3038542 1.4642045
0.9563711 2.2388144
0.23112258 1.6173959
1.3536613 2.1491177
0.4438588 2.1301692
2.0377624 0.902659
0.036335677 1.2077048
2.4733837 0.44195312
0.6644707 1.155203
1.5378747 1.7689376
0.7035168 1.7857943
1.5053391 0.6633287
-0.44906485 1.1417192
0.8653067 1.4964463
0.8862966 1.7967272
0.47474784 2.1187088
0.99384207 0.056036815
0.49407363 1.0435599
-0.012683302 1.7190037
2.675601 -0.92827094
-0.17113411 0.53573513
0.6347815 1.1591326
1.3635612 0.98974806
0.84375685 1.6481334
0.09296888 0.53998184
1.7179294 0.19418012
0.67868036 0.64413315
0.4855225 0.25425124
0.67614204 0.32570148
1.029037 1.120099
1.2358072 2.079005
1.9646232 0.59334046
0.319825 1.1812942
1.0273528 1.0720648
0.80816764 1.1630682
1.4618201 1.8436527
0.72677326 1.0984046
2.919418 1.5453364
2.2153692 -0.10403459
1.2919109 -0.0883311
1.6104195 -0.11534124
-0.058876142 0.14772622
2.1079016 -0.22359765
0.18430713 0.08460061
1.0517778 1.7488251
1.4150932 1.8607497
0.6816091 1.413995
2.0215933 0.23725016
0.26374447 1.2454689
0.9106179 0.48863482
0.17388651 2.323703
0.30700207 1.6986417
-0.868265 0.05954729
0.8463686 1.3991379
0.5210997 0.73448426
0.3306113 0.8120913
0.73076725 0.4864964
1.0174086 0.21382163
0.48410797 0.73950243
0.4677139 1.788532
1.0450606 0.6473229
-0.7259333 -0.30451578
1.0841346 0.25431484
0.6557278 1.0397191
0.9333717 -0.024631917
0.0071314573 1.729383
0.8266266 0.9909983
-0.49878353 0.7970664
1.3540478 0.9819576
0.701671 1.9827633
1.1686382 -1.2796239
-0.058892637 1.2656767
1.5420856 -0.61607367
0.011370689 3.0306647
0.13827795 1.541809
0.7629569 1.9933197
0.6545686 0.5695459
-0.086142525 1.3201917
1.2903626 1.960268
0.2993704 -0.44505078
0.36090815 -0.22328669
1.671078 0.87156934
1.2912846 -0.29112393
1.1309536 0.550733
-0.47629297 1.344581
0.6505785 -0.04891479
0.024574846 0.40737987
2.901119 0.7048483
1.6682291 0.5444718
1.2618091 -0.008507177
4.218456 0.37479252
1.8180587 1.6291484
0.93605465 -0.34467238
0.2843402 -0.30430627
0.90511006 0.057121262
1.2389491 1.4369845
2.6494575 -0.47657686
0.65548235 0.3227381
-0.76559705 0.8585071
0.88060397 1.1021751
1.2878428 1.7457995
0.7984031 -0.2410472
1.7128553 1.4720172
0.63068223 0.6686963
1.2194872 -0.50126773
-0.735926 -0.19286448
1.8153243 1.3037022
0.30860192 1.5168116
0.97701365 1.0757703
1.7646441 1.12293
0.34878397 0.1720324
1.0474372 0.42444628
-0.52493477 1.2003665
1.949441 0.4999457
0.8373503 1.4331468
0.61219585 1.7469872
-0.10714996 0.90655595
2.0862331 -0.10522337
0.9403681 1.6102244
2.5643759 -0.08220613
1.4338679 0.39330918
0.36023557 2.0133636
0.48492706 1.7417892
-0.44560406 0.42640704
1.0931864 0.9647625
-0.119686484 0.4797619
1.3678865 -0.21272744
0.18700188 1.0888144
-0.1807173 -1.0176829
1.9781957 -0.008592874
1.1218646 1.0095218
0.48805475 2.3070612
0.76286787 1.9927642
0.88155586 0.9139201
0.31470084 1.7639067
2.2693045 -0.91143185
1.0255024 0.055009738
0.5837286 2.3244438
-0.35389376 1.5245339
0.95716876 1.5571301
2.6007438 -0.24011455
1.5115256 0.76322633
-0.030688375 1.0595814
0.6428667 -0.40978625
1.0362349 1.0447931
0.8316851 1.9895952
1.0127194 1.6201112
1.1402946 2.0816567
-0.012869224 1.1743524
2.3103476 -0.7490618
-0.0065814406 2.002976
1.992538 1.1809036
0.55144924 0.8257342
0.42249125 0.99557394
0.011410058 0.36394495
2.0006673 0.76586896
2.0714793 1.7757623
0.67868394 0.6011588
0.30770165 -0.22231701
-0.09314129 0.1926708
0.9990397 0.51758295
1.2779677 1.4502921
0.58875453 1.2924465
1.2643743 0.5383918
0.6424045 0.7651116
1.5757239 1.7039468
0.4500484 0.89525694
0.8358291 1.9720283
1.5372384 -0.3702407
1.7974854 -0.08369607
-0.4272399 0.22294007
-0.042193413 1.6529598
0.46790135 1.4551609
0.33289498 1.2555147
1.9206364 -0.14635906
0.6412992 0.8956272
0.8127665 1.0111487
2.0951145 0.83109874
2.2400858 0.8428553
1.2064958 -0.5134959
-0.37930685 1.5005405
0.67580694 0.73694026
0.66242874 1.9739709
2.0704432 0.590978
0.5939767 0.07042284
1.8608897 -0.4737152
1.1884918 0.848039
-0.18407969 1.4212087
1.3644722 0.050550237
-0.76199985 1.2288404
0.5344198 1.7809799
0.49547 1.0280939
1.6604223 -0.8070686
1.5232859 -0.4984815
1.6865616 0.56037617
0.22176176 2.135477
1.2434902 0.7635538
0.18205518 0.70430136
1.584454 1.2933053
0.267927 1.6956396
0.85267717 1.5129316
1.2126784 0.8461998
-0.6993369 -0.17051741
1.5185235 2.0072155
-0.28336018 1.4818184
1.9618413 1.3609173
0.5660081 0.5463743
0.94467217 0.8363219
1.2478335 1.2612239
1.8324642 1.5131902
1.4169271 1.0497032
0.5190389 0.4687863
-0.10023241 0.29623556
0.62661004 1.9742727
1.2954175 -0.47357053
0.34827292 2.676693
0.27632403 1.6357775
0.55422956 1.067259
2.0000472 0.670614
0.4595449 0.63077575
0.40095192 1.4616014
2.6353352 0.4785918
0.4093315 1.3223785
-0.21811607 1.018315
1.0933723 2.280711
1.4816325 0.32264084
0.37427133 0.4604187
1.397625 0.90299827
0.80123407 0.6215209
0.43183178 1.8875778
0.7621729 1.9653196
1.7428486 -0.7204995
0.4221118 0.8226039
0.30256045 0.97702307
2.30663 -0.18106575
-0.41178736 0.89464945
-0.031954885 0.6417255
0.22632363 0.6992172
2.2776659 1.3768376
1.33319 0.8857859
-0.79240084 0.5372347
1.2743478 1.5421894
1.3095996 1.1285576
0.8181202 2.2771497
0.6705703 0.0049512535
-0.34260628 0.35273767
1.4334712 0.4216991
0.758135 0.011915103
2.0837 0.08653219
0.0073615313 1.3600644
0.5551431 1.1787392
0.83336323 0.9511046
1.15589 1.0363955
2.153817 -0.41763324
3.471044 1.1736909
0.8845205 1.0727429
0.23221189 2.6157165
1.0165119 1.5262339
0.020570695 -1.0083524
0.53252393 -0.21931204
0.8203197 0.3086294
0.715679 1.7948806
0.38773054 1.7863767
1.798851 -0.7245853
2.4741025 1.7738626
0.42481637 1.3619024
0.3934645 1.954145
0.63682497 2.1413615
2.2859719 0.78103656
0.9597438 2.2512255
1.6630108 2.1146357
0.64771265 0.50033724
1.5073452 1.6046271
2.5705554 0.4879927
2.3022184 1.2243567
2.159287 1.3357139
2.1059785 1.0523126
0.566691 0.91460127
0.061224163 1.2807717
4.043072 1.0334184
2.1467183 0.4673097
0.23203245 0.6904743
3.1632257 -0.75608116
3.0314877 0.0513155
1.0378299 1.0646999
0.12545931 1.4582769
0.3117715 1.302318
-0.0138053745 1.174985
0.76256984 1.0294687
0.7670314 0.17270048
0.7195801 0.9319956
1.6486077 0.8560874
0.6569601 1.2208385
0.6857925 1.8587756
1.8503377 -0.077111766
0.85465413 -0.66998434
0.30984813 0.24785762
0.8782459 2.2346516
0.80958515 0.8877385
1.6460857 1.5226146
0.1353676 1.4670218
-0.06021431 0.24222656
0.97058254 0.7697552
1.4701643 1.6451268
1.8563471 0.0007813126
2.1962729 -1.1974055
1.3486793 2.0897608
-0.083685845 0.22976984
-0.26671562 0.67757404
1.3760092 1.1499962
1.0454209 -0.3162834
1.0741513 0.7571592
1.4145718 1.1003253
2.3481972 0.18940528
3.1444612 0.06466214
2.068435 2.1381
0.9698661 0.62093484
0.8129124 1.1942902
1.840337 0.88373333
0.13815138 0.8191065
1.0470183 0.6050863
1.1844332 1.0463908
1.3099048 0.4323957
0.9962998 0.4405626
-0.058852002 -0.6522654
0.8158111 0.47488785
1.833302 -2.1549995
0.8143949 1.5319369
1.7839909 0.9151656
1.7380726 0.751219
2.2603273 -0.12468026
1.1315913 0.19417416
0.1871733 0.38907778
1.3331776 1.2857132
2.2329519 0.11260085
1.4506583 -0.92004853
2.5528471 0.3881294
3.0021033 0.05626194
0.94496304 0.5924598
-0.114809856 1.9290497
0.013192594 0.76815563
0.87532777 0.9857084
0.627009 1.5273634
-0.09114863 1.8635044
3.9355226 0.3574462
-0.8999052 0.7391711
0.27716136 -0.27610362
1.1855848 -0.45113796
2.0996702 0.94430834
1.211385 1.7804742
0.64251184 1.4588045
1.1399117 1.5846053
0.3954113 0.36128938
1.0615869 -3.290936
0.45674598 0.6278042
1.8381693 0.19204278
1.0569746 1.1652814
0.16040805 1.672718
-0.03641133 0.7767914
1.7681346 -0.38346416
1.5232248 1.2491404
1.2011881 0.44471937
1.1732316 1.3243642
0.5612976 1.5814368
-0.2272037 0.52726007
0.42145646 1.8194749
0.08450168 1.4282687
1.5991406 -0.9530541
0.7304094 -0.27128625
2.7272851 0.74846053
1.7327664 -0.02215825
1.0750792 -0.7666808
0.85749704 1.5842377
1.4134142 0.536535
1.3413074 1.1822326
0.37255126 0.6111144
3.1263745 0.09666775
-0.33100387 0.546883
1.2116816 -0.48021567
1.1438904 1.3250238
2.123739 -0.2611669
1.326149 0.46829176
1.9806566 1.8370256
2.7847424 0.579261
1.1406355 -0.7324167
1.5581486 1.6547552
0.40926105 0.3997926
1.8567181 -0.27615607
0.74567825 1.6026285
1.3880823 0.7109339
1.1474307 -0.5477704
0.06273338 1.0590621
0.02386254 1.1655073
2.2111442 0.17872913
0.71000177 0.19618802
1.4277582 -0.51751196
1.7501099 0.16882505
2.4483962 0.024716511
0.79171115 1.0647855
0.18096152 1.0186378
1.4334109 1.6131239
2.8634102 -0.016510159
-0.63735545 0.61978775
0.010090232 1.5428121
0.13041398 1.523463
0.050253123 0.26598728
0.37383676 1.6342655
-0.18785979 1.9556446
2.965808 -0.44087082
2.4164581 0.36574107
0.3730772 1.7362925
0.9220398 0.19670658
-0.13136163 0.23197965
0.5929085 0.9015328
0.8982901 0.3122909
2.3006003 0.43943125
1.6652176 1.0650011
0.17847455 0.6686675
0.9000718 2.0390131
2.425184 1.4293098
-0.14387923 -0.032567993
1.680161 0.19628693
-0.2093279 0.79592234
0.6395215 0.316222
0.48091072 -0.8836768
-0.039079666 2.2415752
1.1261721 1.3439558
1.0798125 0.71966255
1.0645149 0.9491351
2.4069822 1.5598018
1.9135768 0.5991485
0.7002656 1.9866254
1.6346409 0.06199877
0.07784605 -0.7495882
0.7078453 1.0823878
0.9752007 0.031746343
1.316407 0.6958559
0.6203623 2.0645971
1.3108394 -1.3863823
0.9890482 0.8717609
-0.014361858 1.0777414
2.9298127 0.189393
0.028894156 1.4521146
0.6901671 1.3180137
1.1848266 0.5158286
2.7534685 0.10940285
0.5855569 2.277227
1.5809951 0.8146445
2.433501 1.3277755
0.405962 1.9592116
0.13043046 1.1118168
0.7921657 1.3364011
1.4745727 0.35693073
1.5167599 0.46270722
0.15378922 0.39943647
2.1506643 0.7028218
2.9946 1.2904847
0.14250964 1.584339
0.934001 0.3735485
1.0729516 -0.31571636
0.8409322 1.0943143
2.4058766 1.569734
1.4473016 0.46086746
-0.09910953 1.6300409
-0.46371508 0.18628965
-0.33566302 0.28511953
2.9550667 -1.2110426
1.0429053 0.11199729
0.5313189 1.0199043
1.8465345 0.6546905
1.3974454 -0.08869363
0.7690093 1.9552364
1.0725143 0.58405
2.7794178 -0.4806481
1.594698 1.2625158
1.4452469 -0.54586434
-0.024503618 1.4133464
0.18458247 0.63868064
0.5048781 1.4808962
3.8261218 0.8611466
1.6173325 0.5445439
0.34822828 1.1273787
0.035476416 1.7283502
0.74722046 1.5579759
2.568287 0.84988064
1.841681 0.9788199
1.2821867 1.1141287
1.6304955 0.35470563
2.6136494 0.6997917
0.80166453 0.83079547
1.6827629 0.3232264
-0.108192325 1.9442635
3.3957417 0.5198309
0.14761916 0.6696991
1.0128651 1.7271626
-0.00010050833 0.63788515
2.0989504 -0.0779496
1.5490978 0.38955045
3.2190049 -0.14675853
1.0643141 1.8882005
0.36540717 1.5921506
-0.56672233 1.2150124
-0.45963478 1.0128053
0.29701513 1.5496188
0.8053368 0.31323946
0.97685236 0.791133
1.4609907 1.3837286
1.8242602 0.67388916
1.2927332 -0.12807049
2.2724867 0.44725275
3.2253644 -0.78745836
0.97677714 1.3632679
2.1683803 0.13441892
1.0365937 1.5747828
1.2760088 0.7838555
1.5481029 2.6453662
1.073518 0.16995491
0.56461114 0.7978987
0.07238746 1.7389402
-0.15448087 0.29482186
0.45749837 0.20453645
1.2718134 0.79449016
-0.38509434 1.444811
1.0643873 0.10319643
0.35194486 1.3932015
1.5650215 0.36368036
0.4549635 1.094686
0.009380102 1.4857799
2.242173 1.2632322
1.3733273 1.182065
1.4759555 -0.39760244
1.7168233 0.96983653
1.0309687 1.4897991
1.8675516 0.2778418
1.1408818 -0.009643555
2.1785321 0.19352286
2.3169765 -0.19968231
-0.39592183 0.67508817
1.1724927 0.43858534
0.9590164 1.073706
0.4810207 0.65068406
0.7987247 0.7742297
0.5205029 0.43722874
1.940634 0.37554055
2.3148978 0.932054
1.2358077 0.3438102
0.9243769 2.191034
-0.10384901 1.2837486
-0.6982488 0.6738842
1.1390924 0.80851454
0.90132076 1.1594
0.7702597 0.18240224
1.3325765 0.7013899
0.73020136 0.8787572
1.1238198 1.3856232
1.8413208 0.44721967
2.2052593 0.009618208
-0.21859342 1.8245242
1.3662846 1.3895922
1.4313145 0.09684928
1.7122581 1.4855582
0.3458799 0.061061308
1.9822817 2.2906065
